21576,0
21574,0
21568,0
21567,0
21565,0
21562,0
21553,0
21551,0
21550,0
21532,0
21517,0
21502,0
21501,0
21473,0
21469,0
21423,0
21419,0
21404,0
21401,0
21387,0
21369,0
21358,0
21321,0
21319,0
21293,0
21292,0
21267,0
21210,0
21201,0
21177,0
21143,0
21131,0
21130,0
21096,0
21023,0
21019,0
21018,0
21000,0
20936,0
20919,0
20905,0
20902,0
20887,0
20835,0
20834,0
20787,0
20778,0
20773,0
20757,0
20753,0
20734,0
20721,0
20710,0
20709,0
20699,0
20682,0
20653,0
20632,0
20584,0
20465,0
20439,0
20420,0
20409,0
20406,0
20389,0
20267,0
20264,0
20262,0
20230,0
20186,0
20159,0
20142,0
20137,0
20095,0
20090,0
20058,0
20048,0
20035,0
20034,0
20031,0
20025,0
19984,0
19975,0
19912,0
19895,0
19892,0
19890,0
19870,0
19844,0
19839,0
19837,0
19830,0
19807,0
19802,0
19786,0
19763,0
19758,0
19744,0
19732,0
19731,0
19711,0
19692,0
19679,0
19658,0
19653,0
19649,0
19635,0
19557,0
19551,0
19546,0
19529,0
19515,0
19505,0
19480,0
19478,0
19471,0
19470,0
19464,0
19432,0
19420,0
19419,0
19371,0
19325,0
19312,0
19293,0
19262,0
19256,0
19223,0
19198,0
19191,0
19167,0
19122,0
19092,0
19083,0
19069,0
19065,0
19045,0
19006,0
18995,0
18994,0
18992,0
18975,0
18962,0
18952,0
18930,0
18924,0
18922,0
18921,0
18917,0
18902,0
18872,0
18865,0
18861,0
18852,0
18849,0
18840,0
18795,0
18782,0
18774,0
18773,0
18768,0
18749,0
18746,0
18738,0
18736,0
18698,0
18689,0
18682,0
18676,0
18674,0
18667,0
18638,0
18567,0
18557,0
18549,0
18527,0
18519,0
18509,0
18495,0
18493,0
18490,0
18488,0
18481,0
18479,0
18472,0
18467,0
18466,0
18465,0
18463,0
18459,0
18454,0
18443,0
18433,0
18430,0
18425,0
18423,0
18421,0
18415,0
18403,0
18402,0
18389,0
18387,0
18374,0
18372,0
18371,0
18367,0
18362,0
18357,0
18356,0
18351,0
18339,0
18313,0
18303,0
18302,0
18281,0
18277,0
18271,0
18257,0
18254,0
18239,0
18236,0
18234,0
18231,0
18228,0
18225,0
18217,0
18160,0
18135,0
18104,0
18101,0
18099,0
18095,0
18085,0
18080,0
18066,0
18061,0
18050,0
18040,0
18034,0
18017,0
18009,0
17986,0
17960,0
17952,0
17916,0
17915,0
17899,0
17894,0
17892,0
17880,0
17878,0
17877,0
17875,0
17872,0
17870,0
17867,0
17864,0
17860,0
17857,0
17822,0
17813,0
17780,0
17776,0
17766,0
17760,0
17759,0
17758,0
17752,0
17748,0
17731,0
17728,0
17723,0
17706,0
17686,0
17666,0
17643,0
17619,0
17579,0
17573,0
17563,0
17562,0
17511,0
17499,0
17479,0
17473,0
17472,0
17455,0
17452,0
17449,0
17440,0
17433,0
17431,0
17423,0
17422,0
17421,0
17419,0
17417,0
17416,0
17412,0
17411,0
17410,0
17406,0
17403,0
17399,0
17384,0
17365,0
17364,0
17361,0
17352,0
17349,0
17343,0
17342,0
17338,0
17335,0
17333,0
17316,0
17315,0
17314,0
17302,0
17301,0
17298,0
17285,0
17277,0
17275,0
17269,0
17248,0
17247,0
17236,0
17221,0
17212,0
17201,0
17188,0
17187,0
17177,0
17174,0
17173,0
17169,0
17168,0
17164,0
17152,0
17151,0
17149,0
17142,0
17140,0
17137,0
17134,0
17128,0
17125,0
17123,0
17117,0
17097,0
17095,0
17083,0
17077,0
17075,0
17074,0
17062,0
17060,0
17059,0
17039,0
17038,0
17036,0
17011,0
17007,0
17003,0
17000,0
16993,0
16991,0
16990,0
16989,0
16987,0
16981,0
16979,0
16969,0
16967,0
16962,0
16961,0
16957,0
16955,0
16946,0
16939,0
16935,0
16926,0
16903,0
16897,0
16875,0
16871,0
16851,0
16796,0
16794,0
16788,0
16777,0
16776,0
16774,0
16772,0
16759,0
16750,0
16749,0
16740,0
16734,0
16714,0
16708,0
16688,0
16676,0
16667,0
16656,0
16652,0
16651,0
16622,0
16607,0
16581,0
16577,0
16538,0
16499,0
16495,0
16488,0
16429,0
16419,0
16369,0
16359,0
16357,0
16354,0
16332,0
16331,0
16318,0
16311,0
16310,0
16304,0
16300,0
16289,0
16279,0
16277,0
16264,0
16257,0
16256,0
16241,0
16238,0
16232,0
16215,0
16214,0
16212,0
16211,0
16196,0
16194,0
16179,0
16177,0
16171,0
16164,0
16159,0
16152,0
16150,0
16149,0
16146,0
16145,0
16142,0
16139,0
16136,0
16134,0
16125,0
16123,0
16120,0
16110,0
16103,0
16098,0
16095,0
16093,0
16091,0
16086,0
16077,0
15993,0
15989,0
15988,0
15973,0
15961,0
15932,0
15929,0
15914,0
15913,0
15908,0
15872,0
15859,0
15858,0
15855,0
15831,0
15810,0
15793,0
15767,0
15742,0
15736,0
15713,0
15672,38
2819,0
15666,0
2813,0
15643,0
15636,10
2783,0
2767,30
15620,0
15616,9
2763,0
15595,0
2742,0
15580,0
15578,20
2725,0
2720,16
15573,0
15565,0
15551,0
15543,0
2687,46
15540,0
2674,32
15527,0
15504,0
15503,52
2650,0
15484,0
2630,9
15483,0
15481,0
15478,0
15471,0
2611,9
15464,0
15457,55
2604,0
15447,0
2594,0
15430,0
2577,0
2562,4
15415,0
15406,39
2553,0
15363,0
2504,20
15357,0
15352,0
2499,0
2492,50
15345,0
15306,0
15303,0
15292,0
15264,0
2411,0
15258,55
2405,0
15255,0
15237,0
15230,0
15226,0
2366,50
15219,0
15204,0
2347,1
15200,0
15194,0
2303,50
15156,0
15096,0
15060,0
15037,0
15012,17
2159,0
14981,8
2128,0
14971,4
2118,0
14969,20
2116,0
14959,0
14928,0
14926,50
2073,0
14904,0
14903,0
2033,11
14886,0
2029,37
14882,0
2024,3
14877,0
2020,32
14873,0
14865,0
2012,0
14844,0
14839,0
1965,59
14818,0
14783,0
14736,0
1751,42
14604,0
1734,50
14587,0
14563,0
14549,1
1696,0
14545,1
1692,0
14544,0
14539,9
1686,0
1684,58
14537,0
1651,21
14504,0
14263,0
14199,0
14069,20
1216,0
13958,35
1105,0
13900,39
1047,0
13790,0
937,0
13757,0
904,0
13721,0
868,0
13702,0
849,0
13649,0
13559,0
706,0
13471,0
13458,0
13321,0
435,24
13288,0
13279,0
422,56
13275,0
13263,35
410,0
13256,0
13255,0
402,0
13245,0
13242,54
389,0
13224,1
371,0
13190,0
13175,7
322,0
13170,54
317,0
13163,0
13139,0
271,59
13124,0
13119,0
13096,0
13085,38
232,0
13077,0
13064,33
211,0
186,26
13039,0
13021,57
168,0
13003,0
139,49
12992,0
12963,0
110,0
12905,0
12885,0
12861,0
12842,0
12836,0
12827,0
12818,0
12815,0
12814,0
12813,0
12799,0
12791,0
12788,0
12778,0
12775,0
12772,0
12763,0
12760,0
12755,0
12754,0
12751,0
12748,0
12743,0
12728,0
12725,0
12717,0
12707,0
12706,0
12691,0
12690,0
12689,0
12687,0
12683,0
12672,0
12670,0
12668,0
12660,0
12657,0
12651,0
12647,0
12633,0
12628,0
12627,0
12621,0
12611,0
12592,0
12579,0
12573,0
12564,0
12557,0
12531,0
12502,0
12492,0
12490,0
12489,0
12483,0
12473,0
12466,0
12465,0
12461,0
12460,0
12457,0
12442,0
12432,0
12423,0
12404,0
12400,0
12399,0
12374,0
12344,0
12339,0
12338,0
12336,0
12317,0
12313,0
12298,0
12286,0
12281,0
12278,0
12276,0
12274,0
12259,0
12250,0
12249,0
12246,0
12235,0
12224,0
12223,0
12222,0
12215,0
12197,0
12195,0
12191,0
12147,0
12135,0
12125,0
12117,0
12112,0
12106,0
12102,0
12073,0
12054,0
12046,0
12011,0
11981,0
11970,0
11960,0
11957,0
11945,0
11940,0
11935,0
11934,0
11910,0
11909,0
11907,0
11900,0
11888,0
11867,0
11866,0
11860,0
11854,0
11848,0
11841,0
11833,0
11826,0
11822,0
11812,0
11795,0
11793,0
11791,0
11789,0
11768,0
11765,0
11728,0
11723,0
11706,0
11663,0
11639,0
11638,0
11627,0
11625,0
11617,0
11602,0
11587,0
11580,0
11579,0
11574,0
11559,0
11558,0
11551,0
11545,0
11541,0
11522,0
11519,0
11508,0
11490,0
11487,0
11484,0
11468,0
11466,0
11460,0
11459,0
11451,0
11447,0
11446,0
11444,0
11440,0
11437,0
11431,0
11430,0
11425,0
11418,0
11406,0
11405,0
11403,0
11387,0
11372,0
11371,0
11369,0
11357,0
11348,0
11344,0
11330,0
11327,0
11299,0
11292,0
11291,0
11287,0
11285,0
11279,0
11278,0
11273,0
11270,0
11265,0
11261,0
11260,0
11255,0
11252,0
11249,0
11243,0
11236,0
11234,0
11210,0
11205,0
11191,0
11185,0
11183,0
11181,0
11179,0
11175,0
11173,0
11171,0
11144,0
11137,0
11123,0
11103,0
11101,0
11093,0
11088,0
11076,0
11074,0
11071,0
11064,0
11063,0
11056,0
11048,0
11039,0
10998,0
10989,0
10947,0
10941,0
10913,0
10905,0
10901,0
10899,0
10887,0
10876,0
10864,0
10847,0
10845,0
10834,0
10827,0
10816,0
10811,0
10794,0
10788,0
10773,0
10757,0
10756,0
10746,0
10743,0
10742,0
10738,0
10729,0
10721,0
10717,0
10714,0
10708,0
10704,0
10703,0
10695,0
10693,0
10665,0
10642,0
10638,0
10632,0
10619,0
10618,0
10608,0
10606,0
10604,0
10559,0
10555,0
10545,0
10537,0
10530,0
10498,0
10470,0
10455,0
10445,0
10388,0
10385,0
10371,0
10359,0
10348,0
10342,0
10334,0
10332,0
10328,0
10322,0
10318,0
10310,0
10306,0
10302,0
10299,0
10289,0
10265,0
10258,0
10245,0
10230,0
10158,0
10114,0
10110,0
10107,0
10100,0
10096,0
10062,0
10049,0
10042,0
10038,0
9988,0
9976,0
9943,0
9927,0
9923,0
9915,0
9906,0
9905,0
9892,0
9866,0
9858,0
9847,0
9814,0
9797,0
9787,0
9771,0
9764,0
9755,0
9752,0
9746,0
9700,0
9689,0
9681,0
9668,0
9657,0
9642,0
9641,0
9607,0
9603,0
9561,0
9557,0
9544,0
9535,0
9509,0
9505,0
9489,0
9479,0
9473,0
9453,0
9450,0
9445,0
9432,0
9423,0
9413,0
9408,0
9393,0
9356,0
9352,0
9330,0
9326,0
9324,0
9314,0
9290,0
9285,0
15694,0
9265,0
15674,0
9252,0
2803,26
15656,0
9232,0
9207,0
9205,0
2771,1
15624,0
9203,0
9201,0
9197,0
9161,0
15581,10
2728,0
9156,0
9155,0
15568,0
9147,0
15563,0
9142,0
9133,0
15545,0
9110,0
9107,0
9104,0
9100,0
9090,0
9075,0
9065,0
9064,0
9053,0
9048,0
15468,0
9045,0
15454,0
9031,0
15424,0
15417,0
15389,0
8948,0
2513,51
15366,0
8944,0
2496,32
15349,0
8916,0
8914,0
15329,0
2476,0
15327,43
2474,0
8906,0
15314,0
2458,11
15311,0
15294,0
8873,0
8866,0
8857,0
2421,48
15274,0
8853,0
8845,0
8836,0
8829,0
2391,49
15244,0
8823,0
2370,50
15223,0
8802,0
15220,0
8781,0
15198,0
8757,0
15171,0
8732,0
8713,0
8711,0
2275,46
15128,0
8707,0
8706,0
8705,0
8699,0
8688,0
21541,0
8685,0
21538,0
8684,0
15104,42
2251,0
21536,5
8683,0
8677,0
8666,0
21519,0
8663,0
8656,0
8654,0
8638,0
21491,0
21489,33
8636,0
2196,50
15049,0
8628,0
8613,0
21466,0
15031,0
15028,48
2175,0
8606,0
21455,4
8602,0
2167,24
15020,0
21451,21
8598,0
15013,0
8585,0
21431,37
8578,0
8571,0
21416,37
8563,0
14983,33
2130,0
14974,59
2121,0
21406,46
8553,0
8546,0
8544,0
8543,0
14962,21
2109,0
8541,0
21394,0
8540,37
21393,0
8514,0
14933,50
2080,0
14930,0
21359,37
8506,0
2065,56
14918,0
21350,48
8497,0
21346,33
8493,0
14912,0
14911,0
8490,55
21343,0
8489,50
21342,0
14909,0
2056,0
8480,0
21333,0
8479,0
8478,0
8453,0
14872,0
14859,35
2006,0
8438,3
21291,0
8435,0
8432,28
21285,0
21281,37
8428,0
8425,46
21278,0
14828,0
1975,0
21259,56
8406,0
14826,0
8405,0
21254,2
8401,0
21227,4
8374,0
14785,0
1932,0
21214,24
8361,0
21202,10
8349,0
8347,0
21197,10
8344,0
21195,4
8342,0
8314,0
8309,0
8308,0
8276,0
21129,0
8275,56
21128,0
21112,40
8259,0
21105,2
8252,0
8246,0
8244,27
21097,0
8240,27
21093,0
21078,16
8225,0
14642,0
1789,0
21073,58
8220,0
8214,0
21067,0
8212,0
21065,0
8209,0
14626,26
1773,0
8199,0
21050,26
8197,0
8193,0
21046,0
8178,0
21031,0
8177,0
21030,0
8176,0
8167,0
21016,37
8163,0
8138,0
8134,0
20984,34
8131,0
20983,2
8130,0
14547,1
1694,0
8126,0
20972,37
8119,0
8106,27
20959,0
1659,18
14512,0
8091,0
8089,0
1653,49
14506,0
20938,11
8085,0
8068,0
8056,12
20909,0
20904,56
8051,0
8050,0
8045,50
20898,0
8021,0
20865,27
8012,0
14418,0
7979,0
14395,0
20825,37
7972,0
1536,4
14389,0
7968,0
20814,4
7961,0
7952,0
7939,0
20792,0
7937,0
20790,0
7935,0
7930,0
7912,0
7897,0
7896,0
7891,0
20744,0
7879,0
7874,0
1440,52
14293,0
7839,0
7831,0
7826,37
20679,0
7823,0
20669,40
7816,0
7814,0
20667,0
7813,58
20666,0
7809,0
20662,0
7767,0
14178,0
1293,8
14146,0
7710,0
14099,7
1246,0
7671,0
20523,32
7670,0
7669,0
20496,10
7643,0
7642,0
7639,0
20488,4
7635,0
20480,24
7627,0
20476,14
7623,0
7606,59
20459,0
20457,58
7604,0
20453,42
7600,0
7596,0
7592,0
7576,0
7570,0
20419,40
7566,0
7557,0
7552,0
7541,0
7534,0
20386,2
7533,0
20384,2
7531,0
20365,48
7512,0
20363,46
7510,0
20357,4
7504,0
7496,0
7477,0
20328,18
7475,0
20319,24
7466,0
7452,0
20286,37
7433,0
7427,0
13834,0
7408,0
20261,0
7406,0
20259,0
7394,0
20247,0
7391,0
7386,0
20223,37
7370,0
20220,21
7367,0
7363,53
20216,0
7357,0
20210,0
7355,0
7352,0
7337,0
20176,12
7323,0
7322,0
7314,0
20165,21
7312,0
7253,0
800,0
7220,0
780,43
13633,0
791,0
758,46
13611,0
7177,0
7166,0
20019,0
7148,1
20001,0
725,0
7143,0
714,0
13532,35
679,0
7066,0
7064,0
7047,0
7032,0
7030,0
7029,0
19882,0
7023,0
7015,0
7014,29
19867,0
7013,0
19866,0
19865,34
7012,0
19854,14
7001,0
6976,0
13393,0
551,26
13404,0
19823,18
6970,0
6955,59
19808,0
6929,0
6928,58
19781,0
6922,0
19775,0
6913,0
19766,0
467,26
13320,0
13287,0
13286,0
13282,0
13281,0
439,0
13292,0
13280,0
438,0
13291,0
13238,0
377,0
19651,43
6798,0
19644,34
6791,0
13200,0
352,30
13205,0
13191,42
338,0
349,0
6770,0
13186,0
343,0
13196,0
6764,0
13184,0
331,0
342,27
13195,0
13168,0
315,0
311,0
13151,0
304,35
13157,0
19572,18
6719,0
290,0
6709,17
19562,0
281,0
13105,0
13103,0
6682,0
13113,43
260,0
6681,12
19534,0
242,54
13095,0
249,0
13089,0
236,0
247,0
6660,0
13078,0
225,0
19510,35
6657,0
6647,1
19500,0
13056,0
203,0
214,38
13067,0
13053,0
6632,0
6630,35
19483,0
201,48
13054,0
19448,58
6595,0
157,0
6578,0
6561,0
6537,0
6527,18
19380,0
6524,46
19377,0
6507,0
19360,0
71,49
12924,0
82,37
12935,0
64,50
12917,0
75,0
6494,0
42,0
6463,0
29,0
6450,0
13,56
12866,0
6445,0
6438,24
19291,0
12858,0
6437,56
19290,0
12857,0
6436,0
19280,7
6427,0
12806,0
6385,59
19238,0
12803,0
12797,0
6375,0
6368,0
6361,0
12774,0
6353,0
12767,0
6346,0
19199,0
12761,0
6340,0
19193,0
6337,0
12732,0
12714,0
6278,0
12698,0
6277,0
12694,0
12692,0
6267,0
6264,0
6248,42
19101,0
6244,43
19097,0
12655,0
6234,56
19087,0
12654,0
12648,0
6225,0
12641,0
6220,50
19073,0
12639,0
6218,0
12636,0
6215,0
6208,0
6189,0
19042,0
12608,0
12605,0
6184,0
19037,0
12602,0
12599,0
6178,0
6177,0
6169,0
19022,0
12559,0
12555,0
12546,0
6125,0
6092,58
18945,0
12512,0
6091,0
18944,0
12509,0
6086,0
6085,0
18938,0
6083,0
12503,0
6082,0
12488,0
6067,0
18920,0
6058,0
12472,0
6051,46
18904,0
12468,0
6035,8
18888,0
6034,0
12454,0
6027,0
6025,0
12441,0
6020,0
18873,0
12435,0
6014,21
18867,0
5998,0
18851,0
5985,0
12390,0
18811,7
5958,0
12355,0
5934,0
5930,4
18783,0
12340,0
5912,2
18765,0
5901,33
18754,0
5900,0
12316,0
5889,0
12309,0
5888,0
5887,0
5886,0
18739,0
18721,4
5868,0
5858,0
5854,0
12270,0
5849,0
5842,0
12260,0
5835,0
18688,0
5830,0
5827,0
5826,0
5818,0
5815,0
5810,27
18663,0
5800,0
12213,0
5792,0
5789,0
5767,0
5740,0
5739,0
18592,0
5727,0
5724,0
18577,0
12138,0
5717,0
18570,0
5713,0
18566,0
5712,50
18565,0
12132,0
5711,51
18564,0
12131,0
5706,0
12122,0
5701,1
18554,0
5692,0
5690,0
5684,0
12101,0
5672,0
5667,0
18520,0
12084,0
5660,0
5659,0
5655,0
12068,0
5641,0
12050,0
12048,0
5617,46
18470,0
5611,0
18464,0
5609,7
18462,0
12024,0
5603,55
18456,0
5602,46
18455,0
5595,46
18448,0
5592,12
18445,0
5585,9
18438,0
11997,0
5576,14
18429,0
11996,0
5567,0
18420,0
5566,14
18419,0
5565,34
18418,0
5564,0
11982,0
5561,0
5559,0
5558,0
5554,35
18407,0
5544,56
18397,0
11958,0
5537,16
18390,0
11953,0
5532,8
18385,0
5530,46
18383,0
5522,49
18375,0
5499,0
18352,0
11916,0
5495,4
18348,0
11913,0
5491,0
18334,58
5481,0
5477,0
5475,46
18328,0
18323,35
5470,0
5465,0
5453,0
18300,58
5447,0
5429,0
5423,51
18276,0
11831,0
5410,0
5400,0
18253,0
5398,0
11817,0
5394,0
5392,0
5388,0
5379,0
5363,0
11771,0
5350,0
5349,0
11767,0
11763,0
18188,26
5335,0
11753,0
5332,0
11751,0
5330,0
5328,0
5323,6
18176,0
5309,0
5303,0
18152,33
5299,0
5296,53
18149,0
5288,0
5286,0
5281,0
5274,0
5272,0
5270,0
5256,0
18109,0
5255,6
18108,0
5253,0
11665,0
18096,2
5243,0
11661,0
5240,0
18093,0
5238,0
11658,0
5237,0
5235,0
5234,0
18079,26
5226,0
18075,35
5222,0
5220,0
5214,0
18065,33
5212,0
5207,0
5205,0
5201,0
18048,37
5195,0
5191,0
5190,0
5188,0
18036,3
5183,0
5177,0
11597,0
5176,0
18029,0
18028,33
5175,0
5172,0
5160,0
5148,0
18001,0
5146,0
5139,0
11555,0
5126,50
17979,0
11546,0
17978,26
5125,0
5117,0
17967,40
5114,0
11523,0
5102,0
5097,26
17950,0
5095,14
17948,0
11506,0
11498,0
5072,24
17925,0
5070,0
17923,0
5058,53
17911,0
5054,55
17907,0
5053,1
17906,0
5044,58
17897,0
11455,0
5034,24
17887,0
11450,0
5021,49
17874,0
11441,0
5020,0
17873,0
5013,43
17866,0
4987,0
4983,0
11402,0
17834,4
4981,0
4965,0
4952,0
11362,0
4941,0
4933,0
4922,50
17775,0
11324,0
4903,0
11322,0
11315,0
4894,0
11314,0
4893,58
17746,0
11271,0
17703,2
4850,0
4848,0
17701,0
17688,18
4835,0
17677,26
4824,0
11242,0
4821,1
17674,0
11241,0
4816,0
11233,0
17651,38
4798,0
4796,0
4795,0
4785,0
11202,0
4781,0
4779,16
17632,0
4773,0
11177,0
4756,0
11166,0
11163,0
17595,26
4742,0
4717,0
4714,0
4712,0
4711,0
4708,0
17545,4
4692,0
17543,34
4690,0
4689,0
17540,7
4687,0
11100,0
4679,0
4666,29
17519,0
17518,18
4665,0
4654,0
17507,0
11065,0
4644,0
4640,0
11059,0
17491,26
4638,0
4625,0
17478,0
11043,0
4622,0
4621,0
4606,0
11025,0
4604,0
17457,0
4603,0
4600,0
17448,30
4595,0
4593,0
17446,0
4592,0
4591,0
4583,16
17436,0
4579,38
17432,0
4576,0
17429,0
4555,0
17408,0
4552,0
17405,0
4536,0
17389,0
4524,0
4513,0
4510,0
4507,0
17346,52
4493,0
10902,0
4481,0
17334,0
4477,58
17330,0
4476,12
17329,0
4470,0
4465,0
17318,0
4458,0
17311,0
4453,0
17306,0
10873,0
4452,1
17305,0
4451,36
17304,0
10860,0
4439,1
17292,0
17289,25
4436,0
4425,0
4407,0
17260,0
4405,0
17258,0
4398,1
17251,0
4397,49
17250,0
10809,0
4388,49
17241,0
4386,0
17239,0
4371,41
17224,0
10787,0
4365,0
10779,0
4353,12
17206,0
4349,0
10768,0
4346,12
17199,0
4345,0
4343,38
17196,0
4339,0
10754,0
17186,13
4333,0
10744,0
4323,0
4318,2
17171,0
10734,0
4313,32
17166,0
4310,26
17163,0
4301,0
17154,0
4297,0
4286,0
4276,33
17129,0
4259,0
10678,0
10674,0
4249,0
17102,0
4245,49
17098,0
10662,0
17091,13
4238,0
4231,0
17084,0
4215,0
4205,50
17058,0
10625,0
4204,0
4199,50
17052,0
4192,0
4175,9
17028,0
4173,0
4170,0
17023,0
10590,0
10581,0
4160,0
4159,18
17012,0
4156,0
4153,0
4152,0
17005,0
4122,0
16975,0
10541,0
4117,0
16970,0
4115,0
16968,0
16966,35
4113,0
4103,0
4096,0
10515,0
10509,0
4088,29
16941,0
4081,0
4080,0
4075,0
4074,0
4067,0
4066,0
16918,42
4065,0
16916,34
4063,0
4061,0
4048,0
4041,0
16888,24
4035,0
16886,43
4033,0
4026,0
10446,0
797,0
20071,10
7218,0
4015,42
16868,0
3999,38
16852,0
10418,0
16850,23
3997,0
10414,0
7192,33
20045,0
16838,1
3985,0
3980,13
16833,0
10394,0
16826,51
3973,0
7161,0
736,0
7155,50
20008,0
7136,26
19989,0
10354,0
3930,0
16783,0
7129,0
19982,0
10347,0
3926,18
16779,0
7119,0
3916,0
3912,0
690,1
13543,0
7111,0
19964,0
3908,21
16761,0
3892,0
16745,0
3886,51
16739,0
7087,0
16726,17
3873,0
7075,0
10291,0
3870,50
16723,0
7068,0
7067,0
16717,28
3864,0
13482,0
7060,9
19913,0
3853,12
16706,0
19902,38
7049,0
3846,0
10264,0
3843,0
7041,0
3838,0
7031,0
3828,18
16681,0
16678,1
3825,0
7024,0
19864,18
7011,0
3801,40
16654,0
16653,1
3800,0
3797,58
16650,0
3796,0
16649,0
6998,0
10216,0
16648,7
3795,0
10214,0
3793,0
16646,0
6995,0
16645,8
3792,0
6993,0
10209,0
6985,0
3777,0
16630,0
16628,37
3775,0
10192,0
3768,12
16621,0
6965,0
559,0
10183,0
16615,11
3762,0
6961,0
16611,38
3758,0
6975,59
19828,0
3743,0
6939,0
518,0
3720,0
6920,35
19773,0
19788,32
6935,0
16570,35
3717,0
10122,0
16554,32
3701,0
6884,39
19737,0
478,0
470,0
6872,0
6887,0
10090,0
464,0
10088,0
13271,0
6850,46
19703,0
3640,0
16493,0
3637,34
16490,0
405,16
13258,0
416,0
13269,0
6837,14
19690,0
10041,0
13251,0
409,11
13262,0
6797,50
19650,0
10015,0
3589,0
16442,0
6788,0
10000,0
16432,23
3579,0
374,0
3577,0
16430,0
366,0
13188,0
13199,51
346,0
16417,48
3564,0
356,0
3559,0
9975,0
3554,0
16407,0
9974,0
3553,0
16395,38
3542,0
16394,16
3541,0
6737,0
9954,0
13144,0
302,0
9941,0
3520,0
13116,0
3492,0
13115,0
6694,0
9912,0
3491,0
3463,0
16316,0
3461,0
16314,0
6659,7
19512,0
6655,0
246,0
3438,0
6653,32
19506,0
16288,16
3435,0
16278,59
3425,0
6623,0
3420,0
19474,43
6621,0
198,0
6619,0
3415,0
191,0
6612,0
16262,9
3409,0
3389,0
6581,0
3378,0
13011,0
3372,0
16225,0
9792,0
3371,0
135,58
12988,0
6556,0
19409,0
3352,0
9763,0
3342,0
16195,0
3327,0
3309,0
19351,38
6498,0
3295,18
16148,0
12910,0
68,0
3271,0
16119,35
3266,0
12900,0
47,0
12875,0
22,0
3251,0
12888,0
46,0
12853,0
19285,25
6432,0
6425,0
16075,10
3222,0
3211,0
12834,0
6413,0
16063,59
3210,0
9615,0
3194,0
3189,0
3184,18
16037,0
3157,0
3154,0
3153,38
16006,0
6352,0
9570,0
3149,0
9560,0
3139,0
15984,43
3131,0
6331,0
9549,0
15981,8
3128,0
3118,0
9532,0
3111,29
15964,0
3110,0
15963,0
12731,0
6310,46
19163,0
15960,13
3107,0
3105,0
3104,0
15951,25
3098,0
3092,0
3086,0
15939,0
12697,0
6276,0
3073,0
12696,0
6275,49
19128,0
3072,0
15925,0
3071,0
15924,0
9488,0
3062,0
3056,7
15909,0
3051,0
15900,18
3047,0
3040,0
15889,48
3036,0
3034,0
12652,0
15881,4
3028,0
3023,3
15876,0
3016,0
3010,0
12632,0
3008,1
15861,0
3007,0
6202,0
2999,0
6201,0
15851,34
2998,0
2995,0
2994,0
9414,0
2993,0
2990,0
6188,0
19041,0
2985,0
15838,0
2983,0
9403,0
6180,16
19033,0
9398,0
2971,0
12594,0
15823,48
2970,0
15821,14
2968,0
2965,0
2959,0
2955,0
15808,0
2954,0
15807,0
2950,38
15803,0
2930,0
9348,0
6119,0
9336,0
2915,55
15768,0
2907,0
2902,0
6090,0
6075,0
9279,0
2858,0
12480,0
6059,0
15698,0
9277,0
6056,0
2853,0
6054,0
15704,8
2851,0
12462,0
15680,48
2827,0
9259,0
15691,11
2838,0
6030,0
6023,0
15668,8
2815,0
2793,0
2792,0
12415,0
2791,0
9208,0
12407,0
5986,0
9204,0
5972,0
9190,0
2768,0
15621,0
2754,24
15607,0
2765,0
2752,4
15605,0
9184,0
12386,0
2762,0
15613,48
2760,0
12375,0
5954,0
18807,0
15593,0
9172,0
15590,32
2737,0
2746,0
15584,0
9158,0
5932,0
9139,0
5898,34
18751,0
12315,0
2688,0
5875,0
18728,0
9087,0
2648,10
15501,0
15494,0
2652,0
9069,0
18703,4
5850,0
2647,0
5848,0
2635,0
15451,0
2609,0
15462,0
18658,7
5805,0
15438,0
2585,0
5796,0
9014,0
2593,4
15446,0
9012,0
18646,56
5793,0
2579,49
15432,0
12209,0
15427,39
2574,0
12208,0
2578,0
12201,0
5780,0
8998,0
8991,0
2570,0
2558,23
15411,0
15409,0
5765,0
2551,58
15404,0
8982,0
5762,0
2559,0
12179,0
15397,31
2544,0
12178,0
2543,58
15396,0
8975,0
2554,0
5756,0
2550,0
5751,7
18604,0
15386,0
5746,0
18599,0
12164,0
5743,0
5742,1
18595,0
5734,0
2531,59
15384,0
8951,0
2530,0
12152,0
2520,0
8933,0
5686,18
18539,0
5677,4
18530,0
8895,0
15310,0
15321,48
2468,0
8880,0
8861,0
2435,0
12053,0
8849,0
15263,51
2410,0
8830,0
2386,34
15239,0
15227,15
2374,0
8806,0
5586,0
12003,0
5579,0
18432,0
2376,0
8778,0
8765,0
11961,0
2326,5
15179,0
8756,0
8747,0
5526,0
5523,59
18376,0
2310,0
11932,0
5511,0
2307,0
8696,0
5474,0
8692,0
2271,0
2259,9
15112,0
5472,0
15111,0
5471,0
15110,0
2257,0
8689,0
2268,58
15121,0
5469,0
8686,0
21539,0
2260,0
15095,0
18308,43
5455,0
15093,0
2240,0
11873,0
8670,25
21523,0
2247,0
2246,0
8661,0
11863,0
2239,0
11862,0
11861,0
11858,0
2231,0
2228,0
11837,0
2202,7
15055,0
8632,0
11830,0
2206,0
11829,0
15045,0
15038,0
10200,0
3779,0
5385,50
18238,0
15024,0
8603,0
10191,0
5376,0
18229,0
6968,0
562,0
5371,0
2168,0
11787,0
6953,0
10171,0
5340,0
21411,58
8558,0
2137,0
2108,0
486,0
3704,0
3694,0
8518,0
21371,0
5295,50
18148,0
8510,50
21363,0
5276,0
5268,0
14907,0
2054,0
3652,26
16505,0
11679,0
8475,0
13284,0
442,0
3645,0
436,0
16492,48
3639,0
6844,0
19697,0
3626,46
16479,0
19681,7
6828,0
16478,48
3625,0
2028,12
14881,0
2027,0
3622,0
16475,0
5228,0
14867,0
14854,0
2001,0
378,31
13231,0
16460,18
3607,0
2010,0
16450,41
3597,0
14842,0
3592,0
8416,0
1995,0
8415,0
1994,0
362,0
1983,0
9978,0
3545,14
16398,0
1948,0
3531,0
1934,0
323,0
3526,0
5132,0
14771,35
1918,0
1929,0
14755,21
1902,0
8334,0
21187,0
1913,0
6712,0
3509,0
13142,0
5115,0
17968,0
6710,0
16360,21
3507,0
8331,0
9907,0
5092,0
6686,55
19539,0
1886,0
14739,0
259,0
3477,0
3469,0
13090,26
237,0
6658,0
19511,0
1836,58
14689,0
3442,0
1845,0
5042,0
1832,0
1815,0
1809,0
13024,0
6603,0
8222,0
3395,0
1787,0
11393,0
3364,0
4970,3
17823,0
6573,46
19426,0
3332,0
16185,0
12980,41
127,0
134,18
12987,0
14573,0
1731,0
3320,44
16173,0
111,0
3329,0
1723,0
3313,0
16166,0
14558,0
11335,0
1711,0
6506,55
19359,0
3303,0
6515,0
19368,0
6488,0
19341,0
9706,0
3285,0
8109,0
12912,20
59,0
8103,0
1682,0
3275,0
6502,0
4881,0
20947,12
8094,0
1673,0
12898,33
45,0
3263,0
12878,0
9675,0
3254,53
16107,0
14499,0
1657,0
38,34
12891,0
49,0
17694,26
4841,0
6428,0
1628,0
3223,58
16076,0
17682,51
4829,0
12843,0
1,0
6422,0
3219,0
1622,0
12841,0
6420,43
19273,0
9638,0
3217,0
1619,0
6410,3
19263,0
9628,0
3207,0
19283,26
6430,0
11230,0
4809,0
1606,0
12823,0
6402,0
19255,0
3199,0
16052,0
3198,0
11225,0
1601,0
6407,0
3204,0
11222,0
14440,0
1598,0
9604,0
3183,0
8007,0
16029,38
3176,0
1579,0
11196,0
1572,0
12790,0
3166,0
4772,38
17625,0
11192,0
16016,43
3163,0
11190,0
4769,0
17622,0
7987,2
20840,0
1563,0
4765,14
17618,0
20836,37
7983,0
1562,0
1550,0
7967,0
20817,48
7964,0
17597,26
4744,0
7962,0
4740,0
17593,0
1535,0
9538,0
15970,7
3117,0
1520,0
15956,26
3103,0
1506,0
12701,0
15930,55
3077,0
7901,0
1480,0
1478,0
1460,33
14313,0
3063,0
4664,0
17513,3
4660,0
4659,0
1445,56
14298,0
7877,0
7873,0
15899,4
3046,0
12667,0
15896,31
3043,0
11070,0
4649,31
17502,0
4648,0
7866,28
20719,0
1444,0
4641,59
17494,0
4637,0
1434,0
15879,26
3026,0
4632,0
15878,9
3025,0
14270,0
11051,0
4630,0
1427,0
4623,0
17470,6
4617,0
1409,0
4610,39
17463,0
1407,0
3003,0
4609,6
17462,0
1406,0
3001,29
15854,0
7825,0
1387,0
15832,21
2979,0
4585,0
4584,0
2976,35
15829,0
4581,12
17434,0
1367,14
14220,0
7796,0
2964,0
15817,0
2963,39
15816,0
9382,0
6163,0
2958,0
15811,0
1361,0
1360,0
2936,0
10944,0
4519,13
17372,0
1316,0
20586,2
7733,0
1312,0
1308,0
1300,0
1292,0
4488,0
17341,0
9302,0
2881,0
9294,0
20546,11
7693,0
9283,0
1260,0
1252,0
4454,0
20525,41
7672,0
10867,0
1243,0
4437,0
17284,29
4431,0
4429,0
17282,0
7647,0
1226,0
9234,0
9230,0
1212,0
7632,0
20485,0
1211,0
1210,0
4411,58
17264,0
7629,0
6000,0
15639,0
7621,23
20474,0
20471,48
7618,0
1197,0
9210,0
9206,0
2785,0
7609,0
4385,23
17238,0
7603,0
4380,49
17233,0
1159,26
14012,0
9178,0
4363,46
17216,0
5957,0
18810,0
15596,0
10781,0
7577,0
1156,0
7569,0
12368,0
20421,48
7568,0
4341,46
17194,0
4340,0
7558,0
7555,0
5925,23
18778,0
10749,0
4328,0
1125,0
10748,0
17180,13
4327,0
13966,0
314,0
11544,0
5123,0
1920,0
1123,0
1919,0
20392,56
7539,0
5105,43
17958,0
13946,0
1103,0
1102,0
1897,0
4303,7
17156,0
20374,46
7521,0
1100,0
279,0
9903,0
8306,0
1885,0
1088,0
10709,0
1085,0
2681,0
1082,0
3474,31
16327,0
5080,18
17933,0
14719,0
2677,0
7501,0
20353,33
7500,0
1079,0
1077,0
1871,0
2671,0
4277,0
1074,0
1072,0
3460,0
16312,15
3459,0
1862,0
14715,0
10687,0
4266,0
16299,4
3446,0
5052,0
8270,33
21123,0
4255,0
1052,0
7468,43
20321,0
5040,0
1036,0
4235,0
13874,0
10648,0
4227,50
17080,0
199,0
13052,0
6620,4
19473,0
2620,0
1023,0
4223,50
17076,0
1019,0
10640,0
7437,0
1013,0
15448,0
7424,0
176,0
6609,34
19462,0
13045,0
1000,0
10622,0
4201,26
17054,0
194,0
10615,0
991,0
162,0
16233,26
3380,0
8204,0
15425,0
4189,4
17042,0
7407,0
16234,20
3381,0
3390,0
984,0
5783,0
5782,0
2568,33
15421,0
982,0
11397,0
17829,26
4976,0
1771,0
974,0
4174,30
17027,0
971,0
2566,0
10593,0
17025,58
4172,0
969,0
5708,0
2505,0
4111,0
16964,0
908,0
10521,0
7318,0
897,0
6493,0
3290,18
16143,0
8114,0
1693,0
4099,0
16952,0
896,0
7310,0
889,0
8102,0
884,0
873,0
3264,0
16117,0
8088,0
12091,0
5670,0
18523,0
15309,0
16922,15
4069,0
20140,4
7287,0
857,0
4054,0
4052,0
4051,0
14476,0
1623,0
8055,0
3243,50
16096,0
8855,0
16884,1
4031,0
3205,0
11232,0
4811,0
8029,0
4000,24
16853,0
5593,0
2390,0
778,0
793,0
4791,4
17644,0
1588,0
5583,51
18436,0
768,0
16837,1
3984,0
11201,0
4780,17
17633,0
20838,34
7985,0
10391,0
3970,0
7168,7
20021,0
13615,2
762,0
7975,0
757,0
16810,48
3957,0
15995,26
3142,0
4748,3
17601,0
7966,0
733,0
7154,0
5545,43
18398,0
18394,26
5541,0
10358,0
20803,4
7950,0
11946,0
5525,50
18378,0
3928,0
19983,26
7130,0
7124,0
6312,0
3109,0
2301,7
15154,0
2312,0
3918,0
5507,0
18360,0
15146,0
3909,56
16762,0
8722,9
21575,0
7110,0
19963,0
704,0
677,7
13530,0
688,0
15949,50
3096,0
1499,0
9515,0
3094,0
11121,0
4700,0
2297,0
10324,0
19957,46
7104,0
15944,37
3091,0
11118,0
4697,0
697,0
9510,0
3089,0
3898,0
17544,8
4691,0
7097,0
19950,0
10315,0
3894,46
16747,0
6283,2
19136,0
15933,17
3080,0
11107,0
3888,0
685,0
19943,18
7090,0
684,0
7088,0
682,0
7085,0
16202,2
3349,0
5755,0
15394,0
955,0
2952,0
5358,0
2155,0
543,0
6964,0
15391,0
2538,0
952,0
7771,27
20624,0
1350,0
16600,50
3747,0
11773,0
8569,0
19810,35
6957,0
7765,0
20618,0
6943,13
19796,0
7763,0
3748,0
14177,0
6944,0
15777,43
2924,0
2923,0
20600,40
7747,0
505,0
6926,0
3723,0
8547,0
6546,0
104,0
6525,0
19378,0
16175,39
3322,0
6534,4
19387,0
8943,0
925,0
19787,2
6934,0
4518,0
5318,0
14957,0
14156,7
1303,0
19767,26
6914,0
3711,0
12532,0
6111,0
16561,46
3708,0
504,0
10128,0
11734,0
14963,46
2110,0
6930,0
6101,0
2898,0
4504,24
17357,0
7722,0
8113,0
4098,0
895,0
12514,0
6093,0
3699,0
4494,33
17347,0
3688,0
13285,0
6873,0
7684,0
1263,0
3660,0
16513,0
18514,39
5661,0
16917,28
4064,0
14485,0
20917,58
8064,0
13688,0
835,0
2843,0
19699,26
6846,0
14888,0
2046,0
3241,0
16094,0
6433,26
19286,0
13266,0
5620,0
10841,0
4420,43
17273,0
1217,0
12424,0
6003,0
1203,0
393,0
6807,0
13243,0
390,0
6384,0
3181,0
16843,59
3990,0
787,0
13232,59
379,0
6811,0
19664,0
15623,0
9202,0
10808,0
7605,0
20458,0
1184,0
15217,0
8796,0
2375,0
7184,23
20037,0
9196,0
6778,0
372,0
13225,0
12397,0
9194,0
13197,0
13206,58
353,0
3572,0
11599,0
8396,0
16021,38
3168,0
2371,0
10398,0
12395,0
9192,0
1174,0
5573,12
18426,0
1971,0
4372,4
17225,0
1966,0
9171,0
16400,43
3547,0
9977,0
3556,6
16409,0
8370,0
1949,0
6758,0
5543,46
18396,0
10367,0
16392,55
3539,0
345,0
9550,0
4735,0
5535,8
18388,0
4338,0
17191,0
10355,0
3934,7
16787,0
6740,0
5127,0
17980,0
1924,0
293,0
6714,0
3511,0
14751,17
1898,0
12332,0
15550,0
13950,0
9926,0
3505,0
16367,15
3514,0
3095,0
4304,50
17157,0
1493,0
7102,6
19955,0
284,0
299,0
3472,0
1875,0
1078,0
6687,16
19540,0
5870,0
9088,0
3256,0
16909,1
4056,0
853,0
6471,0
50,0
3253,0
1656,0
12886,0
6465,50
19318,0
441,0
6877,0
6665,0
1842,0
18686,7
5833,0
9051,0
16283,21
3430,0
12243,0
5822,0
1022,0
3405,11
16258,0
1808,0
15450,0
10831,0
1207,0
13237,0
6816,0
5807,0
18660,0
9025,0
18062,48
5209,0
8427,0
1996,0
3396,0
3587,0
14843,15
1990,0
3387,0
4993,0
8211,0
1785,0
14805,0
1963,0
4963,0
17816,0
1760,0
3360,20
16213,0
21037,33
8184,0
11385,0
1761,0
960,0
9573,0
3152,0
16005,0
16814,33
3961,0
1158,0
2951,0
15804,0
5154,0
11775,0
8572,0
9769,0
3348,0
16201,0
8172,0
3351,0
6746,0
1946,0
945,0
9363,0
2942,0
136,0
19410,43
6557,0
18590,7
5737,0
930,0
9760,0
3339,0
12969,0
10548,0
4127,0
924,0
8940,0
16978,29
4125,0
922,0
4525,0
525,0
524,0
1916,0
2517,0
7341,0
6520,24
19373,0
9738,0
3317,0
16170,0
123,0
4106,0
903,0
19780,7
6927,0
5899,0
18752,0
2696,0
4302,37
17155,0
8117,0
2896,0
1299,0
14941,0
19761,21
6908,0
6511,0
19364,0
105,0
15416,0
977,0
16230,21
3377,0
12907,0
8098,0
3277,0
16130,0
880,0
1280,0
5283,0
14922,0
2480,0
6492,0
1076,0
3473,0
6476,34
19329,0
16126,6
3273,0
7296,0
875,0
20949,42
8096,0
4474,0
272,0
3269,50
16122,0
6481,0
19334,0
5162,0
1959,0
3356,0
8086,0
10518,0
16950,59
4097,0
894,0
497,0
6453,0
10868,0
13274,0
5250,0
450,0
850,0
1741,0
3347,0
16200,0
144,0
12162,0
4144,49
16997,0
941,0
4544,0
6941,0
1044,0
16294,11
3441,0
10314,0
3893,0
9108,0
3287,50
16140,0
6499,0
890,0
14582,0
1729,0
940,0
3340,0
9861,0
3440,0
9554,0
3133,0
4739,0
6539,0
8160,0
1739,0
10563,0
4142,24
16995,0
939,0
20913,33
8060,0
7260,0
839,0
7263,0
20116,0
842,0
6442,0
19295,0
4845,0
8063,0
2039,0
20557,21
7704,0
8554,0
5236,0
14875,0
3228,0
1631,0
834,0
15368,0
2526,0
10553,0
4132,5
16985,0
3735,0
16588,0
5732,7
18585,0
4135,0
16988,0
6541,0
1917,0
1220,0
8441,0
8044,0
1068,0
4071,0
4918,58
17771,0
1715,0
918,0
9736,0
3315,0
1718,0
1332,0
9374,0
1356,0
18,0
9543,0
3122,0
10352,0
9146,0
10752,0
4331,1
17184,0
11752,0
5331,0
16555,7
3702,0
12426,0
6005,4
18858,0
20479,4
7626,0
3744,3
16597,0
7659,0
7698,0
17086,7
4233,0
1030,0
6639,0
19492,0
233,0
4107,0
19657,34
6804,0
6813,32
19666,0
10825,0
1201,0
6801,1
19654,0
9365,0
15797,46
2944,0
1347,0
550,0
3344,38
16197,0
6636,16
19489,0
3433,25
16286,0
2810,0
14055,0
11637,0
5216,0
2013,0
7222,0
16872,58
4019,0
816,0
1616,0
2449,0
16908,13
4055,0
13694,0
16155,35
3302,0
3599,0
13247,0
7093,18
19946,0
10311,0
687,0
4290,0
5687,1
18540,0
20161,37
7308,0
2884,0
3684,0
10464,0
4043,0
840,0
4220,1
17073,0
20514,1
20493,1
17554,1
16890,1
16836,1
16795,1
16679,1
16401,1
16390,1
15902,1
15759,1
15707,1
15702,1
2849,1
15632,33
2779,1
15299,1
2344,18
15197,1
2340,55
15193,1
12304,1
12184,1
11930,1
11572,1
11428,1
11057,1
10439,1
10402,1
10243,1
9936,1
9902,1
9868,1
9827,1
9588,1
9577,1
9551,1
9547,1
9313,1
9306,1
15496,1
9044,1
8968,1
8928,1
8898,1
15250,51
2397,1
8808,1
8785,1
2304,32
15157,1
15032,1
21408,58
8555,1
8502,1
8378,1
14551,1
8028,1
7955,1
7837,1
7746,1
7657,1
20372,48
7519,1
20341,35
7488,1
7385,1
20132,37
7279,1
7277,1
20119,56
7266,1
7250,1
7167,1
722,1
7132,1
508,1
6761,1
6741,1
6733,1
6730,1
6673,1
19482,58
6629,1
19381,38
6528,1
86,1
6460,1
6235,1
5938,1
18355,50
5502,1
11756,1
11628,1
11476,1
4613,1
4459,1
4440,1
4389,1
4344,1
4240,1
4193,1
10484,1
3982,58
16835,1
7076,1
16641,48
3788,1
3787,1
3763,1
554,1
3757,1
514,1
3647,1
273,30
13126,1
6683,1
13059,1
19428,58
6575,1
153,58
13006,1
53,1
9613,1
9531,1
6295,1
9477,1
9354,1
2928,1
2927,41
15780,1
2856,42
15709,1
9272,1
9271,1
2772,1
9116,1
2591,1
2440,1
15208,1
2348,1
2339,1
2265,28
15118,1
2213,1
2211,1
2163,1
14934,1
13276,26
423,1
19680,32
6827,1
13204,1
3580,1
5083,1
11433,1
5012,1
13019,13
166,1
14569,11
1716,1
1714,1
14550,1
12889,50
36,1
4801,1
9587,1
1568,1
1567,1
7861,1
1420,1
1382,1
1363,1
15708,1
7681,1
4446,1
1234,1
1182,1
7498,1
1065,1
1797,1
89,1
1648,1
16797,2
3944,1
707,1
692,1
8724,1
702,1
700,1
695,1
693,1
691,1
1483,1
546,1
529,1
513,1
2908,1
7732,1
512,1
509,1
10109,1
2447,7
15300,1
19655,21
6802,1
2781,1
1169,1
701,1
19647,21
6794,1
6572,1
1345,1
5720,1
506,1
9117,1
7320,1
21354,56
8501,1
1873,1
12897,1
1341,1
1239,1
8426,1
1277,1
16527,50
3674,1
16454,34
3601,1
7768,1
1814,1
21378,2
21322,2
21255,2
21237,2
21218,2
21113,2
21036,2
20974,2
20931,2
20791,2
20668,2
20654,2
20640,2
20593,2
20494,2
20395,2
20364,2
20314,2
20180,2
20138,2
20118,2
16803,2
16664,2
16655,2
16585,2
16546,2
16315,2
15833,2
12674,2
11320,2
2773,49
15626,2
8946,2
8793,2
8738,2
15126,4
2273,2
15023,2
8311,50
21164,2
7820,26
20673,2
7723,2
7593,41
20446,2
7548,35
20401,2
7449,23
20302,2
7338,34
20191,2
6738,2
11633,2
5055,2
17673,18
4820,2
17630,33
4777,2
3867,2
494,2
3634,12
16487,2
5967,2
2236,2
2194,2
7948,48
20801,2
2862,27
15715,2
1134,2
8340,33
21193,2
1765,2
6504,46
19357,2
16457,26
3604,2
6790,2
3946,12
16799,2
7120,2
7520,55
20373,2
7398,46
20251,2
13717,2
7362,7
20215,2
10564,2
1128,2
818,2
9231,2
15326,2
21429,3
20824,3
19137,3
18332,3
17957,3
17956,3
17839,3
17812,3
17127,3
17053,3
16589,3
16216,3
16203,3
2079,16
14932,3
12485,3
10423,3
10404,3
9971,3
8496,3
8205,3
1359,16
14212,3
11920,3
11872,3
5293,3
5091,3
11373,3
4733,3
10238,3
15892,7
3039,3
3013,3
2818,3
2638,3
11915,3
8691,3
8690,3
5121,3
1801,3
3216,3
7867,3
1412,3
401,3
387,3
8730,3
3751,42
16604,3
3345,3
8947,3
7261,24
20114,3
21479,4
21272,4
21271,4
21256,4
21232,4
21189,4
21053,4
21049,4
21045,4
21012,4
20920,4
20813,4
20812,4
20800,4
20798,4
20779,4
20660,4
20658,4
20648,4
20566,4
20561,4
20502,4
20470,4
20407,4
20284,4
20278,4
20255,4
20105,4
19978,4
19850,4
19803,4
19745,4
19710,4
19427,4
19171,4
18953,4
18699,4
18283,4
17802,4
16818,4
16816,4
16802,4
16705,4
16672,4
16461,4
16388,4
16377,4
2291,7
15144,4
14516,4
12721,4
12631,4
12207,4
12061,4
12042,4
11879,4
11736,4
11727,4
11629,4
11564,4
11500,4
11443,4
11307,4
10499,4
10478,4
10119,4
10108,4
10037,4
9995,4
9558,4
9441,4
9427,4
9111,4
15495,4
8956,4
15109,4
14998,4
8366,8
21219,4
8364,4
8254,4
8001,4
20775,35
7922,4
1471,49
14324,4
7894,55
20747,4
14285,4
7728,4
7476,4
7331,4
7072,4
6865,4
6622,28
19475,4
12904,4
6475,4
6317,57
19170,4
6233,4
5969,4
5922,4
12334,4
5492,4
18336,18
5483,4
5389,59
18242,4
5367,4
5308,4
18150,27
5297,4
11503,4
11478,4
4814,4
4794,4
4792,4
17037,12
4184,4
3989,4
698,4
466,4
19683,58
6830,4
3533,29
16386,4
3353,13
16206,4
6254,4
9444,4
6185,4
6173,4
9366,4
9260,4
15669,4
5994,4
12352,4
5731,4
8925,4
2483,21
15336,4
5632,4
8826,4
15190,50
2337,4
2320,4
8731,4
5494,4
5441,26
18294,4
5437,4
3772,16
16625,4
5356,4
2092,4
3557,14
16410,4
1846,4
6669,4
1803,4
8047,24
20900,4
1610,4
4805,4
1524,4
7841,4
1404,4
2866,24
15719,4
9270,4
4419,4
4307,4
8318,4
4288,4
20358,37
7505,4
8292,4
1063,4
1849,4
7421,13
20274,4
4194,4
187,4
2580,4
13027,4
8986,4
12014,4
783,4
15180,4
2322,7
15175,4
7139,4
7918,25
20771,4
1492,4
12704,4
1722,4
528,4
9311,4
846,4
12869,4
6799,4
16824,51
3971,4
7914,12
20767,4
11499,4
4273,4
20344,37
7491,4
6456,4
1033,4
10023,4
1351,4
21373,37
8520,4
5650,4
7096,4
1642,4
15782,21
2929,4
1525,4
16874,58
4021,4
7634,4
18186,5
16282,5
11746,5
9433,5
2800,50
15653,5
5134,5
5002,5
4366,5
408,50
13261,5
9841,5
1933,5
8137,5
15556,5
718,5
3661,5
2064,5
5178,5
2542,5
9761,5
21076,6
20878,6
20270,6
19998,6
19559,6
19509,6
19499,6
17274,6
17245,6
10903,6
10634,6
9253,6
8610,6
6214,6
12524,6
12394,6
18732,34
5879,6
5194,6
5118,6
4438,8
17291,6
4364,6
4165,6
4129,6
4028,6
6996,6
13236,6
13244,6
3594,6
3452,6
16045,24
3192,6
15901,55
3048,6
2973,6
8672,6
3609,6
1889,6
1858,6
248,6
6677,6
6461,6
16424,21
3571,6
1498,6
9674,6
17972,8
5119,6
7304,6
4039,6
21318,7
21251,7
20398,7
19935,7
19906,7
19860,7
19383,7
19180,7
19113,7
18910,7
18191,7
17993,7
17835,7
17810,7
17687,7
17652,7
17596,7
17551,7
17488,7
17317,7
16983,7
16677,7
16523,7
16512,7
15885,7
15778,7
15717,7
15315,42
2462,7
15308,7
2266,33
15119,7
15090,48
2237,7
15004,26
2151,7
14978,7
12529,7
12350,7
12345,7
11619,7
11477,7
11378,7
11349,7
11136,7
11095,7
10988,7
10978,7
10971,7
10961,7
10918,7
10849,7
10453,7
10419,7
10071,7
9891,7
9833,7
9454,7
9296,7
9033,7
21283,24
8430,7
8287,26
21140,7
21117,37
8264,7
8010,7
7928,7
7895,7
20531,21
7678,7
20207,21
7354,7
7344,7
7332,7
7065,7
7045,7
6818,7
6725,7
6702,7
6697,7
6562,7
6497,7
12644,7
5919,7
5910,7
11954,7
5082,7
17930,25
5077,7
4956,49
17809,7
17763,38
4910,7
11113,7
4586,7
4161,7
712,7
3856,7
3790,7
10058,7
376,7
6454,21
19307,7
2946,7
9288,7
2769,7
8909,7
12083,7
5608,7
18296,13
5443,7
10066,7
5001,7
3384,7
152,49
13005,7
4934,21
17787,7
1678,7
3053,7
6246,7
1425,7
9381,7
9338,7
7729,7
1228,7
1104,7
14679,7
8186,27
21039,7
1679,7
10435,7
767,7
741,7
7128,37
19981,7
3910,7
19962,18
7109,7
9345,7
2126,7
10129,7
3596,35
16449,7
1584,7
4774,7
13187,28
334,7
9677,7
6604,7
7497,7
20168,50
7315,7
4447,7
10151,7
6836,7
20206,56
7353,7
1039,7
21372,8
21257,8
21181,8
21132,8
19704,8
19674,8
17617,8
17547,8
16598,8
16592,8
16363,8
15980,8
15888,8
14525,8
13092,8
11336,8
11035,8
10174,8
9678,8
9572,8
9486,8
9103,8
9097,8
6743,8
6279,8
6107,8
11980,8
5496,8
5451,8
17943,25
5090,8
4827,8
10926,8
4169,8
10196,8
16608,21
3755,8
12570,8
2561,8
18602,33
5749,8
12098,8
8447,43
21300,8
8027,8
1566,8
1449,8
11031,8
15667,8
5100,8
1015,8
1009,8
1532,8
16521,18
3668,8
13114,8
6505,8
18932,9
18600,9
14166,55
1313,9
12824,9
12574,9
11282,9
11211,9
11015,9
10894,9
10237,9
10002,9
2560,50
15413,9
8784,9
15029,9
21415,56
8562,9
21173,33
8320,9
8221,9
20746,46
7893,9
7864,9
20235,37
7382,9
7209,9
7158,9
13043,9
6577,9
12862,40
9,9
18497,39
5644,9
18243,21
5390,9
4551,9
4505,9
4374,9
10790,9
4228,49
17081,9
20038,10
7185,9
16684,58
3831,9
10222,9
10180,9
3578,9
6590,9
3115,51
15968,9
9371,9
9268,9
6042,43
18895,9
2700,43
15553,9
2664,9
8768,9
5440,9
15005,9
404,9
9904,9
1794,9
14629,9
23,9
19272,57
6419,9
4804,9
1526,9
9484,9
5960,9
8298,9
12929,9
7217,9
3939,26
16792,9
1488,9
146,9
5351,9
16428,33
3575,9
369,9
3603,9
18210,58
5357,9
3598,9
21556,10
21512,10
21339,10
21303,10
21138,10
20925,10
20907,10
20769,10
20377,10
20089,10
20080,10
19993,10
17256,10
15547,10
15234,10
14987,10
14757,10
12027,10
9795,10
8424,23
21277,10
7942,49
20795,10
7611,10
12848,10
6350,10
12333,10
16992,26
4139,10
2764,27
15617,10
15453,10
15253,10
8668,39
21521,10
15048,10
8624,59
21477,10
8269,55
21122,10
8040,38
20893,10
15562,10
7495,14
20348,10
9697,10
7234,18
20087,10
7679,18
20532,10
4038,10
20382,54
7529,10
21388,11
21386,11
21308,11
21176,11
20515,11
20393,11
16913,11
16602,11
12341,11
12077,11
11705,11
9478,11
9399,11
9115,11
15511,50
2658,11
15281,50
2428,11
8579,11
8322,28
21175,11
7838,11
7455,12
20308,11
7439,11
6271,11
6217,11
12379,11
12127,11
11492,11
3952,11
7061,11
9839,11
6592,11
2097,11
8293,26
21146,11
126,11
1469,11
1433,11
1428,11
17328,59
4475,11
1837,11
9034,11
20257,37
7404,11
7317,16
20170,11
3740,11
3977,11
1650,11
963,11
6880,11
21233,12
21034,12
20380,12
18713,12
17788,12
15703,50
2850,12
15561,26
2708,12
2606,54
15459,12
15307,12
12681,12
12569,12
12364,12
12362,12
12166,12
11566,12
11338,12
10999,12
10839,12
10561,12
9301,12
8521,12
8457,12
8391,23
21244,12
8300,12
14646,12
8026,42
20879,12
20736,46
7883,12
7048,12
5575,12
11690,12
10919,12
4261,12
16522,33
3669,12
2916,51
15769,12
5975,26
18828,12
12353,12
5931,12
8965,12
8899,12
2350,12
15162,28
2309,12
2316,12
5452,12
10185,12
11649,12
1861,12
11302,12
1602,12
1285,12
1200,12
1191,12
1084,12
210,12
1010,12
538,12
1643,12
7953,12
731,12
2667,12
11630,12
3602,12
16396,16
3543,12
11540,12
9894,12
8580,12
5741,12
1639,12
490,12
19418,13
19062,13
19044,13
19017,13
18665,13
18616,13
18321,13
16115,13
15996,13
15950,13
15597,28
2744,13
2393,36
15246,13
1759,40
14612,13
13070,13
12933,26
80,13
12302,13
9822,13
15485,13
15056,42
2203,13
20833,37
7980,13
20671,37
7818,13
13159,13
6441,44
19294,13
12703,13
12507,13
6063,13
12229,13
5485,13
18187,26
5334,13
11507,13
5060,13
11007,13
4541,13
10682,13
10594,13
7070,13
3488,13
124,13
58,13
6301,13
2872,13
6952,13
10155,13
2000,13
16336,50
3483,13
17791,43
4938,13
12962,55
109,13
9637,13
4771,13
11030,13
9834,13
20922,25
8069,13
14354,13
7099,13
1343,13
14340,13
4045,13
21215,14
20794,14
20237,14
19742,14
18258,14
17795,14
16819,14
16815,14
16347,14
16284,14
16221,14
16022,14
14542,26
1689,14
12715,14
12624,14
10980,14
10974,14
10855,14
10601,14
9502,14
9278,14
8860,14
15205,14
15065,24
2212,14
8394,14
20807,37
7954,14
7676,43
20529,14
6293,14
6181,14
6172,14
6073,14
5993,14
12240,14
5744,14
12110,14
5438,14
5407,14
11685,14
11569,14
11549,14
17981,18
5128,14
11479,14
4292,14
4178,16
17031,14
715,14
19968,58
7115,14
3840,14
9963,14
6641,14
169,14
6213,14
9339,14
6105,14
2548,14
8892,14
15233,56
2380,14
2221,14
557,14
3734,49
16587,14
2112,14
10097,14
3676,14
449,14
6848,14
167,14
1638,14
1585,14
6179,14
1364,14
1245,14
1160,14
1137,14
4239,14
4216,14
6597,51
19450,14
998,14
7272,14
1554,14
7735,14
1314,14
11733,14
1176,14
2750,14
5112,18
17965,14
3672,14
16591,35
3738,14
7465,14
12153,14
16434,15
16399,15
12443,15
12318,15
10292,15
9940,15
9804,15
9124,15
14984,15
2047,33
14900,15
20300,21
7447,15
6726,15
5719,15
4369,15
6815,15
9526,15
2982,15
12389,15
9181,15
18326,36
5473,15
8681,15
6547,15
256,15
20793,46
7940,15
19561,17
6708,15
7443,15
15959,16
15585,16
15569,16
12288,16
10877,16
10547,16
10387,16
10085,16
9959,16
9599,16
9438,16
9284,16
15280,16
8846,16
15161,22
2308,16
8227,16
7845,49
20698,16
7789,16
7725,16
7707,16
7694,16
7687,16
20489,58
7636,16
555,16
6763,16
6222,16
5935,16
11087,16
11027,16
4498,16
7063,16
10208,16
16473,49
3620,16
16458,48
3605,16
9909,16
13062,16
9383,16
12550,16
2920,16
2398,16
8797,16
2230,16
2198,16
10181,16
5300,16
407,16
406,16
16476,34
3623,16
11636,16
6532,16
19331,18
6478,16
8023,16
1429,26
14282,16
1379,16
6120,16
10893,16
7690,16
7631,16
10805,16
12301,16
13041,16
2470,16
732,16
14168,17
1315,16
6864,16
16496,50
3643,16
1571,16
8791,16
11156,16
7141,16
6862,16
11358,16
7358,16
1727,16
8454,16
1747,16
16839,17
16834,17
15934,17
15897,17
15637,17
14402,17
12580,17
12119,17
12114,17
10612,17
10611,17
10609,17
10542,17
10282,17
10280,17
10076,17
10074,17
9878,17
9875,17
9671,17
9612,17
9074,17
15335,38
2482,17
8908,17
2224,58
15077,17
14316,17
7297,17
6684,17
6341,17
6335,17
12036,17
17753,36
4900,17
3808,17
3807,17
6358,17
9056,17
5662,17
3765,17
10610,17
12940,35
87,17
3584,29
16437,17
6774,17
10163,17
1244,17
10565,17
5729,17
21462,18
21454,18
21297,18
21133,18
21060,18
20467,18
19826,18
19762,18
18859,18
18730,18
18342,18
18038,18
17853,18
17847,18
17782,18
17738,18
17719,18
17710,18
17529,18
17340,18
16663,18
16463,18
15785,18
15052,18
13711,18
851,58
13704,18
12974,18
12702,18
12538,18
12205,18
12094,18
12028,18
11722,18
11623,18
11563,18
11527,18
11435,18
11396,18
11257,18
10848,18
10219,18
10086,18
9844,18
9809,18
9443,18
8996,18
8977,18
8919,18
8351,18
8255,18
8217,18
14315,18
7872,38
20725,18
7715,18
20497,56
7644,18
7464,18
1017,46
13870,18
745,18
7058,18
6888,18
6315,18
6282,18
12688,18
12661,18
12504,18
18830,40
5977,18
12321,18
5876,18
5873,18
12221,18
12171,18
12159,18
12133,18
5533,18
5520,18
5517,18
11923,18
11847,18
5421,18
18249,48
5396,18
11598,18
11539,18
11515,18
5094,18
11465,18
11464,18
11386,18
4818,26
17671,18
4806,26
17659,18
11133,18
10874,18
10786,18
10596,18
764,18
3879,18
7003,39
19856,18
498,18
3673,18
10052,18
3367,18
9608,18
12716,18
3069,18
12663,18
2926,18
12540,18
2886,49
15739,18
2867,18
2847,18
9239,18
5949,18
9059,18
12186,18
12172,18
2323,18
11892,18
15078,55
2225,18
15061,18
6855,18
6810,20
19663,18
10018,18
21206,33
8353,18
11553,18
1847,18
3400,18
1798,18
20837,56
7984,18
12727,18
3042,18
7865,18
6166,18
1301,43
14154,18
12378,18
4360,18
5947,18
9081,18
13037,18
1816,18
10473,18
11962,18
1497,18
558,18
12173,18
5752,27
18605,18
5304,26
18157,18
5974,18
8761,18
7149,18
1029,18
1790,18
8367,18
1665,18
447,18
1740,18
3630,18
11657,18
2325,18
6886,18
10,18
10817,19
20415,20
19831,20
16893,20
16405,20
16374,20
16365,20
16274,20
16074,20
15729,20
15467,20
12571,20
12040,20
12010,20
11989,20
11374,20
8962,20
8734,20
8373,20
12016,20
11941,20
5287,20
5141,20
17082,26
4229,20
66,48
12919,20
2757,34
15610,20
15579,20
15560,20
8741,20
15067,20
5113,20
6559,51
19412,20
6491,33
19344,20
3009,20
183,32
13036,20
27,32
12880,20
15207,20
13008,20
8337,24
21190,20
10527,20
1676,20
12908,20
3633,34
16486,20
2953,20
14970,20
21413,21
21324,21
21265,21
21081,21
21044,21
20776,21
20680,21
20639,21
20564,21
20450,21
20252,21
20174,21
19648,21
19424,21
19422,21
18627,21
16735,21
16715,21
16698,21
15886,21
15723,21
2787,49
15640,21
15211,21
15141,21
1327,48
14180,21
12616,21
12211,21
11528,21
11470,21
11283,21
10529,21
10430,21
10225,21
9825,21
9091,21
8997,21
15002,33
2149,21
8226,21
8048,21
7514,28
20367,21
7244,21
6789,26
19642,21
6094,21
5926,21
11724,21
11481,21
11475,21
4357,21
4330,21
7157,21
9985,21
3422,58
16275,21
3416,58
16269,21
9576,21
12664,21
12619,21
2887,21
15695,21
15570,21
12296,21
15489,21
5415,21
15053,21
3770,27
16623,21
11721,21
11359,21
4472,21
12346,21
7484,26
20337,21
74,21
4014,21
3996,21
1564,33
14417,21
5556,21
7083,21
4955,26
17808,21
8970,21
15001,41
2148,21
6115,21
20079,52
7226,21
8005,21
10411,21
1178,21
774,21
5911,21
5501,43
18354,21
1070,21
18071,22
17863,22
14885,22
14923,22
7240,22
6716,22
19560,30
6707,22
15149,22
2238,49
15091,22
19451,58
6598,22
5722,55
18575,22
21178,23
19304,23
18832,23
17975,23
17661,23
17558,23
16817,23
16808,23
15482,23
11687,23
11424,23
11333,23
11300,23
11018,23
10027,23
9965,23
9937,23
8297,23
14540,23
7774,23
7755,23
7410,23
7302,23
19713,58
6860,23
6701,23
6670,23
6522,24
19375,23
6521,51
19374,23
6458,23
6227,23
6102,43
18955,23
5555,23
5316,23
10538,23
6018,23
15188,40
2335,23
21301,50
8448,23
8350,56
21203,23
6672,23
6540,23
1706,23
14524,23
2825,23
13715,23
6299,23
5313,40
18166,23
10925,23
15259,23
5984,23
5976,23
13025,23
4361,23
2519,23
6931,55
19784,23
6529,23
2756,23
12874,23
12860,23
6325,24
19178,23
1328,23
2437,23
21447,24
21286,24
21106,24
21047,24
20804,24
20646,24
20381,24
19815,24
18719,24
18606,24
16912,24
16848,24
16480,24
16342,24
15733,24
14394,58
1541,24
13032,24
12244,24
12182,24
12169,24
11990,24
11878,24
11758,24
11754,24
11700,24
11683,24
11128,24
11019,24
10963,24
10923,24
10856,24
9647,24
9334,24
8935,24
8488,24
8487,24
8481,24
8388,24
8335,24
21142,50
8289,24
8036,24
20883,40
8030,24
8017,24
20583,34
7730,24
7080,29
19933,24
6747,24
13118,24
6601,24
6496,24
6257,24
6232,24
6078,24
12079,24
12078,24
11967,24
11904,24
11622,24
11588,24
11354,24
17773,43
4920,24
4901,24
4745,24
11132,24
10973,24
10879,24
4258,24
7229,24
16865,37
4012,24
16811,26
3958,24
16725,37
3872,24
10227,24
3771,24
361,41
13214,24
212,24
9605,24
9389,24
6149,24
2918,24
2834,24
2820,24
2691,24
12271,24
15455,52
2602,24
2567,24
12163,24
18576,58
5723,24
8814,24
5538,24
5454,50
18307,24
2227,24
2026,24
13165,24
21192,43
8339,24
13110,24
1872,24
5050,24
8219,24
4914,24
41,24
11058,24
11036,24
1157,24
1138,24
4337,24
7444,24
1003,24
10598,24
11308,24
2479,24
837,24
11153,24
15145,24
3900,24
680,24
2276,24
8530,24
10459,24
1101,24
8074,35
20927,24
1007,24
10008,24
4554,24
2877,24
17929,30
5076,24
10089,24
12115,24
16533,56
3680,24
484,24
859,24
4404,24
4819,48
17672,24
20012,25
19556,25
17246,25
17103,25
15967,25
15122,26
2269,25
1457,29
14310,25
13023,25
11297,25
11174,25
11149,25
10702,25
10048,25
9853,25
9720,25
9712,25
9134,25
9072,25
8710,25
8641,25
21460,40
8607,25
21448,34
8595,25
7135,25
13270,25
6373,25
5210,25
5043,43
17896,25
4713,25
4662,25
10774,25
10661,25
7196,25
3449,25
9799,25
9220,25
5787,25
8674,25
8658,25
21441,56
8588,25
21302,37
8449,25
354,25
9734,25
81,25
4218,39
17071,25
4401,26
17254,25
3563,25
3528,25
3917,49
16770,25
1951,25
9777,25
10156,25
21261,26
21134,26
21041,26
20982,26
20946,26
20641,26
19959,26
19874,26
19379,26
19297,26
19258,26
19208,26
19155,26
18906,26
18898,26
18882,26
18654,26
18392,26
18145,26
17973,26
17798,26
17749,26
17716,26
17589,26
17569,26
17559,26
17538,26
17015,26
16707,26
16695,26
16675,26
16563,26
16531,26
16420,26
16404,26
16403,26
16287,26
16041,26
15918,26
15912,26
15591,26
2357,28
15210,26
14028,26
861,37
13714,26
12937,26
12822,26
12679,26
12225,26
12087,26
11983,26
11743,26
11550,26
11274,26
11268,26
11126,26
11104,26
11102,26
10985,26
10960,26
10551,26
10508,26
10458,26
10146,26
10098,26
9929,26
9920,26
9918,26
9497,26
9332,26
9258,26
9047,26
9020,26
15365,59
2512,26
8748,26
8717,26
21557,52
8704,26
14967,51
2114,26
8198,27
21051,26
7847,26
7840,49
20693,26
7810,26
14091,33
1238,26
7583,26
7470,26
20195,37
7342,26
13753,26
19727,28
6874,26
13290,26
6866,52
19719,26
6849,58
19702,26
6594,43
19447,26
12959,26
6538,26
37,43
12890,26
6199,26
18988,58
6135,26
12236,26
12219,26
5675,26
12093,26
11891,26
11707,26
17751,34
4898,26
4890,26
4812,26
11086,26
4605,26
10962,26
4537,26
4246,30
17099,26
4237,26
17035,46
4182,26
4145,26
3991,26
3884,50
16737,26
3857,53
16710,26
7046,26
3821,26
3759,26
10102,26
6767,26
6695,26
12981,26
128,26
3180,26
3100,26
3067,29
15920,26
3038,26
9434,26
9392,26
2933,26
15629,26
2528,26
2419,26
15247,37
2394,26
5582,34
18435,26
11895,26
547,26
532,26
5258,52
18111,26
21208,46
8355,26
9928,26
21077,39
8224,26
4972,43
17825,26
12883,26
9644,26
1626,26
12851,26
9619,26
4615,26
12600,26
7737,26
2897,26
1276,26
1209,26
9102,26
2660,26
9867,26
7453,26
1020,26
6616,26
4212,26
2583,26
185,26
3276,26
2434,26
5597,26
7199,26
16813,33
3960,26
724,26
703,26
1500,26
553,26
18205,58
5352,26
1335,26
3707,26
424,26
820,26
10025,26
2365,26
3565,26
9984,26
1153,26
6731,26
9893,26
16112,53
3259,26
6477,26
13787,26
3093,26
1099,26
2491,26
6853,26
10442,26
13060,26
12852,26
21275,56
8422,26
1649,26
21391,27
20829,27
19433,27
18835,27
18744,27
18700,27
17279,27
16963,27
16932,27
16929,27
16856,27
16088,27
12830,27
12604,27
12563,27
11390,27
11352,27
10623,27
10255,27
9982,27
9933,27
9704,27
9315,27
9076,27
2353,34
15206,27
8676,27
8662,27
21490,56
8637,27
21488,43
8635,27
8608,27
8599,27
8592,27
8151,27
8141,27
7907,27
5973,27
5908,27
5895,27
5546,49
18399,27
5057,27
11198,27
10767,27
4120,50
16973,27
10375,27
3078,27
12623,27
12609,27
9163,27
9015,27
15270,50
2417,27
5540,28
18393,27
8667,27
5408,27
2025,27
1848,27
1839,27
20655,46
7802,27
1863,27
13908,27
11461,27
8725,27
5506,27
14951,27
1680,27
1675,27
8080,27
16568,28
11933,28
11400,28
11105,28
11090,28
10112,28
10057,28
9618,28
9388,28
8992,28
8945,28
8545,28
14729,28
7974,28
20334,37
7481,28
7349,28
11730,28
11643,28
11377,28
10566,28
3830,28
10068,28
9437,28
2711,28
12045,28
15082,28
5409,28
3785,48
16638,28
8513,28
6734,28
11510,28
14423,28
20811,38
7958,28
7848,28
7673,28
2802,58
15655,28
1032,28
978,28
11395,28
7189,28
113,28
83,28
3382,28
147,28
865,28
5694,28
1340,28
10054,28
17523,29
17089,29
16285,29
16251,29
16188,29
16133,29
15510,29
699,46
13552,29
12810,29
12785,29
12413,29
11794,29
11284,29
10796,29
10755,29
10737,29
10710,29
10416,29
10356,29
9745,29
9299,29
9217,29
8629,29
7100,29
19880,58
7027,29
6981,29
6483,29
12523,29
5909,29
5905,29
5819,29
11832,29
11798,29
5360,29
5269,29
11256,29
11228,29
4768,29
7020,29
16465,50
3612,29
330,29
12846,29
5945,29
8760,29
8728,29
8678,29
11864,29
6369,29
11193,29
9218,29
3482,29
15523,29
9880,29
2565,29
4100,39
16953,29
13739,29
10321,29
9781,29
5223,29
20469,30
19832,30
18621,30
18280,30
17963,30
16658,30
13507,30
13046,30
9527,30
8015,30
6348,30
6060,30
5278,30
5273,30
5244,30
5171,30
5167,30
3534,30
9415,30
9293,30
2383,30
3455,30
2522,30
5149,30
7366,30
16755,59
3902,30
3931,30
15575,35
2722,31
14876,31
12829,31
12630,31
11802,31
11221,31
10715,31
10699,31
9744,31
9728,31
9707,31
9606,31
15528,31
7869,31
20650,32
7797,31
7757,31
20112,33
7259,31
6972,31
6372,31
10688,31
4105,31
3760,31
8087,31
7686,31
10644,31
6583,31
4085,31
381,31
10338,31
21234,32
21114,32
20969,32
20896,32
20630,32
20440,32
17616,32
16858,32
15834,32
15265,32
12306,32
12085,32
11667,32
11047,32
9556,32
8859,32
8581,32
8458,32
7994,32
7884,32
7585,59
20438,32
7472,32
7459,32
7276,33
20129,32
560,32
11664,32
16807,43
3954,32
164,32
19127,54
6274,32
6186,32
15692,56
2839,32
2490,32
18531,35
5678,32
14954,48
2101,32
8528,32
7830,32
12505,32
2873,32
7441,32
2338,32
7113,56
19966,32
1264,32
1198,32
773,32
9964,32
65,32
93,32
2133,32
1205,32
21480,33
21474,33
21352,33
21266,33
21240,33
21136,33
21135,33
21032,33
20975,33
20735,33
20711,33
20695,33
20558,33
20385,33
20376,33
20310,33
20228,33
19915,33
19887,33
18816,33
18120,33
17712,33
17655,33
17489,33
16825,33
16809,33
16800,33
16551,33
16385,33
15819,33
15558,33
1769,49
14622,33
12645,33
12520,33
11115,33
10924,33
10851,33
10099,33
9973,33
9405,33
9378,33
9364,33
9316,33
9273,33
2695,51
15548,33
9049,33
8865,33
8750,33
8740,33
15062,33
2153,49
15006,33
15000,33
8577,46
21430,33
8409,33
21262,33
8399,42
21252,33
8313,56
21166,33
14314,51
1461,33
7752,42
20605,33
7190,33
7079,33
19927,58
7074,33
6779,33
6273,33
12596,33
6146,33
6048,33
6017,33
18870,33
5950,33
12231,33
5680,33
11976,33
11896,33
5464,33
5426,33
5417,33
5314,33
5029,33
4747,33
10897,33
4176,33
4141,33
19986,59
7133,33
3784,33
3695,33
3681,33
3667,33
9810,33
9429,33
6129,33
2751,33
5894,33
9066,33
2590,33
5757,58
18610,33
15312,50
2459,33
15221,33
2182,33
2042,33
3624,33
5215,59
18068,33
8236,33
6455,56
19308,33
1569,33
1543,33
1527,33
4729,33
1467,33
1452,33
1317,33
7734,33
7709,55
20562,33
1251,33
18863,39
6010,33
4351,33
1122,33
3413,38
16266,33
11977,33
3948,58
16801,33
4732,33
13539,35
686,33
1344,33
9333,33
6814,43
19667,33
3582,33
1135,33
1111,33
2693,33
456,33
7381,50
20234,33
9372,33
533,33
19386,50
6533,33
10946,33
16583,53
3730,33
3629,33
21191,48
8338,33
21453,34
21236,34
21194,34
21022,34
20672,34
20499,34
20455,34
20400,34
19723,34
18718,34
18708,34
18155,34
17556,34
16910,34
16376,34
16371,34
16324,34
16317,34
15790,34
15601,48
2748,34
11621,34
11543,34
11494,34
11301,34
10253,34
9961,34
9914,34
9346,34
21260,37
8407,34
7875,51
20728,34
7620,56
20473,34
12915,34
6104,34
5738,56
18591,34
5657,34
4457,34
10254,34
3697,34
8979,34
15189,34
8767,34
2107,38
14960,34
6729,34
4788,34
6084,34
1229,34
1188,34
1080,34
12204,34
1768,34
6495,34
5682,34
5600,34
3903,34
3895,34
11112,34
4155,34
1258,34
6785,34
728,34
2298,34
9029,34
399,34
4930,34
10165,34
21571,35
20989,35
20379,35
20039,35
20013,35
18951,35
18504,35
17876,35
17770,35
17148,35
17048,35
16680,35
16636,35
16176,35
16097,35
12759,35
12677,35
12449,35
12409,35
12049,35
11808,35
11801,35
11711,35
11413,35
11253,35
11251,35
10750,35
10361,35
10335,35
10272,35
10080,35
9850,35
9779,35
9742,35
9733,35
9661,35
9410,35
8835,35
8755,35
8618,35
8567,35
8234,35
8108,35
8016,55
20869,35
13735,50
882,35
7221,35
6869,35
6819,35
13185,35
6434,35
12469,35
12398,35
5808,35
5508,35
4867,35
11239,35
11237,35
10313,35
16343,51
3490,35
220,35
16252,50
3399,35
3249,35
5965,35
5964,35
9182,35
5788,35
2532,35
5643,35
8623,35
8615,35
6982,35
5203,35
1880,35
11161,35
7899,35
1272,35
9175,35
15410,35
2467,35
3937,35
1519,35
489,35
15801,50
2948,35
502,35
8162,35
852,35
8905,35
21221,36
21038,36
20932,36
20606,36
19369,36
18648,36
9238,36
8565,36
7843,36
7674,59
20527,36
19712,40
6859,36
6175,36
5444,36
4807,41
17660,36
4803,36
9682,36
6231,36
6041,36
14093,36
1177,36
1494,36
6642,36
2836,36
6696,36
21436,37
21414,37
21403,37
21385,37
21356,37
21336,37
21330,37
21315,37
21298,37
21264,37
21248,37
21211,37
21179,37
21165,37
21109,37
21103,37
21095,37
21055,37
21014,37
20988,37
20954,37
20937,37
20915,37
20826,37
20822,37
20784,37
20715,37
20706,37
20628,37
20569,37
20548,37
20545,37
20533,37
20490,37
20463,37
20448,37
20443,37
20442,37
20412,37
20391,37
20368,37
20339,37
20332,37
20324,37
20309,37
20304,37
20299,37
20273,37
20269,37
20249,37
20233,37
20221,37
20213,37
20189,37
20187,37
20181,37
20166,37
20151,37
19254,37
19174,37
18769,37
18052,37
17034,37
17032,37
16619,37
16569,37
16545,37
16246,37
15753,37
15515,37
2173,50
15026,37
13014,37
12266,37
12005,37
11060,37
10907,37
10130,37
8890,37
8472,44
21325,37
7836,37
7821,37
7726,37
7413,55
20266,37
7388,43
20241,37
7264,37
20117,37
6765,37
6586,37
5402,37
11635,37
3968,37
3860,37
3782,48
16635,37
16502,50
3649,37
6840,37
3585,37
196,37
160,37
6198,37
8972,37
15079,37
2205,37
2089,37
2055,37
14752,37
1764,37
14,37
1381,37
7487,49
20340,37
986,37
976,37
10532,37
1529,37
6297,37
1108,37
7517,55
20370,37
2619,37
8294,37
1644,37
8868,37
1087,37
7438,46
20291,37
21376,38
19833,38
19411,38
17612,38
17146,38
16443,38
16307,38
15682,38
15600,38
15387,39
2534,38
14982,38
14623,38
13072,38
12680,38
12383,38
12237,38
11968,38
11514,38
11143,38
11041,38
10843,38
10432,38
10224,38
9487,38
9343,38
8526,38
8512,38
21362,40
8509,38
7997,38
7791,38
14131,38
7482,38
7126,38
13210,38
6473,38
12629,38
12620,38
5750,38
11744,38
4146,38
10213,38
9472,38
9431,38
6157,38
6070,38
2833,38
2546,38
2471,42
15324,38
2475,38
5671,38
14921,38
1735,38
9640,38
2917,38
6065,38
7650,38
9246,38
2797,38
11526,38
8258,38
12203,38
3085,38
1477,38
125,58
12978,38
12719,38
10895,38
2956,38
14201,38
7749,38
1213,38
21028,39
19769,39
19571,39
18483,39
17964,39
17922,39
17900,39
16207,39
16141,39
15429,39
14860,39
12783,39
11855,39
11220,39
10284,39
9229,39
9187,39
9160,39
9127,39
8777,39
8644,39
8614,39
8611,39
8125,39
13435,39
7008,39
6817,39
6349,39
5710,58
18563,39
11859,39
11850,39
5411,39
5264,39
11227,39
4776,39
11168,39
11134,39
4657,39
4574,39
4149,39
4094,39
4089,39
6999,39
3480,39
3456,39
6356,39
2962,39
12463,39
9189,39
2666,39
8619,39
5257,39
6841,39
5219,39
1960,39
16339,51
3486,39
5048,43
17901,39
9741,39
1688,39
2961,39
2960,39
16370,58
3517,39
3468,39
4092,39
10349,39
8702,39
2279,39
8155,39
4123,39
920,39
899,39
883,39
9177,39
4562,39
15380,39
541,39
887,39
21199,40
20712,40
20596,40
20256,40
20135,40
19790,40
16421,40
12705,40
11578,40
11317,40
11028,40
9562,40
9003,40
7970,40
7739,40
7483,40
7212,40
6771,40
6668,40
6138,40
5654,40
5359,40
5015,40
17223,59
4370,40
3806,40
11,40
6243,40
6211,40
15571,52
2718,40
2645,40
2252,40
5416,40
5051,40
1375,40
2806,40
1192,40
1877,40
6552,40
1355,40
1528,40
8296,40
6679,40
6551,40
10983,40
7762,40
21503,41
21007,41
19645,41
18963,41
18842,41
18037,41
16510,41
16210,41
15898,41
15664,41
10892,41
10467,41
2484,56
15337,41
8780,41
15138,41
8359,41
6382,41
12685,41
5937,41
5615,41
2672,41
12226,41
1666,41
3252,41
6306,48
19159,41
20708,46
7855,41
5902,41
15479,41
8987,41
1512,41
2912,41
474,41
932,41
4408,41
2102,41
20910,42
20685,42
20651,42
20598,42
20517,42
16055,42
15295,42
12658,42
12649,42
12391,42
12382,42
12380,42
12258,42
12154,42
12149,42
11978,42
11884,42
11713,42
11614,42
11568,42
10943,42
10083,42
9869,42
9237,42
21435,56
8582,42
20885,56
8032,42
7790,42
13192,42
140,42
12506,42
12351,42
11898,42
5342,42
11567,42
4797,42
4755,42
11034,42
10447,42
10436,42
6787,42
6759,42
6414,52
19267,42
9610,42
6123,42
9032,42
8969,42
15354,42
2478,42
2429,42
12017,42
15094,42
5089,42
9287,42
10840,42
1608,42
11966,42
2342,42
2333,42
12176,42
6549,42
1658,42
8981,42
11570,42
15772,48
2919,42
8995,42
2938,42
11644,42
21337,43
21222,43
20657,43
20432,43
19812,43
19466,43
19365,43
19053,43
18997,43
17848,43
16911,43
16719,43
16665,43
16590,43
16337,43
16244,43
16219,43
13138,43
12572,43
12255,43
12035,43
12031,43
11750,43
11565,43
11452,43
11340,43
11306,43
10964,43
10870,43
10600,43
10500,43
10427,43
10032,43
9970,43
9896,43
9652,43
9475,43
15679,43
2826,43
9113,43
9101,43
8893,43
8742,43
15153,43
21412,56
8559,43
8317,43
8291,43
7817,58
20670,43
7462,43
534,43
388,43
6809,43
6711,43
6187,43
5906,43
12239,43
5461,43
10599,43
10597,43
16727,58
3874,43
10094,43
3631,43
10040,43
13203,43
202,43
6313,43
9525,43
6242,43
9428,43
5968,43
2761,43
2518,43
2488,43
5624,43
2270,43
2234,43
3713,43
11689,43
6783,43
9930,43
13131,43
6680,43
13093,43
4892,43
1446,43
1438,43
1288,43
1284,43
1225,43
2807,43
2613,43
12914,43
6288,43
7092,43
10053,43
9994,43
7949,53
20802,43
5078,43
151,43
539,43
1271,43
739,43
10556,43
20552,44
19181,44
19050,44
17574,44
12156,44
10429,44
9872,44
7977,44
13904,44
6124,44
4167,44
7077,55
19930,44
2945,44
5955,44
2596,44
13265,44
10784,44
2699,44
10676,44
2637,44
3573,44
20005,45
11811,45
8850,45
3225,45
21295,46
21196,46
20976,46
20770,46
20634,46
20567,46
20507,46
19862,46
19639,46
19459,46
19440,46
17811,46
17685,46
17607,46
16806,46
16441,46
16348,46
15969,46
15130,46
12659,46
12613,46
12516,46
11993,46
11696,46
11684,46
11529,46
11429,46
11416,46
11407,46
11145,46
11106,46
10966,46
10884,46
9818,46
9807,46
9611,46
9566,46
9425,46
8286,46
14630,46
14103,46
7516,46
7330,46
7191,46
6500,46
6485,46
24,46
6309,46
5991,46
12294,46
5669,46
5629,46
18180,48
5327,46
5084,46
11046,46
4378,46
4358,46
4157,46
10534,46
10524,46
4029,46
734,46
16670,48
3817,46
3569,56
16422,46
15477,46
5758,46
2539,46
5679,46
15152,46
2249,46
2188,46
14995,46
10046,46
2016,46
5018,46
1655,46
4775,46
7887,46
1366,46
1117,46
14744,46
2663,46
8915,46
848,46
781,46
1752,46
5725,46
4517,46
5317,46
1311,46
98,46
8879,46
7193,46
6298,46
7432,46
5354,46
4954,46
1633,46
5321,46
5081,47
21405,48
21360,48
21209,48
21205,48
21182,48
21148,48
21100,48
21042,48
21017,48
20973,48
20943,48
20930,48
20926,48
20894,48
20888,48
20768,48
20652,48
20498,48
20468,48
20388,48
20378,48
20279,48
18158,48
16921,48
16687,48
16668,48
16662,48
16633,48
16448,48
16380,48
16297,48
16015,48
16013,48
15985,48
15822,48
15757,48
15732,48
15559,48
15476,48
15348,48
14985,48
13031,48
13026,48
12187,48
12063,48
12022,48
10921,48
10917,48
10885,48
10853,48
10431,48
10235,48
9263,48
15521,48
15356,48
8810,48
15027,48
7880,48
14300,48
7518,55
20371,48
13854,48
756,48
13122,48
6323,48
6311,48
6240,48
6055,48
5913,48
5658,48
5355,48
4999,48
11111,48
10972,48
4521,48
10891,48
4257,48
10573,48
3922,48
7078,48
48,59
12901,48
6130,48
9274,48
5716,48
2409,48
5594,48
5456,50
18309,48
11666,48
6523,48
4911,48
14427,48
1384,48
1320,48
1265,48
4219,48
8115,51
20968,48
2115,54
14968,48
12995,58
142,48
15359,48
2099,48
1677,48
483,48
14517,48
3466,59
16319,48
535,48
1283,48
6147,48
8858,48
16471,49
16470,49
16469,49
16468,49
9266,49
8930,49
8491,49
7851,49
7702,49
20535,56
7682,49
6917,49
19734,50
6881,49
6773,49
6739,49
6324,49
6305,49
6205,49
6033,49
5663,49
5086,49
5085,49
4998,49
4560,49
4253,49
4241,49
4025,49
3875,49
3774,49
517,49
3619,51
16472,49
6777,49
9901,49
12996,58
143,49
6474,49
5707,49
12064,49
2396,49
2385,49
2346,49
3764,49
531,49
3651,49
2049,49
1824,49
4990,49
1767,49
1708,49
1586,49
7990,49
1546,49
6280,49
7850,49
7835,49
7782,49
1298,49
2809,49
4412,49
1170,49
6685,49
1066,49
1059,49
1783,49
4177,49
2494,49
866,49
1545,49
3905,49
20766,58
7913,49
536,49
1326,49
7346,49
461,49
776,49
6776,49
2332,49
6705,49
2608,49
4210,49
163,49
1763,49
1555,49
6154,49
548,49
2154,49
7766,49
1322,49
108,49
1496,49
1090,49
7761,49
521,49
5528,49
21253,50
21238,50
18875,50
18252,50
17849,50
17700,50
17506,50
16986,50
16885,50
16644,50
16481,50
16023,50
15987,50
15841,50
15762,50
15296,50
15103,50
13174,50
13136,50
12956,50
12625,50
12521,50
12487,50
12216,50
12202,50
12044,50
12033,50
11925,50
11883,50
11370,50
11272,50
11049,50
10992,50
10434,50
10173,50
10140,50
10067,50
9967,50
9925,50
9590,50
9242,50
8932,50
8863,50
8799,50
14697,50
7903,50
7902,50
20232,52
7379,50
7247,50
7225,50
96,58
12949,50
6503,50
12646,50
6113,50
12517,50
5946,50
5647,50
5627,50
11979,50
5345,50
11714,50
11708,50
11674,50
4810,50
10826,50
4347,50
4084,50
16718,51
3865,50
3858,55
16711,50
3721,56
16574,50
9884,50
19491,59
6638,50
12551,50
9337,50
9328,50
15641,50
5951,50
2729,50
8903,50
15240,50
5596,50
15107,50
5431,50
19760,58
6907,50
6748,50
9952,50
14666,50
12831,50
1502,50
1466,50
1339,50
1208,50
1193,50
1152,50
9135,50
9098,50
1024,50
1016,50
983,50
4974,50
13708,50
10472,50
1634,50
9563,50
16804,56
3951,50
5500,50
7736,50
11725,50
2890,50
8467,50
6784,50
15213,50
735,50
3899,50
13709,50
56,50
7428,50
11575,50
14993,50
130,50
10544,50
15598,50
6699,50
14975,50
1732,50
10440,50
3890,50
10105,50
21382,51
19453,51
15979,51
14672,51
12893,56
40,51
12059,51
11726,51
11381,51
10922,51
10233,51
10197,51
9981,51
9956,51
9280,51
8716,51
8039,51
14393,51
13656,51
7216,51
6894,51
6732,51
6674,51
12515,51
5563,51
5505,51
11717,51
5291,51
5071,51
4751,51
7073,51
552,51
6762,51
13180,51
6752,51
6723,51
3261,51
2569,51
15325,51
5366,51
14949,51
6863,51
11504,51
1620,51
8022,51
7870,51
1414,51
1391,51
1269,51
10833,51
10832,51
4887,51
7107,51
9373,51
10822,51
4376,51
743,51
696,51
13141,51
4410,51
995,51
145,51
3742,51
11497,51
4143,51
10095,51
18222,52
18014,52
17707,52
17568,52
17359,52
10584,52
9953,52
9559,52
8978,52
14988,52
7071,52
6128,52
5598,52
5382,52
5192,52
10760,52
10613,52
10586,52
10505,52
10449,52
10403,52
13462,52
6757,52
9349,52
15400,52
8961,52
11893,52
11843,52
15017,52
5168,52
6689,52
1537,52
5880,52
10506,52
9582,52
6486,52
7311,52
9305,52
17927,53
17113,53
17067,53
16549,53
15840,53
10904,53
9874,53
9465,53
15278,53
15120,53
7876,53
7696,53
7442,53
7245,53
6661,53
6635,53
6287,53
6106,53
6088,53
5689,53
4027,53
3841,53
6852,53
15602,53
9030,53
12155,53
2379,53
10115,53
8000,53
1456,53
14761,53
1071,53
811,53
8733,53
2549,53
3258,53
817,53
4023,53
1575,53
2775,53
1173,53
9040,53
2500,53
13333,59
480,53
1287,53
18860,54
17001,54
13201,54
10959,54
9654,54
4267,54
3187,54
3155,54
7888,54
1148,54
8105,54
754,54
9680,54
8206,54
6912,54
16518,55
16393,55
16003,55
15283,55
14586,55
12227,55
12185,55
12067,55
12001,55
11908,55
11571,55
11098,55
10240,55
10162,55
10092,55
9580,55
9503,55
9335,55
15688,55
8788,55
8736,55
8556,55
7474,55
7275,55
7235,55
7146,55
6861,55
165,55
6509,55
6252,55
6043,55
5604,55
5346,55
4991,55
11154,55
4399,55
10242,55
10061,55
9578,55
9255,55
9240,55
5914,55
2584,55
5721,55
12128,55
5414,55
10186,55
3750,55
420,55
6825,55
85,55
6457,55
7956,55
9422,55
1378,55
9385,55
4523,55
4384,55
4285,55
1820,55
7278,55
828,55
9530,55
6155,55
7776,55
1342,55
7267,55
13223,55
4387,55
9993,55
9992,55
11994,55
9369,55
6875,55
6568,55
7286,55
8912,55
6514,55
7622,55
21437,56
21242,56
21224,56
20918,56
20414,56
20226,56
20217,56
19142,56
19029,56
19009,56
17988,56
16812,56
16798,56
16642,56
16584,56
16350,56
16346,56
16263,56
16030,56
15800,56
15136,56
12562,56
11109,56
10393,56
9860,56
9417,56
9312,56
9267,56
9250,56
9235,56
8794,56
8745,56
8708,56
8262,56
13890,56
7359,56
6134,56
6047,56
5339,56
10211,56
3786,56
9519,56
6165,56
15594,56
2659,56
8999,56
8976,56
11877,56
2253,56
5422,56
2048,56
138,56
6466,56
6447,56
9625,56
2789,56
1181,56
1124,56
7544,56
6591,56
968,56
11305,56
3994,56
10381,56
530,56
5312,56
1096,56
1853,56
8229,56
1011,56
2433,56
12150,56
2005,56
21357,58
21287,58
21228,58
21071,58
21040,58
20945,58
20797,58
20396,58
20311,58
20298,58
19799,58
19751,58
19507,58
19441,58
19435,58
19343,58
19270,58
19241,58
18986,58
18223,58
18182,58
18138,58
17837,58
17785,58
17784,58
17777,58
17576,58
17182,58
17178,58
17115,58
17004,58
16925,58
16923,58
16873,58
16700,58
16685,58
16459,58
16444,58
16427,58
16163,58
16026,58
15997,58
15894,58
13189,58
12676,58
12305,58
11449,58
11029,58
10950,58
10908,58
10883,58
8327,58
14619,58
8020,58
7963,58
7824,58
7494,58
7490,58
7469,58
7319,58
496,58
13212,58
13194,58
13182,58
12699,58
6223,58
12610,58
6103,58
6096,58
12356,58
12331,58
5516,58
5377,58
11755,58
11748,58
11505,58
4908,58
11078,58
10928,58
10872,58
10462,58
3993,58
3933,58
3920,58
3839,58
3833,58
544,58
3418,58
3229,58
9539,58
12722,58
15675,58
2799,58
2540,58
8771,58
5442,58
2219,58
6721,58
1835,58
1581,58
7993,58
10909,58
1118,58
2714,58
16270,59
3417,58
9027,58
3394,58
16247,58
4884,58
7305,58
1667,58
15276,58
1577,58
3161,58
748,58
2281,58
12973,58
2552,58
545,58
12146,58
11738,58
1291,58
3632,58
4787,59
17640,58
13211,58
7992,58
3129,58
10694,58
4964,58
1354,58
4937,58
12965,58
3298,58
5665,58
844,58
6856,58
3336,58
3239,58
836,58
20352,59
19625,59
19082,59
19081,59
19077,59
18487,59
18458,59
18437,59
18366,59
17442,59
17400,59
16940,59
16854,59
16767,59
16415,59
16100,59
11379,59
11276,59
11170,59
10377,59
9829,59
9812,59
8726,59
8451,59
8363,59
7584,59
444,59
13007,59
6576,59
100,59
6376,59
12758,59
6137,59
12534,59
12464,59
5839,59
5798,59
12080,59
5260,59
11197,59
4741,59
4634,59
4091,59
4036,59
10285,59
10262,59
10261,59
13172,59
213,59
12752,59
2977,59
6121,59
2555,59
11894,59
5245,59
5231,59
1912,59
1910,59
8190,59
7591,59
9165,59
1147,59
4306,59
10724,59
1040,59
10633,59
5769,59
1681,59
870,59
4695,59
4686,59
6951,59
1306,59
6371,59
1909,59
867,59
11160,59
929,59
2529,59
