21574,0
21571,0
21568,0
21567,0
21565,0
21550,0
21517,0
21502,0
21501,0
21473,0
21469,0
21423,0
21419,0
21404,0
21401,0
21387,0
21369,0
21358,0
21321,0
21293,0
21292,0
21267,0
21210,0
21201,0
21177,0
21131,0
21019,0
21018,0
21007,0
21000,0
20936,0
20919,0
20905,0
20902,0
20835,0
20824,0
20778,0
20773,0
20769,0
20753,0
20734,0
20721,0
20710,0
20709,0
20699,0
20653,0
20632,0
20584,0
20514,0
20493,0
20469,0
20465,0
20439,0
20420,0
20409,0
20406,0
20389,0
20379,0
20267,0
20262,0
20230,0
20186,0
20142,0
20137,0
20095,0
20090,0
20058,0
20048,0
20035,0
20034,0
20031,0
20005,0
19984,0
19912,0
19890,0
19844,0
19839,0
19837,0
19832,0
19830,0
19807,0
19802,0
19769,0
19758,0
19731,0
19711,0
19658,0
19559,0
19551,0
19546,0
19529,0
19505,0
19480,0
19478,0
19471,0
19470,0
19464,0
19453,0
19432,0
19419,0
19418,0
19371,0
19293,0
19262,0
19256,0
19191,0
19167,0
19122,0
19092,0
19069,0
19065,0
19062,0
18995,0
18994,0
18992,0
18975,0
18962,0
18951,0
18930,0
18924,0
18922,0
18917,0
18902,0
18872,0
18865,0
18860,0
18852,0
18840,0
18795,0
18782,0
18774,0
18773,0
18768,0
18746,0
18738,0
18736,0
18698,0
18689,0
18682,0
18667,0
18665,0
18621,0
18616,0
18567,0
18557,0
18519,0
18495,0
18493,0
18472,0
18467,0
18466,0
18463,0
18443,0
18430,0
18421,0
18415,0
18402,0
18389,0
18387,0
18372,0
18371,0
18367,0
18357,0
18356,0
18339,0
18332,0
18313,0
18303,0
18280,0
18271,0
18257,0
18254,0
18234,0
18231,0
18228,0
18225,0
18217,0
18186,0
18160,0
18101,0
18099,0
18095,0
18085,0
18071,0
18066,0
18040,0
18034,0
18017,0
18014,0
17986,0
17963,0
17960,0
17952,0
17927,0
17915,0
17899,0
17894,0
17892,0
17880,0
17878,0
17877,0
17875,0
17872,0
17870,0
17867,0
17864,0
17863,0
17860,0
17857,0
17849,0
17822,0
17813,0
17812,0
17780,0
17776,0
17766,0
17759,0
17748,0
17731,0
17728,0
17707,0
17706,0
17686,0
17666,0
17643,0
17574,0
17568,0
17563,0
17562,0
17554,0
17499,0
17479,0
17473,0
17472,0
17452,0
17433,0
17423,0
17422,0
17417,0
17412,0
17411,0
17406,0
17403,0
17399,0
17364,0
17361,0
17349,0
17342,0
17338,0
17333,0
17316,0
17315,0
17302,0
17301,0
17298,0
17285,0
17275,0
17269,0
17248,0
17247,0
17236,0
17221,0
17201,0
17187,0
17177,0
17173,0
17168,0
17164,0
17152,0
17151,0
17149,0
17142,0
17140,0
17137,0
17134,0
17128,0
17127,0
17125,0
17117,0
17103,0
17097,0
17095,0
17077,0
17075,0
17067,0
17060,0
17059,0
17053,0
17039,0
17038,0
17036,0
17011,0
17007,0
17003,0
17001,0
17000,0
16991,0
16989,0
16987,0
16981,0
16979,0
16962,0
16961,0
16957,0
16935,0
16890,0
16875,0
16871,0
16858,0
16851,0
16839,0
16836,0
16834,0
16795,0
16788,0
16777,0
16776,0
16774,0
16750,0
16749,0
16734,0
16708,0
16688,0
16680,0
16679,0
16658,0
16652,0
16651,0
16636,0
16607,0
16589,0
16581,0
16577,0
16538,0
16518,0
16510,0
16499,0
16495,0
16471,0
16470,0
16469,0
16468,0
16429,0
16419,0
16401,0
16393,0
16390,0
16369,0
16354,0
16318,0
16279,0
16277,0
16257,0
16241,0
16238,0
16215,0
16214,0
16212,0
16210,0
16196,0
16194,0
16179,0
16171,0
16149,0
16146,0
16145,0
16136,0
16123,0
16120,0
16115,0
16110,0
16103,0
16097,0
16095,0
16093,0
16091,0
16086,0
16077,0
16003,0
15996,0
15993,0
15988,0
15987,0
15950,0
15934,0
15932,0
15913,0
15908,0
15902,0
15897,0
15872,0
15759,0
15736,0
15713,0
15707,0
15702,0
2849,0
15672,12
2819,0
2813,11
15666,0
15640,16
2787,0
15637,0
15636,24
2783,0
15632,8
2779,0
15620,0
2767,0
15616,9
2763,0
15597,11
2744,0
15595,0
2742,0
15580,0
15543,0
2687,21
15540,0
2674,2
15527,0
15504,0
15503,24
2650,0
15484,0
15481,0
15471,0
2611,9
15464,0
15459,3
2606,0
15457,0
2604,0
15447,0
2594,0
15430,28
2577,0
2562,2
15415,0
15406,23
2553,0
15363,0
2504,35
15357,0
15352,13
2499,0
15306,0
15299,0
15283,0
15265,0
15264,0
2411,0
2405,28
15258,0
15255,0
2393,26
15246,0
15230,0
2366,9
15219,0
15204,0
15200,0
2347,0
2344,34
15197,0
15194,0
15193,0
2340,0
2303,31
15156,0
15060,0
15052,0
15037,0
15012,0
2159,0
14981,35
2128,0
14971,2
2118,0
14928,0
14926,6
2073,0
14903,0
2033,33
14886,0
14885,0
2029,16
14882,0
2024,19
14877,0
2020,26
14873,0
14865,31
2012,0
14844,0
14839,0
1965,14
14818,0
14783,0
14736,0
14622,8
1769,0
1751,18
14604,0
1734,26
14587,0
14586,0
14563,0
1696,6
14549,0
14545,0
1692,0
14539,11
1686,0
14402,0
1313,9
14166,0
14069,35
1216,0
13757,0
904,0
13721,0
868,0
13702,0
849,0
13649,0
13507,0
13471,0
13458,0
435,31
13288,0
13279,0
422,9
13275,0
13263,27
410,0
13255,37
402,0
13245,0
13242,0
389,0
13224,0
371,0
13201,0
13190,0
13175,34
322,0
317,14
13170,0
13163,0
13139,0
271,14
13124,0
13119,0
13096,0
13085,12
232,0
13070,0
13064,8
211,0
13046,0
13023,0
13021,0
168,0
13003,0
12992,0
139,0
12963,0
110,0
12933,27
80,0
12905,0
12861,0
12836,0
12824,0
12799,0
12788,0
12778,0
12772,0
12763,0
12760,0
12755,0
12754,0
12751,0
12748,0
12728,0
12707,0
12691,0
12690,0
12689,0
12683,0
12672,0
12670,0
12668,0
12660,0
12651,0
12647,0
12633,0
12621,0
12611,0
12580,0
12564,0
12557,0
12531,0
12502,0
12492,0
12490,0
12489,0
12465,0
12461,0
12442,0
12423,0
12404,0
12399,0
12374,0
12339,0
12317,0
12313,0
12304,0
12286,0
12276,0
12250,0
12249,0
12227,0
12224,0
12222,0
12191,0
12185,0
12184,0
12135,0
12119,0
12117,0
12114,0
12106,0
12073,0
12067,0
12054,0
12046,0
12011,0
12001,0
11981,0
11970,0
11957,0
11935,0
11930,0
11909,0
11908,0
11900,0
11888,0
11867,0
11866,0
11848,0
11833,0
11826,0
11822,0
11791,0
11789,0
11723,0
11706,0
11639,0
11638,0
11627,0
11625,0
11617,0
11602,0
11579,0
11572,0
11571,0
11551,0
11545,0
11541,0
11522,0
11519,0
11508,0
11490,0
11487,0
11460,0
11459,0
11447,0
11444,0
11440,0
11428,0
11406,0
11403,0
11387,0
11372,0
11371,0
11369,0
11357,0
11348,0
11344,0
11330,0
11327,0
11299,0
11292,0
11291,0
11285,0
11278,0
11273,0
11270,0
11265,0
11255,0
11252,0
11243,0
11236,0
11234,0
11211,0
11210,0
11205,0
11191,0
11183,0
11179,0
11175,0
11174,0
11173,0
11149,0
11103,0
11101,0
11098,0
11093,0
11074,0
11071,0
11057,0
11056,0
11039,0
10998,0
10959,0
10947,0
10941,0
10901,0
10887,0
10876,0
10847,0
10845,0
10834,0
10827,0
10817,0
10811,0
10788,0
10773,0
10742,0
10729,0
10721,0
10714,0
10708,0
10703,0
10693,0
10638,0
10619,0
10618,0
10584,0
10559,0
10555,0
10542,0
10498,0
10470,0
10445,0
10439,0
10423,0
10402,0
10388,0
10359,0
10348,0
10334,0
10332,0
10328,0
10322,0
10318,0
10310,0
10302,0
10289,0
10265,0
10258,0
10245,0
10243,0
10240,0
10237,0
10230,0
10162,0
10114,0
10107,0
10100,0
10096,0
10092,0
10076,0
10074,0
10062,0
10049,0
10042,0
10038,0
9953,0
9936,0
9915,0
9906,0
9902,0
9892,0
9878,0
9875,0
9874,0
9868,0
9866,0
9853,0
9847,0
9827,0
9814,0
9787,0
9752,0
9746,0
9671,0
9657,0
9654,0
9642,0
9641,0
9612,0
9607,0
9588,0
9580,0
9577,0
9559,0
9557,0
9551,0
9547,0
9544,0
9509,0
9505,0
9503,0
9489,0
9479,0
9473,0
9453,0
9450,0
9445,0
9432,0
9423,0
9408,0
9356,0
9335,0
9326,0
9324,0
9314,0
9313,0
9306,0
15688,0
9266,0
9265,0
15674,0
9253,0
9252,0
15656,24
2803,0
9232,0
9207,0
15626,8
2773,0
9205,0
15624,0
2771,0
9201,0
9197,0
15581,39
2728,0
9156,0
9155,0
15568,0
9147,0
9133,0
9110,0
9104,0
9100,0
9090,0
15496,0
9075,0
9074,0
9065,0
15485,0
9064,0
9053,0
9048,0
9047,0
9045,0
9044,0
15417,0
8978,0
8968,0
8948,0
2513,10
15366,0
8944,0
8930,0
2496,2
15349,0
8928,0
15335,26
2482,0
8914,0
2476,15
15329,0
8908,0
15327,25
2474,0
8906,0
8898,0
15314,0
2458,18
15311,0
15294,0
8873,0
2421,26
15274,0
8845,0
8836,0
15250,26
2397,0
15244,0
2391,0
8823,0
8808,0
2370,9
15223,0
15220,0
8788,0
8785,0
15198,0
15171,0
2308,9
15161,0
2304,2
15157,0
8736,0
8732,0
15138,0
8713,0
2275,21
15128,0
8707,0
8705,0
8704,27
21557,0
21541,6
8688,0
8685,0
21538,0
8684,0
15104,18
2251,0
8683,31
21536,0
8677,0
2224,12
15077,0
8656,0
8641,0
8638,0
21491,0
21489,8
8636,0
8613,0
21466,0
15032,0
8610,0
15028,30
2175,0
8606,0
2167,33
15020,0
21451,16
8598,0
15013,0
15006,8
2153,0
8585,0
8571,0
14988,0
21416,7
8563,0
8556,0
21408,12
8555,0
21406,21
8553,0
8546,0
8544,0
8543,0
14962,16
2109,0
8541,9
21394,0
8540,7
21393,0
21359,16
8506,0
14923,0
8502,0
2065,7
14918,0
21350,2
8497,0
21346,8
8493,0
14912,0
8491,0
14911,0
21343,22
8490,0
8489,9
21342,0
2056,11
14909,0
8480,0
21333,0
8479,0
8478,0
8453,0
14859,27
2006,0
14828,0
1975,0
21259,7
8406,0
8405,0
21254,8
8401,0
8378,0
21227,2
8374,0
14785,0
1932,0
8344,22
21197,0
8309,0
8308,0
8276,0
21129,0
8246,0
8244,13
21097,0
8240,13
21093,0
21078,9
8225,0
21073,12
8220,0
8214,0
21067,0
8212,28
21065,0
8209,0
21050,19
8197,0
8193,38
21046,0
8178,38
21031,0
8177,0
21030,0
8176,0
8167,0
20984,2
8131,0
14551,0
20983,7
8130,0
1694,12
14547,0
20972,2
8119,0
8106,13
20959,0
8091,0
8089,0
14506,27
1653,0
20938,18
8085,0
8068,0
8056,3
20909,0
20904,7
8051,0
8050,0
8045,9
20898,0
8028,0
8021,0
8016,0
20869,0
8015,0
20865,13
8012,0
20833,7
7980,0
7979,0
14395,0
20825,7
7972,0
1536,2
14389,0
7968,0
7955,0
7952,0
7942,0
20795,0
7937,0
20790,0
7935,0
7930,0
7912,0
14324,2
1471,0
7896,0
14316,0
20747,2
7894,0
7879,0
7874,0
14293,0
1440,0
7851,0
20698,9
7845,0
20693,34
7840,0
7839,0
7837,0
7831,0
7826,16
20679,0
7823,0
20671,7
7818,0
20669,3
7816,0
7814,0
20667,0
7809,0
20662,0
20650,2
7797,0
7791,0
7767,0
7746,0
1293,30
14146,0
7710,0
7702,0
20535,7
7682,0
14099,34
1246,0
7671,0
20523,2
7670,0
7657,0
20496,24
7643,0
7642,0
7639,0
20480,33
7627,0
7611,0
7606,28
20459,0
7592,0
7576,0
7570,0
20419,3
7566,0
7557,0
7534,0
20386,7
7533,0
20372,2
7519,0
20371,2
7518,0
20365,2
7512,0
20363,3
7510,0
20357,2
7504,0
7496,0
7488,0
20341,0
20328,15
7475,0
7474,0
20319,3
7466,0
7452,0
20286,7
7433,0
13834,0
20266,7
7413,0
7408,0
20261,0
20259,24
7406,0
20247,38
7394,0
7391,0
7386,0
7385,0
7379,9
20232,0
20223,16
7370,0
7357,0
20210,0
20176,21
7323,0
7297,0
20132,7
7279,0
7277,0
7275,0
20119,18
7266,0
7250,0
7240,0
7235,0
7220,0
791,0
7209,0
758,35
13611,0
7167,0
7166,0
20019,0
7148,0
20001,0
725,0
7146,0
722,0
7143,0
714,0
7132,0
7071,0
7064,0
7032,0
7030,0
7029,38
19882,0
7023,0
7014,32
19867,0
7013,37
19866,0
19865,2
7012,0
13393,0
551,27
13404,0
6955,31
19808,0
508,0
6928,12
19781,0
6922,0
19775,0
6917,0
6913,0
19766,0
6894,0
467,27
13320,0
6881,0
19734,0
13287,0
19719,27
6866,0
6861,0
377,0
19651,25
6798,0
19644,20
6791,0
13205,27
352,0
6773,0
13191,25
338,0
349,0
13186,0
13196,27
343,0
6764,0
13184,0
331,0
342,13
13195,0
6761,0
13168,0
315,0
6741,0
6739,0
13159,0
6733,0
311,0
13151,0
6730,0
304,31
13157,0
19572,19
6719,0
290,0
19562,39
6709,0
6707,0
19560,0
281,0
13105,0
6684,0
13103,0
6682,0
13113,25
260,0
6681,25
19534,0
13095,0
242,0
6673,0
249,0
13089,0
236,0
247,0
13078,19
225,0
6657,11
19510,0
6647,0
19500,0
203,31
13056,0
214,12
13067,0
6632,0
6630,17
19483,0
19482,12
6629,0
201,30
13054,0
19448,12
6595,0
165,0
157,0
6578,0
6561,0
6537,0
19381,11
6528,0
6527,27
19380,0
6509,0
86,0
6507,0
19360,0
12924,0
71,0
82,16
12935,0
75,0
6494,0
42,0
6460,0
29,0
6445,0
6441,10
19294,0
6438,19
19291,0
12857,0
6436,0
6385,38
19238,0
12803,0
12797,0
6375,0
6373,0
6368,0
6348,0
6346,0
19199,0
12761,0
6340,0
19193,0
6324,0
19170,2
6317,0
6305,0
12703,0
12698,0
6277,0
12694,0
12692,0
6267,0
6264,0
6252,0
6248,18
19101,0
6244,25
19097,0
6235,0
12655,0
12654,0
12648,0
6225,0
12641,0
6220,26
19073,0
12639,0
6218,0
12636,0
6208,0
6205,0
6189,0
19042,0
12608,0
6184,31
19037,0
12602,0
12599,0
6178,0
6177,0
12555,0
6128,0
12546,0
6125,0
12515,0
6092,12
18945,0
12512,0
6091,24
18944,0
12507,0
6085,1
18938,0
12503,0
6067,0
18920,0
6063,0
6060,0
6058,0
6051,21
18904,0
12468,0
6043,0
6035,30
18888,0
6034,0
12454,0
6033,0
6027,0
6025,0
6020,0
18873,0
6014,16
18867,0
5998,22
18851,0
18811,27
5958,0
5938,0
5930,2
18783,0
5912,8
18765,0
5901,8
18754,0
5900,0
18739,19
5886,0
18732,2
5879,0
18721,2
5868,0
5858,0
12270,0
5849,0
5827,0
5826,0
5818,0
5810,28
18663,0
5800,0
12213,0
5789,0
12171,0
5740,0
5739,11
18592,0
5727,0
5724,11
18577,0
5719,0
12138,0
18570,6
5717,0
5713,11
18566,0
5712,9
18565,0
12132,0
12131,0
5706,0
12122,0
18554,9
5701,0
5690,0
5672,0
12084,0
5663,0
5655,0
12068,0
5641,0
12050,0
12048,0
5617,21
18470,0
12036,0
5611,0
18464,0
5609,34
18462,0
5604,0
5603,0
18456,0
5598,0
5595,21
18448,0
5592,21
18445,0
11997,0
5576,20
18429,0
11996,0
5567,0
18420,0
5566,20
18419,0
5564,0
5558,0
5554,31
18407,0
18399,13
5546,0
5544,25
18397,0
11958,0
5537,9
18390,0
11953,0
5532,30
18385,0
5530,21
18383,0
18375,28
5522,0
18355,9
5502,0
5499,0
18352,0
11916,0
18334,12
5481,0
5475,21
18328,0
18323,31
5470,0
5453,0
5411,0
11831,0
5410,0
5400,31
18253,0
5398,0
11817,0
5394,0
11811,0
5382,0
5350,0
11767,0
5346,0
11756,0
18188,19
5335,0
18187,34
5334,0
11753,0
11751,0
5330,0
5328,0
5323,31
18176,0
5309,0
5303,0
18152,8
5299,0
5296,11
18149,0
5281,0
5278,0
5273,0
5272,0
18109,37
5256,0
5255,31
18108,0
11665,0
5244,0
18096,7
5243,0
11661,0
5240,37
18093,0
11658,0
5237,0
5235,0
18079,27
5226,0
18075,31
5222,0
5214,0
5210,0
11628,0
5192,0
5191,0
5190,0
5176,24
18029,0
18028,8
5175,0
5172,0
5171,0
5167,0
5148,0
18001,0
5134,0
5126,31
17979,0
17978,34
5125,0
11523,0
5102,0
5097,27
17950,0
5095,20
17948,0
11507,0
11506,0
5085,0
5081,0
11498,0
5060,0
5058,11
17911,0
11476,0
5054,0
17907,0
11455,0
11450,0
5021,0
17874,0
5020,0
17873,0
5013,25
17866,0
5002,0
4998,0
4991,0
4987,0
4983,0
11402,0
17834,2
4981,0
4965,0
17809,27
4956,0
11362,0
11324,0
17753,2
4900,0
11315,0
4894,0
11271,0
17701,6
4848,0
17688,15
4835,0
11242,0
4821,0
17674,0
4816,0
11233,0
17651,12
4798,0
4796,0
4795,0
4785,0
11202,0
4779,9
17632,0
4773,0
11177,0
4756,0
11166,0
17595,27
4742,0
11154,0
4717,0
4714,0
11134,0
4713,0
4711,0
4708,0
17545,2
4692,0
4689,0
17540,11
4687,0
4679,0
4666,32
17519,0
4662,0
17507,34
4654,0
17491,34
4638,0
4625,0
17478,0
11043,0
4622,0
4613,0
4606,0
11025,0
17457,31
4604,0
4603,0
4600,0
4595,13
17448,0
4593,0
17446,0
11007,0
4583,9
17436,0
4579,12
17432,0
4576,0
17429,0
4560,0
4552,13
17405,0
4541,0
4536,27
17389,0
4524,0
4493,0
17346,0
10902,0
4481,0
17334,0
4477,12
17330,0
4476,21
17329,0
4465,0
17318,0
4459,0
4458,0
17311,0
4453,0
17306,0
10873,0
4452,0
17305,0
4451,30
17304,0
4440,0
10860,0
4439,0
17292,0
4438,30
17291,0
4436,0
17289,0
4425,0
4407,0
17260,0
4399,0
17251,37
4398,0
17250,10
4397,0
4389,0
10809,0
4388,0
17241,0
17239,28
4386,0
4371,0
17224,0
4365,0
4353,25
17206,0
4349,0
4345,0
4344,0
4343,12
17196,0
10760,0
17186,28
4333,0
10744,0
4323,0
4318,8
17171,0
10734,0
4313,20
17166,0
4310,4
17163,0
4301,0
17154,0
4286,0
4276,8
17129,0
4267,0
10682,0
4259,0
10678,0
10674,0
4253,0
4249,0
17102,0
17099,27
4246,0
4245,0
17098,0
10662,0
4241,0
4240,0
4238,38
17091,0
4231,0
17084,0
17081,12
4228,0
4215,0
10625,0
4193,0
10613,0
4192,0
17031,20
4178,0
10596,0
4175,9
17028,0
10594,0
4173,0
4170,0
17023,0
10590,0
10586,0
10581,0
4159,34
17012,0
4156,0
4146,0
4129,0
4122,0
16975,0
10541,0
4115,28
16968,0
16966,31
4113,0
4103,0
4096,0
10509,0
10505,0
4074,0
4067,0
4066,0
16918,18
4065,0
10484,0
16916,2
4063,0
4061,0
4041,0
16888,33
4035,0
10449,0
4027,0
10446,0
4025,0
797,0
20071,24
7218,0
4015,18
16868,0
10418,0
16850,5
3997,0
7192,8
20045,0
3985,0
16838,0
764,0
10403,0
3982,0
16835,0
3980,31
16833,0
16826,19
3973,0
7161,0
736,0
7155,9
20008,0
10354,0
3930,28
16783,0
7129,14
19982,0
10347,0
7119,0
3916,0
3912,0
13543,22
690,0
7111,0
19964,0
3908,2
16761,0
16745,13
3892,0
3886,0
16739,0
7087,0
3875,0
19930,19
7077,0
7076,0
3873,27
16726,0
3870,9
16723,0
7070,0
7068,0
7067,0
16717,11
3864,0
16711,4
3858,0
7060,9
19913,0
3853,21
16706,0
3846,0
10264,0
3843,0
13462,0
7041,0
3838,0
7031,0
3828,15
16681,0
3825,6
16678,0
7024,0
10242,0
10238,0
3808,0
3807,0
3801,5
16654,0
3800,0
16653,0
3796,36
16649,0
6998,0
10216,0
16648,27
3795,0
6996,0
10214,0
3793,0
16646,0
16645,30
3792,0
6993,0
10209,0
16641,2
3788,0
3787,0
6985,0
3777,0
16630,0
16628,16
3775,0
3774,0
10192,0
3763,0
559,0
6961,0
16611,12
3758,0
6975,38
19828,0
554,0
3757,0
6939,0
517,0
3720,0
19788,7
6935,0
514,0
10122,0
16554,2
3701,0
478,0
470,0
6872,0
6887,0
10090,0
464,0
10088,0
13271,0
6850,21
19703,0
3647,0
10061,0
3640,38
16493,0
408,11
13261,0
405,9
13258,0
416,14
13269,0
6837,20
19690,0
10041,0
3620,9
16473,0
3619,4
16472,0
13236,0
13251,0
6797,9
19650,0
10015,0
3589,0
16442,0
6788,0
16432,5
3579,0
374,0
16430,28
3577,0
366,0
13188,0
13199,9
346,0
16417,8
3564,0
6777,0
356,0
3559,0
6757,0
9975,0
9974,0
3553,0
16395,12
3542,0
16394,9
3541,0
3534,0
9954,0
13144,0
302,0
9941,0
3520,0
13116,0
3492,0
273,0
13126,0
9912,0
3488,0
6683,0
9901,0
3461,0
16314,0
19512,24
6659,0
3452,0
246,0
3438,0
13059,0
6653,7
19506,0
16288,9
3435,0
16278,15
3425,0
3415,0
191,0
16262,9
3409,0
16252,26
3399,0
3389,0
6581,0
9799,0
3378,0
12996,12
143,0
19428,12
6575,0
13011,0
3372,0
16225,0
3371,0
153,12
13006,0
19409,27
6556,0
9763,0
16195,30
3342,0
124,0
3327,0
3309,0
19351,12
6498,0
53,0
6474,0
68,0
3271,0
12900,0
47,0
58,0
12888,0
46,0
6432,0
19285,0
6425,0
16075,24
3222,0
19267,18
6414,0
12834,0
6413,0
16063,31
3210,0
9615,0
3194,0
9613,0
3187,0
3184,19
16037,0
9578,0
3157,0
3154,0
6352,0
9570,0
3149,0
9560,0
3139,0
6331,0
9549,0
15968,9
3115,0
9532,0
3111,32
15964,0
9531,0
15963,27
3110,0
6310,21
19163,0
3107,0
15960,0
3104,0
3098,0
15951,0
6295,0
3086,19
15939,0
6276,0
12696,0
6275,0
19128,0
3071,6
15924,0
3062,0
9477,0
3056,34
15909,0
3048,31
15901,0
15900,15
3047,0
3040,0
3034,0
15881,2
3028,0
3016,0
3010,0
3008,0
15861,0
3007,0
6202,0
2999,0
15851,20
2998,0
2995,0
9415,0
9414,0
6188,0
19041,0
2985,0
15838,0
2983,0
9403,0
6180,9
19033,0
9398,0
2971,0
12594,0
15823,2
2970,0
15821,20
2968,0
2965,0
2959,0
2955,0
15808,0
2954,0
15807,0
15803,34
2950,0
9354,0
2930,0
9349,0
2928,0
6130,0
9348,0
2927,27
15780,0
9336,0
15768,28
2915,0
2907,0
2902,0
6090,0
15739,19
2886,0
9293,0
2872,0
15698,0
2856,18
15709,0
2853,0
6054,0
9272,0
9271,0
12462,0
9259,0
15691,26
2838,0
9255,0
2833,0
6023,0
9240,0
2818,0
6018,0
2793,0
2792,0
12415,0
9208,0
5986,0
9204,0
2772,0
9190,0
15621,24
2768,0
2754,33
15607,0
2765,0
2764,11
15617,0
2752,2
15605,0
12386,0
2762,0
15602,0
15613,30
2760,0
5954,0
18807,0
15593,0
15590,2
2737,0
2746,0
15584,0
9163,0
5932,0
5914,0
5898,2
18751,0
9116,0
12315,0
5875,0
18728,0
2648,24
15501,0
15494,0
2652,0
9069,0
2647,0
9056,0
2635,0
15451,0
2609,0
15462,0
12226,0
15438,0
2585,0
2596,0
9014,0
2593,2
15446,0
2591,0
18646,16
5793,0
15432,24
2579,0
12209,0
15427,23
2574,0
5787,0
2584,0
12201,0
5780,0
8998,0
8991,0
2570,0
2558,5
15411,0
15409,0
8982,0
2559,0
12179,0
15397,39
2544,0
12178,0
5756,0
2550,0
2546,0
15386,0
5746,0
18599,0
12164,0
5743,0
8961,0
18595,22
5742,0
5734,0
2531,31
15384,0
2530,0
12152,0
2520,0
5721,0
8933,0
12128,0
8895,0
15310,0
5662,0
8880,0
12064,0
8861,0
2440,0
12053,0
8850,0
8849,0
8830,0
2396,0
15227,28
2374,0
8806,0
2385,0
5586,0
2383,0
12003,0
5579,0
18432,0
2376,0
15208,0
8778,0
2348,0
2346,0
8765,0
2339,0
11961,0
15179,0
2326,0
8756,0
8747,0
5526,0
5523,14
18376,0
11932,0
5511,0
15149,0
2307,0
8696,0
5474,0
2271,0
18326,2
5473,0
2259,9
15112,0
11893,0
5472,0
15111,0
5471,0
15110,0
2257,0
8689,0
2268,12
15121,0
5469,0
8686,0
21539,0
2265,9
15118,0
8681,0
15095,0
8674,0
8672,0
11873,0
15091,0
2238,0
8670,24
21523,0
2247,0
2246,0
5443,15
18296,0
15082,0
8661,0
11863,0
2239,0
11862,0
2225,27
15078,0
11858,0
2231,0
11843,0
11837,0
2202,34
15055,0
2213,0
5414,0
2211,0
11830,0
2206,0
15045,0
15038,0
10200,0
3779,0
5385,9
18238,0
8603,0
15017,0
10191,0
6968,0
562,0
10186,0
3765,0
2168,0
3764,0
2163,0
6953,0
3750,0
531,0
10155,0
16587,20
3734,0
21411,12
8558,0
2137,0
486,0
3704,0
8518,6
21371,0
14934,0
8510,9
21363,0
5268,0
2054,10
14907,0
13276,4
423,0
3652,27
16505,0
11679,0
18111,34
5258,0
3651,0
8475,0
2049,0
13284,0
3645,0
436,0
16478,2
3625,0
2028,21
14881,0
19680,2
6827,0
2027,0
420,0
6825,0
3622,27
16475,0
14867,0
14854,38
2001,0
378,23
13231,0
16450,12
3597,0
2000,0
3592,0
8416,0
1995,0
8415,0
1994,0
13204,0
3580,0
1983,0
5168,0
9978,0
1960,0
1948,0
3531,0
1934,0
3526,0
11553,0
5132,0
1929,0
14755,16
1902,0
8334,0
21187,0
6712,0
13142,0
17968,12
5115,0
16360,16
3507,0
8331,0
9907,0
5092,0
19539,31
6686,0
16336,31
3483,0
14739,13
1886,0
259,0
5083,0
1880,0
3469,0
13090,15
237,0
6658,0
19511,0
3455,0
1858,0
21122,24
8269,0
14689,27
1836,0
3442,0
248,0
1845,0
5042,0
1832,0
1824,0
11433,0
5012,0
13024,0
6603,0
13019,0
166,0
19451,12
6598,0
3395,0
4990,0
11393,0
3364,0
1767,0
13005,27
152,0
6573,21
19426,0
3332,31
16185,0
12980,10
127,0
17791,25
4938,0
1735,0
1731,0
3320,10
16173,0
3329,0
1723,0
3313,27
16166,0
14558,0
8137,0
14569,33
1716,0
1714,0
11335,0
1711,0
14550,0
1708,0
85,0
19359,34
6506,0
3303,0
19368,11
6515,0
109,0
12962,0
6488,15
19341,0
3285,0
8109,0
12912,29
59,0
8103,0
81,0
20947,3
8094,0
1673,0
12878,0
12889,19
36,0
6457,0
9675,0
3254,11
16107,0
38,7
12891,0
49,0
3225,0
1628,0
3223,12
16076,0
17682,26
4829,0
12843,0
1,0
1622,0
6420,25
19273,0
3217,0
6419,9
19272,0
6410,19
19263,0
9628,0
19283,27
6430,0
4809,0
1606,0
12823,0
6402,10
19255,0
3198,0
1601,0
6407,0
11222,0
4801,0
14440,0
1598,0
9604,0
3183,0
8007,0
1586,0
1579,0
11196,0
12790,0
9587,0
3166,0
7990,0
1568,0
1567,0
16016,25
3163,0
11190,0
4769,0
17622,0
7987,7
20840,0
20836,16
7983,0
1562,0
1546,0
4740,0
17593,0
1537,0
7956,0
1535,0
9538,0
12701,0
6280,0
3077,0
15930,0
7901,0
1480,0
1478,0
1460,8
14313,0
7888,0
4664,0
4659,0
7877,0
15899,2
3046,0
12667,0
15896,39
3043,0
11070,0
4649,39
17502,0
4648,0
7866,11
20719,0
1444,0
7861,0
4641,10
17494,0
4637,0
1434,0
4632,0
7850,0
11051,0
7848,0
1427,0
1420,0
4617,0
17470,0
7835,0
1412,0
1409,0
4610,23
17463,0
1407,0
3003,0
11030,0
4609,31
17462,0
1406,0
9422,0
1387,0
4585,0
1382,0
4584,0
2976,31
15829,0
4581,3
17434,0
1367,20
14220,0
1378,0
9385,0
2964,0
15817,0
2963,23
15816,0
1363,0
15811,34
2958,0
7782,0
1360,0
2936,0
2917,0
10944,0
4523,0
4519,0
17372,0
20586,8
7733,0
1312,0
1300,0
1298,0
1292,0
20562,8
7709,0
4488,0
17341,0
9302,0
2881,0
20546,18
7693,0
15708,0
7681,0
1260,0
1252,0
4454,0
20525,34
7672,0
10867,0
4446,0
1243,0
1234,0
17284,32
4431,0
4429,0
17282,0
7647,0
9234,0
2809,0
1212,0
7632,0
20485,0
1210,0
10833,0
4412,0
4411,12
17264,0
7629,0
6000,0
15639,0
7621,25
20474,0
20471,2
7618,0
1197,0
2785,0
7609,0
4385,5
17238,0
7603,0
1182,0
4384,0
4380,0
17233,0
1170,0
5960,0
5957,11
18810,0
1156,0
12368,0
20421,7
7568,0
4341,21
17194,0
4340,0
7555,0
5925,5
18778,0
10749,0
4328,0
10748,0
17180,28
4327,0
314,0
11544,0
5123,0
1920,0
20392,16
7539,0
1104,0
1897,0
4303,9
17156,0
20374,21
7521,0
6685,0
279,0
9903,0
8306,0
10709,0
1085,0
2681,0
4285,0
1082,0
256,0
3474,39
16327,0
14719,0
5880,0
2677,0
7501,0
20353,8
7500,0
1079,0
7498,0
2671,0
1074,0
1072,0
3460,0
20340,7
7487,0
1066,0
1862,0
14715,0
1065,0
10687,0
4266,0
5052,0
8270,8
21123,0
4255,0
7468,25
20321,0
5040,0
1036,0
4235,0
4227,9
17080,0
199,10
13052,0
6620,2
19473,0
1820,0
4223,31
17076,0
9834,0
1019,0
10640,0
1013,0
15448,0
10633,0
176,0
1797,0
13045,0
20274,2
7421,0
1000,0
10622,0
4201,27
17054,0
194,0
10615,0
162,0
16233,27
3380,0
1783,0
15425,0
7407,0
16234,35
3381,0
3390,0
984,0
5783,0
982,0
1771,0
4177,0
15410,0
8987,0
2566,0
10593,0
5708,0
16964,28
4111,0
908,0
20968,30
8115,0
2494,0
7318,0
6493,0
12940,6
87,0
8114,0
1693,0
16952,14
4099,0
896,0
89,0
7310,0
889,0
4887,0
8105,0
884,0
10506,0
3264,0
16117,0
8088,0
5670,0
18523,0
15309,0
2467,0
866,0
7278,0
8069,0
20922,0
1648,0
4052,0
4051,0
14476,22
1623,0
8055,0
3243,9
16096,0
6461,0
8855,0
4031,0
16884,0
828,0
8029,0
4000,33
16853,0
5593,0
2390,0
778,0
4791,2
17644,0
1588,0
5583,26
18436,0
3984,4
16837,0
17633,38
4780,0
9582,0
10391,0
7168,34
20021,0
7975,0
757,0
754,0
9563,0
15995,19
3142,0
4748,19
17601,0
1545,0
733,0
5545,25
18398,0
18394,4
5541,0
16797,7
3944,0
10358,0
718,0
5525,9
18378,0
3928,0
19983,15
7130,0
1519,0
707,0
7124,0
6312,0
9530,0
3109,0
14354,0
3918,0
5507,0
18360,0
692,0
8724,0
3909,33
16762,0
7110,17
19963,0
704,0
688,0
15949,31
3096,0
1499,0
3905,0
702,0
11121,0
20771,2
7918,0
10324,0
700,0
19957,21
7104,0
11118,0
4697,0
697,0
9510,0
20766,12
7913,0
3898,0
695,0
7099,0
693,0
19950,29
7097,0
10315,0
691,0
6283,8
19136,0
3080,0
15933,0
1483,0
3888,0
684,0
7088,0
682,0
7085,0
16202,26
3349,0
5755,0
15394,0
955,0
6155,0
2952,0
7776,0
5358,0
543,0
6964,0
15391,39
2538,0
7771,13
20624,0
536,0
19810,31
6957,0
20618,10
7765,0
546,0
7763,0
1342,0
14177,0
6944,0
15777,25
2924,0
2923,0
1315,9
14168,0
1326,0
505,0
3723,0
14968,2
2115,0
8547,0
529,0
19378,6
6525,0
16175,23
3322,0
6534,2
19387,0
8943,0
7346,0
925,0
513,0
19787,9
6934,0
4518,0
14957,0
14156,34
1303,0
19767,19
6914,0
3711,0
6111,0
2908,0
7732,0
16561,21
3708,0
504,0
10128,0
11734,0
512,0
1306,0
6930,0
509,0
6101,0
83,0
4098,0
6093,0
3699,0
10109,0
3688,0
489,0
2064,0
6873,0
7684,0
1263,0
16513,11
3660,0
18514,23
5661,0
2447,29
15300,0
4064,31
16917,0
461,0
20917,12
8064,0
13688,0
835,0
7267,0
2843,0
19699,27
6846,0
14888,0
2046,0
16094,28
3241,0
5620,0
7226,16
20079,0
1217,0
12424,0
6003,0
393,0
4401,27
17254,0
6807,0
13243,24
390,0
6384,0
3181,0
16843,38
3990,0
787,0
13223,0
19655,2
6802,0
381,0
3584,32
16437,0
6811,0
19664,0
15623,0
9202,0
2781,0
10808,0
4387,0
7605,0
20458,0
8796,0
2375,0
7184,5
20037,0
9196,0
2775,0
6778,0
776,0
12397,0
9194,0
13197,0
6776,0
13206,12
353,0
9993,0
11599,0
8396,0
16021,12
3168,0
2371,0
9992,0
11994,0
5573,5
18426,0
1971,0
4372,2
17225,0
1169,0
3563,0
1966,0
9977,0
8370,0
1949,0
5543,21
18396,0
10367,0
3539,0
16392,0
3129,0
5535,30
18388,0
2332,0
4338,0
17191,0
10355,0
3934,34
16787,0
6740,0
17980,24
5127,0
16770,24
3917,0
3511,0
8730,0
14751,0
1898,0
1909,0
15550,0
7529,0
20382,0
9926,0
16367,31
3514,0
3095,0
14340,0
701,0
4304,9
17157,0
1493,0
7102,37
19955,0
20370,7
7517,0
6705,0
13141,0
299,0
3472,0
1875,0
6687,9
19540,0
3256,0
9680,0
3259,27
16112,0
4056,0
16909,0
853,0
6471,0
9674,0
3253,0
6465,9
19318,0
6877,0
1842,0
18686,27
5833,0
9051,0
16283,16
3430,0
1029,0
5822,0
1022,0
1808,0
2608,0
10831,0
1207,0
6816,0
5807,14
18660,0
4210,0
7428,0
18062,2
5209,0
8427,0
1996,0
13025,0
1990,14
14843,0
4993,0
19647,2
6794,0
14805,0
1963,0
163,0
4963,0
17816,0
1760,0
3360,4
16213,0
21037,8
8184,0
1763,0
6572,0
11385,0
3152,0
16005,0
1555,0
6154,0
2951,0
15804,0
548,0
3751,20
16604,0
2154,0
5154,0
9369,0
15801,26
2948,0
11775,0
9769,0
3348,28
16201,0
8172,0
3351,0
6746,0
5149,0
1946,0
2542,0
7366,0
945,0
9363,0
2942,0
7766,0
1345,0
10163,0
136,0
18590,27
5737,0
930,0
10548,0
4127,0
924,0
5722,0
18575,0
16978,32
4125,0
4525,0
1322,0
19784,5
6931,0
525,0
524,0
17972,30
5119,0
5720,0
7341,0
6520,33
19373,0
9738,0
3317,31
16170,0
108,0
4106,0
903,0
6912,0
19780,34
6927,0
506,0
1496,0
5899,0
18752,0
9117,0
2696,0
4302,7
17155,0
20373,7
7520,0
8117,0
7320,0
2896,0
1299,0
14941,0
502,0
6511,0
19364,0
15416,0
977,0
12907,0
6486,0
8098,0
3277,12
16130,0
1280,0
5283,0
14922,0
21354,2
8501,0
2480,0
6492,0
5076,33
17929,0
1873,0
1076,0
3473,0
12897,0
6476,2
19329,0
16126,37
3273,0
7296,0
875,0
6875,0
20949,18
8096,0
4474,0
3668,30
16521,0
272,0
3269,9
16122,0
6481,28
19334,0
5162,0
1959,0
6568,0
7286,0
8086,0
8912,0
16950,38
4097,0
497,0
6453,0
10868,0
1244,0
850,0
1741,0
144,0
12162,0
10565,0
4144,0
16997,0
1341,0
3738,20
16591,0
16294,7
3441,0
3893,0
9108,0
1090,0
6499,0
6514,0
7311,0
14582,0
1729,0
7761,0
3440,0
9554,0
4739,0
6539,0
1739,0
10563,0
4142,33
16995,0
7263,0
20116,0
842,0
6442,19
19295,0
4845,0
1239,0
2039,0
20557,7
7704,0
3730,8
16583,0
8554,0
4039,0
3228,0
1631,0
834,0
5729,0
15368,0
2526,0
4132,14
16985,0
10156,0
3735,22
16588,0
5732,34
18585,0
4135,11
16988,0
8044,0
4071,0
918,0
521,0
1718,0
1332,0
9374,0
5528,0
10352,0
9146,0
10752,0
4331,0
17184,0
5331,0
12426,0
6005,2
18858,0
20479,2
7626,0
8426,0
7659,0
7698,0
1277,0
16527,26
3674,0
17086,34
4233,0
1030,0
6639,0
19492,0
233,0
4107,0
16454,2
3601,0
6813,2
19666,0
7622,0
6801,0
19654,0
9365,0
15797,21
2944,0
7768,0
550,0
3433,24
16286,0
2013,0
2449,0
4055,0
16908,0
16155,34
3302,0
13247,0
7093,19
19946,0
687,0
18540,10
5687,0
20161,7
7308,0
9305,0
2884,0
4043,0
1814,0
4220,0
17073,0
19223,1
15810,1
13077,1
12858,1
11492,1
4893,12
17746,1
4153,1
6157,1
6056,1
15263,26
2410,1
2386,20
15239,1
3275,1
15879,15
3026,1
15878,9
3025,1
7966,1
3094,1
8441,1
21479,2
21453,2
21405,2
21360,2
21272,2
21271,2
21256,2
21236,2
21234,2
21232,2
21221,2
21209,2
21205,2
21194,2
21189,2
21148,2
21114,2
21053,2
21049,2
21045,2
21022,2
21017,2
21012,2
20973,2
20969,2
20943,2
20930,2
20920,2
20894,2
20813,2
20812,2
20800,2
20798,2
20779,2
20672,2
20660,2
20658,2
20652,2
20648,2
20566,2
20561,2
20545,2
20502,2
20499,2
20498,2
20470,2
20468,2
20455,2
20448,2
20440,2
20407,2
20400,2
20388,2
20378,2
20284,2
20278,2
20255,2
20105,2
19978,2
19850,2
19803,2
19745,2
19723,2
19710,2
19648,2
19427,2
19171,2
19009,2
18953,2
18769,2
18718,2
18699,2
18648,2
18283,2
18155,2
17988,2
17802,2
17616,2
17556,2
16921,2
16910,2
16818,2
16816,2
16803,2
16802,2
16705,2
16687,2
16672,2
16668,2
16662,2
16633,2
16461,2
16448,2
16388,2
16380,2
16377,2
16376,2
16371,2
16350,2
16324,2
16317,2
16015,2
16013,2
15822,2
15790,2
15757,2
15732,2
2748,5
15601,2
15559,2
15476,2
15348,2
2291,34
15144,2
15136,2
2237,19
15090,2
14516,2
14180,16
1327,2
12721,2
12631,2
12306,2
12207,2
12085,2
12061,2
12042,2
12022,2
11879,2
11736,2
11727,2
11667,2
11629,2
11621,2
11564,2
11543,2
11500,2
11494,2
11443,2
11307,2
11047,2
10853,2
10499,2
10478,2
10235,2
10119,2
10108,2
10037,2
9995,2
9961,2
9914,2
9558,2
9441,2
9427,2
9346,2
9267,2
9263,2
9250,2
9235,2
9111,2
15521,2
15495,2
8956,2
15356,2
2273,8
15126,2
15109,2
15027,2
8602,13
21455,2
8595,38
21448,2
8581,2
14998,2
8458,2
21260,9
8407,2
8366,35
21219,2
8364,2
8342,17
21195,2
8254,2
8001,2
7961,31
20814,2
20775,19
7922,2
7884,2
14300,2
14285,2
7730,33
20583,2
7728,2
7635,27
20488,2
7620,18
20473,2
7585,38
20438,2
7476,2
7472,2
7459,2
7331,2
7072,2
560,2
6865,2
19712,33
6859,2
13122,2
6622,27
19475,2
12915,2
12904,2
6475,2
6323,2
6233,2
6104,2
5969,2
5922,2
12334,2
18591,3
5738,2
5658,2
18418,13
5565,2
18348,31
5495,2
5492,2
18336,19
5483,2
5390,9
18243,2
5389,14
18242,2
5367,2
5308,2
18150,13
5297,2
11664,2
11503,2
11478,2
4898,4
17751,2
4814,2
4807,10
17660,2
4794,2
4792,2
4690,10
17543,2
10972,2
4521,2
4457,2
17037,18
4184,2
3989,2
16807,25
3954,2
698,2
10254,2
3817,21
16670,2
3786,2
3697,2
466,2
19683,12
6830,2
3605,9
16458,2
16422,21
3569,2
3533,32
16386,2
3353,31
16206,2
48,31
12901,2
19127,19
6274,2
6254,2
3036,31
15889,2
9444,2
6186,2
6185,2
6173,2
9366,2
2887,2
9274,2
15692,3
2839,2
9260,2
15669,2
5994,2
12352,2
5850,13
18703,2
5731,2
8925,2
2490,2
2483,16
15336,2
18531,31
5678,2
18530,38
5677,2
2468,28
15321,2
5632,2
8826,2
5594,2
2380,20
15233,2
18435,10
5582,2
15190,26
2337,2
8767,2
2320,2
8731,2
5494,2
5456,31
18309,2
5441,27
18294,2
5437,2
3772,9
16625,2
5356,2
14954,30
2101,2
8528,2
2107,34
14960,2
2092,2
3639,31
16492,2
3623,9
16476,2
3557,20
16410,2
6729,2
1846,2
6669,2
1803,2
19308,8
6455,2
8047,33
20900,2
1610,2
4805,2
1524,2
7841,2
7830,2
1404,2
1320,2
12505,2
6084,2
2873,2
2866,33
15719,2
9270,2
1229,2
4419,2
1188,2
4307,2
8318,2
4288,2
20358,7
7505,2
8292,2
1063,2
3446,13
16299,2
1849,2
7441,2
19462,27
6609,2
13036,29
183,2
4194,2
17042,31
4189,2
187,2
12204,2
2580,2
13027,2
8986,2
6495,2
5682,2
7287,28
20140,2
12014,2
783,2
7985,19
20838,2
3957,38
16810,2
15180,2
2338,2
2322,34
15175,2
7139,2
7950,24
20803,2
7113,16
19966,2
3903,2
1492,2
3895,2
11112,2
12704,2
530,2
1722,2
528,2
5312,2
9311,2
846,2
12880,29
27,2
12869,2
6799,2
6785,2
773,2
16824,19
3971,2
728,2
2298,2
7914,5
20767,2
11499,2
4273,2
20344,7
7491,2
6456,2
1033,2
9029,2
10023,2
1351,2
9964,2
2919,18
15772,2
15359,2
21373,7
8520,2
65,2
14517,2
3466,14
16319,2
1644,2
5650,2
7096,2
1642,2
1283,2
16486,35
3633,2
8338,8
21191,2
15782,16
2929,2
1525,2
2005,2
16874,12
4021,2
6804,31
19657,2
6147,2
7634,2
21308,3
21242,3
21224,3
20770,3
20712,3
18719,3
17685,3
16346,3
2462,27
15315,3
12659,3
12562,3
12182,3
12077,3
11145,3
10253,3
9334,3
15337,27
2484,3
8742,3
8579,3
8391,5
21244,3
8388,3
8322,27
21175,3
7455,3
20308,3
7359,3
6711,3
12890,15
37,3
12866,27
13,3
6271,3
19087,6
6234,3
6232,3
5339,3
18180,30
5327,3
11690,3
5114,31
17967,3
5084,3
17925,31
5072,3
11132,3
10973,3
4029,3
7229,3
202,3
6242,3
15455,24
2602,3
8999,3
15354,3
2335,5
15188,3
11877,3
2252,3
2227,3
5422,3
138,3
4892,3
9625,3
14298,34
1445,3
11058,3
1428,3
2789,3
1181,3
1138,3
1877,3
7444,3
1768,3
3951,15
16804,3
16747,13
3894,3
1752,3
7747,19
20600,3
731,3
1650,3
1011,3
11630,3
10008,3
859,3
10165,3
18392,4
16939,4
16893,4
16420,4
12893,7
40,4
8863,4
14826,4
7583,4
20334,7
7481,4
7427,4
13290,4
13281,4
6770,4
13053,4
19280,34
6427,4
5808,4
12127,4
5660,4
5388,4
5043,25
17896,4
10786,4
4297,4
10515,4
7046,4
16343,26
3490,4
2990,4
15704,20
2851,4
5643,4
19681,34
6828,4
5113,4
1100,4
2505,4
873,4
952,4
19796,11
6943,4
16449,34
3596,4
2365,4
3505,4
13008,4
9573,4
8940,4
123,4
4045,4
1068,4
18,4
1347,4
3344,12
16197,4
852,4
4290,4
21178,5
21034,5
21028,5
20976,5
20596,5
20507,5
20135,5
19304,5
16808,5
16441,5
16311,5
14612,31
1759,5
12705,5
12569,5
11407,5
11333,5
11300,5
11028,5
11018,5
9965,5
9562,5
8794,5
8777,5
21277,24
8424,5
21128,24
8275,5
8259,15
21112,5
8030,33
20883,5
7755,5
7410,5
7302,5
7048,5
19713,12
6860,5
6701,5
6522,33
19375,5
6138,5
5977,19
18830,5
5555,5
5359,5
5316,5
4657,5
17223,37
4370,5
3806,5
3681,5
16522,8
3669,5
3637,20
16490,5
15571,27
2718,5
5758,5
5679,5
15162,26
2309,5
2221,5
2048,5
21301,19
8448,5
6672,5
8224,27
21077,5
6540,5
1706,5
1688,5
11302,5
1602,5
1375,5
1200,5
13715,5
5600,5
6299,5
5313,5
18166,5
10925,5
5984,5
4376,5
8296,5
8229,5
3602,5
4361,5
16396,9
3543,5
2519,5
6529,5
9894,5
12874,5
5741,5
1639,5
5321,5
12860,5
6325,33
19178,5
1328,5
21576,6
19420,6
18600,6
17619,6
17431,6
16098,6
15478,6
12775,6
12759,6
11860,6
11854,6
11841,6
11812,6
11793,6
11251,6
11048,6
10702,6
15389,6
8755,6
14872,6
8234,6
8134,6
8126,6
7636,9
20489,6
19854,20
7001,6
6869,6
6437,16
19290,6
12605,6
19022,22
6169,6
12441,6
5887,6
5659,6
5286,6
5177,6
5117,6
4075,6
3991,6
3768,25
16621,6
6119,6
6075,6
9279,6
2791,6
2551,12
15404,6
2435,6
11829,6
21302,7
8449,6
5203,6
14771,38
1918,6
8222,6
8087,6
4765,20
17618,6
3063,6
2568,8
15421,6
11232,6
15146,6
4420,25
17273,6
20927,33
8074,6
3587,6
2517,6
14875,6
1917,6
3599,6
8905,6
21436,7
21414,7
21403,7
21386,7
21385,7
21378,7
21356,7
21330,7
21298,7
21264,7
21255,7
21248,7
21211,7
21179,7
21165,7
21113,7
21103,7
21036,7
21014,7
20974,7
20954,7
20896,7
20826,7
20822,7
20791,7
20784,7
20715,7
20706,7
20654,7
20630,7
20569,7
20548,7
20494,7
20490,7
20463,7
20443,7
20442,7
20412,7
20364,7
20339,7
20332,7
20324,7
20309,7
20304,7
20299,7
20273,7
20269,7
20249,7
20233,7
20226,7
20221,7
20217,7
20213,7
20189,7
20187,7
20166,7
20151,7
20138,7
19254,7
19174,7
19029,7
17032,7
16913,7
16664,7
16619,7
16585,7
16545,7
16315,7
16246,7
15800,7
15753,7
15515,7
2173,26
15026,7
13714,34
861,7
13014,7
12783,7
12674,7
12266,7
9115,7
8890,7
8745,7
15023,7
8582,18
21435,7
8578,24
21431,7
8472,10
21325,7
8428,34
21281,7
21166,8
8313,7
8264,34
21117,7
8252,13
21105,7
8163,37
21016,7
7994,7
7970,7
7954,20
20807,7
7875,26
20728,7
7821,7
7726,7
7548,12
20401,7
7531,38
20384,7
7388,25
20241,7
7382,27
20235,7
7342,27
20195,7
7276,8
20129,7
7264,7
20117,7
6586,7
6047,7
5055,7
17630,8
4777,7
4012,33
16865,7
3968,7
3872,33
16725,7
3860,7
3782,30
16635,7
16502,26
3649,7
6840,7
3585,7
196,7
2827,31
15680,7
15594,7
8976,7
2394,34
15247,7
2253,7
15079,7
2205,7
2055,7
14752,7
8293,34
21146,7
1764,7
14,7
7984,34
20837,7
7948,26
20801,7
1381,7
2862,13
15715,7
1124,7
986,7
7404,18
20257,7
976,7
7317,9
20170,7
1529,7
6790,7
7120,7
1108,7
1096,7
2619,7
6908,15
19761,7
8294,7
93,7
2433,7
12150,7
7353,34
20206,7
1205,7
1087,7
7438,21
20291,7
21480,8
21474,8
21352,8
21266,8
21240,8
21237,8
21218,8
21136,8
21135,8
21038,8
21032,8
20975,8
20735,8
20711,8
20695,8
20668,8
20640,8
20593,8
20558,8
20395,8
20385,8
20376,8
20314,8
20310,8
20228,8
20118,8
19915,8
19887,8
19369,8
18816,8
18120,8
17712,8
17655,8
17489,8
16825,8
16809,8
16800,8
16655,8
16551,8
16385,8
15819,8
15558,8
15119,34
2266,8
12645,8
12520,8
11320,8
11115,8
10924,8
10851,8
10099,8
9973,8
9405,8
9378,8
9364,8
9316,8
9273,8
2695,15
15548,8
15528,8
9049,8
8946,8
8865,8
8793,8
8750,8
8740,8
8738,8
15062,8
2149,16
15002,8
15000,8
8577,21
21430,8
2130,19
14983,8
14900,31
2047,8
8409,8
21262,8
8399,18
21252,8
8320,9
21173,8
8311,9
21164,8
8032,18
20885,8
14314,26
1461,8
7843,8
7820,19
20673,8
7752,18
20605,8
7723,8
1238,15
14091,8
7449,25
20302,8
7338,20
20191,8
7259,39
20112,8
7190,8
7079,8
19927,12
7074,8
6779,8
6738,8
6273,8
12596,8
6146,8
6048,8
6017,8
18870,8
5950,8
12231,8
5680,8
11976,8
11896,8
5464,8
5426,8
5417,8
5314,8
11633,8
5212,10
18065,8
5029,8
4850,31
17703,8
17673,19
4820,8
4747,8
10897,8
4176,8
4141,8
19986,14
7133,8
3867,8
3784,8
3695,8
3667,8
9810,8
9429,8
6165,8
6129,8
15610,29
2757,8
5967,8
2751,8
5894,8
9066,8
2590,8
5757,12
18610,8
5749,30
18602,8
15312,26
2459,8
15221,8
2182,8
2042,8
3624,8
5215,38
18068,8
8353,19
21206,8
21203,25
8350,8
8236,8
19344,29
6491,8
45,30
12898,8
1569,8
1543,8
1527,8
4729,8
1467,8
1452,8
1317,8
7734,8
14093,8
1251,8
18863,27
6010,8
4351,8
1134,8
21193,26
8340,8
1122,8
3413,12
16266,8
14417,16
1564,8
762,15
13615,8
3960,15
16813,8
11977,8
3948,12
16801,8
4732,8
13539,31
686,8
1344,8
9333,8
6504,21
19357,8
17347,27
4494,8
6814,25
19667,8
16457,15
3604,8
3575,9
16428,8
3582,8
3946,25
16799,8
1135,8
1111,8
2693,8
456,8
399,8
7381,9
20234,8
3961,11
16814,8
9372,8
533,8
19386,11
6533,8
10946,8
7398,21
20251,8
13717,8
7362,34
20215,8
10564,8
8060,11
20913,8
3629,8
1128,8
818,8
9231,8
15326,8
21238,9
20888,9
20180,9
18932,9
18875,9
17700,9
17573,9
17506,9
16986,9
16644,9
16211,9
16023,9
15841,9
15762,9
15585,9
15573,28
2720,9
15569,9
15483,24
2630,9
15292,9
14932,19
2079,9
13958,24
1105,9
12702,9
12574,9
12288,9
12281,9
12059,9
12033,9
11925,9
11726,9
11418,9
11400,9
11282,9
11105,9
11049,9
11035,9
10894,9
10877,9
10547,9
10434,9
10140,9
10085,9
10067,9
10002,9
9967,9
9956,9
9668,9
9618,9
9465,9
9438,9
9284,9
9161,9
2658,33
15511,9
2560,31
15413,9
2428,31
15281,9
15280,9
8846,9
8799,9
8784,9
21519,37
8666,9
15049,22
2196,9
8628,9
15029,9
8289,33
21142,9
14697,9
8227,9
8221,9
8010,9
20792,27
7939,9
7902,9
20746,21
7893,9
7876,9
14212,31
1359,9
7789,9
7725,9
7707,9
7696,9
7694,9
7687,9
7245,9
7158,9
555,9
6763,9
13043,9
6577,9
6503,9
12862,25
9,9
6222,9
6217,9
6113,9
5935,9
5647,9
18497,23
5644,9
5627,9
18438,12
5585,9
11979,9
5345,9
11717,9
11708,9
11674,9
5234,9
11643,9
5071,9
11377,9
4933,9
17775,27
4922,9
4810,9
11087,9
11027,9
4551,9
4505,9
4498,9
10826,9
4374,9
10790,9
4347,9
17058,17
4205,9
10566,9
20038,24
7185,9
16737,27
3884,9
7063,9
3841,9
16684,12
3831,9
10208,9
10180,9
3578,9
13180,9
9909,9
13062,9
19491,38
6638,9
6590,9
9383,9
9371,9
12550,9
2920,9
9337,9
9268,9
6042,25
18895,9
15641,9
2700,25
15553,9
2711,9
2664,9
15240,9
2398,9
8797,9
8768,9
15107,9
18307,33
5454,9
5440,9
2230,9
2198,9
5376,13
18229,9
10181,9
15005,9
2108,9
14949,9
5300,9
8513,9
407,9
406,9
404,9
6721,9
6689,9
9904,9
14666,9
1794,9
14629,9
6532,9
19331,19
6478,9
6447,9
23,9
12831,9
8023,9
1572,9
1563,9
1502,9
1466,9
1429,27
14282,9
1379,9
1339,9
6120,9
10893,9
7690,9
7673,9
2802,12
15655,9
7631,9
1208,9
10805,9
1084,9
8298,9
12301,9
13041,9
1015,9
983,9
11395,9
4974,9
12929,9
2470,9
10472,9
3205,9
3939,27
16792,9
3937,9
732,9
1488,9
146,9
3747,31
16600,9
113,9
7736,9
11725,9
2890,9
6864,9
3643,9
16496,9
10822,9
369,9
6784,9
1571,9
15213,9
8791,9
3556,31
16409,9
334,34
13187,9
11156,9
7141,9
19561,23
6708,9
3899,9
6862,9
3603,9
18210,12
5357,9
14993,9
11358,9
7358,9
1727,9
10544,9
865,9
7315,34
20168,9
14975,9
8454,9
1732,9
3598,9
1747,9
19489,13
6636,9
11637,9
10440,9
16872,12
4019,9
3890,9
10105,9
20552,10
19181,10
19050,10
18351,10
17579,10
16940,10
16667,10
16159,10
16152,10
15565,10
12460,10
12449,10
11808,10
11279,10
11249,10
10849,10
10794,10
10743,10
10738,10
10717,10
10606,10
10453,10
10429,10
9850,10
9771,10
9742,10
9733,10
15468,10
8618,10
8512,10
8359,10
14626,27
1773,10
7977,10
7891,27
20744,10
20457,12
7604,10
20446,35
7593,10
7352,10
7253,10
7015,10
6434,10
6382,10
12767,10
6082,10
5854,10
5830,10
18520,37
5667,10
5429,10
5332,10
5270,10
5188,10
5077,34
17930,10
11239,10
4640,10
4167,10
4088,32
16941,10
4081,10
7196,10
16316,31
3463,10
9431,10
5955,10
5848,10
2543,12
15396,10
8975,10
2532,10
8632,10
5340,10
13265,10
2010,10
3477,10
16029,12
3176,10
1211,10
13966,10
5902,10
2699,10
1102,10
1885,10
4277,10
2637,10
971,10
11201,10
18205,12
5352,10
2912,10
3573,10
9192,10
19410,25
6557,10
480,37
13333,10
16755,14
3902,10
5250,10
941,10
932,10
6541,10
3931,10
3684,10
20787,11
20398,11
18849,11
18403,11
17419,11
17410,11
17277,11
17174,11
17123,11
17113,11
16656,11
16568,11
16549,11
16459,11
16232,11
15551,11
14969,35
2116,11
1651,16
14504,11
14263,11
12956,11
12725,11
12579,11
12400,11
12216,11
12195,11
11933,11
11451,11
11090,11
10112,11
10057,11
9959,11
9925,11
9599,11
9413,11
9388,11
9203,11
15424,11
8992,11
8945,11
8866,11
15278,11
15120,11
8545,11
21202,24
8349,11
14729,11
7974,11
7963,11
7864,11
20367,16
7514,11
13904,11
7363,11
20216,11
7349,11
6661,11
6635,11
6337,11
6287,11
6106,11
6088,11
5888,11
5689,11
5363,11
11730,11
18048,16
5195,11
5139,11
17923,31
5070,11
4941,11
17677,34
4824,11
4555,13
17408,11
4510,11
4470,11
17258,24
4405,11
16886,25
4033,11
16710,34
3857,11
10222,11
3743,11
6852,11
10068,11
13115,11
3155,11
3051,11
9437,11
9087,11
9030,11
5796,11
5762,11
2554,11
5751,27
18604,11
12155,11
12045,11
2379,11
18393,13
5540,11
3785,30
16638,11
10115,11
5295,34
18148,11
11636,11
362,11
3545,20
16398,11
11510,11
1682,11
6502,11
3263,11
4804,11
20811,12
7958,11
1526,11
9484,11
7873,11
6163,11
4363,21
17216,11
1148,11
14761,11
6677,11
1071,11
17027,38
4174,11
4811,11
811,11
7189,11
8733,11
2312,11
2549,11
5351,11
8569,11
3748,11
7722,11
3258,11
817,11
4023,11
1173,11
20802,25
7949,11
12886,11
9040,11
3382,11
8206,11
7304,11
15598,11
147,11
5694,11
9861,11
10054,11
4918,12
17771,11
11752,11
10,11
10311,11
1287,11
21357,12
21319,12
21287,12
21228,12
21071,12
21040,12
20945,12
20797,12
20396,12
20311,12
20298,12
19833,12
19799,12
19751,12
19507,12
19441,12
19435,12
19411,12
19343,12
19270,12
19241,12
19006,12
18986,12
18479,12
18223,12
18182,12
18138,12
17837,12
17785,12
17784,12
17777,12
17612,12
17589,12
17576,12
17182,12
17178,12
17146,12
17115,12
17004,12
16925,12
16923,12
16873,12
16700,12
16685,12
16444,12
16443,12
16427,12
16307,12
16026,12
15997,12
15894,12
15682,12
15600,12
15387,23
2534,12
14982,12
14623,12
14537,34
1684,12
1541,33
14394,12
13704,19
851,12
13189,12
13072,12
12676,12
12443,12
12383,12
12305,12
12237,12
11968,12
11449,12
11143,12
11041,12
11029,12
10978,12
10950,12
10908,12
10883,12
10843,12
10432,12
10224,12
9804,12
9487,12
9343,12
15545,12
21362,25
8509,12
8327,12
14619,12
8020,12
7997,12
20725,27
7872,12
7824,12
20670,25
7817,12
20666,19
7813,12
14131,12
7494,12
7490,12
7482,12
7469,12
7319,12
7126,12
7027,32
19880,12
496,12
19702,27
6849,12
13212,12
13210,12
13194,12
13182,12
12949,26
96,12
6473,12
6361,12
12699,12
6223,12
12629,12
12620,12
12610,12
6135,27
18988,12
6103,12
6096,12
12356,12
12331,12
5750,12
18563,23
5710,12
5516,12
5447,32
18300,12
5377,12
11755,12
11748,12
11744,12
11505,12
17897,38
5044,12
4910,27
17763,12
4908,12
11078,12
10928,12
10872,12
4369,12
4339,12
10462,12
16852,13
3999,12
3993,12
3933,12
3920,12
7115,20
19968,12
3874,25
16727,12
3839,12
3833,12
16650,28
3797,12
10213,12
544,12
6815,12
16275,16
3422,12
3420,12
3418,12
16269,16
3416,12
12988,15
135,12
3251,12
3229,12
9539,12
9526,12
12722,12
9472,12
6070,12
15675,12
2799,12
2540,12
5723,33
18576,12
2471,18
15324,12
2475,12
5671,12
8771,12
5442,12
2219,12
6907,26
19760,12
14921,12
19697,27
6844,12
16460,27
3607,12
1835,12
1787,12
9640,12
20893,24
8040,12
1581,12
7993,12
17625,27
4772,12
11192,12
10909,12
6065,12
7650,12
9246,12
2797,12
3517,23
16370,12
1118,12
2714,12
5105,25
17958,12
16312,31
3459,12
8258,12
16270,14
3417,12
9027,12
3394,12
16247,12
12203,12
4172,28
17025,12
4884,12
7305,12
1667,12
1634,12
15276,12
1577,12
3161,12
748,12
3085,12
2281,12
1477,12
12973,12
2552,12
545,12
125,12
12978,12
12146,12
11738,12
1291,12
3632,12
4787,38
17640,12
13211,12
7992,12
12719,12
7443,12
4964,12
960,12
1354,12
142,30
12995,12
4937,12
12965,12
2500,12
3298,12
10895,12
2956,12
14201,12
5665,12
844,12
6856,12
3336,12
3239,12
836,12
7749,12
1213,12
21391,13
20989,13
20829,13
19556,13
19433,13
19083,13
18835,13
18744,13
18700,13
18674,13
18302,13
18104,13
17455,13
17359,13
17335,13
17279,13
17083,13
16963,13
16932,13
16929,13
16926,13
16903,13
16856,13
16794,13
16088,13
14904,13
14199,13
186,15
13039,13
12830,13
12604,13
12563,13
12473,13
12457,13
11446,13
11390,13
11352,13
11260,13
10905,13
10695,13
10665,13
10642,13
10623,13
10608,13
10255,13
9982,13
9976,13
9933,13
9923,13
9755,13
9704,13
9681,13
9603,13
9315,13
9076,13
8857,13
8835,13
2353,20
15206,13
8676,13
8663,13
8662,13
21490,16
8637,13
21488,25
8635,13
8608,13
8599,13
8592,13
21051,27
8198,13
8151,13
8141,13
14418,13
7907,13
7477,13
20220,16
7367,13
6716,13
6524,21
19377,13
12472,13
5973,13
12355,13
12340,13
5908,13
5895,13
5792,13
5561,13
5491,13
5288,13
5201,13
5160,13
11555,13
5057,13
4903,13
11198,13
17518,19
4665,13
4513,13
4507,13
10779,13
10767,13
4120,31
16973,13
4117,31
16970,13
4026,13
10375,13
19864,15
7011,13
3352,13
3078,13
12623,13
12609,13
9172,13
9015,13
12208,13
15270,26
2417,13
8667,13
5408,13
16623,16
3770,13
2025,13
1848,13
1839,13
1809,13
4970,19
17823,13
134,19
12987,13
6428,13
9637,13
11225,13
3204,13
14270,13
15832,16
2979,13
20655,21
7802,13
1226,13
1159,15
14012,13
10781,13
7558,13
13946,13
1088,13
1871,13
1863,13
13908,13
11461,13
11397,13
21039,27
8186,13
3290,29
16143,13
16922,27
4069,13
2301,34
15154,13
8725,13
5506,13
18605,19
5752,13
6926,13
14951,13
13950,13
1680,13
1675,13
894,13
8080,13
1201,13
14055,13
19082,14
19044,14
18527,14
18458,14
18437,14
18433,14
17511,14
17449,14
17400,14
17256,14
16990,14
16969,14
16967,14
16854,14
16767,14
16256,14
16164,14
16139,14
15793,14
15742,14
15122,27
2269,14
706,27
13559,14
12466,14
11580,14
11558,14
11170,14
11076,14
10377,14
9905,14
9822,14
9433,14
8451,14
8363,14
8199,14
20476,20
7623,14
7584,14
7135,14
6376,14
12758,14
5842,14
5839,14
5798,14
5260,14
5238,14
5053,23
17906,14
11197,14
4634,14
3926,19
16779,14
10285,14
10261,14
16407,22
3554,14
6619,14
213,14
3073,14
2977,14
12480,14
12407,14
18658,34
5805,14
21477,24
8624,14
6952,14
5228,14
1912,14
1910,14
16052,28
3199,14
9294,14
4475,33
17328,14
5782,14
5769,14
870,14
4695,14
4686,14
379,19
13232,14
6371,14
867,14
1951,14
8063,14
20946,15
20352,15
19895,15
19870,15
19826,15
19763,15
19744,15
19635,15
19379,15
19325,15
19312,15
19155,15
18342,15
18080,15
17847,15
17749,15
17738,15
17015,15
16663,15
16531,15
16463,15
16404,15
16403,15
15967,15
15961,15
2151,34
15004,15
1457,32
14310,15
12094,15
12044,15
12028,15
11983,15
11743,15
11550,15
11484,15
11104,15
10992,15
10508,15
9497,15
9410,15
8567,15
14967,19
2114,15
21140,27
8287,15
7897,15
13753,15
6970,38
19823,15
6888,15
19642,16
6789,15
13200,15
6538,15
6278,15
12688,15
6199,15
5835,38
18688,15
12093,15
5559,15
5520,15
18249,26
5396,15
11707,15
11597,15
11441,15
4890,15
4806,19
17659,15
11113,15
4592,15
10787,15
4237,15
4229,29
17082,15
4160,15
6920,38
19773,15
498,15
6884,15
19737,15
10052,15
9884,15
6612,15
128,27
12981,15
3180,15
16006,24
3153,15
3067,32
15920,15
12652,15
6121,15
9059,15
2528,15
18539,37
5686,15
15325,15
5596,15
5276,15
6841,15
1798,15
4972,25
17825,15
1620,15
9619,15
3117,15
15970,15
7870,15
7796,15
1301,25
14154,15
1276,15
1209,15
9206,15
1016,15
2583,15
20087,24
7234,15
5597,15
7199,15
1497,15
5500,15
2297,15
15944,16
3091,15
11107,15
17808,16
4955,15
553,15
12532,15
5304,27
18157,15
820,15
372,27
13225,15
743,15
1790,15
963,15
130,15
13787,15
447,15
7260,15
1715,15
13060,15
12852,15
1649,15
21437,16
21413,16
21336,16
21324,16
21315,16
21265,16
21109,16
21095,16
21081,16
21055,16
21044,16
20988,16
20937,16
20918,16
20915,16
20776,16
20680,16
20639,16
20628,16
20564,16
20533,16
20450,16
20414,16
20391,16
20368,16
20252,16
20181,16
20174,16
19742,16
18627,16
18052,16
17034,16
16735,16
16715,16
16698,16
16642,16
16584,16
16569,16
16263,16
15886,16
15723,16
15211,16
15141,16
12616,16
12211,16
12005,16
11528,16
11470,16
11283,16
11060,16
10907,16
10529,16
10430,16
10393,16
10225,16
10130,16
9860,16
9825,16
9091,16
8997,16
8226,16
8048,16
7836,16
7678,34
20531,16
13890,16
7447,31
20300,16
7354,34
20207,16
7312,24
20165,16
7244,16
6765,16
6134,16
6094,16
5926,16
5402,16
11724,16
11635,16
11481,16
11475,16
4357,16
4330,16
7157,16
3755,25
16608,16
16574,19
3721,16
9985,16
160,16
9682,16
19307,34
6454,16
9576,16
9519,16
12664,16
12619,16
6198,16
15695,16
9158,16
15570,16
12296,16
2659,16
15489,16
8979,16
8972,16
5415,16
15053,16
8588,24
21441,16
11721,16
2089,16
17787,34
4934,16
6466,16
4472,16
12346,16
7484,19
20337,16
968,16
10532,16
74,16
4014,16
3996,16
5556,16
19981,34
7128,16
6297,16
7083,16
8970,16
15001,34
2148,16
6115,16
8005,16
10411,16
1178,16
774,16
3571,28
16424,16
5911,16
5501,25
18354,16
1070,16
1853,16
3377,27
16230,16
8868,16
3680,33
16533,16
21023,17
19679,17
17365,17
11768,17
11253,17
11144,17
21214,33
8361,17
6819,17
6463,17
11920,17
11161,17
10784,17
10676,17
8204,17
8102,17
8113,17
9088,17
6665,17
21176,18
20910,18
20685,18
20651,18
20598,18
20517,18
20515,18
19142,18
18708,18
16602,18
16055,18
16030,18
15295,18
13138,18
12658,18
12649,18
12391,18
12382,18
12380,18
12362,18
12258,18
12154,18
12149,18
11978,18
11884,18
11713,18
11705,18
11614,18
11568,18
10943,18
10083,18
9818,18
9478,18
9237,18
8708,18
2203,31
15056,18
8562,27
21415,18
8026,18
20879,18
20736,21
7883,18
7838,18
7790,18
7600,28
20453,18
13192,18
140,18
12506,18
12351,18
5657,18
11898,18
5342,18
11567,18
4797,18
4755,18
11034,18
17199,38
4346,18
10447,18
10436,18
6787,18
6759,18
9610,18
6123,18
8969,18
2478,18
2429,18
12017,18
15094,18
5089,18
126,18
1469,18
9287,18
10840,18
1080,18
9034,18
6591,18
1608,18
11966,18
2342,18
2333,18
12176,18
6549,18
1658,18
8981,18
11570,18
11540,18
8995,18
2938,18
2133,18
11644,18
21503,19
21462,19
21454,19
21429,19
21382,19
21297,19
21060,19
20467,19
19762,19
19208,19
19137,19
18859,19
18730,19
18638,19
18236,19
18135,19
18038,19
17957,19
17956,19
17853,19
17782,19
17770,19
17752,19
17719,19
17710,19
17538,19
17529,19
17340,19
17048,19
16707,19
16675,19
16622,19
16287,19
16203,19
15912,19
15898,19
15785,19
14672,19
937,28
13790,19
13711,19
12974,19
12827,19
12538,19
12485,19
12345,19
12225,19
12205,19
12156,19
11722,19
11663,19
11623,19
11563,19
11435,19
11396,19
11257,19
10918,19
10892,19
10551,19
10419,19
10404,19
10219,19
10110,19
9981,19
9971,19
9809,19
9285,19
8977,19
8919,19
8496,19
21291,34
8438,19
8351,19
8255,19
8217,19
8205,19
14512,31
1659,19
14393,19
7810,19
7715,19
20497,20
7644,19
7464,19
1017,21
13870,19
7337,19
13532,31
679,19
6660,19
6315,19
6282,19
12685,19
12661,19
12504,19
5946,19
12321,19
5876,19
5873,19
12236,19
12221,19
12159,19
12133,19
5563,19
5533,19
5517,19
5505,19
11923,19
11872,19
11847,19
11763,19
5293,19
5291,19
5183,28
18036,19
11598,19
5128,20
17981,19
11539,19
11515,19
5091,19
11465,19
11464,19
11373,19
4952,19
4818,19
17671,19
4733,19
4605,19
10874,19
10414,19
7003,23
19856,19
3673,19
6723,19
6694,19
3367,19
16148,31
3295,19
12853,19
9608,19
12716,19
9488,19
12663,19
15892,34
3039,19
15876,31
3023,19
9434,19
3013,19
9392,19
12540,19
15769,25
2916,19
2867,19
2847,19
9239,19
5949,19
2638,19
9032,19
12186,19
12172,19
2323,19
11915,19
8691,19
8690,19
11892,19
15061,19
15024,19
6855,19
19663,27
6810,19
10018,19
21208,21
8355,19
5121,19
1847,19
3400,19
1801,19
9638,19
3216,19
1619,19
8000,19
4744,38
17597,19
12727,19
6306,30
19159,19
7867,19
3042,19
6166,19
7737,19
10832,19
12378,19
4360,19
5947,19
1123,19
17933,28
5080,19
9081,19
15479,19
13874,19
7453,19
13037,19
1816,19
20793,21
7940,19
7090,27
19943,19
558,19
12173,19
2898,19
20532,24
7679,19
14485,19
10025,19
401,19
387,19
5974,19
16400,25
3547,19
7149,19
17965,20
5112,19
6477,19
16258,34
3405,19
4410,19
8367,19
3345,19
1740,19
11657,19
8947,19
1220,19
2325,19
16597,27
3744,19
6886,19
21275,20
8422,19
7261,33
20114,19
21215,20
20794,20
20237,20
18258,20
17795,20
16819,20
16815,20
16812,20
16347,20
16284,20
16221,20
16022,20
15834,20
14542,27
1689,20
12715,20
12624,20
11301,20
10980,20
10974,20
10855,20
10601,20
9502,20
9486,20
9278,20
8860,20
15205,20
15065,33
2212,20
8559,25
21412,20
8481,20
8394,20
8262,20
7676,25
20529,20
6293,20
6181,20
6172,20
6073,20
5993,20
12240,20
5744,20
12110,20
5438,20
5407,20
11685,20
11569,20
11549,20
11479,20
4292,20
715,20
3840,20
9963,20
6641,20
169,20
164,20
6213,20
6105,20
2548,20
8892,20
557,20
2112,20
10097,20
3676,20
449,20
6848,20
167,20
11359,20
1638,20
4788,20
1585,20
6179,20
1364,20
1245,20
1160,20
1137,20
20348,24
7495,20
4239,20
4216,20
6597,26
19450,20
998,20
7272,20
3994,20
1554,20
10381,20
4155,20
7735,20
1314,20
11733,20
1198,20
1176,20
2750,20
3672,20
7465,20
12153,20
21295,21
21233,21
21196,21
20657,21
20634,21
20567,21
20380,21
19862,21
19639,21
19459,21
19440,21
17811,21
17788,21
16806,21
16348,21
15969,21
15703,31
2850,21
15561,27
2708,21
15130,21
13552,32
699,21
12681,21
12613,21
12516,21
12364,21
12166,21
11993,21
11696,21
11684,21
11566,21
11529,21
11429,21
11416,21
11338,21
11106,21
10999,21
10966,21
10884,21
10839,21
9807,21
9611,21
9566,21
9425,21
9301,21
8521,21
21278,27
8425,21
8300,21
14646,21
14630,21
14103,21
7516,21
7330,21
7191,21
6521,26
19374,21
6500,21
6485,21
24,21
6309,21
5991,21
12294,21
5669,21
5629,21
18455,31
5602,21
11046,21
10919,21
4378,21
4358,21
4261,21
4182,27
17035,21
4157,21
10534,21
10524,21
734,21
16487,26
3634,21
5975,34
18828,21
12353,21
5931,21
15477,21
8965,21
2539,21
2350,21
15189,21
2316,21
15152,21
5452,21
2249,21
2188,21
10185,21
14995,21
16479,27
3626,21
10046,21
11649,21
2016,21
1861,21
5018,21
1655,21
7855,27
20708,21
1366,21
1285,21
1191,21
1117,21
14744,21
2663,21
210,21
1010,21
8915,21
848,21
781,21
5725,21
4517,21
5317,21
1311,21
2110,31
14963,21
98,21
8879,21
7193,21
6298,21
5354,21
4954,21
8580,21
1633,21
490,21
20159,22
19692,22
18952,22
18549,22
18504,22
18488,22
18465,22
18362,22
17343,22
17274,22
17245,22
16993,22
16332,22
16331,22
16304,22
16289,22
16216,22
16150,22
15831,22
15767,22
15578,29
2725,22
2492,31
15345,22
15096,22
13321,22
12687,22
12657,22
12627,22
12592,22
12571,22
12483,22
12336,22
12302,22
12274,22
12259,22
12246,22
12235,22
12223,22
12215,22
12197,22
12147,22
12125,22
12112,22
12102,22
11989,22
11960,22
11945,22
11940,22
11934,22
11907,22
11746,22
11425,22
10913,22
10864,22
10750,22
9988,22
9943,22
15563,22
9031,22
8802,22
8432,34
21285,22
1789,29
14642,22
14178,22
6726,22
12774,22
12732,22
12509,22
12469,22
12398,22
12316,22
12260,22
12229,22
5711,26
18564,22
12101,22
12024,22
11913,22
4204,22
4199,31
17052,22
4152,28
17005,22
409,31
13262,22
12910,22
3266,34
16119,22
12875,38
22,22
15984,25
3131,22
15981,30
3128,22
12731,22
3092,22
12632,22
8951,22
11861,22
3694,22
14499,22
3219,22
15956,34
3103,22
9230,22
1125,22
1919,22
12091,22
11946,22
1512,22
2155,22
12514,22
13285,22
1078,22
12243,22
1916,22
16200,24
3347,22
3133,22
8160,22
3122,22
16555,27
3702,22
13694,22
10464,22
18483,23
17964,23
17922,23
17900,23
16207,23
16141,23
15429,23
14860,23
1047,37
13900,23
11855,23
11220,23
10612,23
10611,23
10609,23
10284,23
10282,23
10280,23
9229,23
9187,23
9160,23
9127,23
8644,23
8614,23
8611,23
8125,23
13435,23
7008,23
6972,23
6372,23
6349,23
6341,23
11859,23
11850,23
5264,23
5086,23
11227,23
4776,23
11168,23
4574,23
4149,23
4094,23
4089,23
6999,23
3480,23
3456,23
6358,23
6356,23
2962,23
12463,23
9189,23
2666,23
5707,23
21521,24
8668,23
8619,23
5257,23
5219,23
16339,27
3486,23
5048,25
17901,23
9741,23
2961,23
2960,23
1077,23
3468,23
17071,24
4218,23
10610,23
16953,32
4100,23
4092,23
4085,23
10349,23
8702,23
2279,23
6774,23
8155,23
4123,23
920,23
899,23
883,23
9177,23
4562,23
15380,23
541,23
887,23
21556,24
21512,24
21339,24
21303,24
21138,24
21130,24
20925,24
20907,24
20377,24
20089,24
20080,24
20039,24
20025,24
20013,24
20012,24
19993,24
19557,24
18423,24
18050,24
17314,24
16955,24
16177,24
15234,24
14987,24
14757,24
12842,24
12815,24
12791,24
12027,24
11430,24
11297,24
11287,24
10545,24
10048,24
9797,24
9795,24
9764,24
9720,24
9712,24
9689,24
9535,24
15694,24
9134,24
15454,24
8710,24
21460,33
8607,24
7669,24
7355,24
7314,24
13270,24
12848,24
12806,24
6350,24
6086,24
12333,24
5090,30
17943,24
11322,24
11314,24
11163,24
4712,24
10774,24
10661,24
16992,27
4139,24
7136,27
19989,24
16615,33
3762,24
13244,24
3449,24
6201,24
9220,24
5964,24
15453,24
15400,24
15253,24
8658,24
15048,24
15562,24
2620,24
991,24
9697,24
677,34
13530,24
9515,24
4038,24
3528,24
15450,24
9777,24
21337,25
21222,25
21199,25
20432,25
20256,25
19812,25
19466,25
19365,25
18997,25
18832,25
18713,25
17975,25
17848,25
17661,25
17558,25
16911,25
16817,25
16798,25
16719,25
16665,25
16590,25
16421,25
16337,25
16219,25
15482,25
15307,25
12572,25
12255,25
12035,25
12031,25
11750,25
11687,25
11565,25
11452,25
11424,25
11340,25
11306,25
10964,25
10870,25
10600,25
10500,25
10427,25
10032,25
10027,25
9970,25
9937,25
9896,25
9652,25
9475,25
15679,25
2826,25
9113,25
9101,25
9097,25
8893,25
15153,25
8457,25
8317,25
8297,25
8291,25
8286,25
14540,25
7774,25
7462,25
13633,31
780,25
534,25
6809,25
6771,25
6670,25
19447,27
6594,25
6458,25
6227,25
6187,25
6102,25
18955,25
5906,25
12239,25
5461,25
4920,33
17773,25
10599,25
10597,25
10538,25
16811,27
3958,25
10094,25
3631,25
10040,25
13203,25
6621,38
19474,25
11,25
6313,25
9428,25
5968,25
2518,25
2488,25
8899,25
5624,25
2270,25
5455,27
18308,25
2234,25
3713,25
11689,25
21300,33
8447,25
6783,25
8339,33
21192,25
9930,25
13131,25
6680,25
13093,25
14524,25
8027,25
4775,25
1449,25
1446,25
1438,25
11031,25
1288,25
1284,25
2825,25
1225,25
2807,25
1059,25
2613,25
12914,25
6288,25
7092,25
538,25
1643,25
10053,25
15259,25
5976,25
9994,25
5078,25
151,25
539,25
1271,25
739,25
10556,25
2437,25
19674,26
16885,26
16546,26
16297,26
15888,26
15833,26
15226,26
15210,27
2357,26
13174,26
13031,26
12680,26
12487,26
11883,26
11728,26
11381,26
11370,26
11272,26
10917,26
10904,26
10431,26
10233,26
10197,26
10173,26
9869,26
9556,26
9330,26
9280,26
9242,26
9238,26
15653,28
2800,26
9072,26
8716,26
8526,26
2080,34
14933,26
8039,26
7880,26
7442,26
13854,26
882,31
13735,26
13656,26
6732,26
6674,26
12646,26
12517,26
18276,31
5423,26
4827,26
4751,26
11111,26
10891,26
3922,26
7073,26
16718,27
3865,26
494,26
6762,26
6752,26
3261,26
12551,26
9328,26
5965,26
5951,26
2729,26
2409,26
2236,26
5431,26
2194,26
6863,26
11666,26
6748,26
11504,26
19412,29
6559,26
6523,26
8022,26
14427,26
1414,26
1391,26
1269,26
1765,26
13708,26
7107,26
9373,26
10841,26
696,26
13709,26
995,26
11575,26
145,26
1677,26
483,26
4143,26
10095,26
17672,33
4819,26
21253,27
21143,27
21041,27
20982,27
20887,27
20641,27
19959,27
19935,27
19906,27
19732,27
19297,27
19258,27
18963,27
18898,27
18882,27
18861,27
18842,27
18654,27
18239,27
17973,27
17798,27
17760,27
17652,27
17596,27
17569,27
17559,27
16983,27
16714,27
16695,27
16676,27
16563,27
16512,27
16163,27
16041,27
15918,27
15717,27
15664,27
15591,27
15308,27
14978,27
12937,27
12822,27
12717,27
12679,27
12677,27
12625,27
12344,27
12298,27
12087,27
11910,27
11405,27
11274,27
11268,27
11126,27
11095,27
11088,27
11063,27
10989,27
10988,27
10985,27
10922,27
10899,27
10848,27
10467,27
10371,27
10335,27
10146,27
10086,27
9929,27
9920,27
9918,27
9858,27
9844,27
9561,27
9443,27
9332,27
9020,27
8996,27
15365,38
2512,27
8916,27
8853,27
8781,27
8717,27
8711,27
7847,27
7470,27
7322,27
7247,27
7225,27
7065,27
6874,27
19727,27
13280,27
6817,27
12959,27
6450,27
12644,27
6124,27
12390,27
5934,27
5910,27
5889,27
12309,27
12219,27
5675,27
11982,27
5477,27
11891,27
5465,27
5421,27
5349,27
5094,27
11386,27
4812,27
11133,27
11086,27
4591,27
4537,27
10768,27
4145,27
3830,27
3821,27
3759,27
552,27
3717,38
16570,27
10102,27
3612,32
16465,27
10000,27
6767,27
13214,33
361,27
6695,27
6655,27
3189,27
3100,27
12697,27
15925,31
3072,27
3069,27
3038,27
2933,27
9288,27
6059,27
6030,27
15668,35
2815,27
15629,27
2672,27
2569,27
2419,27
11895,27
5409,27
547,27
5366,27
10171,27
2097,27
442,27
6734,27
3509,27
9928,27
1666,27
3252,27
12883,27
4841,27
17694,27
1626,27
6422,27
14423,27
7967,27
20817,30
7964,27
4660,38
17513,27
6246,27
7865,27
4615,27
1316,27
2897,27
15596,27
9102,27
2660,27
1052,27
14679,27
1032,27
1020,27
4212,27
185,27
4976,27
17829,27
3276,27
4054,27
7217,27
768,27
3970,27
703,27
21575,28
8722,27
1500,27
685,27
1335,27
10129,27
3707,27
8467,27
6433,34
19286,27
424,27
1203,27
1575,27
4774,27
3565,27
1153,27
9893,27
9025,27
3387,27
12969,27
3093,27
1676,27
474,27
3356,27
2491,27
4447,27
6853,27
1340,27
939,27
4408,27
10442,27
1039,27
2810,27
21562,28
21096,28
20757,28
20682,28
20270,28
20264,28
19509,28
19499,28
19017,28
18490,28
18425,28
18061,28
18009,28
17916,28
17416,28
17188,28
17169,28
17074,28
16946,28
16897,28
16759,28
16357,28
16264,28
16125,28
15989,28
15979,28
15840,28
14544,28
12706,28
12318,28
11574,28
11466,28
11185,28
11123,28
10756,28
10746,28
10632,28
10530,28
10455,28
10272,28
10080,28
9700,28
9590,28
8706,28
8699,28
14984,28
14974,37
2121,28
8314,28
7903,28
7552,28
7332,28
7216,28
7066,28
7047,28
6976,28
12917,38
64,28
12714,28
6215,28
12435,28
5692,28
5684,28
5508,28
11771,28
5274,28
5220,28
11059,28
10754,28
4165,28
4084,28
4048,28
10291,28
13482,28
10183,28
6737,28
13172,28
3118,28
3105,28
2994,28
2993,28
2858,28
12389,28
9184,28
9139,28
9012,28
2555,28
8903,28
8692,28
2260,28
2228,28
5371,28
354,28
323,28
14573,28
111,28
6547,28
9706,28
9382,28
1308,28
9283,28
9178,28
1147,28
15556,28
1103,28
7437,28
897,28
17544,30
4691,28
11773,28
4504,33
17357,28
5178,28
9171,28
345,28
1656,28
1761,28
880,28
13274,28
4544,28
6699,28
9736,28
9543,28
10825,28
5216,28
1616,28
19831,29
17993,29
16274,29
16074,29
15467,29
12040,29
12010,29
10458,29
9296,29
8962,29
8734,29
8373,29
12016,29
11941,29
5287,29
5141,29
66,30
12919,29
15579,29
15560,29
3009,29
10527,29
12908,29
2953,29
21372,30
21257,30
21182,30
21181,30
21132,30
21100,30
21042,30
20932,30
20926,30
20768,30
20606,30
19704,30
19424,30
19422,30
18158,30
17547,30
16598,30
16592,30
15985,30
14985,30
14525,30
13026,30
12187,30
12063,30
11336,30
10921,30
10885,30
10174,30
9678,30
9572,30
9103,30
8810,30
8565,30
7674,31
20527,30
756,30
6743,30
6311,30
6279,30
6240,30
6175,30
6107,30
6055,30
5913,30
11980,30
5496,30
5451,30
5444,30
5355,30
4999,30
4803,30
10926,30
4257,30
4169,30
10573,30
7078,30
10196,30
6231,30
6041,30
5716,30
12098,30
4911,30
1566,30
1384,30
1265,30
5100,30
4219,30
1494,30
1532,30
6642,30
2099,30
535,30
2836,30
6505,30
6696,30
8858,30
20834,31
19786,31
18676,31
18487,31
18321,31
18281,31
18277,31
18252,31
18222,31
17876,31
17839,31
17758,31
17421,31
17317,31
17212,31
17148,31
16772,31
16740,31
16481,31
16434,31
16399,31
16359,31
16176,31
15973,31
15929,31
15914,31
15859,31
15858,31
15855,31
15643,31
2722,39
15575,31
15303,31
15296,31
15237,31
15103,31
13136,31
12885,31
12829,31
12573,31
12409,31
12338,31
12278,31
12202,31
11801,31
11765,31
11711,31
11587,31
11064,31
10757,31
10537,31
10361,31
10306,31
10299,31
10292,31
9940,31
9927,31
9779,31
9527,31
9393,31
9352,31
9290,31
9142,31
9124,31
9107,31
8932,31
8654,31
8108,31
7596,31
800,31
7221,31
13286,31
13282,31
13185,31
100,31
6353,31
6335,31
6083,31
12488,31
11714,31
5207,31
11546,31
5118,31
4867,31
11237,31
11100,31
11065,31
4621,31
4028,31
10313,31
10262,31
3594,31
3491,31
220,31
6623,31
198,31
3249,31
3211,31
6301,31
2982,31
2973,31
9277,31
5972,31
9182,31
9181,31
12375,31
2688,31
5788,31
2578,31
2240,34
15093,31
8623,31
8615,31
3609,31
14842,31
9952,31
1815,31
3207,31
7962,31
1520,31
7899,31
1456,31
4623,31
3001,32
15854,31
7825,31
1361,31
1272,31
1193,31
9210,31
9175,31
1152,31
9098,31
1024,31
7424,31
793,31
7154,31
1350,31
1343,31
6546,31
104,31
895,31
1184,31
15217,31
9550,31
293,31
6714,31
12332,31
284,31
56,31
13237,31
1785,31
8572,31
9760,31
3339,31
922,31
105,31
8162,31
6941,31
940,31
3340,31
839,31
3315,31
1356,31
816,31
17523,32
17089,32
16285,32
16251,32
16188,32
16133,32
15510,32
12810,32
12785,32
12413,32
11794,32
11284,32
10796,32
10755,32
10737,32
10710,32
10416,32
10356,32
9745,32
9299,32
9217,32
8629,32
7100,32
19933,33
7080,32
6981,32
6483,32
12523,32
5909,32
5905,32
5819,32
11832,32
11798,32
5360,32
5269,32
11256,32
11228,32
4768,32
7020,32
330,32
12846,32
5945,32
8760,32
8728,32
8678,32
11864,32
6369,32
11193,32
9218,32
3482,32
15523,32
9880,32
2565,32
13739,32
10321,32
9781,32
5223,32
21447,33
21388,33
21286,33
21106,33
21047,33
20804,33
20646,33
20381,33
19815,33
19790,33
18606,33
16912,33
16848,33
16480,33
16342,33
15733,33
13032,33
12341,33
12244,33
12169,33
11990,33
11878,33
11758,33
11754,33
11700,33
11683,33
11578,33
11317,33
11128,33
11109,33
11019,33
10963,33
10923,33
10856,33
9647,33
9399,33
9003,33
8935,33
8488,33
8487,33
8430,34
21283,33
8335,33
8036,33
8017,33
7739,33
7483,33
7439,33
7212,33
6747,33
13118,33
6668,33
6601,33
6496,33
6257,33
6078,33
12379,33
12079,33
12078,33
5654,33
11967,33
11904,33
11622,33
11588,33
17887,39
5034,33
5015,33
11354,33
4901,33
4745,33
10879,33
4258,33
3952,33
7061,33
10227,33
10211,33
3771,33
9839,33
212,33
6592,33
3192,37
16045,33
9605,33
6243,33
6211,33
9389,33
6149,33
2918,33
2834,33
2820,33
2691,33
12271,33
2645,33
2567,33
12163,33
8814,33
5538,33
5416,33
2026,33
13165,33
13110,33
1872,33
5051,33
5050,33
8219,33
4914,33
41,33
1433,33
11036,33
2806,33
1192,33
1157,33
4337,33
1837,33
1003,33
10598,33
11308,33
2479,33
837,33
11153,33
15145,33
3900,33
680,33
2276,33
6552,33
1355,33
3740,33
8530,33
1258,33
10459,33
3977,33
7953,33
1528,33
1101,33
2667,33
6679,33
1007,33
4554,33
6551,33
4930,33
21190,35
8337,33
2877,33
10089,33
6880,33
10983,33
12115,33
7762,33
484,33
4404,33
21376,34
21318,34
21261,34
21251,34
21134,34
21133,34
19975,34
19892,34
19874,34
19860,34
19649,34
19645,34
19383,34
19180,34
19113,34
18921,34
18910,34
18906,34
18191,34
18145,34
18037,34
17835,34
17810,34
17723,34
17716,34
17687,34
17551,34
17488,34
16796,34
16677,34
16523,34
15885,34
15778,34
14028,34
12529,34
12350,34
12049,34
11619,34
11559,34
11527,34
11514,34
11477,34
11468,34
11431,34
11378,34
11374,34
11349,34
11136,34
11102,34
10971,34
10961,34
10960,34
10816,34
10387,34
10158,34
10098,34
10071,34
9891,34
9872,34
9833,34
9661,34
9454,34
9258,34
9033,34
8780,34
8748,34
15031,34
8514,34
8435,34
7928,34
7895,34
14315,34
7344,34
745,34
7058,34
7045,34
6818,34
6725,34
6702,34
6697,34
6562,34
6497,34
12559,34
5937,34
5919,34
5615,34
11954,34
5379,34
5082,34
4586,34
10962,34
4161,34
712,34
3879,34
3856,34
3790,34
10058,34
376,34
2946,34
2945,34
2926,34
2769,34
8909,34
12083,34
5608,34
532,34
10066,34
6710,34
5001,34
3384,34
1678,34
9644,34
12851,34
1506,34
3053,34
1425,34
12600,34
9381,34
9338,34
7729,34
4437,34
1228,34
11526,34
9867,34
6616,34
978,34
1679,34
2434,34
10435,34
767,34
11962,34
741,34
724,34
3910,34
7109,34
19962,34
3089,34
9345,34
2126,34
1584,34
9984,34
735,34
6731,34
9677,34
441,34
6604,34
3742,34
1099,34
7497,34
1665,34
10518,34
16140,37
3287,34
10151,34
6836,34
2102,34
840,34
21322,35
20931,35
20415,35
20279,35
17617,35
17607,35
16405,35
16374,35
16365,35
16363,35
16244,35
15980,35
15729,35
10561,35
9312,35
388,35
5575,35
9525,35
12570,35
9339,35
2761,35
8741,35
15067,35
7887,35
1009,35
11305,35
15207,35
7432,35
2756,35
14970,35
14959,36
4781,36
518,36
2310,36
969,36
3572,36
4735,36
5870,36
21076,37
20878,37
19998,37
19198,37
18749,37
18454,37
17384,37
17352,37
17062,37
16488,37
16300,37
16100,37
15959,37
12818,37
12814,37
12813,37
12743,37
12628,37
12432,37
11437,37
11276,37
11181,37
11171,37
11015,37
10903,37
10634,37
10342,37
8829,37
14930,37
8347,37
439,39
13292,37
6214,37
12524,37
12394,37
5767,37
5253,37
5194,37
5146,37
4364,37
10394,37
7075,37
19902,38
7049,37
6995,37
9792,37
1913,37
1889,37
9734,37
1657,37
4630,37
10648,37
10398,37
12395,37
1174,37
8761,37
1498,37
10694,37
50,37
11497,37
1044,37
9761,37
3630,37
5236,37
21532,38
19653,38
19625,38
19081,38
19077,38
18509,38
18459,38
18374,38
18366,38
17442,38
17246,38
16415,38
16310,38
16282,38
16142,38
16134,38
13256,38
12521,38
11795,38
11379,38
11261,38
11137,38
10704,38
10604,38
10385,38
9829,38
9812,38
8757,38
8726,38
8138,38
7177,38
6929,38
444,38
438,39
13291,38
13238,38
13007,38
6576,38
6137,38
12534,38
12464,38
5985,38
12080,38
5485,38
5392,38
5205,38
4741,38
4366,38
4091,38
4080,38
4036,38
6965,38
9841,38
12752,38
5765,38
11894,38
6982,38
5245,38
5231,38
1933,38
8190,38
4881,38
12841,38
11230,38
4771,38
1550,38
7591,38
7577,38
7569,38
9165,38
9135,38
4306,38
10724,38
1040,38
1023,38
974,38
10521,38
1681,38
857,38
10473,38
4700,38
6951,38
2522,38
5318,38
3661,38
13266,38
6758,38
3396,38
8211,38
1158,38
450,38
10314,38
890,38
11160,38
10553,38
929,38
2529,38
7222,38
21553,39
21551,39
20393,39
19571,39
19515,39
19053,39
19045,39
18481,39
17440,39
15547,39
14876,39
13092,39
12630,39
11802,39
11413,39
11221,39
10715,39
10699,39
9744,39
9728,39
9707,39
9606,39
9417,39
8859,39
7869,39
7757,39
7541,39
5815,39
11241,39
4644,39
10688,39
4105,39
2561,39
3760,39
11787,39
7686,39
15667,39
1177,39
7544,39
10644,39
6583,39
1264,39
1924,39
10338,39
13114,39
