21576,0
21574,0
21571,0
21568,0
21567,0
21565,0
21556,0
21553,0
21551,0
21550,0
21532,0
21517,0
21512,0
21503,0
21502,0
21501,0
21473,0
21469,0
21462,0
21454,0
21429,0
21423,0
21419,0
21404,0
21401,0
21387,0
21376,0
21369,0
21360,0
21358,0
21339,0
21321,0
21319,0
21318,0
21303,0
21297,0
21293,0
21292,0
21267,0
21261,0
21257,0
21253,0
21251,0
21210,0
21201,0
21199,0
21181,0
21177,0
21143,0
21138,0
21133,0
21131,0
21130,0
21096,0
21076,0
21060,0
21038,0
21028,0
21023,0
21019,0
21007,0
21000,0
20989,0
20946,0
20936,0
20931,0
20925,0
20919,0
20907,0
20905,0
20902,0
20888,0
20887,0
20878,0
20840,0
20835,0
20834,0
20829,0
20824,0
20787,0
20778,0
20773,0
20769,0
20757,0
20753,0
20734,0
20721,0
20710,0
20709,0
20699,0
20682,0
20668,0
20653,0
20641,0
20632,0
20596,0
20584,0
20552,0
20514,0
20469,0
20468,0
20467,0
20465,0
20439,0
20420,0
20415,0
20409,0
20406,0
20398,0
20396,0
20389,0
20379,0
20377,0
20352,0
20267,0
20264,0
20262,0
20256,0
20230,0
20186,0
20142,0
20137,0
20095,0
20090,0
20089,0
20080,0
20058,0
20048,0
20039,0
20035,0
20034,0
20031,0
20025,0
20013,0
20012,0
20005,0
19998,0
19993,0
19984,0
19975,0
19959,0
19935,0
19912,0
19906,0
19895,0
19892,0
19890,0
19874,0
19870,0
19860,0
19844,0
19839,0
19837,0
19833,0
19832,0
19831,0
19830,0
19826,0
19807,0
19802,0
19786,0
19769,0
19763,0
19762,0
19758,0
19744,0
19732,0
19731,0
19711,0
19704,0
19692,0
19679,0
19658,0
19653,0
19649,0
19648,0
19645,0
19635,0
19571,0
19559,0
19557,0
19556,0
19551,0
19546,0
19529,0
19515,0
19509,0
19507,0
19505,0
19499,0
19480,0
19478,0
19471,0
19470,0
19464,0
19453,0
19433,0
19432,0
19424,0
19422,0
19420,0
19419,0
19418,0
19411,0
19383,0
19371,0
19325,0
19312,0
19293,0
19262,0
19256,0
19223,0
19208,0
19191,0
19181,0
19180,0
19167,0
19155,0
19137,0
19122,0
19092,0
19083,0
19082,0
19077,0
19069,0
19065,0
19062,0
19053,0
19050,0
19045,0
19017,0
19006,0
18995,0
18994,0
18992,0
18975,0
18963,0
18962,0
18952,0
18951,0
18932,0
18930,0
18922,0
18921,0
18917,0
18910,0
18902,0
18898,0
18875,0
18872,0
18865,0
18861,0
18860,0
18852,0
18849,0
18842,0
18840,0
18795,0
18782,0
18774,0
18773,0
18768,0
18749,0
18746,0
18738,0
18736,0
18730,0
18719,0
18698,0
18689,0
18682,0
18676,0
18674,0
18667,0
18665,0
18648,0
18638,0
18621,0
18616,0
18567,0
18557,0
18549,0
18527,0
18519,0
18509,0
18504,0
18495,0
18493,0
18490,0
18488,0
18487,0
18481,0
18479,0
18472,0
18467,0
18466,0
18465,0
18463,0
18459,0
18458,0
18454,0
18443,0
18437,0
18433,0
18430,0
18423,0
18421,0
18415,0
18403,0
18402,0
18392,0
18389,0
18387,0
18374,0
18372,0
18371,0
18367,0
18366,0
18357,0
18356,0
18342,0
18339,0
18332,0
18321,0
18313,0
18303,0
18302,0
18281,0
18280,0
18277,0
18271,0
18258,0
18257,0
18254,0
18239,0
18236,0
18234,0
18228,0
18225,0
18222,0
18217,0
18191,0
18186,0
18160,0
18135,0
18104,0
18101,0
18099,0
18095,0
18085,0
18080,0
18071,0
18066,0
18050,0
18040,0
18038,0
18037,0
18034,0
18017,0
18014,0
17986,0
17963,0
17960,0
17957,0
17956,0
17952,0
17927,0
17916,0
17915,0
17899,0
17894,0
17892,0
17880,0
17878,0
17877,0
17876,0
17875,0
17872,0
17870,0
17867,0
17864,0
17863,0
17860,0
17857,0
17849,0
17847,0
17839,0
17837,0
17822,0
17813,0
17812,0
17810,0
17782,0
17780,0
17776,0
17770,0
17766,0
17760,0
17759,0
17758,0
17752,0
17749,0
17748,0
17738,0
17731,0
17728,0
17723,0
17719,0
17716,0
17707,0
17706,0
17687,0
17686,0
17666,0
17652,0
17643,0
17619,0
17616,0
17612,0
17596,0
17589,0
17579,0
17574,0
17573,0
17569,0
17568,0
17563,0
17562,0
17551,0
17538,0
17529,0
17523,0
17499,0
17488,0
17479,0
17473,0
17472,0
17455,0
17452,0
17440,0
17433,0
17431,0
17423,0
17422,0
17421,0
17419,0
17417,0
17416,0
17412,0
17411,0
17410,0
17406,0
17403,0
17400,0
17399,0
17384,0
17365,0
17364,0
17361,0
17359,0
17352,0
17349,0
17343,0
17342,0
17340,0
17338,0
17335,0
17317,0
17316,0
17315,0
17314,0
17302,0
17301,0
17298,0
17285,0
17279,0
17277,0
17275,0
17274,0
17269,0
17248,0
17247,0
17246,0
17245,0
17236,0
17221,0
17212,0
17201,0
17188,0
17187,0
17177,0
17174,0
17173,0
17168,0
17164,0
17152,0
17151,0
17149,0
17148,0
17146,0
17142,0
17140,0
17137,0
17134,0
17128,0
17127,0
17125,0
17123,0
17117,0
17103,0
17097,0
17095,0
17089,0
17083,0
17077,0
17075,0
17074,0
17067,0
17060,0
17059,0
17053,0
17048,0
17039,0
17038,0
17036,0
17015,0
17011,0
17007,0
17003,0
17001,0
17000,0
16993,0
16991,0
16990,0
16989,0
16987,0
16986,0
16983,0
16981,0
16979,0
16969,0
16967,0
16962,0
16961,0
16957,0
16955,0
16946,0
16940,0
16939,0
16935,0
16929,0
16926,0
16903,0
16897,0
16885,0
16875,0
16871,0
16854,0
16851,0
16803,0
16796,0
16794,0
16788,0
16777,0
16776,0
16774,0
16772,0
16767,0
16759,0
16750,0
16749,0
16740,0
16734,0
16714,0
16708,0
16707,0
16695,0
16688,0
16687,0
16680,0
16677,0
16676,0
16675,0
16668,0
16667,0
16663,0
16662,0
16658,0
16656,0
16652,0
16651,0
16636,0
16622,0
16607,0
16589,0
16581,0
16577,0
16563,0
16538,0
16531,0
16523,0
16518,0
16512,0
16510,0
16499,0
16495,0
16488,0
16463,0
16459,0
16443,0
16434,0
16429,0
16421,0
16420,0
16419,0
16415,0
16405,0
16404,0
16399,0
16374,0
16369,0
16365,0
16363,0
16359,0
16357,0
16354,0
16332,0
16331,0
16318,0
16311,0
16310,0
16307,0
16300,0
16289,0
16287,0
16285,0
16282,0
16279,0
16277,0
16274,0
16264,0
16256,0
16251,0
16241,0
16238,0
16232,0
16216,0
16215,0
16214,0
16212,0
16211,0
16210,0
16203,0
16196,0
16194,0
16188,0
16179,0
16176,0
16171,0
16164,0
16163,0
16159,0
16152,0
16149,0
16146,0
16145,0
16142,0
16139,0
16136,0
16134,0
16133,0
16125,0
16123,0
16120,0
16115,0
16110,0
16103,0
16100,0
16098,0
16097,0
16095,0
16093,0
16091,0
16086,0
16077,0
16074,0
16041,0
16023,0
16013,0
16003,0
15996,0
15993,0
15988,0
15987,0
15980,0
15973,0
15961,0
15959,0
15950,0
15932,0
15929,0
15918,0
15914,0
15913,0
15912,0
15908,0
15898,0
15885,0
15872,0
15859,0
15858,0
15855,0
15831,0
15810,0
15793,0
15785,0
15778,0
15767,0
15757,0
15736,0
15732,0
15729,0
15713,0
15672,0
2819,0
15666,0
2813,0
15664,0
15643,0
15636,0
2783,0
15620,0
2767,0
15616,0
2763,0
2748,49
15601,0
15597,51
2744,0
15595,0
2742,0
15580,0
15578,0
2725,0
15575,0
2722,0
2720,6
15573,0
15569,0
15565,0
2708,49
15561,0
15559,0
15551,0
15547,0
15543,0
2687,49
15540,0
2674,2
15527,0
15510,0
15504,0
15503,0
2650,0
15484,0
2630,6
15483,0
15481,0
15478,0
15476,0
15471,0
15467,0
2611,11
15464,0
15459,49
2606,0
15457,0
2604,0
15447,0
2594,0
15430,58
2577,0
15429,0
2562,2
15415,0
15406,0
2553,0
15363,0
15357,27
2504,0
15352,0
2499,0
2492,45
15345,0
15315,49
2462,0
15308,0
15306,0
15303,0
15296,0
15292,0
15264,0
2411,0
15258,18
2405,0
15255,0
2393,37
15246,0
15237,0
15234,0
15230,0
15226,0
15219,4
2366,0
2357,26
15210,0
15204,0
2347,17
15200,0
15197,10
2344,0
15194,0
2303,15
15156,0
15144,2
2291,0
2269,46
15122,0
2266,39
15119,0
15096,0
15090,44
2237,0
15060,0
15052,0
15037,0
15026,44
2173,0
15012,1
2159,0
15004,0
2151,0
14987,0
14982,0
14981,56
2128,0
14978,0
14971,2
2118,0
14969,0
2116,0
14959,0
2079,6
14932,0
14928,0
14926,0
2073,0
14904,0
14903,0
2033,53
14886,0
14885,0
2029,44
14882,0
14877,0
2024,0
14876,0
2020,16
14873,0
14865,0
2012,0
14839,0
14818,0
1965,0
14783,0
14757,0
14736,0
14672,0
14622,39
1769,0
14604,0
1751,0
1734,37
14587,0
14563,0
14549,10
1696,0
14545,0
1692,0
14544,0
14539,0
1686,0
1684,54
14537,0
1651,14
14504,0
14310,8
1457,0
14263,0
14199,0
1313,6
14166,0
14069,0
1216,0
13958,0
1105,0
13900,0
1047,0
13790,0
937,0
13757,0
904,0
13721,0
868,0
861,44
13714,0
13711,0
13702,0
849,0
13649,0
13559,0
706,0
699,50
13552,0
13507,0
13471,0
13458,0
13288,0
435,0
13279,0
13263,0
410,0
13256,0
13255,0
402,0
13245,0
13242,0
389,0
13224,1
371,0
13201,0
13190,0
13175,0
322,0
13174,0
13170,0
317,0
13163,0
13139,0
13136,0
271,58
13124,0
13119,0
13096,0
13085,54
232,0
13077,0
13072,0
13070,0
13064,39
211,0
13046,0
13039,0
186,0
13023,0
13021,0
168,0
13003,0
139,18
12992,0
12963,0
110,0
12956,0
12937,0
12933,19
80,0
12905,0
12893,43
40,0
12885,0
12861,0
12842,0
12836,0
12829,0
12827,0
12824,0
12818,0
12815,0
12810,0
12799,0
12791,0
12788,0
12785,0
12778,0
12775,0
12772,0
12763,0
12760,0
12759,0
12755,0
12754,0
12751,0
12748,0
12743,0
12728,0
12725,0
12717,0
12707,0
12702,0
12691,0
12690,0
12689,0
12683,0
12680,0
12677,0
12672,0
12670,0
12668,0
12660,0
12651,0
12647,0
12633,0
12630,0
12627,0
12625,0
12621,0
12611,0
12604,0
12579,0
12574,0
12564,0
12563,0
12557,0
12531,0
12529,0
12521,0
12502,0
12492,0
12490,0
12489,0
12487,0
12485,0
12473,0
12466,0
12465,0
12461,0
12460,0
12457,0
12449,0
12443,0
12442,0
12432,0
12423,0
12413,0
12409,0
12404,0
12400,0
12399,0
12374,0
12345,0
12344,0
12339,0
12338,0
12318,0
12317,0
12313,0
12304,0
12302,0
12298,0
12286,0
12281,0
12278,0
12276,0
12259,0
12250,0
12249,0
12246,0
12237,0
12225,0
12224,0
12223,0
12222,0
12216,0
12215,0
12197,0
12195,0
12191,0
12156,0
12135,0
12125,0
12117,0
12114,0
12106,0
12094,0
12073,0
12067,0
12054,0
12049,0
12046,0
12044,0
12040,0
12028,0
12027,0
12011,0
12010,0
12005,0
11983,0
11981,0
11970,0
11968,0
11957,0
11945,0
11935,0
11910,0
11909,0
11907,0
11900,0
11888,0
11883,0
11867,0
11866,0
11860,0
11854,0
11848,0
11841,0
11833,0
11826,0
11822,0
11812,0
11808,0
11802,0
11801,0
11795,0
11794,0
11793,0
11791,0
11789,0
11768,0
11765,0
11746,0
11743,0
11728,0
11723,0
11722,0
11706,0
11663,0
11639,0
11638,0
11627,0
11625,0
11623,0
11619,0
11617,0
11602,0
11587,0
11580,0
11579,0
11578,0
11574,0
11563,0
11559,0
11558,0
11551,0
11550,0
11545,0
11541,0
11527,0
11522,0
11519,0
11514,0
11508,0
11490,0
11487,0
11484,0
11477,0
11468,0
11466,0
11460,0
11459,0
11451,0
11447,0
11446,0
11444,0
11440,0
11437,0
11431,0
11430,0
11428,0
11425,0
11418,0
11413,0
11406,0
11405,0
11403,0
11400,0
11396,0
11390,0
11387,0
11381,0
11379,0
11378,0
11374,0
11372,0
11371,0
11370,0
11369,0
11357,0
11348,0
11344,0
11330,0
11327,0
11299,0
11297,0
11292,0
11291,0
11287,0
11285,0
11284,0
11279,0
11278,0
11276,0
11274,0
11273,0
11272,0
11270,0
11265,0
11261,0
11257,0
11255,0
11253,0
11252,0
11251,0
11249,0
11243,0
11236,0
11234,0
11221,0
11211,0
11210,0
11205,0
11191,0
11185,0
11183,0
11181,0
11179,0
11175,0
11174,0
11173,0
11171,0
11170,0
11149,0
11144,0
11136,0
11126,0
11123,0
11104,0
11103,0
11102,0
11101,0
11095,0
11093,0
11088,0
11076,0
11074,0
11064,0
11063,0
11056,0
11048,0
11041,0
11039,0
11035,0
11015,0
10998,0
10992,0
10989,0
10985,0
10978,0
10971,0
10961,0
10960,0
10959,0
10947,0
10941,0
10922,0
10918,0
10913,0
10905,0
10904,0
10903,0
10901,0
10894,0
10892,0
10887,0
10876,0
10864,0
10849,0
10847,0
10845,0
10843,0
10834,0
10827,0
10817,0
10816,0
10811,0
10796,0
10794,0
10788,0
10773,0
10757,0
10755,0
10750,0
10743,0
10742,0
10738,0
10737,0
10729,0
10721,0
10717,0
10715,0
10714,0
10710,0
10708,0
10704,0
10703,0
10702,0
10699,0
10693,0
10665,0
10642,0
10638,0
10634,0
10632,0
10619,0
10618,0
10612,0
10611,0
10609,0
10608,0
10606,0
10604,0
10584,0
10561,0
10559,0
10555,0
10551,0
10545,0
10537,0
10530,0
10508,0
10498,0
10470,0
10467,0
10458,0
10455,0
10453,0
10445,0
10432,0
10429,0
10423,0
10416,0
10404,0
10402,0
10388,0
10387,0
10385,0
10377,0
10371,0
10361,0
10359,0
10356,0
10348,0
10342,0
10335,0
10334,0
10332,0
10328,0
10322,0
10318,0
10310,0
10306,0
10302,0
10299,0
10292,0
10289,0
10282,0
10280,0
10272,0
10265,0
10258,0
10255,0
10245,0
10243,0
10240,0
10237,0
10235,0
10230,0
10197,0
10173,0
10158,0
10146,0
10114,0
10112,0
10110,0
10107,0
10100,0
10098,0
10096,0
10086,0
10080,0
10071,0
10062,0
10057,0
10049,0
10048,0
10042,0
10038,0
10002,0
9988,0
9976,0
9971,0
9965,0
9956,0
9953,0
9943,0
9940,0
9927,0
9925,0
9923,0
9918,0
9915,0
9906,0
9905,0
9902,0
9892,0
9891,0
9878,0
9874,0
9872,0
9869,0
9868,0
9866,0
9858,0
9853,0
9850,0
9847,0
9844,0
9833,0
9829,0
9827,0
9822,0
9814,0
9812,0
9804,0
9797,0
9795,0
9787,0
9779,0
9771,0
9764,0
9755,0
9752,0
9746,0
9745,0
9744,0
9742,0
9733,0
9728,0
9720,0
9712,0
9707,0
9689,0
9681,0
9671,0
9668,0
9661,0
9657,0
9654,0
9642,0
9641,0
9607,0
9606,0
9603,0
9599,0
9590,0
9588,0
9572,0
9561,0
9559,0
9557,0
9551,0
9544,0
9535,0
9527,0
9509,0
9505,0
9479,0
9473,0
9454,0
9450,0
9445,0
9443,0
9433,0
9432,0
9423,0
9417,0
9413,0
9410,0
9408,0
9393,0
9356,0
9352,0
9335,0
9330,0
9326,0
9324,0
9315,0
9314,0
9313,0
9306,0
9299,0
15717,0
9296,0
9290,0
9285,0
9280,0
15694,0
15688,0
9265,0
9263,0
9258,0
15674,0
9253,0
9252,0
15656,0
2803,0
15653,0
2800,0
9232,0
9217,0
9207,0
9205,0
2771,1
15624,0
9203,0
9201,0
9197,0
9161,0
15581,0
2728,0
9156,0
9155,0
15568,0
9147,0
15563,0
9142,0
9134,0
9133,0
15548,39
2695,0
9124,0
9115,0
9110,0
15528,0
9107,0
9104,0
9103,0
15521,0
9100,0
2658,43
15511,0
9090,0
9075,0
9072,0
9065,0
15485,0
9064,0
9053,0
9048,0
15468,0
9045,0
9044,0
15454,0
9033,0
9031,0
9020,0
15424,0
15417,0
8996,0
15413,0
2560,0
8978,0
8977,0
15389,0
8968,0
8962,0
8948,0
2513,19
15366,0
8945,0
15365,0
2512,0
8944,0
8932,0
2496,2
15349,0
2484,43
15337,0
8916,0
15335,26
2482,0
8914,0
15329,0
2476,0
15327,28
2474,0
8906,0
15314,0
2458,53
15311,0
15294,0
8873,0
8866,0
8863,0
15280,0
8859,0
15278,0
8857,0
2421,37
15274,0
8853,0
8845,0
8836,0
8835,0
2391,18
15244,0
8823,0
15223,0
2370,0
8802,0
15220,0
8781,0
8780,0
15198,0
8777,0
8757,0
8755,0
15171,0
2308,6
15161,0
2304,2
15157,0
8726,0
15138,0
8717,0
8716,0
8713,0
8710,0
2275,50
15128,0
8707,0
8706,0
8705,0
8704,34
21557,0
21541,22
8688,0
8685,0
21538,0
8684,0
15104,36
2251,0
8683,0
21536,0
8677,0
8676,0
8666,0
21519,0
8663,0
8656,0
8654,0
8641,0
8638,0
21491,0
21489,39
8636,0
8629,0
2196,29
15049,0
8628,0
8618,0
8613,0
21466,0
15032,0
15031,0
8610,0
15029,0
8608,0
15028,56
2175,0
21460,53
8607,0
8606,0
21455,2
8602,0
2167,53
15020,0
8599,0
21451,14
8598,0
21448,16
8595,0
15013,0
8585,0
21431,44
8578,0
8571,0
14988,0
8567,0
14984,0
21416,44
8563,0
14983,39
2130,0
21415,43
8562,0
8556,0
14974,0
2121,0
21406,50
8553,0
14967,19
2114,0
8546,0
8544,0
8543,0
14962,14
2109,0
8541,0
21394,0
8540,44
21393,0
8514,0
14933,0
2080,0
8512,0
14930,0
8509,0
21362,0
21359,44
8506,0
14923,0
8502,0
14918,0
2065,0
21350,44
8497,0
8496,0
21346,39
8493,0
14912,0
14911,0
8490,1
21343,0
8489,29
21342,0
14909,0
2056,0
8481,0
8480,0
21333,0
2047,39
14900,0
8479,0
8478,0
21325,44
8472,0
8453,0
14872,0
8451,0
14859,0
2006,0
8438,0
21291,0
8435,0
8432,0
21285,0
21283,53
8430,0
21281,51
8428,0
8425,50
21278,0
8424,49
21277,0
14828,0
1975,0
21259,43
8406,0
14826,0
8405,0
21254,39
8401,0
8378,0
21227,2
8374,0
8373,0
14785,0
1932,0
8363,0
21214,53
8361,0
8359,0
8351,0
8349,0
21202,0
8347,0
8344,0
21197,0
21195,2
8342,0
21175,44
8322,0
8314,0
8309,0
8308,0
8287,0
21140,0
8276,0
21129,0
8275,43
21128,0
21117,44
8264,0
21112,50
8259,0
8255,0
21105,44
8252,0
8246,0
8244,48
21097,0
8240,48
21093,0
8234,0
8225,0
21078,0
14642,0
1789,0
21073,54
8220,0
8217,0
8214,0
21067,0
8212,58
21065,0
8209,0
14626,0
1773,0
8205,0
8199,0
8198,48
21051,0
8197,0
21050,0
8193,0
21046,0
8178,0
21031,0
8177,0
21030,0
8176,0
8167,0
21016,44
8163,0
8138,0
8134,0
20984,16
8131,0
14551,0
20983,44
8130,0
14547,1
1694,0
8126,0
14540,0
20972,2
8119,0
8108,0
8106,48
20959,0
1659,34
14512,0
8091,0
8089,0
1653,1
14506,0
20938,53
8085,0
8068,0
8056,14
20909,0
20904,43
8051,0
8050,0
8045,29
20898,0
8028,0
8021,0
8016,18
20869,0
8015,0
20865,48
8012,0
14418,0
7997,0
20833,44
7980,0
7979,0
7977,0
14395,0
7974,0
14393,0
20825,44
7972,0
7970,0
1536,2
14389,0
7968,0
7963,0
20814,2
7961,0
7955,0
7952,0
7942,1
20795,0
7939,0
20792,0
7937,0
20790,0
7935,0
7930,0
7928,0
7922,2
20775,0
7912,0
7897,0
7896,0
7895,0
14315,0
20747,2
7894,0
20746,50
7893,0
7891,0
20744,0
7879,0
7876,0
20728,44
7875,0
7874,0
14293,0
1440,0
7872,0
20725,0
7869,0
7864,0
7847,0
7845,18
20698,0
7843,0
7840,1
20693,0
7839,0
7837,0
7831,0
7826,14
20679,0
7823,0
20673,50
7820,0
20671,44
7818,0
20669,53
7816,0
7814,0
20667,0
7813,54
20666,0
7810,0
7809,0
20662,0
20650,44
7797,0
1359,6
14212,0
7791,0
7789,0
7767,0
14178,0
7757,0
7755,0
7749,0
14146,0
1293,0
7710,0
7696,0
7687,0
14099,0
1246,0
20531,14
7678,0
20527,56
7674,0
7671,0
14091,39
1238,0
20523,2
7670,0
7669,0
20497,43
7644,0
7643,0
20496,0
7642,0
7639,0
7636,6
20489,0
20488,2
7635,0
20480,53
7627,0
20476,16
7623,0
7611,0
7606,0
20459,0
20457,54
7604,0
20453,36
7600,0
7596,0
20446,44
7593,0
7592,0
20438,2
7585,0
7584,0
7583,0
7576,0
7570,0
20419,49
7566,0
7557,0
7552,0
20401,44
7548,0
7541,0
7534,0
20386,44
7533,0
7518,18
20371,0
20367,14
7514,0
7512,0
20365,0
20363,50
7510,0
20357,2
7504,0
7496,0
7488,1
20341,0
13904,0
20334,44
7481,0
7477,0
7475,0
20328,0
20319,49
7466,0
7464,0
7452,0
1017,49
13870,0
20300,14
7447,0
20286,44
7433,0
7427,0
13834,0
7408,0
20261,0
7406,0
20259,0
7394,0
20247,0
7391,0
7386,0
7379,11
20232,0
20223,44
7370,0
20220,14
7367,0
7363,11
20216,0
7357,0
20210,0
7355,0
20207,44
7354,0
7352,0
7344,0
20195,44
7342,0
7337,0
13753,0
20176,49
7323,0
7322,0
13735,0
882,0
7314,0
20165,14
7312,0
7297,0
20112,39
7259,0
7253,0
7250,0
7247,0
7240,0
7225,0
800,0
7221,0
7220,0
7216,0
780,28
13633,0
791,0
7209,0
758,50
13611,0
7177,0
7167,0
745,0
7166,0
20019,0
7148,10
20001,0
725,0
722,0
7143,0
714,0
7126,0
679,0
13532,0
7100,0
19933,53
7080,0
7074,39
19927,0
7071,0
7066,0
7064,0
7058,0
7047,0
7045,0
7032,0
7030,0
7029,0
19882,0
19880,54
7027,0
7023,0
7015,0
13435,0
7014,0
19867,0
7013,0
19866,0
19865,16
7012,0
19854,16
7001,0
6981,0
555,0
6976,0
13393,0
551,0
13404,0
6972,0
6970,0
19823,0
6955,58
19808,0
6929,0
6928,54
19781,0
6922,0
19775,0
6917,0
6913,0
19766,0
6894,0
467,0
13320,0
6888,0
6881,1
19734,0
13290,0
6869,0
13287,0
6866,0
19719,0
13286,0
444,0
13282,0
13281,0
439,0
13292,0
19713,54
6860,0
13280,0
438,0
13291,0
13270,0
6849,54
19702,0
6819,0
6818,0
13238,0
6817,0
377,0
19651,28
6798,0
19644,16
6791,0
13210,0
19642,14
6789,0
13200,0
352,0
13205,0
6771,0
13191,36
338,0
349,0
6770,0
13186,0
13185,0
343,0
13196,0
6764,0
13184,0
331,0
342,48
13195,0
13168,0
315,0
13159,0
311,0
13151,0
6726,0
304,0
13157,0
6725,0
19572,34
6719,0
6716,0
290,0
6709,1
19562,0
6707,0
19560,0
281,0
6702,0
6697,0
13105,0
13103,0
6682,0
13113,28
260,0
6681,36
19534,0
13095,0
242,0
6674,0
249,0
13089,0
236,0
247,0
6660,0
13078,0
225,0
6657,0
19510,0
6647,0
19500,0
13056,0
203,0
214,0
13067,0
13053,0
6632,0
6630,0
19483,0
13043,0
201,56
13054,0
19475,2
6622,0
19448,54
6595,0
13007,0
157,0
6578,0
6576,0
6562,0
6561,0
12959,0
6537,0
6528,0
19381,0
6527,0
19380,0
6524,50
19377,0
19374,49
6521,0
86,0
6507,0
19360,0
82,44
12935,0
6497,0
64,9
12917,0
75,0
6494,0
6483,0
6473,0
42,0
6463,0
6460,0
37,28
12890,0
29,0
6450,0
13,43
12866,0
6445,0
12862,0
9,0
6441,0
19294,0
6438,0
19291,0
12858,0
6437,43
19290,0
12857,0
6436,0
6434,0
12848,0
6427,15
19280,0
12806,0
6385,58
19238,0
12803,0
6382,0
12797,0
6376,0
6375,0
6373,0
6372,0
6368,0
6361,0
12774,0
6353,0
6350,0
6348,0
12767,0
6346,0
19199,0
6341,0
12761,0
6340,0
19193,0
12758,0
6337,0
6335,0
19170,2
6317,0
6315,0
12732,0
12703,0
6282,0
6279,0
6278,0
12698,0
6277,0
12694,0
12692,0
12688,0
6267,0
12685,0
6264,0
6248,49
19101,0
6244,28
19097,0
12661,0
6235,0
12655,0
6234,43
19087,0
12654,0
12648,0
12646,0
6225,0
12644,0
12641,0
6220,0
19073,0
12639,0
6218,0
6217,0
12636,0
6215,0
6214,0
6208,0
12620,0
6189,0
19042,0
12608,0
12605,0
6184,5
19037,0
12602,0
12599,0
6178,0
6177,0
6169,0
19022,0
12559,0
6137,0
18988,54
6135,0
12555,0
6128,0
12546,0
6125,0
12534,0
6113,0
6106,0
12524,0
12523,0
12517,0
12515,0
6092,54
18945,0
12512,0
6091,0
18944,0
12507,0
6086,0
6085,0
18938,0
12504,0
6083,0
12503,0
6082,0
12488,0
6067,0
18920,0
6063,0
6060,0
6058,0
12472,0
6051,50
18904,0
12469,0
12468,0
12464,0
6035,56
18888,0
6034,0
12454,0
6027,0
6025,0
12441,0
6020,0
18873,0
12435,0
6014,14
18867,0
5998,0
18851,0
5985,0
12398,0
12394,0
12390,0
5958,3
18811,0
5946,0
5937,0
5935,0
12355,0
5934,0
5930,2
18783,0
12340,0
12333,0
5912,39
18765,0
5909,0
5905,0
5901,39
18754,0
12321,0
5900,0
5889,0
12309,0
5888,0
5887,0
5886,0
18739,0
18732,16
5879,0
18721,2
5868,0
5858,0
5854,0
12270,0
5849,0
5842,0
12260,0
5839,0
5835,0
18688,0
5830,0
5827,0
5826,0
5819,0
5818,0
12236,0
5815,0
5810,48
18663,0
12229,0
12221,0
5800,0
12219,0
5798,0
12213,0
5792,0
5789,0
12171,0
5740,0
5739,0
18592,0
12159,0
5727,0
5724,42
18577,0
5719,0
12138,0
5717,0
18570,0
5713,0
18566,0
12133,0
5712,0
18565,0
12132,0
5711,8
18564,0
12131,0
18563,23
5710,0
12127,0
5706,0
12122,0
5701,10
18554,0
5692,0
5690,0
5689,0
5684,0
5675,0
12093,0
5672,0
5667,0
18520,0
12084,0
5660,0
12080,0
5659,0
5655,0
12068,0
5641,0
12050,0
12048,0
5627,0
5617,50
18470,0
12036,0
5615,0
5611,0
18464,0
5609,0
18462,0
12024,0
5603,0
18456,0
5602,50
18455,0
5598,0
12016,0
5595,50
18448,0
5592,49
18445,0
5585,0
18438,0
11997,0
5576,49
18429,0
11996,0
5575,0
5567,0
18420,0
5566,16
18419,0
5565,16
18418,0
5564,0
5563,0
11982,0
5561,0
5559,0
11979,0
5558,0
5555,0
5554,0
18407,0
5544,49
18397,0
11958,0
11954,0
11953,0
5532,56
18385,0
5530,28
18383,0
5522,1
18375,0
11941,0
5520,0
5517,0
5508,0
5505,0
11923,0
11920,0
5499,0
18352,0
11916,0
5495,2
18348,0
5491,0
5485,0
5483,2
18336,0
18334,54
5481,0
5477,0
5475,50
18328,0
5470,0
18323,0
5465,0
5453,0
11872,0
18300,54
5447,0
5429,0
11847,0
5423,0
18276,0
5421,0
11832,0
5411,0
11831,0
5410,0
5400,0
18253,0
5398,0
11817,0
18249,37
5396,0
5394,0
5392,0
11811,0
5390,0
18243,0
18242,2
5389,0
5388,0
5382,0
5379,0
11798,0
5363,0
5360,0
11771,0
5350,0
5349,0
11767,0
11763,0
5335,0
18188,0
5334,0
18187,0
11753,0
5332,0
11751,0
5330,0
5328,0
5323,0
18176,0
5309,0
5303,0
18152,39
5299,0
5297,2
18150,0
5296,11
18149,0
5293,0
5291,0
5288,0
11708,0
5287,0
11707,0
5281,0
5278,0
5273,0
5272,0
5270,0
5269,0
5260,0
18109,58
5256,0
5255,0
18108,0
5253,0
11665,0
5244,0
11664,0
18096,44
5243,0
11661,0
5240,0
18093,0
5238,0
11658,0
5237,0
5235,0
5234,0
18079,34
5226,0
5222,0
18075,0
5220,0
5214,0
18065,39
5212,0
5210,0
5207,0
5205,0
5201,0
18048,14
5195,0
5194,0
5192,0
5191,0
5190,0
5188,0
5183,0
18036,0
11598,0
11597,0
5176,0
18029,0
18028,39
5175,0
5172,0
5171,0
5167,0
5160,0
5148,0
18001,0
5141,0
5139,0
11555,0
5128,16
17981,0
5126,45
17979,0
11546,0
5125,0
17978,0
11539,0
5117,0
17967,49
5114,0
11523,0
5102,0
5097,0
17950,0
5095,16
17948,0
11515,0
5094,0
5091,0
5090,56
17943,0
11507,0
5086,0
11506,0
11505,0
5082,0
5081,0
11498,0
5077,0
17930,0
5072,53
17925,0
11492,0
5070,0
17923,0
5060,0
5058,0
17911,0
5054,18
17907,0
5053,0
17906,0
11465,0
5044,54
17897,0
11464,0
5043,28
17896,0
11455,0
5034,53
17887,0
11450,0
5021,1
17874,0
11441,0
5020,0
17873,0
5013,28
17866,0
4987,0
4983,0
11402,0
17834,2
4981,0
4965,0
11377,0
11373,0
4952,0
11362,0
4941,0
4933,0
4922,0
17775,0
4910,0
17763,0
11324,0
4903,0
11322,0
17753,56
4900,0
17751,16
4898,0
11315,0
4894,0
11314,0
4893,0
17746,0
4890,0
4867,0
11271,0
17703,44
4850,0
4848,0
17701,0
11256,0
4835,0
17688,0
4824,0
17677,0
11242,0
4821,1
17674,0
11241,0
11239,0
4818,0
17671,0
11237,0
4816,0
11233,0
4812,0
11228,0
17660,2
4807,0
4806,0
17659,0
17651,54
4798,0
4796,0
4795,0
4785,0
11202,0
4781,0
4779,0
17632,0
4776,0
4773,0
4768,0
11177,0
4756,0
4751,0
11166,0
11163,0
17595,34
4742,0
4741,0
4733,0
4717,0
4714,0
11134,0
4713,0
11133,0
4712,0
4711,0
4708,0
11113,0
17545,2
4692,0
17543,16
4690,0
4689,0
4687,0
17540,0
4679,0
4666,0
17519,0
11086,0
4665,0
17518,0
4662,0
4657,0
4654,0
17507,0
11065,0
4644,0
4640,0
4638,0
17491,0
4634,0
4625,0
17478,0
11043,0
4622,0
4621,0
4613,0
4606,0
4605,0
11025,0
4604,0
17457,0
4600,0
4595,0
17448,0
4593,0
17446,0
4592,0
4591,0
11007,0
4586,0
4583,29
17436,0
4579,0
17432,0
4576,0
17429,0
4555,0
17408,0
4552,0
17405,0
10962,0
4541,0
4537,0
4536,0
17389,0
4524,0
4521,0
4513,0
4510,0
4507,0
4493,0
17346,0
10902,0
4481,0
17334,0
4477,54
17330,0
4476,49
17329,0
4470,0
4465,0
17318,0
4458,0
17311,0
4453,0
17306,0
10873,0
4452,0
17305,0
4451,39
17304,0
10860,0
4439,13
17292,0
4438,56
17291,0
4436,0
17289,0
4425,0
4407,0
17260,0
10826,0
17258,7
4405,0
4398,1
17251,0
4397,0
17250,0
10809,0
4388,1
17241,0
4386,0
17239,0
4371,0
17224,0
4370,49
17223,0
4369,0
10787,0
4366,0
10786,0
4365,0
4364,0
10779,0
10774,0
4353,28
17206,0
4349,0
10768,0
4345,0
4343,0
17196,0
10760,0
4339,0
4333,0
17186,0
10744,0
4323,0
4318,39
17171,0
10734,0
4313,16
17166,0
4310,0
17163,0
4301,0
17154,0
4297,0
4286,0
4276,39
17129,0
10688,0
4267,0
10682,0
4259,0
10678,0
10674,0
4249,0
17102,0
4246,0
17099,0
4245,1
17098,0
10662,0
10661,0
4238,0
17091,0
4237,0
4231,0
17084,0
4229,0
17082,0
4228,1
17081,0
4215,0
4205,29
17058,0
10625,0
4204,0
4199,0
17052,0
4193,0
10613,0
4192,0
17035,50
4182,0
17031,14
4178,0
10596,0
4175,0
17028,0
10594,0
4173,0
4170,0
17023,0
10590,0
4167,0
10586,0
4165,0
4161,0
10581,0
4160,0
4159,0
17012,0
4156,0
4153,0
4152,0
17005,0
4146,0
10566,0
16992,19
4139,0
4122,0
16975,0
10541,0
4120,0
16973,0
4117,0
16970,0
4115,58
16968,0
4113,0
16966,0
4105,0
4103,0
4096,0
10515,0
4091,0
10509,0
4088,0
16941,0
10505,0
4084,0
4081,0
4080,0
4075,0
4074,0
4066,0
16918,28
4065,0
4061,0
4048,0
4041,0
4036,0
16888,53
4035,0
16886,28
4033,0
10449,0
4027,0
7229,0
10447,0
4026,0
10446,0
797,0
7218,0
20071,0
4015,36
16868,0
3999,54
16852,0
10418,0
3997,0
16850,0
7196,0
10414,0
3991,0
7192,39
20045,0
16838,1
3985,0
764,0
7185,6
20038,0
10403,0
16835,1
3982,0
3980,0
16833,0
10394,0
16826,19
3973,0
7161,0
3958,28
16811,0
736,0
7155,29
20008,0
7136,19
19989,0
10354,0
712,0
3930,15
16783,0
7129,15
19982,0
10347,0
3926,0
16779,0
7119,0
3916,0
7115,16
19968,0
3912,0
7111,0
19964,0
3908,0
16761,0
10313,0
3892,0
16745,0
3886,0
16739,0
7087,0
3884,29
16737,0
3879,0
7077,1
19930,0
7076,0
3873,0
16726,0
7075,0
10291,0
3870,29
16723,0
7070,0
3867,0
7068,0
16718,19
3865,0
7067,0
10285,0
16717,51
3864,0
3858,1
16711,0
7060,6
19913,0
3857,11
16710,0
3856,0
3853,49
16706,0
7049,0
19902,0
3846,0
7046,0
10264,0
3843,0
10261,0
13462,0
7041,0
3838,0
3830,0
7031,0
3828,19
16681,0
16678,10
3825,0
7024,0
10242,0
7020,0
10238,0
7011,0
19864,0
3801,50
16654,0
7003,23
19856,0
16653,1
3800,0
3796,0
16649,0
6998,0
10216,0
3795,0
16648,0
10214,0
3793,0
16646,0
10213,0
3792,0
16645,0
6993,0
3790,0
10209,0
3788,17
16641,0
6985,0
3777,8
16630,0
16628,14
3775,0
10192,0
3768,36
16621,0
544,0
6965,0
559,0
16615,44
3762,0
6961,0
3758,0
16611,0
6975,0
19828,0
552,0
3743,0
6939,0
518,0
3720,0
6920,0
19773,0
19788,29
6935,0
16570,19
3717,0
498,0
10122,0
16554,14
3701,0
6884,0
19737,0
478,0
10102,0
3681,0
470,0
3673,0
6872,0
6887,0
10090,0
464,0
10088,0
6852,0
3649,44
16502,0
13271,0
6850,50
19703,0
10068,0
10061,0
3640,0
16493,0
13261,0
408,0
10058,0
3637,16
16490,0
405,11
13258,0
416,0
13269,0
6837,16
19690,0
10052,0
10041,0
16472,17
3619,0
6815,0
13251,0
409,45
13262,0
3612,0
16465,0
13244,0
376,0
6797,29
19650,0
10015,0
3589,0
16442,0
10000,0
16432,36
3579,0
374,0
3577,0
16430,0
366,0
13188,0
13199,26
346,0
13214,53
361,0
16417,39
3564,0
356,0
3559,0
6757,0
9975,0
16407,9
3554,0
9974,0
3553,0
16395,54
3542,0
16394,6
3541,0
6737,0
3534,0
330,0
9954,0
16386,2
3533,0
13144,0
302,0
3520,0
13116,0
3492,0
13115,0
273,0
13126,0
6694,0
9912,0
3491,0
3490,0
16343,0
3488,0
6683,0
9884,0
3463,0
16316,0
3461,0
16314,0
19512,7
6659,0
6655,0
3452,0
246,0
3449,0
13062,0
220,0
3438,0
6638,29
19491,0
6653,29
19506,0
16288,6
3435,0
16278,26
3425,0
6623,0
9841,0
3420,0
19474,28
6621,0
6619,0
213,0
3415,0
191,0
6612,0
3409,0
16262,0
3399,0
16252,0
3389,0
6581,0
9799,0
3378,0
12996,54
143,0
13011,0
3372,0
16225,0
9792,0
3371,0
153,54
13006,0
3367,0
135,54
12988,0
6556,0
19409,0
3352,0
12981,0
128,0
9763,0
3342,0
16195,0
124,0
3327,0
3309,0
66,56
12919,0
19351,54
6498,0
3295,0
16148,0
53,0
12910,0
68,0
3271,0
3266,19
16119,0
12900,0
47,0
58,0
12875,0
22,0
6454,14
19307,0
48,58
12901,0
3251,0
12888,0
46,0
3249,0
12853,0
11,0
6432,0
19285,0
12846,0
6425,0
3222,0
16075,0
6414,0
19267,0
3211,0
12834,0
6413,0
16063,58
3210,0
9615,0
3194,0
16045,53
3192,0
3189,0
9608,0
3187,0
3184,9
16037,0
3180,0
3157,0
6358,0
3155,0
3154,0
3153,0
16006,0
6352,0
9570,0
3149,0
9560,0
3139,0
15984,28
3131,0
12752,0
6331,0
9549,0
15981,56
3128,0
3115,0
15968,0
9532,0
3111,0
15964,0
3110,0
15963,0
12731,0
6310,50
19163,0
3107,0
15960,0
9526,0
3104,0
3100,0
6301,0
3098,0
15951,0
12716,0
6295,0
3092,0
3086,0
15939,0
12697,0
6276,0
3073,0
12696,0
6275,1
19128,0
3072,0
15925,0
3071,0
15924,0
3069,0
15920,34
3067,0
3062,0
3056,0
15909,0
9472,0
3051,0
3047,0
15900,0
3040,0
12663,0
3039,0
15892,0
3038,0
3036,0
15889,0
3034,0
12652,0
15881,2
3028,0
3023,0
15876,0
9437,0
3016,0
9434,0
3013,0
9431,0
3010,0
12632,0
3008,0
15861,0
3007,0
12623,0
6202,0
2999,0
6201,0
15851,16
2998,0
2995,0
9415,0
9414,0
2990,0
6188,0
19041,0
2985,0
15838,0
2983,0
9403,0
2982,0
6180,0
19033,0
9398,0
2977,0
9392,0
2971,0
12594,0
2970,0
15823,0
15821,29
2968,0
2965,0
2959,0
2955,0
15808,0
6157,0
2954,0
15807,0
2950,12
15803,0
2946,0
2945,0
2933,0
2930,0
9349,0
2928,0
12551,0
9348,0
2927,0
15780,0
12550,0
2926,0
6121,0
12540,0
6119,0
9336,0
2915,0
15768,0
9328,0
2907,0
2902,0
6090,0
2887,0
6075,0
9293,0
2872,0
9288,0
2867,0
9279,0
12480,0
6059,0
15698,0
9277,0
6056,0
2853,0
6054,0
9272,0
15704,56
2851,0
9271,0
2847,0
6042,28
18895,0
12462,0
15680,44
2827,0
9259,0
2838,0
15691,0
15675,0
2833,0
6030,0
6023,0
9239,0
2818,0
6018,0
15668,56
2815,0
9220,0
2799,0
2793,0
2792,0
12415,0
2791,0
9208,0
12407,0
5986,0
9204,0
18828,49
5975,0
5972,0
9190,0
2769,0
2757,56
15610,0
2768,0
15621,0
12389,0
2754,53
15607,0
2765,0
2764,0
15617,0
2752,2
15605,0
9184,0
12386,0
5965,0
2762,0
5964,0
9182,0
9181,0
15613,56
2760,0
5955,0
12375,0
5954,0
18807,0
15593,0
9172,0
5951,0
15590,16
2737,0
2746,0
5945,0
15584,0
9163,0
15579,0
9158,0
2729,0
15560,0
9139,0
2711,0
9116,0
12315,0
2688,0
5875,0
18728,0
2672,0
9087,0
2666,0
15501,0
2648,0
15494,0
2652,0
9069,0
18703,2
5850,0
2647,0
5848,0
9059,0
2638,0
9056,0
2635,0
15453,0
9032,0
15451,0
2609,0
15462,0
12226,0
5805,0
18658,0
2602,53
15455,0
15438,0
2585,0
2596,0
9015,0
5796,0
9014,0
2593,2
15446,0
2591,0
18646,43
5793,0
2579,1
15432,0
12209,0
5788,0
15427,23
2574,0
12208,0
5787,0
2584,0
2578,0
12201,0
5780,0
8998,0
8991,0
2570,0
15411,0
2558,0
2569,0
15409,0
2551,54
15404,0
8982,0
5762,0
2559,0
15400,0
15397,0
2544,0
12178,0
2543,54
15396,0
8975,0
2554,0
5756,0
2550,0
12172,0
5751,0
18604,0
2546,0
15386,0
5746,0
18599,0
12164,0
5743,0
8961,0
5742,0
18595,0
2532,0
5734,0
2531,0
15384,0
8951,0
2530,0
12152,0
2528,0
2520,0
5707,0
8909,0
5686,0
18539,0
8903,0
5678,2
18531,0
2475,0
5677,2
18530,0
8895,0
15310,0
2468,15
15321,0
8880,0
2459,39
15312,0
8861,0
2440,0
2435,0
12053,0
8850,0
2417,48
15270,0
8849,0
15263,0
2410,0
2419,0
15253,0
8830,0
5608,0
5596,0
5594,0
2386,16
15239,0
15227,0
2374,0
8806,0
2385,0
5586,0
2383,0
12003,0
5582,16
18435,0
2379,0
5579,0
18432,0
2376,0
8778,0
8768,0
8765,0
8760,0
11961,0
18393,48
5540,0
15179,0
2326,0
8747,0
5526,0
2323,0
5523,0
18376,0
2309,49
15162,0
8741,0
2310,0
11932,0
5511,0
15149,0
8728,0
2307,0
11915,0
8696,0
11895,0
5474,0
2271,0
11894,0
18326,2
5473,0
2259,6
15112,0
8691,0
11893,0
5472,0
15111,0
8690,0
11892,0
15110,0
2257,0
8689,0
2268,54
15121,0
5469,0
8686,0
21539,0
15118,13
2265,0
8681,0
8678,0
5456,45
18309,0
15095,0
8674,0
18308,28
5455,0
18307,53
5454,0
15093,0
2240,0
8672,0
11873,0
2238,10
15091,0
8670,0
21523,0
8668,0
21521,0
2247,0
2246,0
11864,0
5443,0
18296,0
15082,0
8661,0
11863,0
2239,0
11862,0
11861,0
5440,0
8658,0
11858,0
2231,0
5431,0
2228,0
15067,0
11843,0
15061,0
11837,0
15055,0
2202,0
8632,0
11830,0
5409,0
15048,0
11829,0
5408,0
15045,0
8624,0
21477,0
8623,0
15038,0
8615,0
6982,0
10200,0
3779,0
5385,0
18238,0
15024,0
8603,0
15017,0
10191,0
5376,0
18229,0
547,0
6968,0
562,0
2168,0
21441,43
8588,0
3760,0
11787,0
5366,0
15005,0
532,0
6953,0
10171,0
10155,0
5340,0
21411,54
8558,0
2137,0
2108,0
486,0
6907,0
19760,0
3704,0
14960,16
2107,0
3694,0
8518,38
21371,0
2097,0
5295,0
18148,0
8513,0
8510,29
21363,0
14921,0
5276,0
5268,0
14907,0
2054,0
13276,0
423,0
6855,0
3652,34
16505,0
11679,0
5258,0
18111,0
8475,0
13284,0
6863,0
442,0
10066,0
3645,0
436,0
3639,0
16492,0
5245,0
13265,0
6844,0
19697,0
3626,50
16479,0
6828,0
19681,0
3625,0
16478,0
5231,0
21302,44
8449,0
2028,49
14881,0
8448,0
21301,0
2027,0
6841,0
16476,16
3623,0
8447,28
21300,0
3622,0
16475,0
5228,0
14867,0
2025,0
18068,39
5215,0
14854,0
2001,0
13231,0
378,0
6810,0
19663,0
3607,0
16460,0
2010,0
10018,0
3597,0
16450,0
5203,0
14842,0
2000,0
3592,0
1995,0
1994,0
13204,0
362,0
3580,0
1983,0
5168,0
354,0
9978,0
1960,0
6748,0
3545,16
16398,0
1948,0
6734,0
3531,0
21208,49
8355,0
1934,0
1933,0
323,0
3526,0
11553,0
5132,0
14771,58
1918,0
1929,0
5121,0
14755,14
1902,0
8334,0
21187,0
1913,0
6712,0
3509,0
13142,0
17968,20
5115,0
1912,0
6710,0
9928,0
16360,14
3507,0
5113,0
8331,0
1910,0
6689,0
9907,0
3486,23
16339,0
5092,0
1889,0
6686,1
19539,0
16336,45
3483,0
1886,0
14739,0
259,0
3477,0
1880,0
3469,0
21146,44
8293,0
237,0
13090,0
6658,0
19511,0
3455,0
1858,0
8269,1
21122,0
1848,0
14689,0
1836,0
3442,0
248,0
1845,0
5042,0
1839,0
1832,0
1815,0
11433,0
1809,0
13024,0
6603,0
3400,0
8224,0
21077,0
1801,0
13019,0
166,0
19451,54
6598,0
3395,0
5001,0
1798,0
3384,0
14629,0
1787,0
11393,0
4972,28
17825,0
8190,0
3364,0
4970,0
17823,0
1767,0
152,0
13005,0
6573,50
19426,0
3332,0
16185,0
12980,0
127,0
6559,0
19412,0
17791,49
4938,0
1735,0
134,9
12987,0
1731,0
3320,0
16173,0
3329,0
6547,0
1723,0
9734,0
16166,22
3313,0
14558,0
8137,0
14569,53
1716,0
11335,0
1711,0
6506,0
19359,0
3303,0
6515,0
19368,0
109,0
12962,0
6488,0
19341,0
9706,0
3285,0
8109,0
1688,0
12912,0
59,0
6491,39
19344,0
8103,0
1682,0
6478,11
19331,0
3275,0
6502,0
81,0
4881,0
1678,0
20947,49
8094,0
1673,0
12898,39
45,0
3263,0
8087,0
1666,0
12878,0
36,17
12889,0
6457,0
9675,0
3254,11
16107,0
14499,0
1657,0
38,44
12891,0
3252,0
12883,0
4841,0
17694,0
6428,0
3225,0
1628,0
9644,0
3223,54
16076,0
4829,0
17682,0
1626,0
12843,0
1,0
6422,0
9640,0
3219,0
1622,0
12841,0
6420,28
19273,0
9638,0
3217,0
1620,0
6419,6
19272,0
9637,0
3216,0
8040,0
20893,0
1619,0
6410,0
19263,0
9628,0
3207,0
12851,0
6430,0
19283,0
11230,0
4809,0
1606,0
12823,0
6402,0
19255,0
16052,58
3199,0
8023,0
9619,0
3198,0
4804,0
1601,0
6407,0
3204,0
11222,0
4801,0
14440,0
9604,0
3183,0
8007,0
14423,0
16029,54
3176,0
8000,0
1579,0
11196,0
1572,0
12790,0
6369,0
3166,0
11193,0
4772,0
17625,0
11192,0
4771,0
16016,28
3163,0
11190,0
4769,0
17622,0
20837,43
7984,0
1563,0
4765,16
17618,0
20836,14
7983,0
1562,0
1550,0
20817,56
7964,0
4744,0
17597,0
7962,0
11161,0
4740,0
17593,0
7958,11
20811,0
1537,0
1535,0
1526,0
9538,0
3117,0
15970,0
1520,0
6306,56
19159,0
3103,0
15956,0
1506,0
12701,0
15930,1
3077,0
7901,0
1480,0
7899,0
1478,0
1460,39
14313,0
7888,0
9484,0
3063,0
4664,0
4660,0
17513,0
3053,0
4659,0
1445,43
14298,0
7877,0
7873,0
15899,2
3046,0
7870,0
6246,0
3043,0
15896,0
11070,0
4649,0
17502,0
7867,0
4648,0
7866,6
20719,0
7865,0
1444,0
4641,0
17494,0
4637,0
20708,49
7855,0
1434,0
15879,34
3026,0
4632,0
15878,6
3025,0
14270,0
11051,0
7848,0
1427,0
4623,0
4617,0
17470,0
3009,0
4615,0
1412,0
1409,0
4610,23
17463,0
1407,0
3003,0
11030,0
4609,5
17462,0
1406,0
3001,0
15854,0
7825,0
1391,0
1387,0
15832,14
2979,0
4585,0
1382,0
4584,0
12600,0
2976,0
15829,0
4581,49
17434,0
1367,16
14220,0
7796,0
15817,4
2964,0
6166,0
2963,23
15816,0
9382,0
6163,0
9381,0
2958,0
15811,0
1361,0
1360,0
2936,0
9338,0
10944,0
4519,0
17372,0
7737,0
1316,0
1301,28
14154,0
20586,16
7733,0
1312,0
7729,0
1300,0
1292,0
4488,0
17341,0
9302,0
2881,0
15715,44
2862,0
9294,0
1276,0
20546,36
7693,0
1272,0
10893,0
1269,0
6065,0
9283,0
7686,0
1260,0
7673,0
1252,0
4454,0
14093,0
7672,0
20525,0
10867,0
1243,0
4437,0
7650,0
9246,0
4431,0
17284,0
1228,0
4429,0
17282,0
7647,0
1226,0
9234,0
9230,0
1212,0
7632,0
20485,0
1211,0
6010,39
18863,0
1210,0
10833,0
1209,0
10832,0
4411,54
17264,0
7629,0
1208,0
6000,0
15639,0
9218,0
2797,0
7621,28
20474,0
20471,16
7618,0
1197,0
9210,0
1192,0
9206,0
2785,0
7609,0
4385,50
17238,0
7603,0
1182,0
4380,1
17233,0
14012,0
1159,0
5960,0
10784,0
4363,50
17216,0
5957,0
18810,0
15596,0
9175,0
10781,0
4360,0
7577,0
1156,0
7569,0
1148,0
12368,0
5947,0
9165,0
20421,56
7568,0
4341,49
17194,0
4340,0
7558,0
7555,0
5925,49
18778,0
10749,0
4328,0
1125,0
10748,0
4327,0
17180,0
13966,0
314,0
11544,0
5123,0
15562,0
7544,0
1123,0
1919,0
20392,43
7539,0
15556,0
11526,0
13946,0
1104,0
4306,0
1103,0
5902,0
2699,0
1102,0
1897,0
4303,0
17156,0
20374,50
7521,0
279,0
9903,0
3482,0
8306,0
1885,0
1088,0
10709,0
1085,0
15523,0
2681,0
1082,0
256,0
6677,0
16327,59
3474,0
5080,0
17933,0
14719,0
8298,0
12301,0
5880,0
9098,0
2677,0
7501,0
20353,39
7500,0
1079,0
1077,0
1871,0
2671,0
4277,0
7495,16
20348,0
1074,0
1072,0
1071,0
3460,0
1863,0
9880,0
16312,45
3459,0
1862,0
14715,0
9081,0
2660,0
10687,0
4266,0
20337,14
7484,0
16299,2
3446,0
5052,0
8270,39
21123,0
10676,0
4255,0
1052,0
7468,28
20321,0
11461,0
5040,0
14679,0
8258,0
15479,0
2637,0
1040,0
1036,0
4235,0
13874,0
7453,0
1032,0
10648,0
4227,0
17080,0
1024,0
13041,0
199,0
13052,0
6620,2
19473,0
3417,54
16270,0
2620,0
1023,0
10644,0
4223,0
17076,0
1020,0
13037,0
9834,0
16266,39
3413,0
1816,0
1019,0
10640,0
1016,0
4218,23
17071,0
1015,0
1013,0
15448,0
10633,0
4212,0
7424,0
176,0
3394,54
16247,0
1797,0
6609,16
19462,0
13045,0
20274,2
7421,0
1000,0
10622,0
4201,0
17054,0
194,0
10615,0
991,0
162,0
6583,0
16233,34
3380,0
8204,0
15425,0
2583,0
10610,0
4189,2
17042,0
7407,0
3381,0
16234,0
3390,0
984,0
5783,0
983,0
12203,0
5782,0
2568,39
15421,0
982,0
978,0
11397,0
4976,0
17829,0
974,0
15410,0
4174,0
17027,0
971,0
5769,0
8987,0
2566,0
10593,0
17025,54
4172,0
969,0
2565,0
5708,0
4111,0
16964,0
908,0
20968,56
8115,0
10521,0
4100,23
16953,0
13739,0
7318,0
897,0
6493,0
12929,0
87,0
12940,0
3290,34
16143,0
8114,0
1693,0
4099,59
16952,0
896,0
89,0
7310,0
889,0
8102,0
1681,0
4887,0
8105,0
884,0
9697,0
1679,0
10506,0
4085,0
2470,0
13715,0
873,0
3264,0
16117,0
8088,0
12091,0
5670,0
18523,0
15309,0
2467,0
870,0
4069,0
16922,0
13708,0
20140,2
7287,0
857,0
8069,0
20922,0
4054,0
10473,0
4052,0
10472,0
4051,0
14476,0
1623,0
8055,0
1634,0
3243,29
16096,0
6461,0
8855,0
2434,0
7234,0
20087,0
16884,1
4031,0
3205,0
11232,0
8029,0
7217,0
10435,0
811,0
5597,0
4000,53
16853,0
5593,0
2390,0
778,0
7199,0
793,0
4791,2
17644,0
1588,0
5583,26
18436,0
768,0
3984,0
16837,0
11201,0
4780,0
17633,0
9582,0
20838,16
7985,0
10391,0
3970,0
767,0
7168,0
20021,0
13615,39
762,0
7975,0
16813,39
3960,0
757,0
16810,44
3957,0
754,0
9563,0
3142,0
15995,0
4748,0
17601,0
7966,0
733,0
7154,0
16804,43
3951,0
5545,28
18398,0
11962,0
5541,0
18394,0
741,0
15175,2
2322,0
16792,6
3939,0
10358,0
3937,0
718,0
20803,2
7950,0
732,0
11946,0
5525,0
18378,0
3928,0
7130,0
19983,0
724,0
20793,50
7940,0
1519,0
707,0
7128,14
19981,0
703,0
6312,0
3109,0
14354,0
1512,0
15154,0
2301,0
2312,0
3918,0
5507,0
18360,0
15146,0
8725,0
3910,0
5506,0
3909,43
16762,0
8722,0
21575,0
7110,0
19963,0
704,0
13530,7
677,0
688,0
7109,0
19962,0
3096,0
15949,0
1499,0
9515,0
3094,0
11121,0
4700,0
20771,2
7918,0
1497,0
5500,0
2297,0
10324,0
19957,50
7104,0
15944,44
3091,0
11118,0
4697,0
10321,0
686,39
13539,0
697,0
9510,0
3089,0
4695,0
3898,0
7099,0
3085,0
17544,2
4691,0
1488,0
7097,0
19950,0
10315,0
3894,50
16747,0
6283,39
19136,0
15933,10
3080,0
11107,0
4686,0
1483,0
7107,0
3888,0
685,0
7090,0
19943,0
684,0
7088,0
682,0
1477,0
7085,0
146,0
16202,44
3349,0
17808,14
4955,0
5755,0
15394,0
955,0
2952,0
5358,0
2155,0
543,0
6964,0
558,0
12173,0
5752,48
18605,0
15391,0
2538,0
952,0
7771,0
20624,0
1350,0
16600,29
3747,0
553,0
11773,0
18205,54
5352,0
8569,0
2148,14
15001,0
6957,0
19810,0
7765,0
20618,0
1343,0
6943,15
19796,0
7763,0
1342,0
6951,0
3748,0
14177,0
1335,0
6944,0
9345,0
2923,0
20600,49
7747,0
505,0
3723,0
14968,0
2115,0
8547,0
2126,0
6546,0
125,54
12978,0
104,0
6525,0
19378,0
16175,23
3322,0
6534,2
19387,0
8943,0
2522,0
925,0
19787,16
6934,0
2912,0
4518,0
7736,0
5318,0
14957,0
14156,0
1303,0
6914,0
19767,0
3711,0
12532,0
6111,0
2908,0
10129,0
16561,50
3708,0
504,0
10128,0
11734,0
14963,50
2110,0
1306,0
6930,0
6101,0
2898,0
4504,53
17357,0
7722,0
11725,0
5304,0
18157,0
8113,0
83,0
4098,0
895,0
12514,0
6093,0
3699,0
4494,39
17347,0
10109,0
3688,0
489,0
1264,0
13285,0
3661,0
2064,0
6873,0
7684,0
1263,0
3660,0
16513,0
1658,0
18514,23
5661,0
15300,0
2447,0
4064,0
16917,0
7679,0
20532,0
461,0
14485,0
20917,54
8064,0
13688,0
835,0
2843,0
19699,34
6846,0
16496,29
3643,0
14888,0
8467,0
2046,0
3241,0
16094,0
27,2
12880,0
4038,0
6433,0
19286,0
13266,0
424,0
817,0
5620,0
7226,14
20079,0
4023,0
820,0
10841,0
4420,28
17273,0
1217,0
12424,0
6003,0
1203,0
393,0
3596,0
16449,0
4401,0
17254,0
6807,0
10025,0
3604,39
16457,0
13243,0
390,0
401,0
6384,0
3181,0
17640,54
4787,0
1584,0
3990,0
16843,0
787,0
6802,0
19655,0
381,0
3584,0
16437,0
13232,0
379,0
6811,0
19664,0
5984,0
15623,0
9202,0
2781,0
10808,0
7605,0
20458,0
1184,0
387,0
15217,0
8796,0
2375,0
7184,49
20037,0
9196,0
2775,0
6778,0
372,0
13225,0
12397,0
9194,0
13197,0
3573,0
13206,54
353,0
369,0
3572,0
11599,0
5178,0
8396,0
6784,0
6371,0
16021,54
3168,0
2371,0
10398,0
12395,0
5974,0
9192,0
6774,0
16424,14
3571,0
5573,49
18426,0
1971,0
4372,16
17225,0
1169,0
15207,0
2365,0
9984,0
3563,0
1966,0
9171,0
16400,28
3547,0
9977,0
3556,5
16409,0
8370,0
1949,0
6758,0
5543,50
18396,0
8761,0
7149,0
16392,1
3539,0
13187,0
334,0
345,0
9550,0
3129,0
11156,0
4735,0
5535,0
18388,0
735,0
4338,0
17191,0
10355,0
3934,0
16787,0
3528,0
6740,0
5127,0
17980,0
1924,0
10338,0
3917,18
16770,0
293,0
6714,0
3511,0
8730,0
14751,0
1898,0
1909,0
12332,0
15550,0
13950,0
7529,0
20382,0
6708,29
19561,0
9926,0
3505,0
3514,0
16367,0
3095,0
14340,0
1498,0
4304,29
17157,0
1493,0
7102,0
19955,0
284,0
13141,0
299,0
3472,0
1875,0
1078,0
6687,6
19540,0
13709,0
5870,0
9088,0
10694,0
9677,0
3256,0
20927,53
8074,0
9680,0
3259,34
16112,0
6477,0
4056,0
16909,0
853,0
6471,0
50,0
9674,0
3253,0
1656,0
12886,0
6465,29
19318,0
441,0
6877,0
6665,0
1842,0
5833,0
18686,0
9051,0
16283,14
3430,0
1029,0
12243,0
5822,0
1022,0
3405,0
16258,0
1808,0
15450,0
10831,0
1207,0
13237,0
6816,0
5807,0
18660,0
9025,0
7428,0
3603,0
5209,0
18062,0
8427,0
1996,0
3396,0
995,0
13025,0
6604,0
3587,0
1990,0
14843,0
4993,0
8211,0
1790,0
6794,0
19647,0
3382,0
8206,0
1785,0
14805,0
1963,0
163,0
4963,0
17816,0
1760,0
9781,0
3360,0
16213,0
21037,39
8184,0
13008,0
963,0
11385,0
1761,0
960,0
9573,0
3152,0
16005,0
16814,39
3961,0
1158,0
2951,0
15804,0
3751,0
16604,0
18210,54
5357,0
11575,0
5154,0
1951,0
2948,0
15801,0
11775,0
8572,0
9769,0
3348,15
16201,0
8172,0
3351,0
6746,0
5149,0
8367,0
1946,0
2542,0
13787,0
7366,0
945,0
9363,0
2942,0
1345,0
3742,0
3345,0
136,0
19410,28
6557,0
11358,0
5737,0
18590,0
930,0
9760,0
3339,0
6533,39
19386,0
12969,0
10548,0
4127,0
924,0
5722,1
18575,0
8940,0
4125,0
16978,0
922,0
4525,0
6931,18
19784,0
525,0
524,0
17972,56
5119,0
8337,53
21190,0
1916,0
5720,0
15359,0
2517,0
7341,0
6520,53
19373,0
9738,0
3317,0
16170,0
2500,0
4106,0
903,0
13333,0
480,0
6912,0
6927,0
19780,0
3093,0
3902,0
16755,0
5899,0
18752,0
9117,0
2696,0
4302,44
17155,0
8117,0
2896,0
1299,0
14941,0
6908,0
19761,0
502,0
6511,0
19364,0
105,0
15416,0
977,0
16230,14
3377,0
12907,0
6486,0
8098,0
3277,0
16130,0
1280,0
5283,0
14922,0
21354,43
8501,0
2480,0
7304,0
6492,0
11497,0
5076,53
17929,0
1873,0
7497,0
1076,0
3473,0
6476,16
19329,0
3273,0
16126,0
7296,0
875,0
14517,0
20949,36
8096,0
10895,0
4474,0
3668,56
16521,0
474,0
3466,0
16319,0
272,0
12908,0
3269,29
16122,0
6481,0
19334,0
15598,0
2756,0
5162,0
1959,0
2956,0
14201,0
9777,0
3356,0
147,0
865,0
8086,0
1665,0
2491,0
10518,0
16950,58
4097,0
20168,29
7315,0
894,0
497,0
6453,0
10868,0
13274,0
6853,0
447,0
5250,0
450,0
850,0
8162,0
1741,0
3347,0
16200,0
144,0
12162,0
4144,1
16997,0
20215,44
7362,0
941,0
7762,0
1341,0
6941,0
3738,16
16591,0
1044,0
16294,44
3441,0
10314,0
3893,0
9108,0
3287,0
16140,0
6499,0
7311,0
14582,0
1729,0
1740,0
4143,0
940,0
1340,0
9761,0
3340,0
9861,0
3440,0
9554,0
3133,0
4739,0
6539,0
8160,0
1739,0
10563,0
4142,43
16995,0
939,0
20913,39
8060,0
839,0
4045,0
7263,0
20116,0
842,0
6442,0
19295,0
4845,0
8063,0
2039,0
20557,44
7704,0
10151,0
3730,39
16583,0
8554,0
2133,0
3630,0
14875,0
6836,0
3633,16
16486,0
3228,0
1631,0
834,0
5729,0
15368,0
8947,0
2526,0
10553,0
4132,0
16985,0
10156,0
3735,0
16588,0
5732,0
18585,0
2529,0
4135,0
16988,0
20206,44
7353,0
932,0
6541,0
1917,0
1220,0
5223,0
8044,0
1068,0
4918,54
17771,0
918,0
9736,0
3315,0
1718,0
1332,0
9374,0
2953,0
1356,0
18,0
9543,0
3122,0
2325,0
10352,0
3931,0
9146,0
10752,0
4331,13
17184,0
11752,0
5331,0
14970,0
3702,9
16555,0
12426,0
6005,56
18858,0
4408,0
20479,2
7626,0
3744,0
16597,0
541,0
7659,0
7698,0
1277,0
10095,0
3674,1
16527,0
6886,0
4233,0
17086,0
1030,0
13060,0
6639,55
19492,0
233,0
4107,0
10,0
19657,16
6804,0
6813,16
19666,0
10825,0
1201,0
6801,0
19654,0
9365,0
15797,50
2944,0
1347,0
550,0
3344,6
16197,0
6636,6
19489,0
3433,0
16286,0
2810,0
14055,0
1213,0
11637,0
2013,0
7222,0
16872,54
4019,0
816,0
1616,0
2449,0
4055,0
16908,0
13694,0
2102,0
3302,0
16155,0
3599,0
13247,0
7093,0
19946,0
10311,0
687,0
4290,0
5687,1
18540,0
8905,0
20161,44
7308,0
9305,0
2884,0
10105,0
10464,0
4043,0
7261,53
20114,0
840,0
4220,51
17073,0
17554,1
16839,1
16836,1
16834,1
16393,1
16390,1
15902,1
15897,1
15759,1
2849,17
15702,1
15640,14
2787,1
15637,1
15193,1
2340,1
14586,1
14402,1
12580,1
12227,1
12184,1
12119,1
12001,1
11930,1
11908,1
11572,1
11571,1
11098,1
10542,1
10439,1
10092,1
10076,1
10074,1
9936,1
9875,1
9612,1
9547,1
9503,1
9266,1
15626,39
2773,1
8930,1
8928,1
8908,1
8898,1
8808,1
8788,1
8785,1
8736,1
2224,54
15077,1
15006,39
2153,1
21408,54
8555,1
8491,1
14324,2
1471,1
14316,1
7851,1
7702,1
20535,43
7682,1
7657,1
7474,1
20266,44
7413,1
20132,44
7279,1
7275,1
20119,43
7266,1
6773,1
6739,1
6730,1
6684,1
6673,1
6509,1
12924,40
71,1
6324,1
6305,1
6252,1
6205,1
6043,1
6033,1
5938,1
5604,1
18399,48
5546,1
5346,1
11756,1
11628,1
11476,1
4998,1
4991,1
11154,1
4560,1
4440,1
4399,1
4389,1
4253,1
4241,1
4240,1
10484,1
4025,1
3808,1
3807,1
3787,1
554,1
517,1
6777,1
9901,1
13059,1
19428,54
6575,1
6474,1
9613,1
9531,1
9477,1
3048,5
15901,1
9354,1
15739,34
2886,1
2856,36
15709,1
9255,1
5914,1
12128,1
5662,1
2396,1
2348,1
2346,1
5414,1
10186,1
3765,1
3764,1
2163,1
3750,1
531,1
16587,29
3734,1
14934,1
3651,1
2049,1
19680,2
6827,1
6825,1
5012,1
1708,1
85,1
1586,1
9587,1
1546,1
7956,1
6280,1
7861,1
7850,1
7835,1
1378,1
9385,1
7782,1
1298,1
20562,39
7709,1
15708,1
7681,1
4446,1
1234,1
2809,1
4412,1
4384,1
6685,1
4285,1
7498,1
20340,44
7487,1
1783,1
4177,1
2494,1
866,1
7278,1
1545,1
8724,1
3905,1
20766,54
7913,1
6155,1
536,1
1315,41
14168,1
1326,1
7732,1
7267,1
13223,1
4387,1
6776,1
9993,1
9992,1
11994,1
6705,1
2608,1
4210,1
1763,1
6572,1
1555,1
6154,1
548,1
2154,1
9369,1
7766,1
10163,1
1322,1
108,1
1496,1
7320,1
12897,1
6875,1
6568,1
1244,1
10565,1
1090,1
6514,1
7761,1
521,1
5528,1
7622,1
7768,1
21479,2
21405,2
21272,2
21271,2
21256,2
21232,2
21221,2
21189,2
21114,2
21053,2
21049,2
21045,2
21012,2
20969,2
20920,2
20813,2
20812,2
20800,2
20798,2
20779,2
20660,2
20658,2
20648,2
20566,2
20561,2
20545,2
20502,2
20498,2
20470,2
20448,2
20440,2
20407,2
20284,2
20278,2
20255,2
20105,2
19978,2
19850,2
19803,2
19745,2
19710,2
19427,2
19171,2
18953,2
18769,2
18718,2
18699,2
18283,2
17802,2
16818,2
16816,2
16802,2
16705,2
16672,2
16461,2
16388,2
16377,2
16317,2
14525,2
14516,2
12721,2
12631,2
12306,2
12207,2
12085,2
12061,2
12042,2
11879,2
11736,2
11727,2
11629,2
11564,2
11543,2
11500,2
11443,2
11307,2
11047,2
10499,2
10478,2
10119,2
10037,2
9995,2
9558,2
9441,2
9427,2
9111,2
15495,2
8956,2
2273,39
15126,2
15109,2
8581,2
14998,2
8458,2
8366,56
21219,2
8254,2
8001,2
7884,2
14285,2
7728,2
7476,2
7472,2
7459,2
7331,2
7072,2
560,2
6865,2
12904,2
6475,2
6233,2
5969,2
5922,2
12334,2
5492,2
5367,2
5308,2
11503,2
11478,2
4814,2
4794,2
4792,2
17037,49
4184,2
3989,2
16807,28
3954,2
698,2
466,2
19683,54
6830,2
3605,11
16458,2
19127,19
6274,2
6254,2
9444,2
6186,2
6185,2
6173,2
9366,2
15692,43
2839,2
9260,2
15669,2
5994,2
12352,2
5731,2
8925,2
2490,2
2483,14
15336,2
5632,2
8826,2
15190,37
2337,2
2320,2
8731,2
5494,2
5441,19
18294,2
5437,2
3772,6
16625,2
5356,2
14954,56
2101,2
8528,2
2092,2
3557,16
16410,2
1846,2
6669,2
1803,2
8047,53
20900,2
1610,2
4805,2
1524,2
7830,2
1404,2
12505,2
6084,2
2873,2
2866,53
15719,2
9270,2
4419,2
4307,2
8318,2
4288,2
20358,44
7505,2
8292,2
1063,2
1849,2
13036,9
183,2
4194,2
187,2
13027,2
8986,2
12014,2
783,2
15180,2
2338,2
1492,2
12704,2
1722,2
528,2
9311,2
846,2
12869,2
6799,2
16824,19
3971,2
7914,49
20767,2
11499,2
4273,2
20344,44
7491,2
6456,2
1033,2
10023,2
1351,2
21373,44
8520,2
65,2
1644,2
5650,2
7096,2
1642,2
15782,14
2929,2
1525,2
16874,54
4021,2
3601,17
16454,2
7634,2
5932,3
18924,4
14844,4
422,29
13275,4
8933,4
8416,4
8415,4
5118,5
4129,5
4028,5
6996,5
13236,5
3594,5
2973,5
3609,5
4039,5
18600,6
17113,6
15585,6
11282,6
11105,6
10547,6
9959,6
9284,6
8846,6
8221,6
7707,6
7694,6
6661,6
6577,6
6222,6
11643,6
11635,6
11087,6
11027,6
4498,6
16684,54
3831,6
10222,6
10208,6
10180,6
16473,17
3620,6
3578,6
9383,6
9371,6
6130,6
9268,6
2700,28
15553,6
12155,6
8797,6
2230,6
2198,6
10181,6
5300,6
406,6
404,6
9904,6
11510,6
1794,6
23,6
1429,34
14282,6
7690,6
10805,6
5351,6
3258,6
16428,39
3575,6
8791,6
1173,6
9040,6
3543,49
16396,6
8454,6
10054,6
3598,6
16177,7
15979,8
9489,8
9465,8
9453,8
7903,8
6721,8
11504,8
21134,9
20159,9
19113,9
18906,9
18859,9
18362,9
18145,9
17993,9
17835,9
16304,9
16150,9
14028,9
851,54
13704,9
13321,9
12974,9
12687,9
12657,9
12592,9
12571,9
12483,9
12350,9
12336,9
12274,9
12235,9
12147,9
12112,9
12102,9
11989,9
11960,9
11940,9
11934,9
11435,9
10219,9
8748,9
8734,9
7715,9
19727,51
6874,9
12509,9
18830,50
5977,9
12316,9
12101,9
5533,9
11913,9
11386,9
690,17
13543,9
2718,29
15571,9
15247,44
2394,9
15078,13
2225,9
4934,14
17787,9
12727,9
1425,9
9867,9
6616,9
21206,39
8353,9
6731,9
17965,16
5112,9
1099,9
1676,9
11657,9
21275,29
8422,9
16679,10
16401,10
15934,10
15707,10
15299,10
11057,10
9580,10
9577,10
9074,10
7746,10
7235,10
7146,10
7132,10
6861,10
6761,10
5663,10
4344,10
3647,10
9578,10
15208,10
9422,10
1065,10
1059,10
9530,10
7776,10
2332,10
8912,10
1239,10
16549,11
10877,11
10085,11
9438,11
15120,11
8545,11
21173,39
8320,11
8227,11
7725,11
7349,11
7245,11
6763,11
6635,11
6287,11
6088,11
18390,25
5537,11
4505,11
4374,11
7063,11
6590,11
2920,11
2664,11
9030,11
2398,11
10115,11
407,11
6532,11
1456,11
1379,11
2802,54
15655,11
7631,11
14761,11
20170,44
7317,11
8733,11
2549,11
113,11
6864,11
7141,11
20802,28
7949,11
6862,11
7358,11
1287,11
2917,12
21372,13
8946,13
15250,26
2397,13
20372,44
7519,13
7385,13
7277,13
19482,54
6629,13
18355,29
5502,13
5085,13
4459,13
3875,13
3774,13
3763,13
4990,13
14550,13
7990,13
16797,44
3944,13
7346,13
8426,13
21413,14
21336,14
21324,14
21315,14
21265,14
21109,14
21095,14
21081,14
21055,14
21044,14
20988,14
20915,14
20776,14
20680,14
20639,14
20628,14
20564,14
20533,14
20450,14
20391,14
20368,14
20252,14
20181,14
20174,14
19742,14
18627,14
18052,14
16735,14
16715,14
16698,14
16569,14
15886,14
15723,14
15211,14
15141,14
1327,16
14180,14
12211,14
11528,14
11470,14
11283,14
11060,14
10907,14
10529,14
10430,14
10225,14
10130,14
9860,14
9825,14
9091,14
8997,14
15002,39
2149,14
8364,14
8226,14
8048,14
7836,14
7244,14
6765,14
6094,14
5926,14
11724,14
11481,14
11475,14
4357,14
4330,14
7157,14
3755,28
16608,14
3585,14
9985,14
3422,54
16275,14
3416,54
16269,14
160,14
3353,15
16206,14
9576,14
12664,14
6198,14
15695,14
15570,14
12296,14
15489,14
8979,14
5415,14
15053,14
11721,14
2089,14
14752,14
11359,14
7841,14
4472,14
15667,14
12346,14
10532,14
74,14
4014,14
3996,14
5556,14
6297,14
7083,14
8970,14
6115,14
1314,14
8005,14
10411,14
1178,14
6790,14
774,14
5911,14
5501,28
18354,14
1070,14
8868,14
18009,15
17511,15
17449,15
17169,15
16893,15
15989,15
15840,15
1759,49
14612,15
12706,15
8699,15
7135,15
12714,15
5274,15
11059,15
3797,54
16650,15
10183,15
3105,15
2858,15
9012,15
8692,15
2260,15
14573,15
111,15
1308,15
1100,15
7437,15
4811,15
123,15
4544,15
21453,16
21236,16
21215,16
21194,16
21022,16
20672,16
20499,16
20455,16
20400,16
20237,16
19723,16
18708,16
18155,16
17795,16
17556,16
16910,16
16819,16
16815,16
16376,16
16371,16
16347,16
16324,16
16221,16
15834,16
15790,16
14542,19
1689,16
12715,16
12624,16
11667,16
11621,16
11494,16
10980,16
10974,16
10855,16
10601,16
9961,16
9914,16
9502,16
9346,16
9278,16
8860,16
15206,48
2353,16
15205,16
15065,53
2212,16
21260,29
8407,16
8394,16
8311,29
21164,16
20807,44
7954,16
14300,16
7730,49
20583,16
7723,16
7676,28
20529,16
7620,43
20473,16
20191,39
7338,16
7276,39
20129,16
12915,16
6323,16
6293,16
6181,16
6104,16
5993,16
12240,16
5744,16
5738,43
18591,16
12110,16
5438,16
5407,16
11685,16
11569,16
11549,16
11479,16
4457,16
4292,16
4063,27
16916,16
715,16
3840,16
10254,16
3697,16
9963,16
6641,16
169,16
164,16
9682,16
6105,16
18751,24
5898,16
2548,16
8892,16
15233,43
2380,16
8767,16
557,16
2112,16
10097,16
3676,16
449,16
6848,16
6729,16
167,16
1638,16
4788,16
1585,16
6179,16
1364,16
1320,16
1245,16
1229,16
1188,16
1137,16
4239,16
7441,16
4216,16
6597,26
19450,16
998,16
12204,16
6495,16
5682,16
7272,16
1554,16
10381,16
3903,16
3895,16
11112,16
4155,16
7735,16
11733,16
6504,50
19357,16
1258,16
1198,16
1176,16
6785,16
2750,16
728,16
2298,16
9029,16
399,16
3672,16
12153,16
1128,16
16471,17
16470,17
16469,17
16468,17
15632,39
2779,17
508,17
6733,17
3757,17
514,17
2772,17
12064,17
2339,17
2213,17
2211,17
5083,17
1714,17
1568,17
1567,17
1420,17
1363,17
1648,17
692,17
702,17
700,17
695,17
693,17
691,17
546,17
529,17
513,17
512,17
509,17
701,17
506,17
1814,17
15283,18
12185,18
10162,18
6741,18
165,18
17809,19
4956,18
9240,18
5721,18
1824,18
4523,18
1170,18
1066,18
1820,18
828,18
776,18
20370,44
7517,18
20373,44
7520,18
7286,18
21382,19
20982,19
17798,19
15967,19
12087,19
10988,19
10848,19
10419,19
9981,19
9929,19
7470,19
7332,19
6594,36
19447,19
3759,19
6767,19
6723,19
15769,28
2916,19
15325,19
12083,19
2897,19
12378,19
9102,19
185,19
2505,19
3707,19
4774,19
1153,19
4410,19
4447,19
10442,19
15387,23
2534,20
15545,20
8756,20
5105,28
17958,20
1771,20
3684,20
4346,49
17199,21
4067,21
21018,22
20270,22
18483,23
17964,23
17922,23
17900,23
16207,23
16141,23
14860,23
11855,23
11220,23
10284,23
9611,23
9229,23
9187,23
9160,23
9127,23
8644,23
8614,23
8611,23
8125,23
7008,23
6349,23
5644,43
18497,23
11859,23
11850,23
5264,23
11227,23
11168,23
4574,23
4149,23
4094,23
4089,23
6999,23
3480,23
3456,23
6356,23
2962,23
12463,23
9189,23
8619,23
5257,23
5219,23
5048,28
17901,23
9741,23
2961,23
2960,23
16370,54
3517,23
3468,23
4092,23
10349,23
8702,23
2279,23
8155,23
4123,23
920,23
899,23
883,23
9177,23
4562,23
15380,23
887,23
18351,26
12059,26
11726,26
10233,26
9556,26
8526,26
8039,26
1461,39
14314,26
7442,26
7073,26
6752,26
8022,26
1414,26
4376,26
696,26
145,26
852,26
11071,27
5134,27
5002,27
4603,27
5471,27
7124,27
4071,27
1715,27
21337,28
21222,28
21196,28
20657,28
20432,28
19812,28
19466,28
19365,28
18997,28
17848,28
17661,28
17558,28
16911,28
16817,28
16719,28
16665,28
16590,28
16337,28
16244,28
16219,28
16055,28
15482,28
15307,28
12572,28
12255,28
12244,28
12035,28
12031,28
11750,28
11700,28
11687,28
11683,28
11565,28
11452,28
11424,28
11416,28
11340,28
11317,28
11306,28
11018,28
10964,28
10870,28
10600,28
10500,28
10427,28
10032,28
10027,28
9970,28
9896,28
9652,28
9475,28
15679,28
2826,28
9113,28
9101,28
8893,28
15153,28
8635,48
21488,28
21412,29
8559,28
8317,28
8297,28
8291,28
7817,54
20670,28
7774,28
7462,28
20302,39
7449,28
20241,44
7388,28
534,28
6809,28
6670,28
6458,28
6227,28
6187,28
6102,28
18955,28
12506,28
5906,28
12239,28
5461,28
5316,28
4920,53
17773,28
10599,28
10597,28
10538,28
16727,54
3874,28
10094,28
3631,28
10040,28
13203,28
9605,28
6313,28
9428,28
5968,28
2518,28
2488,28
2429,28
5624,28
15188,49
2335,28
2270,28
2234,28
3713,28
11689,28
6783,28
8339,53
21192,28
9930,28
13131,28
6680,28
13093,28
8219,28
4892,28
14524,28
1446,28
1288,28
1284,28
2825,28
1225,28
2807,28
2613,28
12914,28
6299,28
6288,28
2924,35
15777,28
4517,28
5313,49
18166,28
10925,28
10053,28
15259,28
19667,39
6814,28
5976,28
9994,28
5078,28
151,28
539,28
1271,28
739,28
1633,28
10556,28
6325,53
19178,28
2437,28
21238,29
20794,29
20180,29
17700,29
17506,29
16644,29
15841,29
15762,29
12033,29
11925,29
11349,29
11049,29
10434,29
10067,29
2428,45
15281,29
8799,29
8289,53
21142,29
14697,29
8262,29
8010,29
7994,29
7902,29
20235,44
7382,29
13656,29
6503,29
6073,29
5647,29
5345,29
11674,29
4810,29
17630,39
4777,29
7061,29
3841,29
10211,29
6592,29
3261,29
12619,29
9337,29
15641,29
15240,29
15107,29
14949,29
14666,29
6447,29
12831,29
1502,29
1466,29
1433,29
4974,29
2890,29
1575,29
15213,29
743,29
7120,29
3899,29
14993,29
130,29
6699,29
93,29
14975,29
1732,29
10440,29
3890,29
17333,30
16257,31
12814,32
12813,32
6995,32
4630,32
11717,33
5071,33
15602,33
9373,33
10822,33
21041,34
19379,34
19297,34
19258,34
18882,34
18654,34
17973,34
17853,34
17710,34
17559,34
16403,34
15591,34
12822,34
12679,34
12538,34
12205,34
11268,34
9920,34
9809,34
9497,34
9332,34
8919,34
8711,34
7065,34
6538,34
6199,34
6124,34
5919,34
5910,34
5876,34
5873,34
11891,34
4820,39
17673,34
10874,34
4145,34
3821,34
6695,34
15629,34
5949,34
12186,34
1847,34
3042,34
8186,48
21039,34
3276,34
1500,34
3565,34
9893,34
3387,34
12852,34
1039,34
1649,34
8441,35
20910,36
20685,36
20651,36
20598,36
20517,36
18713,36
15295,36
13138,36
12658,36
12649,36
12569,36
12391,36
12382,36
12380,36
12362,36
12258,36
12154,36
12149,36
11978,36
11884,36
11713,36
11614,36
11568,36
10943,36
10083,36
9237,36
9097,36
2203,45
15056,36
21435,43
8582,36
8579,36
8457,36
21252,39
8399,36
21244,49
8391,36
20885,43
8032,36
20879,49
8026,36
7790,36
20605,39
7752,36
7048,36
388,36
13192,36
140,36
6522,53
19375,36
12351,36
11898,36
5342,36
11567,36
4797,36
4755,36
11034,36
10436,36
6787,36
6759,36
9610,36
9525,36
6123,36
8969,36
15324,54
2471,36
8899,36
2478,36
12017,36
15094,36
5089,36
126,36
1706,36
8027,36
1449,36
11031,36
9287,36
20257,44
7404,36
1608,36
11966,36
2342,36
7092,36
12176,36
538,36
6549,36
1643,36
16799,39
3946,36
7953,36
8981,36
11570,36
15772,56
2919,36
11540,36
8995,36
12874,36
2938,36
11644,36
19674,37
16297,37
15888,37
13031,37
10917,37
10899,37
10431,37
10140,37
9967,37
9242,37
7880,37
13854,37
4827,37
11111,37
10972,37
10891,37
4347,37
3922,37
494,37
13180,37
2409,37
2194,37
11666,37
6523,37
14427,37
7967,37
20801,44
7948,37
12667,37
11395,37
1765,37
20234,39
7381,37
10544,37
10527,37
1677,37
483,37
17672,53
4819,37
9047,38
5286,38
5177,38
8222,38
21480,39
21474,39
21352,39
21266,39
21240,39
21237,39
21218,39
21136,39
21135,39
21032,39
20975,39
20735,39
20711,39
20695,39
20593,39
20558,39
20395,39
20385,39
20376,39
20314,39
20310,39
20228,39
20118,39
19915,39
19887,39
19369,39
18816,39
18120,39
17712,39
17655,39
17489,39
16825,39
16809,39
16800,39
16655,39
16551,39
16385,39
15819,39
15558,39
12645,39
12520,39
11115,39
10924,39
10851,39
10099,39
9973,39
9405,39
9378,39
9364,39
9316,39
9273,39
9049,39
8865,39
8793,39
8750,39
8740,39
8738,39
15062,39
15000,39
8577,50
21430,39
8565,39
8409,39
21262,39
8313,43
21166,39
7190,39
7079,39
6779,39
6738,39
6273,39
12596,39
6175,39
6146,39
6048,39
6017,39
18870,39
5950,39
12231,39
5680,39
11976,39
11896,39
5464,39
5426,39
5417,39
5314,39
5029,39
4747,39
10897,39
4176,39
4141,39
19986,58
7133,39
3784,39
3695,39
3669,49
16522,39
3667,39
9810,39
9429,39
6129,39
6041,39
5967,39
2751,39
5894,39
9066,39
2590,39
5757,54
18610,39
5749,56
18602,39
15221,39
2182,39
2042,39
3624,39
8236,39
6455,43
19308,39
1569,39
1543,39
1527,39
4729,39
1467,39
1452,39
1317,39
7734,39
1251,39
1177,39
4351,39
1134,39
21193,50
8340,39
1122,39
14417,44
1564,39
11977,39
3948,54
16801,39
4732,39
1344,39
9333,39
3582,39
1135,39
1111,39
2693,39
456,39
9372,39
533,39
10946,39
7398,50
20251,39
13717,39
10564,39
3629,39
21191,44
8338,39
818,39
15326,39
12179,40
49,40
8784,41
6732,41
96,54
12949,41
10790,41
3721,43
16574,41
6762,41
9909,41
3118,41
9488,41
1339,41
1571,41
7260,41
11260,42
10695,42
5808,42
5643,42
11225,42
21437,43
21242,43
21224,43
20918,43
20414,43
20217,43
19142,43
19029,43
19009,43
17988,43
16812,43
16798,43
16642,43
16584,43
16350,43
16348,43
16346,43
16284,43
16263,43
16030,43
15136,43
12562,43
11109,43
10393,43
9312,43
9267,43
9250,43
9235,43
8794,43
8745,43
8708,43
8637,48
21490,43
13890,43
7359,43
6485,43
6134,43
5339,43
3786,43
16422,50
3569,43
9519,43
6165,43
15594,43
2659,43
8999,43
8976,43
11877,43
2253,43
5422,43
2048,43
21203,50
8350,43
138,43
6466,43
9625,43
1438,43
10840,43
2789,43
1181,43
1160,43
2580,43
6591,43
968,43
11305,43
3994,43
7139,43
19966,56
7113,43
530,43
5312,43
1096,43
1853,43
8229,43
1011,43
3680,53
16533,43
2433,43
2005,43
21436,44
21414,44
21403,44
21388,44
21386,44
21385,44
21378,44
21356,44
21330,44
21322,44
21298,44
21264,44
21255,44
21248,44
21211,44
21209,44
21205,44
21179,44
21165,44
21148,44
21113,44
21103,44
21036,44
21017,44
21014,44
20974,44
20973,44
20954,44
20943,44
20937,44
20930,44
20896,44
20894,44
20826,44
20822,44
20791,44
20784,44
20715,44
20706,44
20654,44
20652,44
20640,44
20630,44
20569,44
20548,44
20494,44
20490,44
20463,44
20443,44
20442,44
20412,44
20393,44
20388,44
20378,44
20364,44
20339,44
20332,44
20324,44
20309,44
20304,44
20299,44
20279,44
20273,44
20269,44
20249,44
20233,44
20226,44
20221,44
20213,44
20189,44
20187,44
20166,44
20151,44
20138,44
19254,44
19174,44
17034,44
17032,44
16913,44
16664,44
16619,44
16585,44
16546,44
16545,44
16380,44
16315,44
16246,44
15833,44
15822,44
15800,44
15753,44
15515,44
15348,44
13014,44
12783,44
12674,44
12266,44
15356,44
8890,44
15023,44
7821,44
7726,44
7531,58
20384,44
7264,44
20117,44
6586,44
6047,44
5658,44
5402,44
5055,44
4012,49
16865,44
3968,44
3872,53
16725,44
3860,44
3817,50
16670,44
3782,56
16635,44
6840,44
3634,49
16487,44
196,44
8972,44
15079,44
2236,44
2205,44
3770,48
16623,44
2055,44
1764,44
14,44
1381,44
1124,44
986,44
976,44
1529,44
1108,44
2619,44
1727,44
8294,44
12150,44
1205,44
1087,44
7438,50
20291,44
18252,45
16481,45
2850,50
15703,45
15103,45
12573,45
12288,45
12202,45
11711,45
11705,45
7158,45
11714,45
11100,45
11636,45
9952,45
6120,45
1193,45
1152,45
56,45
1747,45
15742,46
18231,47
21391,48
18835,48
18744,48
18700,48
17256,48
16963,48
16932,48
16856,48
16088,48
12830,48
11352,48
10623,48
9982,48
9933,48
9704,48
9076,48
8662,48
8592,48
8151,48
8141,48
7907,48
5973,48
5908,48
5895,48
5057,48
11198,48
10767,48
10375,48
3078,48
12609,48
8667,48
20655,50
7802,48
13908,48
14951,48
1680,48
1675,48
8080,48
21233,49
21176,49
21034,49
20712,49
20380,49
17788,49
17685,49
12705,49
12681,49
12659,49
12616,49
12516,49
12364,49
12166,49
11878,49
11566,49
11338,49
11333,49
11320,49
11301,49
11300,49
11145,49
11028,49
10999,49
10839,49
10253,49
9334,49
9301,49
8742,49
8521,49
8388,49
8300,49
14646,49
20736,50
7883,49
7516,49
7455,49
20308,49
7410,49
7302,49
6711,49
6701,49
6271,49
6138,49
5359,49
18180,56
5327,49
11690,49
11633,49
5084,49
11046,49
10973,49
10919,49
4261,49
10534,49
10524,49
734,49
3806,49
202,49
6242,49
9339,49
12353,49
5931,49
8965,49
15354,49
2350,49
15189,49
2316,49
2252,49
5452,49
2221,49
5416,49
10185,49
11649,49
1861,49
6540,49
4914,49
11302,49
1602,49
1469,49
1285,49
1200,49
1191,49
14744,49
1084,49
1877,49
1080,49
7444,49
210,49
1010,49
1768,49
5600,49
2333,49
1752,49
1311,49
731,49
8296,49
2667,49
11630,49
3602,49
6529,49
9894,49
8580,49
5741,49
7465,49
1639,49
859,49
12860,49
10165,49
9231,49
490,49
21295,50
21178,50
20976,50
20770,50
20634,50
20567,50
20507,50
20135,50
19862,50
19639,50
19459,50
19440,50
18832,50
17975,50
17811,50
17607,50
16806,50
16441,50
16022,50
15969,50
15130,50
12613,50
11993,50
11696,50
11684,50
11529,50
11429,50
11407,50
11106,50
10966,50
10884,50
9937,50
9818,50
9807,50
9566,50
9425,50
8286,50
14630,50
8030,53
20883,50
14103,50
7330,50
7191,50
6500,50
24,50
6309,50
5991,50
12294,50
5669,50
5657,50
5629,50
4378,50
4358,50
4157,50
4029,50
2761,50
15477,50
5758,50
2539,50
5679,50
15152,50
2249,50
2188,50
14995,50
10046,50
2016,50
6672,50
5018,50
1655,50
4775,50
7887,50
1366,50
1117,50
2663,50
8915,50
848,50
781,50
5725,50
5317,50
98,50
8879,50
7193,50
6298,50
7432,50
4361,50
5354,50
4954,50
2519,50
5321,50
6147,50
21234,51
20493,51
16890,51
16858,51
16795,51
16568,51
11933,51
11090,51
9618,51
9388,51
15496,51
8992,51
14729,51
11730,51
4551,51
6213,51
12045,51
3785,56
16638,51
420,51
7189,51
5694,51
1920,52
21447,53
21308,53
21286,53
21106,53
21047,53
20804,53
20646,53
20515,53
20381,53
19815,53
19790,53
19304,53
18606,53
16912,53
16848,53
16808,53
16602,53
16480,53
16342,53
15733,53
14394,54
1541,53
13032,53
12341,53
12182,53
12169,53
12077,53
11990,53
11758,53
11754,53
11128,53
11019,53
10963,53
10923,53
10856,53
9647,53
9562,53
9478,53
9399,53
9003,53
8935,53
8488,53
8487,53
8335,53
8036,53
8017,53
7838,53
7739,53
7483,53
7439,53
7212,53
6859,56
19712,53
6747,53
13118,53
6668,53
6601,53
6496,53
6257,53
6232,53
6078,53
12379,53
12079,53
12078,53
5654,53
11967,53
11904,53
11622,53
11588,53
5015,53
11354,53
4901,53
4745,53
11132,53
10879,53
4258,53
3952,53
10227,53
3771,53
9839,53
212,53
6243,53
6211,53
9389,53
6149,53
2918,53
2834,53
2820,53
2691,53
12271,53
2645,53
2567,53
12163,53
18576,54
5723,53
8814,53
5538,53
2227,53
2026,53
13165,53
13110,53
1872,53
5051,53
5050,53
41,53
11058,53
1428,53
11036,53
1375,53
17328,58
4475,53
2806,53
1157,53
1138,53
4337,53
1837,53
9034,53
1003,53
10598,53
11308,53
2479,53
837,53
11153,53
15145,53
3900,53
680,53
2276,53
6552,53
1355,53
3740,53
8530,53
10459,53
3977,53
1528,53
1101,53
6679,53
1650,53
1007,53
10008,53
4554,53
6551,53
4930,53
2877,53
10089,53
6880,53
10983,53
12115,53
484,53
4404,53
21357,54
21287,54
21228,54
21071,54
21040,54
20945,54
20797,54
20311,54
20298,54
19799,54
19751,54
19441,54
19435,54
19343,54
19270,54
19241,54
18986,54
18223,54
18182,54
18138,54
17785,54
17784,54
17777,54
17576,54
17182,54
17178,54
17115,54
17004,54
16925,54
16923,54
16873,54
16700,54
16685,54
16444,54
16427,54
16026,54
15997,54
15894,54
15682,54
15600,54
14623,54
13189,54
12676,54
12383,54
12305,54
11449,54
11143,54
11029,54
10950,54
10908,54
10883,54
10224,54
9487,54
9343,54
8327,54
14619,54
8020,54
7824,54
14131,54
7494,54
7490,54
7482,54
7469,54
7319,54
496,54
13212,54
13194,54
13182,54
12699,54
6223,54
12629,54
12610,54
6103,54
6096,54
12356,54
12331,54
5750,54
5516,54
5377,54
11755,54
11748,54
11744,54
4908,54
11078,54
10928,54
10872,54
10462,54
3993,54
3933,54
3920,54
3839,54
3833,54
3418,54
3229,54
9539,54
12722,54
6070,54
2540,54
5671,54
8771,54
5442,54
2219,54
1835,54
1581,54
7993,54
10909,54
1118,54
2714,54
9027,54
4884,54
7305,54
1667,54
15276,54
1577,54
3161,54
748,54
2281,54
12973,54
2552,54
545,54
12146,54
11738,54
1291,54
3632,54
13211,54
7992,54
12719,54
7443,54
4964,54
1354,54
142,56
12995,54
4937,54
12965,54
3298,54
5665,54
844,54
6856,54
3336,54
3239,54
836,54
6788,55
6926,55
21182,56
21132,56
21100,56
21042,56
20932,56
20926,56
20768,56
20606,56
18158,56
17617,56
17547,56
16598,56
16592,56
15985,56
14985,56
13092,56
13026,56
12187,56
12063,56
12022,56
11336,56
10921,56
10885,56
10853,56
10174,56
10108,56
9678,56
9486,56
9238,56
8810,56
756,56
6743,56
6311,56
6240,56
6172,56
6107,56
6055,56
5913,56
11980,56
5496,56
5451,56
5444,56
5355,56
4999,56
4803,56
10926,56
4257,56
4169,56
10573,56
7078,56
10196,56
6231,56
12570,56
9274,56
2561,56
5716,56
12098,56
4911,56
1566,56
1384,56
1265,56
5100,56
4219,56
1009,56
1494,56
773,56
1532,56
6642,56
9964,56
2099,56
13114,56
535,56
2836,56
1283,56
6505,56
6696,56
8858,56
8732,57
21562,58
19625,58
19198,58
19081,58
19044,58
18425,58
18061,58
17442,58
17062,58
12628,58
11137,58
10756,58
10746,58
9700,58
8829,58
100,58
5767,58
5146,58
11197,58
10754,58
13482,58
10262,58
13172,58
198,58
2994,58
2993,58
5765,58
2555,58
5371,58
6952,58
7591,58
9178,58
1147,58
9135,58
10724,58
1174,58
867,58
880,58
890,58
11160,58
5236,58
929,58
5216,58
9941,59
2206,59
1598,59
10367,59
