21576,0
21574,0
21571,0
21568,0
21567,0
21565,0
21550,0
21517,0
21502,0
21501,0
21469,0
21462,0
21454,0
21423,0
21419,0
21404,0
21401,0
21391,0
21387,0
21382,0
21376,0
21369,0
21358,0
21321,0
21319,0
21292,0
21267,0
21261,0
21253,0
21210,0
21201,0
21177,0
21143,0
21134,0
21133,0
21131,0
21130,0
21076,0
21041,0
21019,0
21018,0
21007,0
20989,0
20936,0
20919,0
20905,0
20902,0
20887,0
20878,0
20835,0
20834,0
20829,0
20824,0
20778,0
20773,0
20769,0
20753,0
20734,0
20721,0
20710,0
20709,0
20699,0
20653,0
20632,0
20584,0
20552,0
20469,0
20465,0
20439,0
20420,0
20409,0
20406,0
20396,0
20389,0
20379,0
20377,0
20352,0
20267,0
20262,0
20230,0
20186,0
20142,0
20137,0
20095,0
20090,0
20058,0
20048,0
20039,0
20035,0
20034,0
20031,0
20013,0
20005,0
19998,0
19984,0
19975,0
19959,0
19912,0
19906,0
19892,0
19890,0
19874,0
19844,0
19839,0
19837,0
19832,0
19830,0
19807,0
19802,0
19786,0
19769,0
19763,0
19758,0
19732,0
19731,0
19711,0
19692,0
19679,0
19658,0
19653,0
19649,0
19645,0
19635,0
19559,0
19557,0
19551,0
19546,0
19529,0
19505,0
19480,0
19478,0
19471,0
19470,0
19464,0
19453,0
19433,0
19432,0
19419,0
19418,0
19379,0
19371,0
19297,0
19293,0
19262,0
19258,0
19256,0
19223,0
19208,0
19191,0
19167,0
19155,0
19122,0
19113,0
19092,0
19083,0
19069,0
19062,0
18995,0
18994,0
18992,0
18975,0
18962,0
18952,0
18951,0
18932,0
18930,0
18924,0
18922,0
18921,0
18917,0
18906,0
18902,0
18882,0
18872,0
18865,0
18861,0
18860,0
18859,0
18852,0
18840,0
18835,0
18795,0
18782,0
18774,0
18773,0
18768,0
18746,0
18744,0
18738,0
18736,0
18700,0
18698,0
18689,0
18682,0
18674,0
18667,0
18665,0
18654,0
18638,0
18621,0
18616,0
18567,0
18557,0
18519,0
18509,0
18495,0
18493,0
18472,0
18467,0
18466,0
18463,0
18459,0
18443,0
18430,0
18423,0
18421,0
18415,0
18402,0
18389,0
18387,0
18372,0
18371,0
18367,0
18357,0
18356,0
18339,0
18332,0
18313,0
18303,0
18302,0
18280,0
18271,0
18257,0
18239,0
18236,0
18234,0
18231,0
18228,0
18225,0
18222,0
18217,0
18191,0
18186,0
18160,0
18145,0
18135,0
18104,0
18101,0
18099,0
18095,0
18085,0
18080,0
18071,0
18066,0
18050,0
18040,0
18038,0
18037,0
18034,0
18017,0
18014,0
17986,0
17973,0
17963,0
17960,0
17952,0
17927,0
17899,0
17894,0
17892,0
17880,0
17878,0
17877,0
17875,0
17872,0
17870,0
17867,0
17864,0
17863,0
17860,0
17857,0
17849,0
17822,0
17813,0
17812,0
17780,0
17776,0
17766,0
17760,0
17759,0
17752,0
17749,0
17748,0
17731,0
17728,0
17723,0
17719,0
17716,0
17710,0
17707,0
17706,0
17686,0
17666,0
17643,0
17619,0
17579,0
17574,0
17569,0
17568,0
17563,0
17562,0
17559,0
17538,0
17499,0
17479,0
17473,0
17472,0
17455,0
17452,0
17433,0
17431,0
17423,0
17422,0
17417,0
17416,0
17412,0
17411,0
17406,0
17403,0
17399,0
17364,0
17361,0
17352,0
17349,0
17342,0
17340,0
17338,0
17335,0
17333,0
17317,0
17316,0
17315,0
17314,0
17302,0
17301,0
17298,0
17285,0
17279,0
17275,0
17269,0
17256,0
17248,0
17247,0
17236,0
17221,0
17201,0
17187,0
17177,0
17174,0
17173,0
17168,0
17164,0
17152,0
17151,0
17149,0
17148,0
17142,0
17140,0
17137,0
17134,0
17128,0
17127,0
17125,0
17117,0
17103,0
17097,0
17095,0
17083,0
17077,0
17074,0
17067,0
17060,0
17059,0
17053,0
17039,0
17038,0
17036,0
17015,0
17011,0
17007,0
17003,0
17001,0
17000,0
16991,0
16989,0
16987,0
16981,0
16979,0
16969,0
16967,0
16963,0
16962,0
16961,0
16957,0
16935,0
16932,0
16929,0
16926,0
16885,0
16875,0
16871,0
16856,0
16851,0
16796,0
16794,0
16788,0
16777,0
16776,0
16774,0
16772,0
16750,0
16749,0
16734,0
16708,0
16707,0
16688,0
16680,0
16675,0
16667,0
16658,0
16652,0
16651,0
16636,0
16622,0
16607,0
16589,0
16581,0
16577,0
16538,0
16531,0
16510,0
16499,0
16495,0
16429,0
16419,0
16405,0
16404,0
16403,0
16374,0
16369,0
16365,0
16357,0
16354,0
16318,0
16311,0
16310,0
16300,0
16289,0
16279,0
16277,0
16257,0
16241,0
16238,0
16232,0
16215,0
16214,0
16212,0
16210,0
16196,0
16194,0
16179,0
16176,0
16171,0
16159,0
16149,0
16146,0
16145,0
16136,0
16134,0
16125,0
16123,0
16120,0
16115,0
16110,0
16103,0
16097,0
16095,0
16093,0
16091,0
16088,0
16086,0
16077,0
15996,0
15993,0
15988,0
15961,0
15950,0
15932,0
15918,0
15913,0
15908,0
15898,0
15872,0
15831,0
15767,0
15742,0
15736,0
15729,0
15713,0
15672,37
2819,0
2813,36
15666,0
15636,0
2783,0
15620,0
2767,0
15616,0
2763,0
15597,34
2744,0
2742,7
15595,0
15591,0
15580,0
15578,54
2725,0
15569,0
15565,0
15543,0
2687,60
15540,0
2674,27
15527,0
15504,0
15503,0
2650,0
2630,9
15483,0
15481,0
15478,0
15471,0
2611,9
15464,0
15459,28
2606,0
15457,5
2604,0
15447,0
2594,0
15430,53
2577,0
15406,0
2553,0
15363,0
15357,0
2504,0
15352,0
2499,0
15306,0
15296,0
15265,0
15264,0
2411,0
15255,0
2393,51
15246,0
15230,0
2366,34
15219,0
15204,0
2347,4
15200,0
15197,4
2344,0
2303,56
15156,0
15090,20
2237,0
15060,0
15052,0
15037,0
15012,4
2159,0
2151,59
15004,0
14981,1
2128,0
14978,0
14971,27
2118,0
2116,36
14969,0
14928,0
14926,0
2073,0
14904,0
2033,58
14886,0
14885,0
2024,44
14877,0
2020,1
14873,0
14865,21
2012,0
14844,0
14839,0
1965,39
14818,0
14736,0
14672,0
1751,43
14604,0
1734,51
14587,0
14563,0
14549,17
1696,0
14545,5
1692,0
14539,9
1686,0
1684,37
14537,0
14263,0
14199,0
14069,0
1216,0
14028,0
13958,21
1105,0
937,53
13790,0
13757,0
904,0
13721,0
868,0
861,18
13714,0
851,37
13704,0
13702,0
849,0
13649,0
13559,0
706,0
13507,0
13471,0
13458,0
13288,0
435,0
13279,0
422,34
13275,0
13263,52
410,0
13255,0
402,0
13245,0
13242,0
389,0
13224,4
371,0
13201,0
13190,0
13175,59
322,0
13174,0
317,39
13170,0
13163,0
13139,0
13136,0
271,23
13124,0
13119,0
13096,0
13085,37
232,0
13070,0
13064,33
211,0
13046,0
13039,0
186,0
13023,0
13021,0
168,0
13003,0
139,5
12992,0
12963,0
110,0
12956,0
12937,0
12933,52
80,0
12905,0
12885,0
12861,0
12842,0
12836,0
12830,0
12829,0
12827,0
12822,0
12815,0
12799,0
12791,0
12788,0
12778,0
12772,0
12763,0
12760,0
12759,0
12755,0
12754,0
12751,0
12748,0
12728,0
12717,0
12707,0
12691,0
12690,0
12689,0
12683,0
12679,0
12677,0
12672,0
12670,0
12668,0
12660,0
12651,0
12647,0
12633,0
12625,0
12621,0
12611,0
12604,0
12579,0
12564,0
12563,0
12557,0
12538,0
12531,0
12502,0
12492,0
12490,0
12489,0
12487,0
12473,0
12465,0
12461,0
12460,0
12457,0
12442,0
12423,0
12409,0
12399,0
12374,0
12350,0
12344,0
12339,0
12317,0
12313,0
12302,0
12286,0
12276,0
12259,0
12250,0
12249,0
12246,0
12225,0
12224,0
12223,0
12222,0
12215,0
12191,0
12135,0
12117,0
12106,0
12073,0
12054,0
12049,0
12027,0
12011,0
11983,0
11981,0
11970,0
11957,0
11945,0
11935,0
11910,0
11909,0
11900,0
11888,0
11883,0
11867,0
11866,0
11860,0
11854,0
11848,0
11841,0
11833,0
11826,0
11822,0
11808,0
11801,0
11795,0
11793,0
11791,0
11789,0
11743,0
11728,0
11723,0
11722,0
11706,0
11638,0
11627,0
11625,0
11623,0
11617,0
11580,0
11579,0
11563,0
11559,0
11558,0
11551,0
11550,0
11545,0
11541,0
11527,0
11522,0
11519,0
11508,0
11490,0
11487,0
11477,0
11468,0
11460,0
11459,0
11451,0
11447,0
11446,0
11444,0
11440,0
11437,0
11435,0
11431,0
11430,0
11418,0
11413,0
11406,0
11405,0
11403,0
11390,0
11387,0
11372,0
11371,0
11370,0
11369,0
11357,0
11352,0
11348,0
11344,0
11330,0
11327,0
11299,0
11292,0
11291,0
11287,0
11285,0
11279,0
11278,0
11274,0
11273,0
11270,0
11268,0
11265,0
11260,0
11255,0
11253,0
11252,0
11251,0
11249,0
11243,0
11236,0
11234,0
11211,0
11210,0
11205,0
11191,0
11183,0
11181,0
11175,0
11173,0
11149,0
11144,0
11126,0
11104,0
11103,0
11102,0
11101,0
11093,0
11088,0
11076,0
11074,0
11071,0
11063,0
11056,0
11048,0
11039,0
10998,0
10992,0
10989,0
10985,0
10960,0
10959,0
10947,0
10941,0
10922,0
10905,0
10904,0
10903,0
10901,0
10899,0
10892,0
10887,0
10876,0
10849,0
10848,0
10845,0
10834,0
10827,0
10817,0
10816,0
10788,0
10773,0
10750,0
10742,0
10729,0
10721,0
10715,0
10714,0
10708,0
10703,0
10702,0
10699,0
10695,0
10693,0
10665,0
10642,0
10638,0
10634,0
10623,0
10619,0
10618,0
10608,0
10584,0
10555,0
10551,0
10545,0
10508,0
10498,0
10470,0
10467,0
10458,0
10445,0
10423,0
10388,0
10359,0
10348,0
10335,0
10334,0
10332,0
10328,0
10322,0
10318,0
10310,0
10302,0
10289,0
10265,0
10258,0
10255,0
10245,0
10237,0
10230,0
10173,0
10158,0
10114,0
10112,0
10107,0
10100,0
10096,0
10086,0
10062,0
10049,0
10048,0
10042,0
10038,0
10002,0
9982,0
9981,0
9976,0
9953,0
9933,0
9927,0
9925,0
9923,0
9920,0
9918,0
9915,0
9906,0
9892,0
9874,0
9866,0
9858,0
9847,0
9822,0
9814,0
9809,0
9797,0
9787,0
9755,0
9752,0
9746,0
9728,0
9707,0
9704,0
9689,0
9661,0
9657,0
9654,0
9642,0
9641,0
9607,0
9603,0
9559,0
9557,0
9544,0
9535,0
9527,0
9509,0
9505,0
9497,0
9489,0
9479,0
9473,0
9453,0
9450,0
9445,0
9443,0
9432,0
9423,0
9413,0
9408,0
9393,0
9356,0
9332,0
9330,0
9326,0
9324,0
9315,0
9314,0
9296,0
9285,0
15694,0
9265,0
9258,0
15674,0
9253,0
9252,0
9242,0
15656,0
2803,0
15653,53
2800,0
9232,0
9207,0
9205,0
2771,4
15624,0
9203,0
9201,0
9197,0
15581,0
2728,0
9156,0
9155,0
15568,0
9147,0
15563,0
9133,0
9110,0
9104,0
9100,0
9090,0
9076,0
9075,0
9065,0
15485,0
9064,0
9053,0
9048,0
15468,0
9047,0
9045,0
15454,0
9031,0
15424,0
8996,0
8978,0
15389,0
8948,0
2513,15
15366,0
8945,0
8944,0
2496,27
15349,0
8919,0
2484,32
15337,0
8916,0
8914,0
15329,0
2476,0
15327,50
2474,0
8906,0
15314,0
2458,43
15311,0
15294,0
8873,0
15278,0
2421,51
15274,0
8845,0
8836,0
8835,0
2391,5
15244,0
8823,0
2370,34
15223,0
15220,0
2353,45
15206,0
8781,0
8780,0
15198,0
8755,0
15171,0
8748,0
2308,19
15161,0
8732,0
15138,0
8717,0
8713,0
8711,0
2275,46
15128,0
8707,0
8705,0
8704,0
21557,0
8688,0
21541,0
8685,0
21538,0
8684,0
15104,43
2251,0
8683,56
21536,0
8677,0
8676,0
8663,0
8662,0
8656,0
8641,0
8638,0
21491,0
21490,32
8637,0
21489,33
8636,0
21488,50
8635,0
8613,0
21466,0
15032,0
15031,0
8610,0
8608,0
15028,1
2175,0
8606,0
21455,27
8602,0
2167,55
15020,0
8599,0
21451,41
8598,0
15013,0
8592,0
8585,0
21431,18
8578,0
8571,0
14988,0
8567,0
21416,18
8563,0
21415,32
8562,0
21406,60
8553,0
14967,0
2114,0
8546,0
8543,0
14962,41
2109,0
8541,0
21394,0
8540,18
21393,0
8514,0
2080,59
14933,0
21359,41
8506,0
14923,0
2065,32
14918,0
21350,20
8497,0
21346,33
8493,0
14912,0
14911,0
8489,34
21342,0
14909,0
2056,0
8480,0
21333,0
8479,0
8478,0
21325,32
8472,0
8453,0
14872,0
8451,0
14859,52
2006,0
21285,47
8432,0
21281,18
8428,0
8425,46
21278,0
14828,15
1975,0
21259,32
8406,0
8405,0
21254,33
8401,0
21227,27
8374,0
1932,14
14785,0
21214,58
8361,0
8359,0
8351,0
8344,47
21197,0
21175,28
8322,0
8309,0
8308,0
21140,59
8287,0
8276,0
21129,0
8275,30
21128,0
21112,30
8259,0
21105,18
8252,0
8246,0
8244,0
21097,0
21093,15
8240,0
8234,0
8225,0
21078,0
14642,47
1789,0
21073,37
8220,0
8217,0
8214,0
21067,0
8212,53
21065,0
8209,0
1773,35
14626,0
8199,0
8198,0
21051,0
8197,0
21050,0
8193,15
21046,0
8178,0
21031,0
8177,0
21030,0
8176,0
8167,0
8151,0
8141,0
20984,27
8131,0
20983,18
8130,0
20972,27
8119,0
8108,0
8106,0
20959,0
14512,6
1659,0
8091,0
8089,0
20938,2
8085,0
8068,0
8056,28
20909,0
20904,32
8051,0
8050,0
8045,34
20898,0
8021,0
8016,5
20869,0
8015,0
8012,0
20865,0
14418,0
20833,18
7980,0
7979,0
7977,0
14395,0
14393,0
20825,18
7972,0
1536,27
14389,0
7968,0
7952,0
7942,4
20795,0
7939,0
20792,0
7937,0
20790,0
7935,0
7930,0
7928,0
7912,0
7907,0
7896,0
14315,0
7879,0
7876,0
7874,0
14293,0
1440,0
7872,37
20725,0
7847,0
7845,5
20698,0
7840,4
20693,0
7839,0
7831,0
7826,41
20679,0
7823,0
20671,18
7818,0
20669,28
7816,0
20667,22
7814,0
7813,37
20666,0
7809,0
20662,0
20650,27
7797,0
1359,19
14212,0
7791,0
7767,0
7757,0
1293,1
14146,0
7715,0
14099,59
1246,0
7671,0
14091,33
1238,0
20523,27
7670,0
7669,0
20497,32
7644,0
20496,49
7643,0
7642,0
7639,0
7636,9
20489,0
20488,27
7635,0
20480,55
7627,0
7611,0
7606,53
20459,0
20453,43
7600,0
7592,0
7576,0
7570,0
20419,28
7566,0
7557,0
7534,0
20386,18
7533,0
20367,41
7514,0
20365,20
7512,0
20363,28
7510,0
20357,27
7504,0
7496,0
7488,4
20341,0
20334,18
7481,0
7477,0
20328,22
7475,0
20319,28
7466,0
7452,0
1017,46
13870,0
20286,18
7433,0
13834,0
7408,22
20261,0
7406,0
20259,0
7394,0
20247,0
7391,0
7386,0
7379,0
20232,0
20223,41
7370,0
20220,41
7367,0
7363,9
20216,0
7357,0
20210,0
7355,0
20207,41
7354,0
7352,0
20195,18
7342,0
7337,0
13753,0
20176,60
7323,0
7322,0
13735,51
882,0
7314,0
20165,41
7312,0
7253,0
7240,0
7225,0
7220,0
791,0
7209,0
758,60
13611,0
7166,0
20019,0
7148,4
20001,0
725,0
7143,0
714,0
679,0
13532,0
7071,0
7064,0
7032,0
7030,0
7029,63
19882,0
7023,0
7014,57
19867,0
7013,14
19866,0
19865,27
7012,0
13393,0
551,0
13404,0
6955,21
19808,0
6928,37
19781,0
6922,0
19775,0
6913,0
19766,0
6894,0
467,0
13320,0
6881,4
19734,0
6874,0
19727,0
6869,0
13287,0
6866,0
19719,0
13286,0
13281,0
439,64
13292,0
6819,0
6817,0
377,0
19651,50
6798,0
19644,45
6791,0
13200,0
352,0
13205,0
13191,11
338,0
349,0
13186,0
13185,0
343,0
13196,0
6764,0
13184,0
331,0
342,0
13195,0
13168,0
315,0
13159,0
311,0
13151,0
304,21
13157,0
19572,44
6719,0
6716,0
290,0
6707,0
19560,0
281,0
6702,0
13105,0
13103,0
6682,0
13113,50
260,0
6681,11
19534,0
13095,0
242,0
6674,0
249,0
13089,0
236,0
247,0
6660,0
13078,0
225,0
6657,36
19510,0
6647,4
19500,0
203,56
13056,0
214,37
13067,0
6632,0
6630,42
19483,0
13043,0
201,20
13054,0
19475,27
6622,0
19448,37
6595,0
157,0
6578,0
6576,0
6561,0
12959,0
6538,0
6537,0
96,37
12949,0
6527,0
19380,0
6524,46
19377,0
19374,46
6521,0
6507,0
19360,0
71,5
12924,0
82,41
12935,0
75,0
6494,0
42,0
6463,0
37,28
12890,0
29,0
6450,0
13,32
12866,0
6445,0
6441,35
19294,0
6438,44
19291,0
12857,0
6436,0
12848,0
12806,0
6385,21
19238,0
12803,0
12797,0
6375,0
6373,0
6368,0
6350,0
6348,0
12767,0
6346,0
19199,0
12761,0
6340,0
19193,0
19170,27
6317,0
12703,0
12698,0
6277,0
12694,0
12692,0
6267,0
12685,0
6264,0
6248,43
19101,0
6244,50
19097,0
12661,0
12655,0
12654,0
12648,0
12646,0
6225,0
12641,0
6220,0
19073,0
12639,0
6218,0
12636,0
6214,0
6208,0
6199,0
19042,8
6189,0
12608,0
12605,0
6184,0
19037,0
12602,0
12599,0
6178,0
6177,0
19022,47
6169,0
12559,0
6137,0
18988,37
6135,0
12555,0
6128,0
12546,0
6125,0
6124,0
12524,0
12517,0
12515,0
6092,37
18945,0
12512,0
6091,0
18944,0
12507,0
6086,0
6085,26
18938,0
12503,0
6082,0
6067,0
18920,0
6063,0
6060,0
6058,0
12472,0
6051,46
18904,0
12469,0
12468,0
6035,1
18888,0
6034,0
12454,0
6027,0
6025,0
12441,0
6020,0
18873,0
6014,41
18867,0
5998,47
18851,0
12398,0
18830,46
5977,0
12394,0
5973,0
18811,59
5958,0
5946,0
5937,0
5934,0
5930,27
18783,0
5912,33
18765,0
5910,0
5908,0
5901,33
18754,0
5900,0
5895,0
5889,0
5886,0
18739,0
18732,27
5879,0
5876,0
5873,0
18721,27
5868,0
5854,0
12270,0
5849,0
12260,0
5827,0
5826,0
5818,0
12236,0
5810,53
18663,0
12229,0
5808,0
5800,0
12213,0
5792,0
5789,0
12171,0
5740,0
5739,36
18592,0
5727,0
5724,0
18577,0
5719,0
12138,0
5717,0
18570,0
5713,0
18566,0
5712,34
18565,0
12132,0
12131,0
5706,0
12122,0
5690,0
5675,0
5672,0
5667,0
18520,0
12084,0
5660,0
5655,0
12068,0
5641,0
12050,0
12048,0
5627,0
5617,46
18470,0
5615,0
5611,0
18464,0
5609,59
18462,0
12024,0
5603,5
18456,0
5598,0
5595,46
18448,0
5592,60
18445,0
18438,37
5585,0
11997,0
11996,0
5567,0
18420,0
5566,45
18419,0
5565,27
18418,0
5564,0
5563,0
11982,0
5561,0
5559,0
5558,0
5554,0
18407,0
5546,5
18399,0
5544,32
18397,0
11958,0
5537,9
18390,0
11953,0
5532,1
18385,0
5530,46
18383,0
5517,0
5505,0
11923,0
5499,7
18352,0
11916,0
5495,27
18348,0
5491,0
5483,27
18336,0
18334,37
5481,0
5477,0
5475,46
18328,0
11891,0
5470,0
18323,0
5465,0
5453,0
5429,0
11847,0
18276,6
5423,0
5421,0
5411,0
11831,0
5410,0
5400,6
18253,0
5398,0
11817,0
5394,0
11811,0
18243,20
5390,0
5382,0
5379,0
5350,0
5349,0
11767,0
11763,0
18188,44
5335,0
5334,0
18187,0
11753,0
5332,0
5330,0
5323,21
18176,0
5309,0
5303,0
18152,33
5299,0
5297,27
18150,0
5296,9
18149,0
5291,0
5288,0
11707,0
5281,0
5278,0
5273,0
18109,62
5256,0
5255,21
18108,0
11665,0
5244,0
18096,32
5243,0
11661,0
5240,62
18093,0
11658,0
5237,0
5235,0
5226,0
18079,0
5222,0
18075,0
5214,0
18065,33
5212,0
5207,0
5205,0
18048,41
5195,0
5194,0
5192,0
5191,0
5190,0
5188,0
18036,44
5183,0
11597,0
5176,0
18029,0
18028,33
5175,0
5172,0
5171,0
5167,0
5160,0
5148,0
18001,0
5139,0
11555,0
5134,0
5126,21
17979,0
5125,0
17978,0
5118,0
5117,0
17967,28
5114,0
11523,0
5102,0
5097,0
17950,0
5095,45
17948,0
5094,0
11507,0
11506,0
5081,0
11498,0
5072,28
17925,0
11492,0
5060,0
5058,9
17911,0
5057,0
5054,5
17907,0
5053,5
17906,0
11465,0
11455,0
11450,0
5021,4
17874,0
11441,0
5020,0
17873,0
5013,50
17866,0
5002,0
4987,0
4983,0
11402,0
17834,27
4981,0
11386,0
4965,0
4952,0
11362,0
4933,0
4922,34
17775,0
11324,0
4903,0
11315,0
4894,0
11314,0
4893,37
17746,0
4867,0
11271,0
17701,31
4848,0
17688,22
4835,0
4824,36
17677,0
11242,0
4821,4
17674,0
4820,33
17673,0
4818,44
17671,0
4816,0
11233,0
4812,0
17651,37
4798,0
4796,0
4795,0
4785,0
11202,0
4779,9
17632,0
11198,0
4776,0
4773,0
11177,0
4756,0
11166,0
4742,0
17595,0
4717,0
4714,0
11134,0
4713,0
11133,0
4712,0
4711,0
4708,0
17545,27
4692,0
17543,27
4690,0
4689,0
17540,59
4687,0
11100,0
4679,0
4666,57
17519,0
11086,0
4665,0
17518,0
4662,0
17507,59
4654,0
4638,0
17491,0
4625,0
17478,0
11043,0
4622,0
4606,0
4605,0
11025,0
17457,21
4604,0
4603,0
4600,0
4595,38
17448,0
4593,0
17446,0
4592,0
4591,0
11007,0
4583,19
17436,0
4579,37
17432,0
4576,0
17429,0
4555,0
17408,0
4552,38
17405,0
10962,0
4541,0
4537,0
4536,0
17389,0
4524,0
4513,0
4507,0
4493,0
17346,0
10902,0
4481,0
17334,0
4477,37
17330,0
4476,60
17329,0
4465,0
17318,0
4458,0
17311,0
10874,0
4453,0
17306,0
10873,0
4452,17
17305,0
4451,3
17304,0
10860,0
4439,13
17292,0
4438,1
17291,0
4436,0
17289,0
4425,0
4407,0
17260,0
4398,4
17251,0
4397,5
17250,0
4388,5
17241,0
17239,53
4386,0
4371,0
17224,0
10787,0
10786,0
4365,0
10779,0
4353,11
17206,0
4349,0
10767,0
4345,0
4343,37
17196,0
10760,0
17186,53
4333,0
10744,0
4323,0
4318,33
17171,0
10734,0
4313,27
17166,0
4310,29
17163,0
4301,0
17154,0
4286,0
4276,33
17129,0
10688,0
4267,0
10682,0
4259,0
10678,0
10674,0
4249,0
17102,0
4246,0
17099,0
4245,4
17098,0
4238,62
17091,0
4237,0
4231,0
17084,0
4229,54
17082,0
4215,0
10625,0
10613,0
4192,0
17035,46
4182,0
10596,0
4175,9
17028,0
10594,0
4173,0
4170,0
17023,0
10590,0
10586,0
10581,0
4159,0
17012,0
4156,0
4153,0
4146,0
4129,0
4122,0
16975,0
10541,0
4120,56
16973,0
4117,0
16970,0
4115,53
16968,0
16966,21
4113,0
4103,0
4096,0
10515,0
10509,0
4088,57
16941,0
10505,0
4080,0
4075,0
4074,0
4066,0
16918,11
4065,0
16916,27
4063,0
4061,0
4041,0
16888,58
4035,0
16886,50
4033,0
10449,0
4028,0
4027,0
4026,0
10446,0
797,0
20071,49
7218,0
4015,43
16868,0
10418,0
16850,24
3997,0
7196,0
10414,0
3991,0
7192,3
20045,0
16838,4
3985,0
764,0
10403,0
16835,4
3982,0
3980,56
16833,0
3973,0
16826,0
7161,0
3958,58
16811,0
736,0
10375,0
7155,34
20008,0
10354,0
712,0
3930,23
16783,0
7129,23
19982,0
10347,0
3926,22
16779,0
7119,0
3916,0
3912,0
7111,0
19964,0
3908,20
16761,0
10313,0
3892,0
16745,0
3886,0
16739,0
7087,0
3879,0
16726,5
3873,0
3870,34
16723,0
7070,0
7068,0
16718,52
3865,0
7067,0
16717,4
3864,0
7060,9
19913,0
3857,9
16710,0
3853,60
16706,0
3846,0
7046,0
10264,0
3843,0
13462,0
7041,0
3838,0
3830,0
7031,0
3828,22
16681,0
7024,0
3821,0
10238,0
19864,40
7011,0
3801,30
16654,0
7003,10
19856,0
16653,4
3800,0
3796,61
16649,0
6998,0
10216,0
16648,52
3795,0
6996,0
10214,0
3793,0
16646,0
6995,0
16645,1
3792,0
6993,0
10209,0
6985,0
3777,0
16630,0
16628,41
3775,0
10192,0
559,0
16615,58
3762,0
6961,0
16611,37
3758,0
6975,63
19828,0
552,0
6939,0
3721,32
16574,0
3720,0
6920,0
19773,0
19788,18
6935,0
10122,0
16554,27
3701,0
6884,0
19737,0
478,0
10102,0
470,0
3673,0
6872,0
6887,0
10090,0
464,0
10088,0
3649,18
16502,0
13271,0
6850,46
19703,0
3640,0
16493,0
13261,0
408,0
10058,0
3637,45
16490,0
405,9
13258,0
416,0
13269,0
6837,45
19690,0
10041,0
13236,0
13251,0
3612,57
16465,0
13244,0
6797,34
19650,0
10015,0
3594,0
3589,0
16442,0
6788,0
16432,30
3579,0
374,0
16430,53
3577,0
366,0
13188,0
13199,2
346,0
13214,58
361,0
16417,20
3564,0
356,0
3559,0
6757,0
9975,0
16407,47
3554,0
9974,0
3553,0
16395,37
3542,0
16394,9
3541,0
6737,0
3534,0
9954,0
13144,0
302,0
6723,0
9941,0
3520,0
13116,0
6695,0
3492,0
13126,4
273,0
6694,0
9912,0
3488,0
9884,0
3461,0
16314,0
19512,49
6659,0
6655,0
3452,0
246,0
3438,0
6638,34
19491,0
6653,34
19506,0
16288,19
3435,0
16278,2
3425,0
3415,0
191,0
6612,0
16262,9
3409,0
16252,51
3399,0
3389,0
6581,0
3378,0
13011,0
3372,0
16225,0
3371,0
135,37
12988,0
6556,0
19409,0
3352,0
128,52
12981,0
9763,0
16195,55
3342,0
124,0
3327,0
3309,0
19351,37
6498,0
3295,22
16148,0
12910,0
68,0
3271,0
12900,0
47,0
58,0
12875,0
22,0
12888,0
46,0
12853,0
6432,0
19285,0
6425,0
16075,14
3222,0
19267,50
6414,0
12834,0
16063,56
3210,0
9615,0
3194,0
16045,58
3192,0
3187,0
3184,22
16037,0
3180,0
3157,0
3155,0
3154,0
3153,0
16006,0
6352,0
9570,0
3149,0
9560,0
3139,0
6331,0
9549,0
3118,0
15968,25
3115,0
9532,0
3111,57
15964,0
3110,0
15963,0
6310,46
19163,0
3107,0
15960,0
3104,0
3098,0
15951,0
3092,0
3086,44
15939,0
3078,0
12697,0
6276,0
3073,0
12696,0
6275,4
19128,0
6274,27
19127,0
3071,31
15924,0
3069,0
9488,0
3067,57
15920,0
3062,0
3056,59
15909,0
3051,0
15900,22
3047,0
3040,0
12663,0
3038,0
3034,0
12652,0
15881,27
3028,0
3016,0
9431,0
3010,0
3008,0
15861,0
3007,0
2999,0
6201,0
15851,45
2998,0
2995,0
9415,0
9414,0
12609,0
6188,0
19041,0
2985,0
15838,0
2983,0
9403,0
6180,9
19033,0
9398,0
9392,0
2971,0
12594,0
15823,20
2970,0
15821,2
2968,0
2965,0
2959,0
2955,0
15808,0
2954,0
15807,0
2950,0
15803,0
2933,0
2930,0
9349,0
12551,0
9348,0
15780,13
2927,0
2926,0
12540,0
6119,0
15769,11
2916,0
9336,0
9328,0
2907,0
2902,0
6090,0
2886,4
15739,0
6075,0
9293,0
2872,0
9279,0
12480,0
6059,0
2853,0
6054,0
15704,1
2851,0
6042,50
18895,0
12462,0
15680,20
2827,0
9259,0
2838,0
15691,0
2833,0
6030,0
6023,0
9239,0
2818,0
15668,1
2815,0
2793,0
2792,0
12415,0
2791,0
15629,0
9208,0
5986,0
9204,0
18828,60
5975,0
9190,0
2768,0
15621,0
2754,58
15607,0
2765,0
2764,0
15617,0
2752,27
15605,0
9184,0
12386,0
2762,0
9182,0
15602,0
15613,20
2760,0
5954,0
18807,0
15593,0
5951,0
15590,27
2737,0
5949,0
2746,0
15584,0
9163,0
5932,0
2718,34
15571,0
2729,0
5898,27
18751,0
12315,0
2688,0
5875,0
18728,0
2672,0
9087,0
2666,0
2648,49
15501,0
15494,0
2652,0
9069,0
2647,0
5848,0
15451,0
2609,0
15462,0
12226,0
2602,28
15455,0
15438,0
2585,0
2596,0
9015,0
5796,0
2593,27
15446,0
18646,32
5793,0
2579,5
15432,0
12209,0
5788,0
15427,10
2574,0
12208,0
5787,0
12201,0
8998,0
8991,0
2570,0
2558,24
15411,0
2569,0
15409,0
8982,0
2559,0
15400,0
12179,0
15397,10
2544,0
12178,0
8975,0
5756,0
2550,0
12172,0
2546,0
15386,0
5746,0
18599,0
12164,0
5743,0
8961,0
5742,13
18595,0
2532,0
5734,0
2531,21
15384,0
2530,0
12152,0
2528,0
2520,0
8933,0
5678,27
18531,0
5677,27
18530,0
8895,0
15310,0
8880,0
2459,33
15312,0
5643,0
8861,0
2435,0
12053,0
8850,0
15270,51
2417,0
8849,0
15263,2
2410,0
2419,0
8830,0
15247,18
2394,0
15227,2
2374,0
8806,0
5586,0
2383,0
12003,0
5579,0
18432,0
2376,0
8778,0
8765,0
11961,0
5540,0
18393,0
15179,0
2326,0
8756,0
8747,0
5526,0
2323,0
5523,39
18376,0
11932,0
5511,0
15149,0
8696,0
11895,0
5474,0
2271,0
18326,27
5473,0
2259,9
15112,0
11893,0
5472,0
15111,0
11892,0
5471,0
15110,0
2257,0
8689,0
2268,37
15121,0
5469,0
8686,0
21539,0
15118,17
2265,0
8681,0
15095,0
8674,0
18308,50
5455,0
18307,55
5454,0
2240,59
15093,0
8672,0
11873,0
2238,4
15091,0
8670,49
21523,0
2247,0
8667,0
2246,0
5443,0
18296,0
8661,0
11863,0
2239,0
11862,0
11861,0
15078,4
2225,0
11858,0
2231,0
5431,0
15067,0
11843,0
11837,0
2202,59
15055,0
8632,0
11830,0
5409,0
2206,0
11829,0
5408,0
15045,0
8623,0
15038,0
6982,0
10200,0
3779,0
5385,34
18238,0
8603,0
15017,0
10191,0
16623,41
3770,0
18229,34
5376,0
547,0
6968,0
562,0
2168,0
3760,0
5366,0
15005,0
532,0
6953,0
10155,0
21411,37
8558,0
2137,0
2108,0
486,0
19760,37
6907,0
3704,0
14960,27
2107,0
8518,31
21371,0
2097,0
8510,34
21363,0
5276,0
5268,0
14907,0
2054,0
3652,0
16505,0
11679,0
5258,0
18111,0
8475,0
13284,0
442,0
3645,0
436,0
16492,20
3639,0
13265,0
6844,37
19697,0
3626,46
16479,0
6828,0
19681,0
16478,20
3625,0
21302,18
8449,0
2028,60
14881,0
8448,24
21301,0
2027,0
6841,0
3622,0
16475,0
5228,0
14867,0
2025,0
3609,0
14854,16
2001,0
378,10
13231,0
2010,0
16450,37
3597,0
14842,0
2000,0
3592,0
8416,0
1995,0
8415,0
1994,0
1983,0
5168,0
354,0
9978,0
1960,0
6748,0
3545,45
16398,0
1948,0
6734,0
3531,0
21206,3
8353,0
3526,0
11553,0
5132,0
1929,0
14755,41
1902,0
8334,0
21187,0
6712,0
13142,0
17968,37
5115,0
6710,0
9928,0
16360,41
3507,0
8331,0
9907,0
3486,10
16339,0
5092,0
1889,0
16336,56
3483,0
14739,38
1886,0
259,0
3477,0
3469,0
21146,18
8293,0
237,0
13090,0
6658,0
19511,0
3455,0
1858,0
1848,0
14689,0
1836,0
248,0
1845,0
5042,0
1839,0
1832,0
1809,0
13024,0
6603,0
21077,30
8224,0
166,5
13019,0
19451,37
6598,0
3395,0
14629,0
11393,0
8190,0
3364,0
6573,46
19426,0
3332,0
16185,0
12980,0
127,0
17791,11
4938,0
1735,0
12987,38
134,0
1731,0
3320,35
16173,0
3329,0
1723,0
3313,0
16166,0
14558,0
11335,0
1711,0
6506,5
19359,0
3303,0
6515,0
19368,0
6488,0
19341,0
3285,0
8109,0
12912,54
59,0
6491,33
19344,0
8103,0
3275,0
81,0
20947,28
8094,0
1673,0
8087,0
1666,0
12878,0
36,4
12889,0
9675,0
3254,9
16107,0
14499,0
1657,0
38,18
12891,0
49,0
3252,0
12883,0
4841,0
17694,0
6428,0
3225,0
1628,0
3223,37
16076,0
17682,51
4829,0
1626,0
12843,0
1,0
6422,0
1622,0
6420,11
19273,0
9638,0
3217,0
6419,9
19272,0
3216,0
1619,0
6410,44
19263,0
9628,0
12851,0
19283,15
6430,0
4809,0
1606,0
12823,0
6402,0
19255,0
16052,53
3199,0
8023,0
9619,0
3198,0
11225,0
4804,0
1601,0
6407,0
3204,0
11222,0
14440,0
1598,0
9604,0
3183,0
14423,0
16029,37
3176,0
8000,0
1579,0
11196,0
1572,0
12790,0
3166,0
4772,37
17625,0
16016,11
3163,0
4769,0
17622,0
7987,18
20840,0
20837,32
7984,0
1563,0
4765,45
17618,0
20836,41
7983,0
1562,0
1550,0
7967,0
20817,20
7964,0
11161,0
4740,0
17593,0
1537,0
1535,0
9538,0
3117,40
15970,0
3103,0
15956,0
1506,0
12701,0
15930,4
3077,0
7901,0
1480,0
7899,0
1478,0
1460,33
14313,0
7888,0
9484,0
4664,0
4660,0
17513,0
4659,0
7877,0
7873,0
15899,27
3046,0
12667,0
15896,10
3043,0
11070,0
4649,10
17502,0
3042,0
4648,0
7866,9
20719,0
7865,0
1444,0
14282,19
1429,0
4641,35
17494,0
4637,0
20708,46
7855,0
1434,0
3026,0
15879,0
14270,0
11051,0
4630,0
7848,0
1427,0
4623,0
4617,0
17470,0
4615,0
1412,0
1409,0
4610,48
17463,0
1407,0
11030,0
4609,0
17462,0
1406,0
7825,0
1387,0
4585,0
4584,0
20655,46
7802,0
2976,0
15829,0
4581,60
17434,0
1367,45
14220,0
7796,0
2964,7
15817,0
6166,0
2963,10
15816,0
2958,0
15811,0
2936,0
2917,0
10944,0
4519,0
17372,0
7737,0
1316,0
20586,33
7733,0
1312,0
1300,0
1292,0
4488,0
17341,0
9302,0
2881,0
1276,0
20546,11
7693,0
1272,0
15715,32
2862,0
7686,0
1260,0
1252,0
4454,0
7672,0
20525,0
10867,0
1243,0
4437,0
17284,57
4431,0
4429,0
17282,0
7647,0
1226,0
9234,0
9230,0
1212,0
7632,0
20485,0
6010,33
18863,0
1210,0
10833,0
1209,0
10832,0
7629,0
6000,0
15639,0
7621,50
20474,0
20471,27
7618,0
1197,0
2785,0
7609,0
7603,0
4380,5
17233,0
14012,0
1159,0
10784,0
5957,0
18810,0
15596,0
10781,0
4360,0
7577,0
1156,0
1148,0
12368,0
5947,0
20421,18
7568,0
4341,60
17194,0
4340,0
7555,0
5925,30
18778,0
10749,0
4328,0
10748,0
17180,53
4327,0
314,0
11544,0
5123,0
1920,0
1123,0
20392,32
7539,0
13946,0
1104,0
5902,0
2699,0
1102,0
1897,0
4303,34
17156,0
20374,60
7521,0
279,0
9903,0
8306,0
1088,0
10709,0
1085,0
2681,0
1082,0
256,0
6677,0
3474,0
16327,0
14719,0
8298,0
5880,0
2677,0
7501,0
20353,33
7500,0
1079,0
1077,0
1871,0
2671,0
4277,0
1074,0
1072,0
1863,0
13908,0
1862,0
14715,0
2660,0
10687,0
4266,0
16299,27
3446,0
5052,0
8270,33
21123,0
10676,0
4255,0
1052,0
7468,50
20321,0
11461,0
5040,0
15479,0
1036,0
4235,0
13874,0
7453,0
1032,0
10648,0
4227,34
17080,0
13041,0
199,0
13052,0
6620,27
19473,0
2620,0
1023,0
10644,0
4223,56
17076,0
1020,0
6616,0
9834,0
1816,0
1019,0
10640,0
1016,0
1015,0
1013,0
15448,0
10633,0
4212,0
7424,0
176,0
6609,27
19462,0
13045,0
20274,27
7421,0
1000,0
10622,0
4201,0
17054,0
194,0
10615,0
991,0
162,0
6583,0
3380,0
16233,0
8204,0
15425,0
2583,0
7407,0
3381,0
16234,0
984,0
5783,0
983,0
2568,33
15421,0
982,0
978,0
11397,0
4976,0
17829,0
1771,0
15410,0
4174,36
17027,0
971,0
8987,0
2566,0
10593,0
17025,37
4172,0
21039,59
8186,0
5708,0
2505,0
4111,0
16964,0
908,0
20968,1
8115,0
4100,10
16953,0
7318,0
897,0
6493,0
3290,22
16143,0
8114,0
1693,0
4099,0
16952,0
896,0
7310,0
889,0
8102,0
4887,0
8105,0
884,0
3276,0
10506,0
2470,0
873,0
3264,0
16117,0
8088,0
5670,0
18523,0
15309,0
4069,38
16922,0
13708,0
8069,0
20922,0
4052,0
4051,0
14476,0
1623,0
8055,0
3243,34
16096,0
6461,0
8855,0
2434,0
16884,13
4031,0
11232,0
8029,0
5597,0
4000,58
16853,0
5593,0
2390,0
778,0
7199,0
4791,27
17644,0
1588,0
5583,51
18436,0
768,0
9582,0
20838,27
7985,0
10391,0
3970,0
7168,59
20021,0
13615,33
762,0
7975,0
16813,33
3960,0
757,0
754,0
9563,0
15995,44
3142,0
4748,44
17601,0
733,0
16804,32
3951,0
5545,11
18398,0
11962,0
18394,29
5541,0
16792,9
3939,0
10358,0
3937,0
718,0
20803,27
7950,0
732,0
5525,34
18378,0
3928,0
7130,0
19983,0
724,0
20793,46
7940,0
1519,0
7128,41
19981,0
703,0
7124,0
6312,0
3109,0
14354,0
1512,0
15154,0
2301,0
2312,0
3918,0
5507,0
18360,0
8725,0
5506,0
3909,32
16762,0
8722,0
21575,0
19963,15
7110,0
704,0
1500,0
688,0
7109,59
19962,0
15949,6
3096,0
1499,0
9515,0
11121,0
20771,27
7918,0
5500,0
2297,0
10324,0
19957,46
7104,0
15944,41
3091,0
11118,0
4697,0
697,0
9510,0
3089,0
3898,0
7099,0
17544,1
4691,0
1488,0
7097,0
19950,0
10315,0
3894,46
16747,0
6283,33
19136,0
11107,0
3888,0
685,0
7090,0
19943,0
684,0
7088,0
682,0
7085,0
16202,51
3349,0
17808,41
4955,0
5755,0
15394,0
955,0
2952,0
5358,0
543,0
6964,0
558,0
12173,0
5752,0
18605,0
15391,64
2538,0
952,0
7771,21
20624,0
553,0
18205,37
5352,0
2148,41
15001,0
6957,0
19810,0
7765,0
20618,0
6943,21
19796,0
7763,0
14177,0
1335,0
6944,0
15777,50
2924,0
2923,0
505,0
3723,0
14968,20
2115,0
8547,0
2126,0
19378,31
6525,0
16175,10
3322,0
6534,27
19387,0
8943,0
925,0
19787,34
6934,0
2912,0
4518,0
14957,0
14156,59
1303,0
19767,44
6914,0
3711,0
12532,0
6111,0
10129,0
16561,60
3708,0
504,0
10128,0
11734,0
14951,0
1306,0
6930,0
6101,0
18157,22
5304,0
4098,0
6093,0
3699,0
4494,33
17347,0
3688,0
489,0
13285,0
2064,0
6873,0
7684,0
1263,0
16513,36
3660,0
18514,10
5661,0
4064,0
16917,0
7679,22
20532,0
20917,37
8064,0
13688,0
835,0
19699,44
6846,0
14888,0
8467,0
2046,0
3241,0
16094,0
6433,0
19286,0
424,0
7226,41
20079,0
820,0
10841,0
4420,50
17273,0
1217,0
12424,0
6003,0
1203,0
393,0
16449,59
3596,0
4401,0
17254,0
6807,0
10025,0
3604,33
16457,0
13243,0
390,0
6384,0
3181,0
3990,0
16843,0
381,0
13232,39
379,0
6811,0
19664,0
15623,0
9202,0
10808,0
7605,0
20458,0
15217,0
8796,0
2375,0
7184,30
20037,0
9196,0
2775,0
6778,0
372,52
13225,0
12397,0
9194,0
13197,0
13206,37
353,0
369,0
11599,0
8396,0
6784,0
16021,37
3168,0
2371,0
10398,0
12395,0
5974,0
5573,30
18426,0
1971,0
4372,27
17225,0
15207,0
3971,27
16824,0
9984,0
3563,0
1966,0
16400,11
3547,0
9977,0
16409,34
3556,0
8370,0
1949,0
6758,0
5543,46
18396,0
10367,0
16392,4
3539,0
13187,0
334,0
345,0
3129,0
5535,1
18388,0
735,0
4338,0
17191,0
10355,0
3934,59
16787,0
6731,0
5127,0
17980,0
6714,0
3511,0
8730,0
14751,17
1898,0
1909,0
15550,0
13950,0
7529,0
20382,0
9926,0
16367,14
3514,0
3095,0
14340,0
4304,34
17157,0
1493,0
7102,0
19955,0
13141,0
299,0
9893,0
3472,0
1875,0
6687,19
19540,0
13709,0
9088,0
3256,0
20927,58
8074,0
9680,0
3259,0
16112,0
6477,0
16909,4
4056,0
853,0
50,0
9674,0
3253,0
1656,0
6465,34
19318,0
441,0
6877,0
6665,0
1842,0
5833,0
18686,0
9051,0
16283,41
3430,0
1029,0
12243,0
5822,0
1022,0
3405,0
16258,0
1808,0
10831,0
4410,0
1207,0
13237,0
6816,0
5807,39
18660,0
9025,0
18062,20
5209,0
8427,0
1996,0
13025,0
3587,0
1990,0
14843,0
3387,0
4993,0
8211,0
1790,0
8206,0
14805,0
1963,0
4963,0
17816,0
1760,0
3360,29
16213,0
21037,33
8184,0
11385,0
9573,0
3152,0
16005,0
16814,33
3961,0
1158,0
2951,0
15804,0
3751,48
16604,0
11575,0
5154,0
1951,0
2948,0
15801,0
11775,0
8572,0
9769,0
3348,23
16201,0
8172,0
6746,0
5149,0
1946,0
2542,0
13787,0
7366,0
945,0
9363,0
2942,0
3742,0
136,0
5737,0
18590,0
930,0
6533,33
19386,0
12969,0
10548,0
4127,0
924,0
5722,4
18575,0
8940,0
16978,57
4125,0
4525,0
524,0
17972,1
5119,0
8337,28
21190,0
2517,0
7341,0
6520,55
19373,0
4106,0
903,0
13333,35
480,0
6912,0
19780,59
6927,0
3093,0
5899,0
18752,0
2696,0
4302,18
17155,0
1099,0
8117,0
2896,0
1299,0
14941,0
502,0
6511,0
19364,0
15416,0
977,0
12907,0
6486,0
8098,0
3277,37
16130,0
1680,0
1280,0
14922,0
2480,0
7304,0
6492,0
5076,55
17929,0
1076,0
3473,0
6476,27
19329,0
3273,0
16126,0
1676,0
7296,0
875,0
20949,43
8096,0
1675,0
4474,0
3668,1
16521,0
474,0
272,0
3269,34
16122,0
6481,53
19334,0
5162,0
1959,0
3356,0
8086,0
1665,0
10518,0
16950,21
4097,0
894,0
497,0
6453,0
10868,0
5250,0
450,0
850,0
1741,0
144,0
12162,0
4144,4
16997,0
3738,45
16591,0
1044,0
16294,18
3441,0
3893,0
9108,0
6499,0
7311,0
14582,0
1729,0
4143,0
1340,0
9761,0
3440,0
9554,0
4739,0
6539,0
1739,0
10563,0
4142,58
16995,0
939,0
20913,33
8060,0
7260,0
7263,0
20116,0
842,0
6442,0
19295,0
2039,0
20557,18
7704,0
3730,33
16583,0
8554,0
4039,0
3633,27
16486,0
3228,0
1631,0
834,0
15368,0
2526,0
4132,7
16985,0
10156,0
3735,47
16588,0
5732,59
18585,0
4135,0
16988,0
1917,0
1220,0
8044,0
4071,0
918,0
1332,0
9374,0
8080,0
3122,0
10352,0
9146,0
10752,0
4331,4
17184,0
5331,0
14970,0
12426,0
6005,27
18858,0
4408,0
20479,27
7626,0
3744,44
16597,0
7659,0
10095,0
3674,4
16527,0
17086,59
4233,0
1030,0
13060,0
6639,0
19492,0
233,0
4107,0
12852,0
6813,27
19666,0
10825,0
6801,17
19654,0
9365,0
15797,46
2944,0
1347,0
550,0
3433,49
16286,0
14055,0
2013,0
1649,0
2449,0
4055,0
16908,0
13694,0
2102,0
3302,0
16155,0
3599,0
13247,0
7093,22
19946,0
687,0
20161,32
7308,0
9305,0
2884,0
4043,0
840,0
4220,4
17073,0
21257,1
21181,1
21132,1
20932,1
20606,1
18158,1
17617,1
17547,1
16598,1
16592,1
14985,1
14525,1
12063,1
11336,1
10174,1
9678,1
9572,1
9103,1
21219,27
8366,1
7674,56
20527,1
6743,1
6279,1
6107,1
11980,1
5496,1
5451,1
5444,1
17943,49
5090,1
4803,1
10926,1
4169,1
10196,1
3128,47
15981,1
6231,1
12570,1
2561,1
18602,33
5749,1
12098,1
2101,27
14954,1
1566,1
5100,1
4219,1
1009,1
1494,1
1532,1
6642,1
13114,1
535,1
6505,1
6696,1
20794,2
15979,2
15967,2
12893,32
40,2
12059,2
11602,2
11301,2
10233,2
9956,2
9556,2
2397,4
15250,2
15049,47
2196,2
14984,2
8526,2
8039,2
20746,46
7893,2
20728,18
7875,2
7442,2
6732,2
18564,47
5711,2
11717,2
5071,2
10447,2
6762,2
6202,2
5965,2
8999,2
11504,2
19412,54
6559,2
1620,2
8022,2
7870,2
1269,2
9373,2
10822,2
1198,2
4376,2
696,2
963,2
130,2
145,2
7465,2
1718,2
21135,3
21038,3
20695,3
19704,3
19369,3
13092,3
9273,3
9238,3
8859,3
15062,3
8565,3
8481,3
7843,3
7190,3
7079,3
6175,3
4747,3
4176,3
3695,3
3667,3
9429,3
6129,3
6041,3
15610,54
2757,3
45,55
12898,3
6455,32
19308,3
1527,3
14093,3
1177,3
21193,51
8340,3
1344,3
9333,3
1264,3
2836,3
20493,4
17554,4
16890,4
16858,4
16839,4
16836,4
16834,4
16795,4
16471,4
16470,4
16469,4
16468,4
16401,4
16393,4
16390,4
15902,4
15759,4
15707,4
15702,4
2849,4
15640,41
2787,4
15637,4
15299,4
15193,4
2340,4
14586,4
14402,4
12580,4
12304,4
12227,4
12184,4
12119,4
12001,4
11930,4
11908,4
11571,4
10542,4
10439,4
10092,4
10076,4
10074,4
9936,4
9875,4
9612,4
9547,4
9503,4
9266,4
15626,33
2773,4
15496,4
9044,4
8968,4
8928,4
8908,4
8898,4
8808,4
8788,4
8785,4
2304,27
15157,4
8736,4
2224,37
15077,4
15006,33
2153,4
8491,4
21343,47
8490,4
8378,4
14551,4
1694,37
14547,4
8028,4
14324,27
1471,4
14316,4
7851,4
7746,4
7702,4
20535,32
7682,4
7657,4
7474,4
20266,18
7413,4
7385,4
20132,18
7279,4
7277,4
7275,4
20119,32
7266,4
7132,4
508,4
6773,4
6761,4
6739,4
6733,4
6730,4
19562,64
6709,4
6684,4
19482,37
6629,4
6509,4
6324,4
6305,4
6252,4
6205,4
6043,4
6033,4
5938,4
5604,4
18355,34
5502,4
11756,4
11628,4
5085,4
11476,4
4998,4
4613,4
4560,4
4440,4
4399,4
4389,4
4344,4
4253,4
4241,4
4240,4
17081,37
4228,4
13543,47
690,4
16711,11
3858,4
3808,4
3807,4
3787,4
3774,4
3763,4
554,4
3757,4
3620,9
16473,4
3619,29
16472,4
6683,4
9901,4
13059,4
19428,37
6575,4
153,37
13006,4
53,4
9613,4
9531,4
9477,4
3048,56
15901,4
9354,4
2928,4
2856,43
15709,4
2772,4
5914,4
9116,4
12128,4
12064,4
2396,4
15208,4
2346,4
2339,4
2213,4
5414,4
2211,4
10186,4
3765,4
3764,4
2163,4
3750,4
531,4
14934,4
3651,4
2049,4
19680,27
6827,4
420,4
6825,4
5083,4
21122,49
8269,4
11433,4
5012,4
4990,4
1714,4
14550,4
1708,4
85,4
1586,4
9587,4
7990,4
1568,4
1567,4
7956,4
6280,4
7861,4
7850,4
1420,4
7835,4
9422,4
1382,4
9385,4
1363,4
1298,4
20562,33
7709,4
15708,4
7681,4
1234,4
2809,4
4412,4
1182,4
4384,4
6685,4
4285,4
7498,4
1065,4
1797,4
1783,4
4177,4
2494,4
866,4
7278,4
1648,4
1545,4
16797,20
3944,4
9530,4
692,4
8724,4
3905,4
702,4
700,4
695,4
693,4
691,4
7776,4
536,4
1315,19
14168,4
529,4
7346,4
513,4
2908,4
7732,4
512,4
509,4
7267,4
13223,4
4387,4
6776,4
9993,4
9992,4
2332,4
701,4
2608,4
1763,4
6572,4
1555,4
6154,4
548,4
9369,4
7766,4
10163,4
1322,4
108,4
506,4
1496,4
7320,4
12897,4
6568,4
8912,4
1244,4
10565,4
1090,4
7761,4
521,4
8426,4
16454,27
3601,4
7622,4
7768,4
18540,35
5687,4
20514,5
16518,5
16003,5
15897,5
15429,5
15283,5
2405,23
15258,5
1313,9
14166,5
12185,5
12067,5
11098,5
10243,5
10162,5
9902,5
9335,5
15335,51
2482,5
14506,52
1653,5
20747,27
7894,5
20371,18
7518,5
722,5
13435,5
6917,5
6741,5
165,5
6460,5
5663,5
18375,53
5522,5
5346,5
5086,5
4991,5
17809,59
4956,5
11154,5
4193,5
4025,5
3875,5
10242,5
16641,20
3788,5
517,5
514,5
10061,5
6777,5
12996,37
143,5
9578,5
15768,53
2915,5
9240,5
9056,5
2584,5
5721,5
2385,5
16587,34
3734,5
19539,56
6686,5
1824,5
1767,5
109,25
12962,5
6457,5
1378,5
7782,5
4523,5
1170,5
20340,18
7487,5
1066,5
1059,5
1820,5
12940,21
87,5
828,5
20766,37
7913,5
1342,5
1326,5
83,5
3584,57
16437,5
776,5
6774,5
11994,5
16770,49
3917,5
20370,18
7517,5
6705,5
4210,5
163,5
2154,5
1345,5
19784,24
6931,5
5720,5
9117,5
20373,18
7520,5
6875,5
7286,5
1341,5
6514,5
5528,5
1814,5
18676,6
18281,6
18277,6
17758,6
17421,6
16359,6
15973,6
15929,6
15914,6
15859,6
15858,6
15855,6
15643,6
15303,6
15237,6
12338,6
12278,6
11587,6
11064,6
10537,6
10306,6
10299,6
9290,6
20814,27
7961,6
11065,6
17052,47
4199,6
3463,35
16316,6
6623,6
3072,25
15925,6
15889,20
3036,6
3023,44
15876,6
15675,6
5972,6
12375,6
1815,6
7962,6
3001,57
15854,6
1361,6
7154,6
1350,6
104,6
9550,6
12332,6
1785,6
3339,6
16170,7
3317,6
105,6
6941,6
3340,6
3315,6
1356,6
19657,27
6804,6
21473,7
17915,7
15484,7
15194,7
12404,7
10811,7
10559,7
9940,7
15417,7
7066,7
6353,7
6335,7
6083,7
5985,7
5858,7
5328,7
10662,7
4067,7
6413,7
9294,7
1211,7
3390,7
5283,7
8162,7
8063,7
1201,7
19065,8
15226,8
11179,8
7710,8
20401,18
7548,8
6382,8
5576,45
18429,8
5272,8
17660,27
4807,8
1880,8
4632,8
3003,8
2467,8
9738,8
4845,8
932,8
17113,9
16656,9
16568,9
16549,9
15959,9
12288,9
11933,9
11282,9
11105,9
11090,9
10894,9
10877,9
10387,9
10085,9
9599,9
9438,9
2560,56
15413,9
8992,9
15280,9
8784,9
15120,9
15029,9
8545,9
21173,33
8320,9
8227,9
8221,9
7974,9
7864,9
7789,9
7725,9
7696,9
7687,9
7349,9
7245,9
7158,9
6763,9
6661,9
6577,9
12862,20
9,9
6287,9
6106,9
6088,9
5935,9
5689,9
18497,10
5644,9
11730,9
11643,9
11087,9
11027,9
4551,9
4505,9
4374,9
10790,9
20038,49
7185,9
7063,9
16684,37
3831,9
10222,9
10180,9
6852,9
10068,9
16458,20
3605,9
3578,9
13062,9
6590,9
3249,9
9371,9
12550,9
2920,9
9268,9
2700,11
15553,9
2664,9
9030,9
12155,9
12045,9
2398,9
2379,9
5440,9
2198,9
3785,20
16638,9
10181,9
8513,9
407,9
406,9
16476,27
3623,9
404,9
1934,9
9904,9
1794,9
6532,9
19331,44
6478,9
20811,37
7958,9
1526,9
3025,26
15878,9
1379,9
1360,9
6120,9
10893,9
2802,37
15655,9
7631,9
14761,9
1071,9
12929,9
20170,18
7317,9
811,9
7189,9
8733,9
146,9
5351,9
113,9
6864,9
3258,9
16496,34
3643,9
817,9
4023,9
16428,33
3575,9
1173,9
11156,9
7141,9
20802,50
7949,9
6740,9
6862,9
9040,9
3603,9
3382,9
3543,30
16396,9
11358,9
7358,9
1727,9
525,9
147,9
865,9
5694,9
3598,9
1747,9
1287,9
18483,10
17964,10
17922,10
17900,10
16207,10
16141,10
15575,21
2722,10
15547,10
2534,37
15387,10
14876,10
14860,10
12630,10
11855,10
11802,10
11221,10
11220,10
9744,10
9606,10
9229,10
9160,10
8644,10
8614,10
8611,10
7869,10
20112,33
7259,10
7008,10
6972,10
6372,10
6349,10
11859,10
11850,10
5264,10
4105,10
4094,10
4089,10
3480,10
3456,10
6356,10
2962,10
12463,10
9189,10
21521,49
8668,10
5257,10
5219,10
5048,11
17901,10
9741,10
2961,10
2960,10
16370,37
3517,10
3468,10
4092,10
4085,10
8702,10
10338,10
8155,10
920,10
899,10
9177,10
15380,10
541,10
8905,10
19812,11
19466,11
19365,11
18713,11
18258,11
16244,11
15307,11
13138,11
12569,11
12035,11
12031,11
10427,11
9475,11
9113,11
9097,11
21412,34
8559,11
8457,11
8291,11
7817,37
20670,11
7048,11
388,11
6809,11
19447,52
6594,11
12506,11
5575,11
17896,29
5043,11
3954,27
16807,11
16621,37
3768,11
10000,11
6313,11
9525,11
9428,11
9339,11
2518,11
8899,11
2429,11
2270,11
11689,11
13093,11
8027,11
1449,11
11031,11
14154,22
1301,11
1225,11
12914,11
6288,11
7092,11
538,11
1643,11
19667,33
6814,11
16799,33
3946,11
539,11
11540,11
1271,11
2756,11
739,11
2635,12
15632,33
2779,13
14622,33
1769,13
11572,13
11428,13
10240,13
9551,13
9313,13
9306,13
15688,13
8930,13
8556,13
21408,37
8555,13
8502,13
7837,13
7250,13
6673,13
19381,14
6528,13
86,13
12036,13
10484,13
19930,44
7077,13
3647,13
6474,13
9255,13
2591,13
5662,13
2348,13
13005,52
152,13
1546,13
4446,13
89,13
3984,29
16837,13
707,13
6155,13
546,13
461,13
1169,13
1873,13
21532,14
18321,14
16940,14
16282,14
16100,14
2029,41
14882,14
14783,14
12521,14
11276,14
2512,52
15365,14
8726,14
20476,45
7623,14
20438,27
7585,14
7177,14
6929,14
12534,14
5392,14
5044,37
17897,14
17703,33
4850,14
4370,30
17223,14
4091,14
4036,14
12752,14
5686,22
18539,14
11894,14
18068,33
5215,14
1933,14
6689,14
11190,14
4475,58
17328,14
4385,46
17238,14
9165,14
4306,14
3460,14
1040,14
857,14
10473,14
6951,14
9171,14
284,14
10314,14
7222,14
21000,15
2562,27
15415,15
12298,15
11639,15
11751,15
10462,15
15698,15
5780,15
18148,36
5295,15
3509,15
3442,15
4411,37
17264,15
3205,15
18210,37
5357,15
7698,15
17246,16
17188,16
16897,16
16434,16
16098,16
15103,16
13256,16
10292,16
9124,16
2047,33
14900,16
8134,16
8126,16
20300,41
7447,16
19854,45
7001,16
438,64
13291,16
64,53
12917,16
12488,16
5887,16
5647,16
5070,36
17923,16
4621,16
19474,50
6621,16
2982,16
9181,16
18703,27
5850,16
5203,16
14771,21
1918,16
9734,16
10521,16
4780,17
17633,16
13266,16
9736,16
21372,17
20668,17
18254,17
16679,17
15934,17
12824,17
12114,17
12046,17
11057,17
10402,17
9878,17
9868,17
9827,17
9671,17
9588,17
9580,17
9577,17
9074,17
14729,17
7955,17
20372,20
7519,17
7297,17
7235,17
7167,17
7146,17
6861,17
6235,17
18554,34
5701,17
17753,27
4900,17
4459,17
17031,45
4178,17
7076,17
3825,31
16678,17
10208,17
6295,17
9383,17
9272,17
9271,17
9014,17
5707,17
2440,17
8768,17
15082,17
13276,29
423,17
13204,17
3580,17
14569,58
1716,17
4801,17
8007,17
15667,17
5960,17
3080,22
15933,17
1483,17
10109,17
2447,54
15300,17
19655,20
6802,17
2781,17
19647,20
6794,17
21354,32
8501,17
1239,17
5729,17
1277,17
21436,18
21414,18
21403,18
21385,18
21378,18
21356,18
21330,18
21322,18
21298,18
21264,18
21255,18
21248,18
21211,18
21179,18
21165,18
21113,18
21103,18
21036,18
21014,18
20954,18
20931,18
20896,18
20826,18
20822,18
20791,18
20784,18
20715,18
20706,18
20654,18
20630,18
20569,18
20548,18
20494,18
20490,18
20463,18
20455,18
20443,18
20442,18
20415,18
20412,18
20364,18
20339,18
20332,18
20324,18
20309,18
20304,18
20299,18
20273,18
20269,18
20249,18
20233,18
20221,18
20189,18
20187,18
20166,18
20151,18
20138,18
19254,18
19174,18
17032,18
16913,18
16664,18
16619,18
16585,18
16545,18
16315,18
16246,18
15833,18
15800,18
15753,18
15515,18
2173,51
15026,18
13014,18
12266,18
8890,18
15023,18
8264,59
21117,18
8163,62
21016,18
7994,18
7954,45
20807,18
7821,18
7726,18
7593,35
20446,18
7388,50
20241,18
7382,52
20235,18
7276,33
20129,18
7264,32
20117,18
6586,18
4012,58
16865,18
3968,18
3872,55
16725,18
3860,18
3782,20
16635,18
3585,18
196,18
15079,18
2205,18
2055,18
14752,18
1764,18
14,18
7948,51
20801,18
1381,18
7505,27
20358,18
986,18
7404,43
20257,18
976,18
1529,18
6790,18
1108,18
7491,27
20344,18
2619,18
8520,27
21373,18
8294,18
1644,18
93,18
1205,18
1087,18
7438,46
20291,18
15585,19
15573,53
2720,19
14932,44
2079,19
12574,19
10547,19
9959,19
9284,19
8846,19
7707,19
7694,19
555,19
6222,19
4498,19
3681,19
9909,19
8797,19
2230,19
16625,27
3772,19
5300,19
23,19
1339,19
7690,19
10805,19
12301,19
1571,19
8791,19
8454,19
19489,38
6636,19
21405,20
21360,20
21209,20
21205,20
21199,20
21182,20
21148,20
21100,20
21042,20
21017,20
20974,20
20973,20
20943,20
20930,20
20926,20
20894,20
20888,20
20768,20
20652,20
20468,20
20388,20
20378,20
20279,20
20256,20
19648,20
19424,20
19422,20
18648,20
16921,20
16803,20
16687,20
16668,20
16662,20
16633,20
16448,20
16421,20
16380,20
16363,20
16015,20
16013,20
15985,20
15980,20
15822,20
15757,20
15732,20
2748,30
15601,20
15559,20
15476,20
15348,20
13026,20
12674,20
12187,20
12022,20
10921,20
10885,20
10853,20
10235,20
9263,20
15521,20
15356,20
8810,20
15027,20
8509,37
21362,20
7970,20
7531,63
20384,20
756,20
6771,20
13122,20
6311,20
6240,20
6055,20
5913,20
5658,20
5355,20
5327,28
18180,20
4999,20
10972,20
4521,20
4257,20
10573,20
7078,20
3817,46
16670,20
12919,54
66,20
48,56
12901,20
11,20
6130,20
2887,20
9274,20
5716,20
2468,23
15321,20
5594,20
5456,56
18309,20
4911,20
19159,44
6306,20
1384,20
1265,20
3957,63
16810,20
12995,37
142,20
2919,43
15772,20
15359,20
2099,20
6908,40
19761,20
14517,20
3466,39
16319,20
1283,20
8338,33
21191,20
6147,20
15326,20
8858,20
19081,21
19077,21
18433,21
17876,21
17442,21
17212,21
16740,21
16415,21
12775,21
12449,21
10757,21
10604,21
10361,21
9779,21
9352,21
8757,21
7596,21
7221,21
7015,21
13282,21
13238,21
13007,21
11237,21
13172,21
3491,21
9277,21
2578,21
2555,21
8615,21
17597,44
4744,21
1520,21
12600,21
9210,21
7591,21
1103,21
10724,21
4189,27
17042,21
5782,21
1681,21
686,33
13539,21
16600,34
3747,21
2843,21
940,21
14875,21
2529,21
21060,22
20467,22
19860,22
19826,22
19762,22
18730,22
18351,22
18342,22
17853,22
17847,22
17782,22
17738,22
16663,22
16463,22
15785,22
13711,22
12974,22
12205,22
12094,22
12028,22
11396,22
10434,22
10219,22
8977,22
8544,22
7464,22
745,22
7058,22
6970,63
19823,22
6888,22
19642,41
6789,22
6315,22
6282,22
12688,22
12504,22
12321,22
12221,22
12159,22
12093,22
5659,22
5533,22
5520,22
18249,51
5396,22
5270,22
11598,22
5128,45
17981,22
11539,22
11515,22
11464,22
4806,44
17659,22
498,22
10052,22
3367,22
9608,22
12716,22
2867,22
2847,22
9059,22
2307,22
15061,22
6855,22
10018,22
1847,22
3400,22
1798,22
4972,50
17825,22
12727,22
12378,22
17933,53
5080,22
9081,22
13037,22
20087,49
7234,22
1497,22
7149,22
17965,45
5112,22
8367,22
447,22
1740,22
11657,22
2325,22
6886,22
852,22
21562,23
18425,23
18061,23
18009,23
17169,23
16264,23
15989,23
15840,23
1759,30
14612,23
12706,23
11574,23
10756,23
10746,23
10632,23
10530,23
10455,23
10272,23
9590,23
8699,23
7216,23
7135,23
6976,23
12714,23
6215,23
5274,23
11059,23
10754,23
4084,23
10291,23
3797,37
16650,23
10183,23
16206,27
3353,23
3105,23
2994,23
2993,23
2858,23
9012,23
5765,23
8692,23
2260,23
14573,23
111,23
1308,23
1100,23
7437,23
123,23
880,23
4544,23
6699,23
4045,23
9543,23
9965,24
7755,24
19713,37
6860,24
6018,24
21293,25
18963,25
18842,25
17529,25
17075,25
16563,25
15987,25
14903,25
11174,25
10847,25
10717,25
10342,25
9853,25
8255,25
13053,25
5210,25
10809,25
7075,25
9799,25
8137,25
5620,25
787,25
3565,25
6471,25
7428,25
3351,25
6541,25
15810,26
13077,26
12858,26
6157,26
6056,26
2386,45
15239,26
7966,26
3094,26
8441,26
21479,27
21453,27
21272,27
21271,27
21256,27
21236,27
21234,27
21232,27
21221,27
21194,27
21189,27
21114,27
21053,27
21049,27
21045,27
21022,27
21012,27
20969,27
20920,27
20813,27
20812,27
20800,27
20798,27
20779,27
20672,27
20660,27
20658,27
20648,27
20566,27
20561,27
20545,27
20502,27
20499,27
20498,27
20470,27
20448,27
20440,27
20407,27
20400,27
20284,27
20278,27
20255,27
20105,27
19978,27
19850,27
19803,27
19745,27
19723,27
19710,27
19427,27
19171,27
18953,27
18769,27
18718,27
18699,27
18283,27
18155,27
17988,27
17802,27
17616,27
17556,27
16910,27
16818,27
16816,27
16802,27
16705,27
16672,27
16461,27
16388,27
16377,27
16376,27
16371,27
16324,27
16317,27
15790,27
2291,59
15144,27
15136,27
14516,27
14180,34
1327,27
12721,27
12631,27
12306,27
12207,27
12085,27
12061,27
12042,27
11879,27
11736,27
11727,27
11667,27
11629,27
11621,27
11564,27
11543,27
11500,27
11494,27
11443,27
11307,27
11047,27
10499,27
10478,27
10119,27
10108,27
10037,27
9995,27
9961,27
9914,27
9558,27
9441,27
9427,27
9346,27
9111,27
15495,27
8956,27
2273,33
15126,27
15109,27
8595,63
21448,27
8581,27
14998,27
8458,27
21260,34
8407,27
8364,27
8342,42
21195,27
8254,27
8001,27
20775,44
7922,27
7884,27
14300,27
14285,27
7730,55
20583,27
7728,27
7620,32
20473,27
7476,27
7472,27
7459,27
7331,27
7072,27
560,27
6865,27
19712,58
6859,27
12915,27
12904,27
6475,27
6323,27
6233,27
6104,27
5969,27
5922,27
12334,27
5492,27
5389,39
18242,27
5367,27
5308,27
11664,27
11503,27
11478,27
4898,29
17751,27
4814,27
4794,27
4792,27
4457,27
4330,27
17037,43
4184,27
3989,27
698,27
10254,27
3697,27
466,27
19683,37
6830,27
3533,57
16386,27
6254,27
9444,27
6186,27
6185,27
6173,27
9366,27
15692,32
2839,27
9260,27
15669,27
5994,27
12352,27
5731,27
8925,27
2490,27
2483,41
15336,27
5632,27
8826,27
18435,35
5582,27
15190,51
2337,27
8767,27
2320,27
8731,27
5494,27
5441,52
18294,27
5437,27
5356,27
8528,27
2092,27
3557,45
16410,27
6729,27
1846,27
6669,27
1803,27
8047,58
20900,27
1610,27
4805,27
1524,27
7841,27
7830,27
1404,27
1320,27
12505,27
6084,27
2873,27
2866,58
15719,27
9270,27
1229,27
4419,27
1188,27
4307,27
8318,27
4288,27
8292,27
1063,27
1849,27
7441,27
13036,59
183,27
4194,27
187,27
12204,27
2580,27
13027,27
8986,27
6495,27
5682,27
7287,53
20140,27
12014,27
783,27
15180,27
2338,27
2322,59
15175,27
7139,27
7113,32
19966,27
3903,27
1492,27
3895,27
11112,27
12704,27
1722,27
528,27
9311,27
846,27
12880,54
27,27
12869,27
6799,27
6785,27
773,27
728,27
2298,27
7914,30
20767,27
11499,27
4273,27
6456,27
1033,27
9029,27
10023,27
1351,27
9964,27
65,27
5650,27
7096,27
1642,27
15782,41
2929,27
1525,27
16874,37
4021,27
7634,27
21308,28
21224,28
20770,28
20712,28
18719,28
17685,28
2462,59
15315,28
12659,28
12182,28
12077,28
11145,28
11028,28
10253,28
9334,28
8742,28
8579,28
8391,30
21244,28
8388,28
7455,28
20308,28
7359,28
6711,28
6271,28
6232,28
11690,28
5084,28
11132,28
10973,28
4029,28
7229,28
202,28
6242,28
9389,28
15354,28
2335,50
15188,28
11877,28
2252,28
138,28
4892,28
9625,28
14298,59
1445,28
1428,28
1138,28
1877,28
7444,28
1768,28
11308,28
1752,28
7747,44
20600,28
18166,50
5313,28
10008,28
859,28
10165,28
18392,29
16939,29
16893,29
16420,29
8863,29
14826,29
7583,29
7427,29
13290,29
6770,29
19280,59
6427,29
12127,29
5388,29
4297,29
16343,51
3490,29
2990,29
5113,29
2365,29
3505,29
13008,29
1068,29
18,29
3344,37
16197,29
4290,29
21178,30
21034,30
21028,30
20976,30
20596,30
20135,30
19304,30
16808,30
16441,30
12705,30
11407,30
11333,30
11300,30
11018,30
9562,30
8794,30
8777,30
21277,49
8424,30
8030,58
20883,30
7410,30
7302,30
6701,30
6522,58
19375,30
6138,30
5555,30
5359,30
5316,30
4657,30
3806,30
16522,33
3669,30
5758,30
5679,30
15162,51
2309,30
2221,30
2048,30
6540,30
1706,30
1688,30
11302,30
1602,30
1375,30
1200,30
13715,30
6299,30
10925,30
5984,30
8296,30
3602,30
2519,30
6529,30
9894,30
12874,30
5741,30
1639,30
5321,30
12860,30
6325,55
19178,30
1328,30
19420,31
18600,31
11812,31
6437,32
19290,31
6234,32
19087,31
5286,31
5177,31
2551,37
15404,31
8222,31
3063,31
15146,31
21437,32
21386,32
21242,32
20918,32
20414,32
20226,32
20217,32
20213,32
20174,32
19142,32
19029,32
19009,32
16812,32
16798,32
16642,32
16584,32
16350,32
16346,32
16263,32
16030,32
12783,32
12562,32
11109,32
10393,32
9860,32
9267,32
9250,32
9235,32
9115,32
15511,34
2658,32
8745,32
8708,32
8582,43
21435,32
21166,33
8313,32
8262,32
8032,43
20885,32
13890,32
6134,32
6047,32
18591,58
5738,32
5339,32
11635,32
5055,32
17630,33
4777,32
7061,32
10211,32
3786,32
16422,46
3569,32
9519,32
6165,32
15594,32
2659,32
8976,32
2380,45
15233,32
2253,32
5422,32
8588,49
21441,32
21203,50
8350,32
6466,32
2789,32
1181,32
1124,32
6591,32
968,32
11305,32
530,32
5312,32
1096,32
1853,32
8229,32
1011,32
3680,55
16533,32
2433,32
12150,32
7353,59
20206,32
2005,32
8422,44
21275,32
21480,33
21474,33
21352,33
21266,33
21240,33
21237,33
21218,33
21136,33
21032,33
20975,33
20735,33
20711,33
20640,33
20593,33
20558,33
20395,33
20385,33
20376,33
20314,33
20310,33
20228,33
20118,33
19915,33
19887,33
18816,33
18120,33
17712,33
17655,33
17489,33
16825,33
16809,33
16800,33
16655,33
16551,33
16385,33
15819,33
15558,33
15119,59
2266,33
12645,33
12520,33
11320,33
11115,33
10924,33
10851,33
10099,33
9973,33
9405,33
9378,33
9364,33
9316,33
2695,40
15548,33
15528,33
9049,33
8946,33
8865,33
8793,33
8750,33
8740,33
8738,33
2149,41
15002,33
15000,33
8577,46
21430,33
2130,44
14983,33
8409,33
21262,33
8399,43
21252,33
8311,34
21164,33
14314,51
1461,33
7820,44
20673,33
7752,43
20605,33
7723,33
7449,50
20302,33
7338,45
20191,33
19927,37
7074,33
6779,33
6738,33
6273,33
12596,33
6146,33
6048,33
6017,33
18870,33
5950,33
12231,33
5680,33
11976,33
11896,33
5464,33
5426,33
5417,33
5314,33
11633,33
5029,33
10897,33
4141,33
19986,39
7133,33
3867,33
3784,33
9810,33
5967,33
2751,33
5894,33
9066,33
2590,33
5757,37
18610,33
15221,33
2182,33
2042,33
3624,33
8236,33
1569,33
1543,33
4729,33
1467,33
1452,33
1317,33
7734,33
1251,33
4351,33
1134,33
1122,33
3413,37
16266,33
14417,41
1564,33
11977,33
3948,37
16801,33
4732,33
6504,46
19357,33
3582,33
1135,33
1111,33
2693,33
456,33
399,33
7381,34
20234,33
9372,33
533,33
10946,33
7398,60
20251,33
13717,33
7362,59
20215,33
10564,33
3629,33
1128,33
818,33
9231,33
21238,34
20180,34
18875,34
17700,34
17573,34
17506,34
16986,34
16644,34
16211,34
16023,34
15841,34
15762,34
15292,34
12702,34
12281,34
12033,34
11925,34
11726,34
11400,34
11049,34
11035,34
10140,34
10067,34
10057,34
9967,34
9668,34
9618,34
9465,34
9388,34
9161,34
2428,56
15281,34
8799,34
21519,62
8666,34
8628,34
8289,58
21142,34
14697,34
8010,34
7902,34
6503,34
6217,34
6113,34
11979,34
5345,34
11708,34
11674,34
5234,34
11377,34
4810,34
10826,34
4347,34
17058,42
4205,34
10566,34
16737,52
3884,34
3841,34
13180,34
9437,34
9337,34
15641,34
2711,34
15240,34
15107,34
14949,34
6721,34
14666,34
6447,34
12831,34
1502,34
1466,34
7673,34
1208,34
1084,34
11395,34
4974,34
10472,34
7736,34
11725,34
2890,34
15213,34
7120,34
19561,48
6708,34
3899,34
14993,34
10544,34
7315,59
20168,34
14975,34
1732,34
11637,34
10440,34
16872,37
4019,34
3890,34
10105,34
19181,35
19050,35
16152,35
15682,35
10794,35
10743,35
10738,35
10606,35
10453,35
10429,35
9872,35
9771,35
9742,35
9733,35
8618,35
8512,35
7891,52
20744,35
20457,37
7604,35
6434,35
5830,35
5077,59
17930,35
11239,35
4640,35
4167,35
4081,35
2945,35
5955,35
2543,37
15396,35
5340,35
13966,35
1885,35
2637,35
11201,35
3573,35
9192,35
19410,50
6557,35
16755,39
3902,35
941,35
3931,35
3684,35
20787,36
20398,36
18849,36
18403,36
17419,36
17410,36
17277,36
17123,36
16459,36
15551,36
1651,41
14504,36
12725,36
12400,36
12216,36
12195,36
8866,36
21202,49
8349,36
7963,36
13904,36
6635,36
6337,36
5888,36
5363,36
4941,36
4510,36
4470,36
17258,49
4405,36
3743,36
13115,36
5762,36
2554,36
5751,52
18604,36
10115,36
362,36
11510,36
1682,36
6502,36
3263,36
6163,36
4363,46
17216,36
4811,36
2549,36
8569,36
3748,36
7722,36
12886,36
15598,36
9861,36
10054,36
4918,37
17771,36
11752,36
10,36
10311,36
21357,37
21287,37
21228,37
21071,37
21040,37
20945,37
20797,37
20311,37
20298,37
19833,37
19799,37
19751,37
19507,37
19441,37
19435,37
19411,37
19343,37
19270,37
19241,37
19006,37
18986,37
18479,37
18223,37
18182,37
18138,37
17837,37
17785,37
17784,37
17777,37
17612,37
17576,37
17182,37
17178,37
17146,37
17115,37
17004,37
16925,37
16923,37
16873,37
16700,37
16685,37
16444,37
16443,37
16427,37
16307,37
16026,37
15997,37
15894,37
15600,37
14982,37
14623,37
1541,58
14394,37
13189,37
13072,37
12676,37
12443,37
12383,37
12305,37
12237,37
11968,37
11449,37
11143,37
11041,37
11029,37
10978,37
10950,37
10908,37
10883,37
10843,37
10432,37
10224,37
9804,37
9487,37
9343,37
15545,37
8327,37
14619,37
8020,37
7997,37
7824,37
14131,37
7494,37
7490,37
7482,37
7469,37
7319,37
7126,37
7027,57
19880,37
496,37
19702,52
6849,37
13212,37
13210,37
13194,37
13182,37
6473,37
6361,37
12699,37
6223,37
12629,37
12620,37
12610,37
6103,37
6096,37
12356,37
12331,37
5750,37
18563,48
5710,37
5516,37
5447,57
18300,37
5377,37
11755,37
11748,37
11744,37
11505,37
4910,52
17763,37
4908,37
11078,37
10928,37
10872,37
4369,37
4339,37
16852,38
3999,37
3993,37
3933,37
3920,37
7115,45
19968,37
3874,50
16727,37
3839,37
3833,37
10213,37
544,37
6815,37
16275,41
3422,37
3420,37
3418,37
16269,41
3416,37
3251,37
3229,37
9539,37
9526,37
12722,37
9472,37
6070,37
2799,37
2540,37
5723,58
18576,37
2471,43
15324,37
2475,37
5671,37
8771,37
5442,37
2219,37
14921,37
16460,52
3607,37
1835,37
1787,37
9640,37
20893,49
8040,37
1581,37
7993,37
11192,37
10909,37
6065,37
7650,37
9246,37
2797,37
1118,37
2714,37
5105,50
17958,37
16312,56
3459,37
8258,37
16270,39
3417,37
9027,37
3394,37
16247,37
12203,37
4884,37
7305,37
1667,37
1634,37
15276,37
1577,37
3161,37
748,37
3085,37
2281,37
1477,37
12973,37
2552,37
545,37
125,37
12978,37
12146,37
11738,37
1291,37
3632,37
4787,63
17640,37
13211,37
7992,37
12719,37
7443,37
4964,37
960,37
1354,37
4937,37
12965,37
2500,37
3298,37
10895,37
2956,37
14201,37
5665,37
844,37
6856,37
3336,37
3239,37
836,37
7749,37
1213,37
19556,38
17359,38
16903,38
9681,38
8857,38
12355,38
12340,38
5201,38
12623,38
9172,38
4970,44
17823,38
9637,38
15832,41
2979,38
7558,38
6926,38
19082,39
19044,39
18527,39
18458,39
18437,39
17511,39
17449,39
17400,39
16854,39
16767,39
16256,39
16164,39
16139,39
15793,39
15122,52
2269,39
12466,39
11170,39
10377,39
9905,39
9433,39
8363,39
7584,39
6376,39
12758,39
5842,39
5839,39
5798,39
5260,39
5238,39
11197,39
4634,39
10285,39
10261,39
6619,39
213,39
2977,39
12407,39
18658,59
5805,39
21477,49
8624,39
6952,39
1912,39
1910,39
5769,39
870,39
4695,39
4686,39
6371,39
867,39
20946,40
19895,40
19870,40
19744,40
19325,40
19312,40
19180,40
1457,57
14310,40
12044,40
11484,40
9410,40
7897,40
6278,40
5835,63
18688,40
4890,40
11113,40
4160,40
6121,40
15325,40
5596,40
9206,40
743,40
1715,40
21413,41
21336,41
21324,41
21315,41
21265,41
21109,41
21095,41
21081,41
21055,41
21044,41
20988,41
20937,41
20915,41
20776,41
20680,41
20639,41
20628,41
20564,41
20533,41
20450,41
20391,41
20368,41
20252,41
20181,41
18627,41
18052,41
17034,41
16735,41
16715,41
16698,41
16569,41
15886,41
15723,41
15211,41
15141,41
12616,41
12211,41
12005,41
11528,41
11470,41
11283,41
11060,41
10907,41
10529,41
10430,41
10225,41
10130,41
9825,41
9091,41
8997,41
8226,41
8048,41
7836,41
7678,59
20531,41
7244,41
6765,41
6094,41
5926,41
5402,41
11724,41
11481,41
11475,41
4357,41
7157,41
3755,55
16608,41
6840,41
9985,41
160,41
9682,41
19307,59
6454,41
9576,41
12664,41
12619,41
6198,41
15695,41
9158,41
15570,41
12296,41
15489,41
8979,41
8972,41
5415,41
15053,41
11721,41
2089,41
17787,59
4934,41
4472,41
12346,41
7484,44
20337,41
10532,41
4014,41
3996,41
5556,41
6297,41
7083,41
8970,41
6115,41
8005,41
10411,41
1178,41
774,41
3571,53
16424,41
5911,41
5501,50
18354,41
1070,41
3377,52
16230,41
8868,41
21023,42
17365,42
11768,42
8113,42
21176,43
20910,43
20685,43
20651,43
20598,43
20517,43
20515,43
18708,43
16602,43
15295,43
12658,43
12649,43
12391,43
12382,43
12380,43
12362,43
12258,43
12154,43
12149,43
11978,43
11884,43
11713,43
11705,43
11614,43
11568,43
10943,43
10083,43
9478,43
9237,43
2203,56
15056,43
20879,60
8026,43
7790,43
13192,43
140,43
12351,43
5657,43
11898,43
5342,43
11567,43
4797,43
4755,43
11034,43
17199,63
4346,43
10436,43
6787,43
6759,43
9610,43
6123,43
8969,43
12017,43
15094,43
5089,43
126,43
1469,43
9287,43
10840,43
1080,43
9034,43
74,43
1608,43
11966,43
2342,43
2333,43
12176,43
6549,43
1658,43
8981,43
11570,43
8995,43
2938,43
2133,43
11644,43
21503,44
21429,44
21297,44
19137,44
17957,44
17956,44
17770,44
17589,44
17048,44
16287,44
16203,44
15912,44
12485,44
12345,44
12156,44
11663,44
11257,44
10918,44
10419,44
10404,44
10110,44
9971,44
9850,44
8496,44
21291,59
8438,44
8205,44
7810,44
12133,44
11920,44
11872,44
5293,44
5091,44
11373,44
4733,44
4145,44
15892,59
3039,44
9434,44
3013,44
2638,44
9032,44
12186,44
11915,44
8691,44
8690,44
15024,44
19663,52
6810,44
21208,46
8355,44
5121,44
1801,44
7867,44
2898,44
14485,44
401,44
387,44
3345,44
8947,44
7261,58
20114,44
21215,45
20237,45
19742,45
17795,45
16819,45
16815,45
16347,45
16284,45
16221,45
16022,45
15834,45
14542,52
1689,45
12715,45
12624,45
10980,45
10974,45
10855,45
10601,45
9502,45
9486,45
9278,45
8860,45
15205,45
15065,58
2212,45
8394,45
7676,50
20529,45
6293,45
6181,45
6172,45
6073,45
5993,45
12240,45
5744,45
12110,45
5438,45
5407,45
11685,45
11569,45
11549,45
11479,45
4292,45
715,45
3840,45
9963,45
6641,45
169,45
164,45
6213,45
6105,45
2548,45
8892,45
557,45
2112,45
10097,45
3676,45
449,45
6848,45
167,45
11359,45
1638,45
4788,45
1585,45
6179,45
1364,45
1245,45
1160,45
1137,45
20348,49
7495,45
4239,45
4216,45
6597,51
19450,45
998,45
7272,45
3994,45
1554,45
10381,45
4155,45
7735,45
1314,45
11733,45
1176,45
2750,45
3672,45
12153,45
21295,46
21196,46
20634,46
20567,46
20507,46
19862,46
19639,46
19459,46
17811,46
16806,46
16348,46
15969,46
15703,56
2850,46
15130,46
13552,57
699,46
12613,46
12516,46
11696,46
11684,46
11416,46
11106,46
10966,46
9818,46
9807,46
9611,46
9425,46
9301,46
8286,46
14103,46
7516,46
7330,46
7191,46
6500,46
6485,46
24,46
6309,46
5991,46
12294,46
5669,46
5629,46
18455,56
5602,46
11046,46
4358,46
4157,46
15477,46
2539,46
15189,46
15152,46
2249,46
2188,46
10046,46
2016,46
6672,46
5018,46
1366,46
1117,46
14744,46
2663,46
8915,46
848,46
781,46
5725,46
4517,46
5317,46
1311,46
2110,56
14963,46
98,46
8879,46
6298,46
4361,46
5354,46
4954,46
1633,46
20159,47
18549,47
18504,47
18488,47
18465,47
18362,47
17343,47
17274,47
17245,47
16993,47
16332,47
16331,47
16304,47
16216,47
16150,47
2492,56
15345,47
15096,47
13321,47
12687,47
12657,47
12627,47
12592,47
12571,47
12483,47
12336,47
12274,47
12235,47
12197,47
12147,47
12125,47
12112,47
12102,47
11989,47
11960,47
11940,47
11934,47
11907,47
11746,47
11425,47
10913,47
10864,47
9988,47
9943,47
8802,47
14178,47
6726,47
12774,47
12732,47
12509,47
12316,47
12101,47
11913,47
4204,47
4152,63
17005,47
409,56
13262,47
3266,59
16119,47
15984,50
3131,47
12731,47
12632,47
8951,47
3694,47
3219,47
1125,47
1919,47
12091,47
11946,47
2155,47
12514,47
1078,47
1916,47
16200,49
3347,47
3133,47
8160,47
16555,59
3702,47
10464,47
1047,62
13900,48
10612,48
10611,48
10609,48
10284,48
10282,48
10280,48
9417,48
9187,48
9127,48
8125,48
6341,48
11227,48
11168,48
4574,48
4149,48
6999,48
6358,48
8619,48
17071,49
4218,48
10610,48
10349,48
2279,48
4123,48
883,48
4562,48
887,48
21556,49
21512,49
21339,49
21303,49
21138,49
20925,49
20907,49
20089,49
20080,49
20025,49
20012,49
19993,49
16955,49
16177,49
15234,49
14987,49
14757,49
11297,49
9795,49
9764,49
9720,49
9712,49
9134,49
8710,49
21460,58
8607,49
13270,49
12333,49
11322,49
11163,49
10774,49
10661,49
16992,52
4139,49
7136,52
19989,49
3449,49
9220,49
5964,49
15453,49
15253,49
8658,49
15048,49
15562,49
9697,49
677,59
13530,49
4038,49
3528,49
15450,49
9777,49
21337,50
21222,50
20432,50
18997,50
18832,50
17975,50
17848,50
17661,50
17558,50
16911,50
16817,50
16719,50
16665,50
16590,50
16337,50
16219,50
16055,50
15482,50
12572,50
12255,50
11750,50
11687,50
11565,50
11452,50
11424,50
11340,50
11317,50
11306,50
10964,50
10870,50
10600,50
10500,50
10032,50
10027,50
9970,50
9937,50
9896,50
9652,50
15679,50
2826,50
9101,50
8893,50
15153,50
8317,50
8297,50
14540,50
7774,50
7462,50
13633,56
780,50
534,50
6670,50
6458,50
6227,50
6187,50
6102,50
18955,50
5906,50
12239,50
5461,50
4920,55
17773,50
10599,50
10597,50
10538,50
10094,50
3631,50
10040,50
13203,50
5968,50
2488,50
2478,50
5624,50
3713,50
21300,55
8447,50
6783,50
8339,55
21192,50
9930,50
13131,50
6680,50
14524,50
4775,50
1446,50
1438,50
1288,50
1284,50
2825,50
2807,50
2613,50
10053,50
15259,50
5976,50
9994,50
5078,50
151,50
10556,50
2437,50
19674,51
16546,51
16297,51
15888,51
15210,52
2357,51
13031,51
12680,51
11381,51
11272,51
10917,51
10431,51
10197,51
9869,51
9280,51
9072,51
8716,51
7880,51
13854,51
13656,51
4827,51
4751,51
11111,51
10891,51
3922,51
7073,51
494,51
6752,51
3261,51
2409,51
2236,51
2194,51
6863,51
11666,51
6523,51
14427,51
1414,51
1391,51
1765,51
7107,51
995,51
1677,51
483,51
17672,55
4819,51
20982,52
20641,52
18898,52
17798,52
16714,52
16695,52
16676,52
16163,52
15664,52
2708,60
15561,52
12087,52
10988,52
10371,52
10146,52
9929,52
9844,52
9561,52
9020,52
8853,52
7470,52
7247,52
13280,52
6725,52
12644,52
12390,52
12309,52
12219,52
10768,52
3759,52
3717,63
16570,52
3634,60
16487,52
6767,52
3189,52
3100,52
10171,52
6246,52
2897,52
9102,52
14679,52
185,52
4054,52
7217,52
741,52
3707,52
1575,52
4774,52
1153,52
2491,52
4447,52
6853,52
10442,52
2810,52
21096,53
20757,53
20682,53
20270,53
20264,53
19509,53
19499,53
19017,53
18490,53
17916,53
16946,53
16759,53
14544,53
12318,53
11466,53
11185,53
11123,53
10080,53
9700,53
8706,53
14974,62
2121,53
8314,53
7903,53
7552,53
7332,53
7047,53
12435,53
5692,53
5684,53
5508,53
11771,53
5220,53
4366,53
4165,53
4048,53
13482,53
12389,53
9139,53
8903,53
2228,53
5371,53
323,53
6547,53
9706,53
9382,53
9283,53
9178,53
1147,53
15556,53
11773,53
4504,58
17357,53
5178,53
1761,53
13274,53
5216,53
1616,53
19831,54
17993,54
16274,54
16074,54
15467,54
12040,54
12010,54
8962,54
8734,54
8373,54
12016,54
11941,54
5287,54
5141,54
15579,54
15560,54
3009,54
10527,54
12908,54
2953,54
21286,55
20381,55
18606,55
16912,55
15733,55
12244,55
12169,55
11128,55
11019,55
10963,55
10923,55
10856,55
9647,55
9003,55
8935,55
8488,55
8335,55
6257,55
6078,55
12078,55
11622,55
11588,55
10879,55
4258,55
10227,55
3771,55
6243,55
6211,55
2834,55
2820,55
8814,55
5538,55
2234,55
2227,55
13110,55
5051,55
8219,55
4914,55
11058,55
1157,55
2479,55
11153,55
680,55
2276,55
8530,55
4554,55
7762,55
18487,56
18252,56
17839,56
16481,56
16399,56
12573,56
12202,56
11765,56
11711,56
9142,56
9107,56
8932,56
8654,56
800,56
100,56
11714,56
11546,56
10262,56
220,56
198,56
3211,56
6301,56
2973,56
11636,56
9952,56
3207,56
1456,56
1193,56
9175,56
1152,56
9098,56
1024,56
793,56
1343,56
6546,56
895,56
1184,56
293,56
56,56
9760,56
922,56
839,56
816,56
17523,57
17089,57
16285,57
16251,57
16188,57
16133,57
15510,57
12810,57
12785,57
12413,57
11794,57
11284,57
10796,57
10755,57
10737,57
10710,57
10416,57
10356,57
9745,57
9299,57
9217,57
8629,57
7100,57
19933,58
7080,57
6981,57
6483,57
12523,57
5909,57
5905,57
5819,57
11832,57
11798,57
5360,57
5269,57
11256,57
11228,57
4768,57
7020,57
330,57
12846,57
5945,57
8760,57
8728,57
8678,57
11864,57
6369,57
11193,57
9218,57
3482,57
15523,57
9880,57
2565,57
13739,57
10321,57
9781,57
5223,57
21447,58
21388,58
21106,58
21047,58
20804,58
20646,58
19815,58
19790,58
16848,58
16480,58
16342,58
13032,58
12341,58
11990,58
11878,58
11758,58
11754,58
11700,58
11683,58
11578,58
9399,58
8487,58
8430,59
21283,58
8036,58
8017,58
7838,58
7739,58
7483,58
7439,58
7212,58
6747,58
13118,58
6668,58
6601,58
6496,58
12379,58
12079,58
5654,58
11967,58
11904,58
17887,64
5034,58
5015,58
11354,58
4901,58
4745,58
3952,58
9839,58
212,58
6592,58
9605,58
6149,58
2918,58
2691,58
12271,58
2645,58
2567,58
12163,58
5416,58
2026,58
13165,58
1872,58
5050,58
41,58
1433,58
11036,58
2806,58
1192,58
4337,58
1837,58
1003,58
10598,58
837,58
15145,58
3900,58
6552,58
1355,58
3740,58
1258,58
10459,58
3977,58
7953,58
1528,58
1101,58
2667,58
6679,58
1650,58
1007,58
6551,58
4930,58
2877,58
10089,58
6880,58
10983,58
12115,58
484,58
4404,58
21318,59
21251,59
19935,59
19383,59
18910,59
17835,59
17810,59
17687,59
17652,59
17596,59
17551,59
17488,59
16983,59
16677,59
16523,59
16512,59
16041,59
15885,59
15778,59
15717,59
15308,59
12529,59
11619,59
11514,59
11378,59
11374,59
11349,59
11136,59
11095,59
10971,59
10961,59
10098,59
10071,59
9891,59
9833,59
9454,59
9033,59
8435,59
7895,59
7344,59
7065,59
7045,59
6818,59
6697,59
6562,59
6497,59
5919,59
11954,59
5082,59
4586,59
4161,59
3856,59
3790,59
376,59
2946,59
9288,59
2769,59
8909,59
12083,59
5608,59
10066,59
5001,59
3384,59
1678,59
9644,59
3053,59
1425,59
9381,59
9338,59
7729,59
1228,59
11526,59
9867,59
1679,59
10435,59
767,59
3910,59
9345,59
1584,59
9677,59
6604,59
7497,59
16140,62
3287,59
10151,59
6836,59
1039,59
21233,60
20657,60
20380,60
19440,60
17788,60
17607,60
12681,60
12364,60
12166,60
11993,60
11566,60
11529,60
11429,60
11338,60
10999,60
10884,60
10839,60
10561,60
9566,60
9312,60
8521,60
8300,60
14646,60
14630,60
7883,60
20736,60
10919,60
4378,60
4261,60
10534,60
10524,60
734,60
2761,60
12353,60
5931,60
8965,60
2350,60
8741,60
2316,60
5452,60
10185,60
14995,60
11649,60
1861,60
1655,60
7887,60
1285,60
1191,60
210,60
1010,60
5600,60
7193,60
731,60
7432,60
11630,60
8580,60
490,60
14959,61
4781,61
518,61
2310,61
969,61
3572,61
4735,61
5870,61
19198,62
18749,62
18454,62
18374,62
17384,62
17062,62
16488,62
12818,62
12814,62
12813,62
12743,62
12628,62
12432,62
11171,62
11015,62
8829,62
14930,62
8347,62
5767,62
5253,62
5146,62
4364,62
10394,62
19902,63
7049,62
9792,62
1913,62
1174,62
8761,62
1498,62
10694,62
11497,62
3630,62
5236,62
19625,63
18366,63
16990,63
16142,63
11379,63
11261,63
11137,63
10704,63
10385,63
9829,63
9812,63
8138,63
444,63
12464,63
12080,63
5485,63
4741,63
6965,63
9841,63
5245,63
5231,63
4881,63
12841,63
11230,63
4771,63
7569,63
9135,63
974,63
4700,63
2522,63
5318,63
3661,63
3396,63
890,63
11160,63
10553,63
929,63
21553,64
21551,64
20393,64
19571,64
19515,64
19053,64
19045,64
18481,64
17440,64
7541,64
5815,64
11241,64
4644,64
11787,64
7544,64
1924,64
