21437,0
21436,0
21414,0
21413,0
21385,0
21356,0
21336,0
21330,0
21324,0
21315,0
21298,0
21264,0
21211,0
21165,0
21109,0
21095,0
21081,0
21055,0
21044,0
21014,0
20988,0
20937,0
20915,0
20822,0
20784,0
20776,0
20715,0
20706,0
20639,0
20628,0
20569,0
20548,0
20533,0
20463,0
20450,0
20448,0
20442,0
20414,0
20391,0
20368,0
20339,0
20332,0
20309,0
20299,0
20273,0
20269,0
20252,0
20249,0
20233,0
20221,0
20217,0
20213,0
20189,0
20187,0
20181,0
20166,0
19742,0
19254,0
19174,0
19122,0
19092,0
18769,0
18627,0
18052,0
17137,0
17032,0
16776,0
16735,0
16584,0
16569,0
16350,0
16263,0
15886,0
2787,20
15640,0
15580,0
15515,0
15481,0
15471,0
15265,0
15211,0
15141,0
14882,22
2029,0
14504,29
1651,0
13714,9
861,0
13163,0
13014,0
40,28
12893,0
12266,0
12211,0
12117,0
12005,0
11528,0
11470,0
11283,0
11060,0
10907,0
10529,0
10430,0
10393,0
10130,0
9860,0
9825,0
9473,0
9115,0
9091,0
8997,0
8890,0
8745,0
21491,53
8638,0
8637,43
21490,0
8598,37
21451,0
8582,50
21435,0
8578,57
21431,0
8563,40
21416,0
8559,6
21412,0
2109,60
14962,0
21393,7
8540,0
8506,37
21359,0
8472,32
21325,0
8428,32
21281,0
8406,32
21259,0
21166,52
8313,0
8264,9
21117,0
8262,0
8226,0
8051,12
20904,0
8048,0
7980,28
20833,0
7972,18
20825,0
1536,8
14389,0
7930,0
7836,0
20679,34
7826,0
7821,0
7818,28
20671,0
7726,0
7682,20
20535,0
7593,7
20446,0
7514,42
20367,0
13890,0
7447,22
20300,0
7433,0
20286,0
7413,20
20266,0
7382,39
20235,0
7370,4
20223,0
7367,53
20220,0
7354,7
20207,0
7342,39
20195,0
7312,40
20165,0
7279,46
20132,0
7264,0
20117,0
7244,0
6928,35
19781,0
6789,29
19642,0
6765,0
6764,0
6586,0
19290,31
6437,0
6385,49
19238,0
6134,0
6094,0
6047,0
18867,40
6014,0
5926,0
12132,0
5402,0
11635,0
5195,63
18048,0
11481,0
11475,0
4755,0
17595,32
4742,0
4708,0
4357,0
4178,5
17031,0
4012,13
16865,0
3968,0
3860,0
3782,33
16635,0
3775,29
16628,0
16574,13
3721,0
16502,13
3649,0
6840,0
3585,0
16422,23
3569,0
9985,0
16314,27
3461,0
3422,35
16275,0
3416,35
16269,0
196,0
160,0
19307,21
6454,0
9576,0
9519,0
12664,0
12619,0
6198,0
15695,0
2839,8
15692,0
15594,0
15570,0
12296,0
2659,0
15489,0
5793,28
18646,0
2558,6
15411,0
8979,0
8976,0
8972,0
12164,0
15336,8
2483,0
2394,42
15247,0
2253,0
8670,24
21523,0
15079,0
15053,0
2205,0
3770,40
16623,0
8588,24
21441,0
11721,0
2089,0
2055,0
8449,11
21302,0
3526,0
21203,6
8350,0
1902,39
14755,0
3507,28
16360,0
14752,0
1764,0
11359,0
6466,0
14,0
3166,0
7983,39
20836,0
7948,17
20801,0
4648,0
1381,0
4472,0
2862,40
15715,0
12346,0
4328,0
17180,28
4327,0
7539,53
20392,0
7505,8
20358,0
7484,7
20337,0
986,0
7404,50
20257,0
976,0
968,0
10532,0
74,0
4014,0
3996,0
5556,0
1529,0
19981,42
7128,0
19966,8
7113,0
6297,0
3091,13
15944,0
7083,0
4955,9
17808,0
5358,0
8970,0
6115,0
18514,19
5661,0
20079,63
7226,0
8005,0
10411,0
1178,0
6790,0
8396,0
774,0
3571,43
16424,0
4376,0
1108,0
5501,6
18354,0
7517,14
20370,0
1096,0
7491,8
20344,0
1070,0
1853,0
3430,40
16283,0
2619,0
1727,0
17155,63
4302,0
8520,8
21373,0
3377,18
16230,0
8501,46
21354,0
8294,0
272,0
1644,0
8868,0
12162,0
3680,56
16533,0
2133,0
2433,0
3228,0
12150,0
7353,4
20206,0
2929,8
15782,0
1205,0
8422,18
21275,0
1087,0
7308,18
20161,0
7438,45
20291,0
20465,1
20034,1
19293,1
18865,1
18774,1
17728,1
17411,1
17117,1
13458,1
13003,1
139,14
12992,1
12442,1
12135,1
11866,1
11285,1
11211,1
10750,1
10048,1
9976,1
9755,1
9314,1
9197,1
9147,1
8704,54
21557,1
14859,11
2006,1
8432,42
21285,1
21050,7
8197,1
21030,32
8177,1
8089,1
7809,31
20662,1
14178,1
6092,35
18945,1
12454,1
5998,40
18851,1
5576,44
18429,1
5566,44
18419,1
18152,17
5299,1
18028,17
5175,1
4425,1
10590,1
16649,9
3796,1
6993,1
2959,1
15807,36
2954,1
2853,1
8806,1
2326,22
15179,1
2259,15
15112,1
8689,1
486,1
8416,1
13142,1
5092,1
17284,47
4431,1
982,1
5583,13
18436,1
754,1
7966,1
3894,45
16747,1
835,48
13688,1
3572,1
1966,1
7102,22
19955,1
5870,1
18686,21
5833,1
9738,1
918,1
4220,46
17073,1
21386,2
21360,2
21199,2
20973,2
20378,2
20256,2
19674,2
19571,2
18483,2
17922,2
16662,2
16421,2
16363,2
16311,2
16207,2
16141,2
15980,2
15908,2
14860,2
1047,32
13900,2
12829,2
12783,2
11333,2
11221,2
11220,2
10284,2
10235,2
9229,2
9187,2
9160,2
9127,2
8777,2
8644,2
8614,2
8611,2
8509,29
21362,2
8125,2
7970,2
7531,30
20384,2
6771,2
9,15
12862,2
6372,2
6349,2
5710,35
18563,2
5644,15
18497,2
11859,2
4850,53
17703,2
4827,2
11227,2
11168,2
4657,2
4574,2
4149,2
4105,2
4094,2
4089,2
6999,2
3788,20
16641,2
3637,44
16490,2
3480,2
3456,2
48,10
12901,2
11,2
2962,2
12463,2
9189,2
5594,2
21521,61
8668,2
8619,2
3760,2
5219,2
16339,9
3486,2
8224,7
21077,2
9741,2
1688,2
17463,61
4610,2
15816,37
2963,2
2961,2
2960,2
7686,2
16370,35
3517,2
8340,52
21193,2
3468,2
1059,2
17071,47
4218,2
4092,2
4085,2
10349,2
8702,2
2279,2
3322,32
16175,2
10338,2
5112,9
17965,2
8155,2
4123,2
920,2
899,2
883,2
4562,2
541,2
887,2
21553,3
21551,3
21403,3
21388,3
21378,3
21248,3
21176,3
21113,3
21103,3
21028,3
20954,3
20918,3
20826,3
20791,3
20494,3
20412,3
20393,3
20324,3
20304,3
20226,3
20151,3
19515,3
19167,3
19053,3
19045,3
18481,3
17440,3
17034,3
16913,3
16698,3
16664,3
16642,3
16619,3
16585,3
16546,3
16545,3
16380,3
16324,3
16315,3
16246,3
15969,3
15833,3
15822,3
15800,3
15753,3
15723,3
15348,3
2173,41
15026,3
11705,3
10282,3
10280,3
9728,3
9417,3
15356,3
15002,17
2149,3
8322,42
21175,3
8289,56
21142,3
8209,3
8163,32
21016,3
7994,3
7954,44
20807,3
7757,3
20496,61
7643,3
7541,3
7481,32
20334,3
6972,3
13292,57
439,3
13291,12
438,3
6709,20
19562,3
6601,3
12935,27
82,3
6494,3
6335,3
18732,52
5879,3
5815,3
5243,11
18096,3
5188,3
5034,56
17887,3
11241,3
4644,3
4439,26
17292,3
10688,3
3872,56
16725,3
3817,23
16670,3
3762,22
16615,3
6935,9
19788,3
6872,3
416,53
13269,3
3634,55
16487,3
2827,22
15680,3
9158,3
15386,3
2468,28
15321,3
2194,3
11787,3
8475,3
8293,7
21146,3
8087,3
7984,7
20837,3
2979,37
15832,3
1210,3
1124,3
7544,3
16327,4
3474,3
7487,26
20340,3
6583,3
7317,15
20170,3
1564,17
14417,3
2538,34
15391,3
12397,3
1924,3
3441,25
16294,3
93,3
7704,9
20557,3
19935,4
19860,4
19383,4
19180,4
18910,4
18217,4
17835,4
17810,4
17687,4
17551,4
16677,4
16523,4
15988,4
15932,4
15778,4
15717,4
15503,57
2650,4
15144,8
2291,4
2266,52
15119,4
15004,7
2151,4
322,47
13175,4
12529,4
12339,4
11619,4
11477,4
11378,4
11243,4
11136,4
10971,4
10961,4
10918,4
10146,4
10071,4
10042,4
9891,4
9833,4
9497,4
9454,4
9033,4
8514,4
21283,56
8430,4
21140,9
8287,4
7895,4
1246,59
14099,4
20531,17
7678,4
7045,4
6818,4
6725,4
6697,4
6497,4
6427,28
19280,4
6368,4
12068,4
18462,62
5609,4
11997,4
5281,4
5082,4
17930,37
5077,4
4687,63
17540,4
4586,4
4161,4
6920,11
19773,4
10102,4
19351,35
6498,4
15909,41
3056,4
2946,4
2945,4
2907,4
2769,4
18604,53
5751,4
5742,20
18595,4
8909,4
12083,4
12053,4
5608,4
18432,28
5579,4
10066,4
1836,39
14689,4
5001,4
3384,4
4934,8
17787,4
1678,4
9619,4
7987,36
20840,4
9538,4
1425,4
9338,4
7729,4
1228,4
5123,4
2583,4
1679,4
10435,4
20021,57
7168,4
741,4
19962,29
7109,4
7107,4
9345,4
1303,54
14156,4
3596,42
16449,4
1584,4
13232,49
379,4
16787,40
3934,4
6604,4
6927,35
19780,4
7497,4
20215,17
7362,4
18585,7
5732,4
4233,28
17086,4
19679,5
17169,5
16568,5
16549,5
16300,5
15959,5
12706,5
12237,5
11933,5
11090,5
10057,5
9959,5
9599,5
8992,5
15278,5
15120,5
8545,5
14729,5
21129,7
8276,5
7939,41
20792,5
20216,34
7363,5
7349,5
6661,5
6088,5
5689,5
11730,5
17911,63
5058,5
11059,5
16783,49
3930,5
16710,7
3857,5
3797,35
16650,5
6852,5
10068,5
9414,5
19033,40
6180,5
2858,5
9030,5
9012,5
12155,5
12045,5
2379,5
10115,5
16476,52
3623,5
11636,5
11510,5
14573,5
16107,57
3254,5
8007,5
20811,35
7958,5
20719,40
7866,5
15878,15
3025,5
1360,5
1308,5
1071,5
811,5
7189,5
7975,5
8733,5
2549,5
113,5
3258,5
817,5
1173,5
20802,6
7949,5
8730,5
9040,5
3382,5
16201,37
3348,5
11358,5
147,5
865,5
5694,5
3738,44
16591,5
8454,5
10054,5
1287,5
21222,6
20432,6
19812,6
19466,6
19365,6
18997,6
18832,6
17975,6
17848,6
17661,6
17558,6
16911,6
16817,6
16798,6
16719,6
16665,6
16590,6
16337,6
16219,6
16055,6
15307,6
13263,18
410,6
13138,6
12569,6
12255,6
12035,6
12031,6
11750,6
11687,6
11565,6
11424,6
11340,6
11317,6
11306,6
11018,6
10964,6
10870,6
10600,6
10500,6
10427,6
10032,6
10027,6
9970,6
9965,6
9937,6
9896,6
9652,6
9475,6
15679,6
2826,6
9113,6
2474,21
15327,6
8893,6
15153,6
8635,53
21488,6
15020,34
2167,6
8481,6
8457,6
21277,61
8424,6
8297,6
8291,6
8286,6
14540,6
7817,35
20670,6
7774,6
20529,44
7676,6
7462,6
20302,17
7449,6
20241,41
7388,6
13633,53
780,6
7048,6
534,6
19713,35
6860,6
388,6
6809,6
6798,27
19651,6
6701,6
260,53
13113,6
19534,11
6681,6
6670,6
19447,40
6594,6
6522,6
19375,6
6458,6
19097,11
6244,6
6227,6
6187,6
6102,6
18955,6
12506,6
5906,6
12239,6
5461,6
5316,6
17896,22
5043,6
17866,59
5013,6
11354,6
4920,56
17773,6
10599,6
10597,6
10538,6
4065,60
16918,6
3997,39
16850,6
3954,8
16807,6
16727,22
3874,6
16608,17
3755,6
10094,6
3631,6
10040,6
3579,60
16432,6
13203,6
6621,22
19474,6
3131,37
15984,6
6313,6
9525,6
2916,13
15769,6
18895,32
6042,6
5968,6
15553,15
2700,6
2518,6
2488,6
8899,6
2478,6
2429,6
5624,6
15188,56
2335,6
2270,6
5455,32
18308,6
3713,6
11689,6
21301,21
8448,6
21300,56
8447,6
6783,6
13165,6
8339,56
21192,6
9930,6
13131,6
6680,6
13093,6
6672,6
17901,19
5048,6
8219,6
17825,42
4972,6
4938,28
17791,6
1706,6
14524,6
19273,57
6420,6
8027,6
3163,64
16016,6
1449,6
1446,6
14154,7
1301,6
1288,6
1284,6
2825,6
1225,6
2807,6
20474,22
7621,6
17238,10
4385,6
17958,11
5105,6
20321,9
7468,6
12914,6
18398,32
5545,6
6299,6
6288,6
7092,6
538,6
2924,18
15777,6
5313,45
18166,6
10925,6
1643,6
10053,6
15259,6
17273,40
4420,6
19667,17
6814,6
5976,6
9994,6
3547,42
16400,6
16799,17
3946,6
5078,6
151,6
4361,6
539,6
6557,53
19410,6
6931,14
19784,6
6529,6
1271,6
739,6
10556,6
12860,6
6325,56
19178,6
1328,6
2437,6
21318,7
21292,7
21000,7
20982,7
20641,7
20584,7
20552,7
20379,7
20031,7
19959,7
19826,7
19732,7
19711,7
19420,7
19379,7
19325,7
19181,7
19155,7
18952,7
18882,7
18852,7
18654,7
18392,7
18342,7
18101,7
18080,7
18038,7
18037,7
17849,7
17847,7
17822,7
17798,7
17719,7
17706,7
17666,7
17412,7
16796,7
16622,7
16463,7
16420,7
15831,7
15664,7
2708,55
15561,7
15457,26
2604,7
15430,30
2577,7
2411,54
15264,7
2357,41
15210,7
15197,46
2344,7
2269,12
15122,7
851,35
13704,7
13039,40
186,7
12974,7
12937,7
12679,7
12225,7
12223,7
12222,7
12215,7
12191,7
12094,7
11989,7
11623,7
11559,7
11435,7
11431,7
11344,7
11292,7
10922,7
10904,7
10899,7
10559,7
10508,7
10429,7
10310,7
10245,7
10173,7
9929,7
9920,7
9918,7
9809,7
9607,7
9280,7
15653,53
2800,7
15528,7
15365,49
2512,7
8919,7
2458,50
15311,7
8748,7
15138,7
8717,7
8571,7
8567,7
8479,7
1773,57
14626,7
8198,57
21051,7
7912,7
7896,7
7840,20
20693,7
20523,8
7670,7
20480,56
7627,7
20457,35
7604,7
7470,7
7464,7
7344,7
13753,7
725,7
7065,7
6888,7
6866,22
19719,7
352,43
13205,7
13184,32
331,7
6576,7
12959,7
6538,7
6527,32
19380,7
37,56
12890,7
6450,7
12767,7
19170,8
6317,7
6315,7
12661,7
12646,7
6124,7
18830,45
5977,7
5910,7
12260,7
12236,7
12219,7
12171,7
5740,7
12133,7
5675,7
18438,22
5585,7
5563,7
11982,7
5559,7
11954,7
11923,7
11920,7
5400,31
18253,7
5293,7
11707,7
5192,7
11598,7
5102,7
11515,7
11465,7
11315,7
4835,11
17688,7
4818,34
17671,7
4812,7
11086,7
4537,7
4458,37
17311,7
10787,7
4365,7
10768,7
17186,28
4333,7
4237,7
4229,21
17082,7
20071,61
7218,7
3958,50
16811,7
19989,40
7136,7
712,7
3879,7
7046,7
10208,7
552,7
3717,53
16570,7
13261,24
408,7
10058,7
376,7
13188,7
6767,7
6723,7
6695,7
135,35
12988,7
47,22
12900,7
12875,53
22,7
12853,7
16006,57
3153,7
6331,7
3100,7
3067,47
15920,7
3047,54
15900,7
3038,7
9434,7
15780,46
2927,7
2926,7
9288,7
18828,55
5975,7
5951,7
2559,7
12172,7
18539,35
5686,7
2419,7
5582,52
18435,7
2323,7
11837,7
2097,7
16505,48
3652,7
11679,7
6844,40
19697,7
3626,45
16479,7
6828,27
19681,7
16475,40
3622,7
3597,63
16450,7
1994,7
5168,7
21206,58
8353,7
237,40
13090,7
1787,7
17823,40
4970,7
6478,15
19331,7
1666,7
14499,7
3252,7
12883,7
1626,7
1601,7
1526,7
3117,13
15970,7
15899,8
3046,7
14282,15
1429,7
3026,32
15879,7
11051,7
4615,7
9382,7
1276,7
9283,7
10832,7
5925,55
18778,7
9102,7
2660,7
1020,7
17054,54
4201,7
3380,22
16233,7
7407,7
185,7
4976,32
17829,7
884,7
13708,7
1623,35
14476,7
20087,61
7234,7
7199,7
11201,7
767,7
16813,17
3960,7
4748,32
17601,7
5541,32
18394,7
16792,15
3939,7
7130,54
19983,7
15154,43
2301,7
15146,7
1497,7
9510,7
15933,46
3080,7
5755,7
558,7
2148,8
15001,7
1335,7
2126,7
10129,7
10128,7
5304,21
18157,7
4064,11
16917,7
6846,57
19699,7
16094,40
3241,7
820,7
6003,7
10025,7
3604,17
16457,7
787,7
369,7
4774,7
2365,7
735,7
13141,7
9893,7
6877,7
9025,7
18210,29
5357,7
2948,40
15801,7
3093,7
1280,7
3668,58
16521,7
1665,7
20168,41
7315,7
497,7
4447,7
6853,7
447,7
939,7
932,7
1220,7
10442,7
7698,7
6801,46
19654,7
13694,7
3599,7
687,7
21479,8
21272,8
21265,8
21234,8
21232,8
21221,8
21189,8
21114,8
21053,8
21049,8
21045,8
21012,8
20969,8
20920,8
20896,8
20813,8
20812,8
20800,8
20798,8
20779,8
20660,8
20648,8
20630,8
20566,8
20564,8
20502,8
20470,8
20440,8
20407,8
20284,8
20278,8
20255,8
20105,8
19978,8
19850,8
19803,8
19745,8
19710,8
19427,8
19171,8
19009,8
18953,8
18699,8
18283,8
17988,8
17802,8
17616,8
16818,8
16816,8
16715,8
16705,8
16672,8
16461,8
16388,8
16377,8
15527,40
2674,8
15415,53
2562,8
15136,8
2118,57
14971,8
14516,8
12721,8
12631,8
12306,8
12207,8
12085,8
12061,8
12042,8
11879,8
11736,8
11727,8
11667,8
11629,8
11564,8
11500,8
11443,8
11307,8
11047,8
10499,8
10478,8
10225,8
10119,8
10108,8
10037,8
9995,8
9558,8
9441,8
9427,8
9267,8
9250,8
9235,8
9111,8
15495,8
8956,8
15349,18
2496,8
15157,46
2304,8
2273,52
15126,8
15109,8
8602,40
21455,8
8581,8
14998,8
8458,8
8374,11
21227,8
8364,8
8342,11
21195,8
8254,8
8001,8
7961,31
20814,8
20775,32
7922,8
1471,20
14324,8
7894,14
20747,8
7884,8
14285,8
7797,37
20650,8
7728,8
7635,54
20488,8
7623,49
20476,8
7585,49
20438,8
7504,54
20357,8
7476,8
7472,8
7459,8
7331,8
7072,8
560,8
6865,8
6622,42
19475,8
12904,8
6475,8
6233,8
5969,8
5922,8
12334,8
5868,61
18721,8
18591,50
5738,8
18348,11
5495,8
5492,8
18336,9
5483,8
5389,49
18242,8
5367,8
5308,8
18150,40
5297,8
11664,8
11503,8
11478,8
5055,8
4981,42
17834,8
4900,46
17753,8
4814,8
4794,8
4792,8
4692,63
17545,8
4330,8
17166,31
4313,8
17037,55
4184,8
3989,8
7157,8
698,8
3786,8
3701,61
16554,8
466,8
19683,59
6830,8
3533,47
16386,8
3353,28
16206,8
12919,21
66,8
19127,13
6274,8
6254,8
3028,43
15881,8
9444,8
6186,8
6185,8
6173,8
9366,8
9260,8
15669,8
5994,8
15605,39
2752,8
2737,18
15590,8
12352,8
5850,40
18703,8
15446,54
2593,8
5731,8
8925,8
2490,8
18531,11
5678,8
18530,53
5677,8
5632,8
8826,8
2380,44
15233,8
15190,41
2337,8
2320,8
8731,8
5494,8
5441,42
18294,8
5437,8
5415,8
3772,15
16625,8
5356,8
14954,33
2101,8
8528,8
6827,46
19680,8
3557,44
16410,8
1846,8
6669,8
1803,8
19308,58
6455,8
8047,56
20900,8
1610,8
4805,8
1524,8
7841,8
7830,8
1404,8
12505,8
2873,8
2866,56
15719,8
9270,8
4419,8
4307,8
8318,8
4288,8
8292,8
1063,8
3446,40
16299,8
1849,8
19473,9
6620,8
7441,8
7421,28
20274,8
13036,21
183,8
4194,8
17042,30
4189,8
2580,8
13027,8
8986,8
7287,37
20140,8
12014,8
17644,18
4791,8
783,8
15180,8
2338,8
2322,32
15175,8
7139,8
7950,57
20803,8
7918,51
20771,8
1492,8
12704,8
530,8
1722,8
19387,40
6534,8
528,8
5312,8
9311,8
846,8
12880,21
27,8
12869,8
6799,8
773,8
17225,40
4372,8
16824,13
3971,8
5911,8
7914,55
20767,8
11499,8
4273,8
6456,8
10023,8
1351,8
9964,8
19329,32
6476,8
5650,8
7096,8
1642,8
1525,8
18858,57
6005,8
7626,40
20479,8
2005,8
16874,35
4021,8
3601,20
16454,8
19666,42
6813,8
7634,8
21261,9
21253,9
21143,9
21133,9
21041,9
21007,9
20946,9
19692,9
19645,9
19635,9
19297,9
18962,9
18922,9
18921,9
18842,9
18744,9
18040,9
17957,9
17894,9
17853,9
17652,9
17569,9
17562,9
17559,9
17529,9
17168,9
17140,9
17015,9
16979,9
16707,9
16675,9
16663,9
16607,9
16563,9
16531,9
16459,9
16404,9
16289,9
16210,9
16176,9
16146,9
15961,9
15591,9
15204,9
15052,9
14563,9
1686,12
14539,9
14263,9
14028,9
868,22
13721,9
13702,32
849,9
110,59
12963,9
12956,9
80,28
12933,9
12822,9
12690,9
12668,9
12538,9
12087,9
12028,9
11945,9
11909,9
11722,9
11563,9
11527,9
11348,9
11274,9
11268,9
11093,9
11063,9
10960,9
10941,9
10847,9
10845,9
10467,9
9925,9
9642,9
9410,9
9332,9
15563,9
9090,9
9045,9
9020,9
2484,45
15337,9
8546,9
21346,17
8493,9
14909,48
2056,9
21214,56
8361,9
8255,9
21073,35
8220,9
8217,9
8193,53
21046,9
14512,31
1659,9
8045,41
20898,9
14393,9
7968,9
7897,9
14315,9
7810,9
7475,34
20328,9
7322,9
7247,9
745,9
13320,40
467,9
6817,9
343,31
13196,9
342,40
13195,9
6719,31
19572,9
19560,43
6707,9
6674,9
96,35
12949,9
19374,45
6521,9
6445,9
12685,9
18873,35
6020,9
5946,9
5937,9
12309,9
5876,9
5810,22
18663,9
5672,9
5659,9
5615,9
5505,9
5477,9
18075,51
5222,9
11464,9
11441,9
4983,9
4824,53
17677,9
4820,17
17673,9
17660,33
4807,9
4806,54
17659,9
4796,9
11134,9
11133,9
4665,40
17518,9
4605,9
4592,9
10962,9
17346,53
4493,9
10874,9
10873,9
17224,24
4371,9
17154,34
4301,9
4145,9
4139,61
16992,9
764,9
16739,53
3886,9
3884,41
16737,9
16726,14
3873,9
16718,13
3865,9
3853,45
16706,9
3821,9
7003,19
19856,9
498,9
3673,9
10088,9
3640,49
16493,9
10052,9
13214,56
361,9
3409,32
16262,9
19409,39
6556,9
68,9
3251,9
9608,9
3180,9
3154,9
3115,32
15968,9
12663,9
15892,13
3039,9
12652,9
2933,9
12551,9
12540,9
2886,20
15739,9
6059,9
9239,9
15629,9
2672,9
9087,9
2648,61
15501,9
12226,9
5762,9
2528,9
8933,9
2459,17
15312,9
15263,22
2410,9
8830,9
5596,9
15111,9
5431,9
15005,9
10171,9
19760,29
6907,9
436,9
5228,9
362,9
11553,9
3400,9
9637,9
19263,34
6410,9
12851,9
1606,9
16029,35
3176,9
4772,54
17625,9
7967,9
4744,49
17597,9
12727,9
1506,9
3042,9
7672,39
20525,9
17282,40
4429,9
4360,9
314,9
9867,9
7453,9
13052,32
199,9
4212,9
6609,52
19462,9
8987,9
8186,40
21039,9
4887,9
2434,9
9563,9
3142,9
15995,9
703,9
1512,9
2312,9
3918,9
1500,9
12173,9
5752,40
18605,9
18205,35
5352,9
3707,9
6930,9
2898,9
14485,9
424,9
5620,9
1217,9
17254,40
4401,9
5974,9
3565,9
8370,9
6477,9
50,9
12243,9
9363,9
7341,9
16130,54
3277,9
2480,9
6481,40
19334,9
6453,9
1741,9
15368,9
13060,9
12852,9
1039,9
1649,9
2102,9
7261,56
20114,9
19198,10
17062,10
14783,10
12814,10
12813,10
10756,10
10322,10
9265,10
8829,10
14785,47
1932,10
21031,40
8178,10
19042,22
6189,10
5842,10
4987,10
4679,10
4366,10
16968,25
4115,10
4091,10
6995,10
2977,10
1983,10
1913,10
1910,10
11190,10
4630,10
897,10
793,10
688,10
1184,10
9171,10
18062,17
5209,10
816,10
21576,11
21568,11
20902,11
20769,11
20095,11
20039,11
20013,11
19786,11
19480,11
19464,11
19371,11
19262,11
19241,11
18504,11
18467,11
18257,11
18228,11
18222,11
18034,11
17916,11
17813,11
17748,11
17619,11
17473,11
17403,11
17148,11
17067,11
17053,11
16932,11
16772,11
16098,11
16088,11
16086,11
2767,43
15620,11
2722,19
15575,11
15478,11
15230,11
2347,20
15200,11
2073,62
14926,11
2012,53
14865,11
13507,11
13279,11
13170,34
317,11
12905,11
12861,11
12759,11
12751,11
12728,11
12660,11
12651,11
11854,11
11352,11
11251,11
11210,11
11048,11
11041,11
10743,11
10742,11
10738,11
10371,11
10361,11
10335,11
10107,11
9356,11
9352,11
15468,11
2513,13
15366,11
8906,11
8845,11
8835,11
8685,32
21538,11
8478,11
8453,11
8246,11
8234,11
8151,11
8126,11
8108,11
7942,20
20795,11
7636,15
20489,11
7596,11
20401,58
7548,11
679,42
13532,11
6922,24
19775,11
13282,11
13157,57
304,11
12857,11
6375,11
6346,40
19199,11
12641,11
19022,37
6169,11
12555,11
6086,11
12469,11
12398,11
5900,11
5789,11
5713,32
18566,11
18407,61
5554,11
5508,11
5470,60
18323,11
5429,11
11847,11
5398,11
5278,11
11658,11
18065,52
5212,11
5117,11
5072,56
17925,11
4867,11
4821,46
17674,11
11239,11
11237,11
4816,11
4634,11
4604,22
17457,11
10744,11
4113,37
16966,11
4096,11
4027,11
7129,49
19982,11
10313,11
3768,55
16621,11
3491,11
246,11
3266,42
16119,11
3249,11
3187,11
3155,11
9532,11
6310,45
19163,11
15924,27
3071,11
3051,11
2999,11
2983,11
6119,11
9190,11
15617,57
2764,11
5788,11
2578,11
2543,35
15396,11
5734,11
2531,49
15384,11
5474,11
15055,29
2202,11
8623,11
6982,11
378,19
13231,11
5203,11
14842,11
1918,63
14771,11
16185,59
3332,11
1520,11
7899,11
3063,11
4623,11
7825,11
15829,27
2976,11
7632,39
20485,11
4411,35
17264,11
1197,11
1156,11
13946,11
1088,11
10709,11
14719,11
10687,11
1023,11
8204,11
2568,17
15421,11
87,46
12940,11
686,17
13539,11
697,11
3089,11
2952,11
16600,41
3747,11
6957,61
19810,11
6525,63
19378,11
7679,18
20532,11
15217,11
6758,11
10367,11
4338,49
17191,11
10355,11
20927,56
8074,11
10831,11
16005,40
3152,11
5149,11
2517,11
2956,11
8162,11
14875,11
1917,11
3302,51
16155,11
8905,11
20878,12
20090,12
19998,12
19529,12
19509,12
19505,12
19499,12
17963,12
17892,12
17417,12
17247,12
16658,12
16149,12
16120,12
12563,12
11545,12
11327,12
11174,12
10632,12
9853,12
2391,14
15244,12
15013,12
8050,12
7606,49
20459,12
7074,17
19927,12
13281,12
349,12
281,12
13089,42
236,12
247,12
6348,12
6264,12
12654,12
6208,12
19037,40
6184,12
6177,12
12270,12
5237,12
5118,12
11007,12
4583,13
17436,12
4576,27
17429,12
4555,57
17408,12
10809,12
4159,32
17012,12
4129,12
4028,12
16833,53
3980,12
6996,12
13236,12
3594,12
3452,12
6638,41
19491,12
6653,41
19506,12
9799,12
6432,53
19285,12
6301,12
15901,20
3048,12
2973,12
15691,18
2838,12
2530,12
3609,12
248,12
17462,40
4609,12
1387,12
8088,12
4697,12
1343,12
489,12
16409,32
3556,12
6746,12
6912,12
8117,12
502,12
5076,56
17929,12
4039,12
8044,12
1616,12
21503,13
21179,13
20989,13
20887,13
20753,13
20174,13
19975,13
18252,13
17716,13
17700,13
16885,13
16589,13
16332,13
16159,13
16152,13
16097,13
16023,13
15979,13
15967,13
15885,13
15636,57
2783,13
2492,22
15345,13
15296,13
15090,17
2237,13
14672,13
13958,57
1105,13
13136,13
12680,13
12521,13
12383,13
12059,13
12044,13
11726,13
11522,13
11349,13
11272,13
10989,13
10988,13
10453,13
10434,13
10419,13
10233,13
9981,13
9956,13
9927,13
9556,13
15548,52
2695,13
2482,46
15335,13
2397,46
15250,13
2114,32
14967,13
21394,40
8541,13
8526,13
21342,40
8489,13
21164,44
8311,13
21112,45
8259,13
8039,13
7903,13
1461,17
14314,13
7566,40
20419,13
7442,13
7359,13
7332,13
882,54
13735,13
13192,13
6503,13
12917,39
64,13
19291,40
6438,13
6361,13
6277,13
19073,39
6220,13
6217,13
6199,13
18565,40
5712,13
18564,37
5711,13
5627,13
5502,46
18355,13
5345,13
5272,13
5071,13
4956,14
17809,13
4922,41
17775,13
4894,13
17746,32
4893,13
11113,13
17206,54
4353,13
4160,13
10541,13
4088,47
16941,13
10414,13
3973,40
16826,13
3856,13
16681,35
3828,13
3790,13
16472,20
3619,13
346,35
13199,13
6752,13
9884,13
16278,34
3425,13
3420,13
3399,29
16252,13
6592,13
164,13
3261,13
16037,54
3184,13
15876,31
3023,13
9337,13
2915,26
15768,13
9328,13
2729,13
9059,13
9032,13
8999,13
2569,13
15397,19
2544,13
15325,13
2417,40
15270,13
15240,13
5586,13
2238,20
15091,13
18296,28
5443,13
14949,13
21363,27
8510,13
6841,13
6748,13
6721,13
19341,15
6488,13
12878,13
36,20
12889,13
1620,13
8022,13
1572,13
11192,13
20817,33
7964,13
1466,13
7870,13
6246,13
1414,13
12600,13
1339,13
7673,13
12378,13
1104,13
1024,13
17076,32
4223,13
19450,44
6597,13
983,13
4974,13
2505,13
16837,26
3984,13
3937,13
3910,13
2297,13
9373,13
14168,20
1315,13
8547,13
8943,13
10822,13
13243,25
390,13
372,39
13225,13
13197,13
15213,13
743,13
13187,22
334,13
696,13
299,13
16258,59
3405,13
4410,13
963,13
11385,13
20234,17
7381,13
3751,36
16604,13
14993,13
130,13
145,13
17972,33
5119,13
10544,13
15598,13
6699,13
14975,13
2810,13
852,13
10105,13
15283,14
2405,29
15258,14
1692,43
14545,14
12185,14
12067,14
10240,14
10162,14
9868,14
20869,25
8016,14
20698,32
7845,14
20371,17
7518,14
7297,14
6917,14
6861,14
6741,14
165,14
86,14
6460,14
5663,14
18456,61
5603,14
5086,14
5085,14
17907,35
5054,14
17250,39
4397,14
3875,14
7076,14
3774,14
10061,14
12996,35
143,14
9240,14
2591,14
2584,14
5721,14
2385,14
2225,32
15078,14
1824,14
13019,28
166,14
4990,14
109,22
12962,14
7990,14
1563,14
4523,14
4454,14
1170,14
5960,14
12301,14
1066,14
1820,14
828,14
707,14
6312,14
1483,14
7346,14
19655,36
6802,14
776,14
1169,14
16770,47
3917,14
19647,36
6794,14
163,14
20373,17
7520,14
7286,14
17184,34
4331,14
1277,14
21210,15
20142,15
17860,15
17134,15
17113,15
16714,15
16676,15
16041,15
15573,30
2720,15
15483,57
2630,15
15464,34
2611,15
14932,32
2079,15
14166,26
1313,15
12492,15
12374,15
12288,15
11282,15
11144,15
11015,15
10894,15
10877,15
10547,15
10387,15
10112,15
10085,15
9858,15
9438,15
9324,15
9284,15
9258,15
15581,53
2728,15
15280,15
8846,15
8836,15
8784,15
15161,40
2308,15
15029,15
21173,17
8320,15
8227,15
8221,15
1653,20
14506,15
20865,40
8012,15
7979,15
7974,15
7864,15
14212,31
1359,15
7725,15
7707,15
7696,15
7694,15
7452,15
7158,15
7030,15
555,15
6894,15
6763,15
13067,43
214,15
6635,15
6577,15
6287,15
12698,15
6222,15
12599,15
5935,15
18390,32
5537,15
11643,15
17632,51
4779,15
11087,15
11027,15
4606,15
4551,15
4524,15
4505,15
4498,15
4374,15
17028,42
4175,15
20038,61
7185,15
3916,15
7063,15
19913,51
7060,15
16684,35
3831,15
10180,15
6961,15
13258,37
405,15
16473,20
3620,15
16458,33
3605,15
3578,15
3541,30
16394,15
13062,15
3435,61
16288,15
6590,15
19041,47
6188,15
9383,15
9371,15
12550,15
2920,15
9268,15
5954,40
18807,15
15593,15
2664,15
2532,15
2398,15
8797,15
11915,15
11892,15
5440,15
2230,15
2198,15
10181,15
5300,15
8513,15
442,15
407,15
406,15
404,15
9904,15
1794,15
6532,15
1657,15
17682,41
4829,15
23,15
19272,28
6419,15
8023,15
20708,45
7855,15
1379,15
6120,15
10893,15
7690,15
2802,35
15655,15
7631,15
10833,15
10805,15
14761,15
11526,15
14715,59
1862,15
13041,15
12929,15
2470,15
16117,29
3264,15
732,15
21575,22
8722,15
19963,42
7110,15
1488,15
146,15
5351,15
6943,49
19796,15
6864,15
16496,41
3643,15
4023,15
15623,15
16428,17
3575,15
1571,15
8791,15
11156,15
7141,15
19540,59
6687,15
6862,15
3603,15
3543,55
16396,15
7358,15
13333,49
480,15
3598,15
16197,49
3344,15
1747,15
19489,40
6636,15
21501,16
18995,16
18835,16
18749,16
15793,16
402,57
13255,16
12628,16
11791,16
10827,16
10634,16
9905,16
9133,16
2065,60
14918,16
8451,16
20972,52
8119,16
7570,16
791,16
7032,16
71,20
12924,16
5849,16
5256,49
18109,16
5253,16
5171,16
5146,16
4579,35
17432,16
4398,46
17251,16
10754,16
4192,16
4080,16
13482,16
19902,32
7049,16
3838,16
16653,46
3800,16
16417,17
3564,16
15838,40
2985,16
12480,16
12179,16
323,16
49,16
896,16
4000,56
16853,16
9194,16
1174,16
284,16
924,16
9374,16
5216,16
21474,17
21352,17
21266,17
21255,17
21240,17
21237,17
21218,17
21209,17
21205,17
21148,17
21136,17
21135,17
21038,17
21032,17
21017,17
20975,17
20943,17
20930,17
20888,17
20735,17
20711,17
20695,17
20668,17
20654,17
20652,17
20640,17
20596,17
20593,17
20558,17
20468,17
20395,17
20388,17
20376,17
20364,17
20314,17
20310,17
20228,17
20118,17
19915,17
19887,17
18816,17
17712,17
17655,17
17489,17
16921,17
16809,17
16803,17
16800,17
16708,17
16687,17
16668,17
16655,17
16633,17
16448,17
16297,17
16015,17
16013,17
15819,17
15757,17
15732,17
2779,21
15632,17
15559,17
15558,17
15476,17
13092,17
13031,17
12674,17
12645,17
12616,17
12520,17
12022,17
11320,17
11115,17
10917,17
10431,17
10099,17
9973,17
9378,17
9316,17
9273,17
9238,17
2773,20
15626,17
9049,17
8946,17
8865,17
8859,17
15274,42
2421,17
8793,17
8750,17
8740,17
8738,17
15027,17
2153,20
15006,17
8577,45
21430,17
8497,39
21350,17
14900,22
2047,17
8409,17
21262,17
8401,21
21254,17
8399,50
21252,17
8252,22
21105,17
8130,34
20983,17
8032,50
20885,17
7880,17
7843,17
7752,50
20605,17
1238,42
14091,17
7533,57
20386,17
7519,26
20372,17
7512,40
20365,17
13854,17
7338,44
20191,17
20129,41
7276,17
7259,19
20112,17
7190,17
7079,17
6779,17
338,63
13191,17
6738,17
13122,17
6273,17
6048,17
6017,17
18870,17
18754,27
5901,17
5680,17
5658,17
11976,17
11896,17
5464,17
5426,17
5396,42
18249,17
5314,17
11633,17
5029,17
4777,41
17630,17
4747,17
11111,17
10972,17
10897,17
10891,17
17129,22
4276,17
4176,17
4141,17
19986,22
7133,17
3922,17
3867,17
3801,45
16654,17
3784,17
3669,55
16522,17
3667,17
9810,17
9429,17
2970,35
15823,17
6165,17
5967,17
5894,17
5757,35
18610,17
2409,17
5456,40
18309,17
11666,17
2042,17
3625,53
16478,17
3624,17
5215,49
18068,17
8236,17
6523,17
19344,21
6491,17
1569,17
1543,17
1527,17
1467,17
1452,17
3043,47
15896,17
1317,17
7733,37
20586,17
7709,20
20562,17
14093,17
18863,42
6010,17
1177,17
4351,17
1134,17
1122,17
7500,40
20353,17
21123,40
8270,17
3413,35
16266,17
762,32
13615,17
11977,17
4732,17
19136,37
6283,17
1344,17
17347,54
4494,17
1264,17
1135,17
1111,17
2693,17
8184,38
21037,17
3961,39
16814,17
9372,17
533,17
19386,32
6533,17
2919,50
15772,17
10946,17
15359,17
7398,23
20251,17
1677,17
483,17
13717,17
14517,17
3466,49
16319,17
10564,17
8060,63
20913,17
1283,17
3629,17
8338,17
21191,17
818,17
6147,17
21382,18
21201,18
21060,18
21019,18
20467,18
19906,18
19890,18
18351,18
18234,18
17782,18
17349,18
17174,18
16983,18
16734,18
16695,18
16499,18
16419,18
15785,18
15308,18
15255,18
13711,18
13021,55
168,18
12460,18
12250,18
11983,18
11822,18
11663,18
11257,18
11236,18
10892,18
10849,18
10551,18
9814,18
9242,18
9232,18
15417,18
8977,18
15329,27
2476,18
15104,50
2251,18
8544,18
8405,18
7952,18
20497,44
7644,18
7058,18
6869,18
13280,18
6682,18
75,18
6373,18
6282,18
12512,18
6091,37
18944,18
12504,18
12468,18
5958,51
18811,18
12321,18
5854,18
12159,18
5533,18
11916,18
11751,18
5235,18
5128,44
17981,18
17978,42
5125,18
11539,18
5097,42
17950,18
11492,18
11455,18
11177,18
17543,52
4690,18
16779,47
3926,18
7077,20
19930,18
6887,18
10090,18
10000,18
356,18
13011,18
3367,18
3309,18
16148,22
3295,18
12716,18
6075,18
2867,18
2847,18
5965,18
15613,33
2760,18
5949,18
5898,58
18751,18
2652,18
5780,18
5743,18
11895,18
5472,18
15061,18
6855,18
10018,18
6712,18
3395,18
6502,18
9638,18
3103,37
15956,18
1316,18
1212,18
2797,18
12368,18
17933,28
5080,18
9081,18
10648,18
984,18
4054,18
10473,18
1519,18
684,18
7085,18
505,18
12532,18
7149,18
441,18
3387,18
8367,18
2491,18
1740,18
6836,18
2325,18
3702,37
16555,18
6886,18
550,18
17964,19
17900,19
15547,19
15429,19
2553,63
15406,19
2534,34
15387,19
14876,19
12630,19
11855,19
11802,19
10715,19
10699,19
9744,19
7869,19
13435,19
7008,19
11850,19
5264,19
4776,19
6356,19
2666,19
2574,54
15427,19
5257,19
17502,32
4649,19
16953,47
4100,19
9177,19
15380,19
17554,20
16839,20
16834,20
16471,20
16470,20
16469,20
16468,20
16393,20
16390,20
15702,46
2849,20
15637,20
15193,46
2340,20
2159,42
15012,20
14586,20
14402,20
12227,20
12119,20
12001,20
11908,20
11571,20
10092,20
10076,20
10074,20
9875,20
9612,20
9503,20
15688,20
9266,20
8908,20
8788,20
8736,20
2224,35
15077,20
15032,20
8491,20
21343,47
8490,20
1694,29
14547,20
14316,20
7851,20
7702,20
7474,20
7275,20
508,20
19734,28
6881,20
6773,20
6739,20
6733,20
6684,20
6509,20
6324,20
6305,20
6252,20
6205,20
6043,20
6033,20
5604,20
18399,40
5546,20
18375,48
5522,20
17874,39
5021,20
4998,20
4991,20
4560,20
4440,20
4399,20
4253,20
17098,47
4245,20
4241,20
17081,39
4228,20
4025,20
3982,40
16835,20
13543,37
690,20
16711,32
3858,20
3808,20
3807,20
3757,20
517,20
514,20
273,43
13126,20
9901,20
9531,20
6295,20
19128,43
6275,20
2772,20
5914,20
15432,57
2579,20
12128,20
5707,20
12064,20
2396,20
2346,20
2339,20
2213,20
5414,20
2211,20
10186,20
3765,20
3764,20
2163,20
3750,20
531,20
16587,41
3734,20
3651,20
2049,20
6825,20
5083,20
21122,57
8269,20
1714,20
1708,20
85,20
1586,20
1568,20
1567,20
7956,20
6280,20
3077,39
15930,20
7850,20
1420,20
7835,20
1378,20
9385,20
1363,20
7782,20
1298,20
2809,20
4412,20
4384,20
17233,48
4380,20
6685,20
4285,20
1783,20
4177,20
2494,20
866,20
7278,20
1648,20
1545,20
692,20
3905,20
702,20
700,20
20766,35
7913,20
695,20
693,20
691,20
6155,20
536,20
546,20
1326,20
529,20
513,20
512,20
509,20
7267,20
13223,20
3584,47
16437,20
4387,20
6776,20
9993,20
9992,20
11994,20
3539,57
16392,20
2332,20
701,20
2608,20
4210,20
1763,20
1555,20
6154,20
548,20
9369,20
7766,20
10163,20
18575,32
5722,20
1322,20
108,20
506,20
1496,20
6875,20
6568,20
1244,20
10565,20
16997,32
4144,20
1090,20
7761,20
521,20
5528,20
7622,20
21462,21
21454,21
19758,21
17867,21
17738,21
16512,21
16274,21
2725,37
15578,21
15467,21
12040,21
12010,21
11374,21
10848,21
10458,21
9804,21
9606,21
8734,21
8373,21
14642,37
1789,21
7220,21
19727,54
6874,21
6578,21
12688,21
18988,35
6135,21
12093,21
12016,21
11941,21
5287,21
5141,21
11377,21
3843,21
374,21
12697,21
2757,52
15610,21
15579,21
15560,21
8951,21
19663,32
6810,21
5113,21
11393,21
6559,39
19412,21
59,63
12912,21
6422,21
3009,21
9234,21
6616,21
162,21
16964,40
4111,21
16143,57
3290,21
15300,46
2447,21
10527,21
1676,21
12908,21
2953,21
21562,22
21473,22
21423,22
21293,22
21096,22
20682,22
19044,22
18493,22
18490,22
18356,22
18339,22
18332,22
18061,22
17589,22
17188,22
16897,22
16759,22
16481,22
16434,22
16399,22
16264,22
16125,22
15987,22
2850,45
15703,22
15226,22
15156,32
2303,22
15103,22
14903,22
14544,22
13256,22
13124,61
271,22
13119,22
13070,22
12885,22
12573,22
12432,22
12318,22
12224,22
12202,22
11728,22
11711,22
11617,22
11459,22
11173,22
11171,22
10342,22
10292,22
10272,22
9874,22
9869,22
9771,22
9641,22
9393,22
9201,22
9124,22
9048,22
15413,34
2560,22
15281,41
2428,22
21536,39
8683,22
8666,24
21519,22
15056,50
2203,22
8618,22
21466,51
8613,22
21448,52
8595,22
14984,22
21406,45
8553,22
2080,54
14933,22
20746,45
7893,22
7814,32
20667,22
7576,22
7552,22
7534,22
7216,22
7047,22
19854,44
7001,22
13056,43
203,22
13053,22
6376,22
12488,22
5818,22
12122,22
5692,22
5684,22
5617,23
18470,22
11771,22
5335,59
18188,22
5220,22
5210,22
17979,39
5126,22
17967,45
5114,22
5070,40
17923,22
17751,52
4898,22
4666,47
17519,22
4621,22
4600,22
4541,22
17289,40
4436,22
4386,42
17239,22
4297,22
4286,22
10678,22
10625,22
16973,40
4120,22
16970,40
4117,22
4084,22
4081,22
10394,22
10291,22
19864,32
7011,22
10216,22
10214,22
16645,33
3792,22
16611,32
3758,22
13262,37
409,22
3577,32
16430,22
6757,22
13116,22
3490,34
16343,22
6581,22
124,22
3107,54
15960,22
3098,35
15951,22
3062,22
2982,22
9279,22
15641,22
12389,22
9181,22
9139,22
8903,22
2475,22
8880,22
2374,40
15227,22
5469,22
2246,22
15045,22
6952,22
16492,58
3639,22
2001,40
14854,22
9952,22
3531,22
6686,26
19539,22
3483,61
16336,22
127,27
12980,22
6547,22
11335,22
9706,22
81,22
9675,22
3199,51
16052,22
1550,22
4637,22
1193,22
9206,22
9175,22
1152,22
1919,22
9098,22
3459,59
16312,22
7424,22
15425,22
4780,46
17633,22
17544,33
4691,22
10315,22
6964,22
4098,22
13266,22
9196,22
5178,22
10398,22
293,22
3505,22
3514,53
16367,22
867,22
7428,22
16213,47
3360,22
3351,22
1946,22
945,22
9760,22
922,22
880,22
11497,22
8086,22
3287,42
16140,22
4045,22
10156,22
9736,22
11752,22
3744,32
16597,22
10825,22
1347,22
21178,23
20657,23
20567,23
19862,23
19459,23
19440,23
18303,23
17607,23
16538,23
16441,23
16244,23
15482,23
13552,47
699,23
12672,23
12613,23
12572,23
11993,23
11529,23
11429,23
10884,23
10561,23
9611,23
9566,23
9312,23
8742,23
21278,39
8425,23
8317,23
8300,23
14630,23
7883,55
20736,23
7820,40
20673,23
14103,23
7410,23
13611,42
758,23
7064,23
5629,23
18448,57
5595,23
5555,23
4378,23
4358,23
10534,23
10524,23
6242,23
9428,23
2761,23
5931,23
5758,23
15152,23
14995,23
10046,23
19426,34
6573,23
1655,23
7887,23
17194,40
4341,23
7521,40
20374,23
2613,23
2566,23
8915,23
11305,23
13715,23
778,23
5317,23
19357,44
6504,23
7193,23
5984,23
20037,54
7184,23
18396,28
5543,23
7432,23
2519,23
7762,23
17899,24
17568,24
17499,24
17285,24
16777,24
2813,59
15666,24
2366,41
15219,24
14928,24
12827,24
12772,24
12763,24
12461,24
11826,24
11175,24
11103,24
10959,24
9866,24
9764,24
9535,24
15454,24
2370,41
15223,24
15220,24
8628,24
8244,57
21097,24
21067,27
8214,24
551,32
13404,24
19644,44
6791,24
6337,24
12655,24
11831,24
11753,24
4965,24
4903,24
4388,26
17241,24
3149,24
6023,24
12208,24
11861,24
5042,24
6603,24
3329,24
19368,54
6515,24
10749,24
4303,29
17156,24
10615,24
5507,40
18360,24
7097,57
19950,24
11734,24
10808,24
7605,34
20458,24
17980,40
5127,24
1909,24
15416,24
15797,45
2944,24
21565,25
20409,25
17759,25
17431,25
15363,25
12691,25
11260,25
9445,25
9315,25
9110,25
8662,25
8592,25
7391,25
7029,53
19882,25
6647,46
19500,25
4465,31
17318,25
7087,25
16648,32
3795,25
3553,25
2793,25
12209,25
9978,25
3204,25
12701,25
1159,29
14012,25
10391,25
7722,25
16021,35
3168,25
16200,57
3347,25
21372,26
16518,26
16003,26
15897,26
12824,26
12114,26
11572,26
11428,26
11098,26
9878,26
9671,26
9551,26
9335,26
9313,26
9306,26
8930,26
8556,26
21408,35
8555,26
8502,26
7955,26
7837,26
7250,26
7235,26
7146,26
6673,26
19381,39
6528,26
12036,26
5346,26
17906,49
5053,26
11154,26
4459,26
10484,26
3825,35
16678,26
10242,26
3647,26
6777,26
6474,26
9578,26
15861,42
3008,26
9255,26
9056,26
5662,26
2348,26
2265,42
15118,26
15082,26
3785,33
16638,26
1767,26
13005,54
152,26
19359,37
6506,26
6457,26
1546,26
4446,26
89,26
4031,40
16884,26
5593,26
1342,26
83,26
461,26
1898,37
14751,26
6705,26
2154,26
1873,26
6514,26
1239,26
5729,26
1814,26
21267,27
20936,27
20919,27
20721,27
20709,27
20420,27
20406,27
18840,27
18795,27
18746,27
18738,27
18736,27
18698,27
18430,27
17878,27
17875,27
17472,27
16991,27
12670,27
12286,27
11970,27
10049,27
15568,27
8755,27
14418,27
6340,34
19193,27
12608,27
12355,27
12340,27
5912,52
18765,27
12229,27
5706,27
5491,27
11767,27
17334,31
4481,27
17306,61
4453,27
10860,27
4249,42
17102,27
16838,46
3985,27
191,27
3389,27
16195,49
3342,27
3189,27
2754,56
15607,27
12315,27
5875,40
18728,27
15438,34
2585,27
15038,27
1880,27
3364,27
14558,27
3303,27
11070,27
4584,27
5957,63
18810,27
194,27
2467,27
543,27
2046,27
3181,27
1875,27
2696,27
4474,27
834,27
2449,27
20757,28
19418,28
19062,28
19017,28
18665,28
18425,28
18009,28
17643,28
17452,28
17075,28
16939,28
16893,28
16651,28
16257,28
16241,28
16139,28
16115,28
16103,28
15996,28
15989,28
15950,28
15597,32
2744,28
2499,49
15352,28
1759,45
14612,28
11981,28
11406,28
11273,28
10905,28
10230,28
9603,28
15198,28
21202,61
8349,28
6976,28
6770,28
13159,28
6441,38
19294,28
12714,28
12703,28
6063,28
18187,32
5334,28
5274,28
11665,28
11661,28
5060,28
17260,37
4407,28
17163,51
4310,28
10682,28
4238,30
17091,28
10594,28
4170,40
17023,28
797,28
3870,41
16723,28
10183,28
3488,28
58,28
3105,28
2994,28
2993,28
2872,28
9204,28
2260,28
10155,28
111,28
1480,28
17372,35
4519,28
9302,28
1226,28
7609,28
1100,28
2677,28
7437,28
3390,28
971,28
9697,28
20922,57
8069,28
4811,28
8029,28
7099,28
2923,28
19767,32
6914,28
6471,28
123,28
14941,28
4544,28
1030,28
4055,40
16908,28
19649,29
19470,29
19050,29
17812,29
17506,29
16443,29
13757,51
904,29
13559,49
706,29
12702,29
11369,29
10555,29
9465,29
9285,29
15314,29
8010,29
7977,29
7847,29
7789,29
7639,29
13904,29
7352,29
496,29
6082,29
6027,29
12390,29
12050,29
11714,29
4591,29
3991,29
7068,29
3743,29
470,29
6837,44
19690,29
9909,29
3271,29
3194,29
9560,29
9549,29
6202,29
2596,29
18599,34
5746,29
8615,29
2108,29
21371,53
8518,29
14666,29
1682,29
4841,32
17694,29
6430,61
19283,29
3198,29
1562,29
1209,29
15639,29
1182,29
2637,29
4235,29
1634,29
3699,29
393,29
3095,29
12886,29
19761,36
6908,29
3356,29
2526,29
16872,35
4019,29
18700,30
17060,30
16871,30
2687,45
15540,30
11957,30
11185,30
11137,30
21065,40
8212,30
8138,30
13834,30
5767,30
11953,30
17491,32
4638,30
10262,30
3072,34
15925,30
3040,30
2765,30
5765,30
11961,30
11932,30
12843,30
7577,30
7555,30
9135,30
10324,30
890,30
5236,30
20653,31
20469,31
20058,31
18676,31
18466,31
18371,31
18281,31
18277,31
18099,31
17758,31
17421,31
17399,31
17342,31
16989,31
16981,31
16359,31
16307,31
16194,31
15973,31
15929,31
15914,31
15859,31
15858,31
15855,31
15643,31
15303,31
15237,31
14981,33
2128,31
2033,56
14886,31
435,42
13288,31
12775,31
12338,31
12278,31
11587,31
11574,31
11064,31
10811,31
10537,31
10306,31
10299,31
9290,31
2771,46
15624,31
9104,31
1293,33
14146,31
7379,42
20232,31
20210,32
7357,31
6267,31
5655,31
5423,32
18276,31
11507,31
11233,31
11065,31
11043,31
4477,55
17330,31
10662,31
17052,37
4199,31
3720,31
3463,42
16316,31
6623,31
46,31
15889,58
3036,31
3016,31
12594,31
15704,58
2851,31
12462,31
5972,31
12375,31
9069,31
5408,31
1845,31
1815,31
1,31
9604,31
7962,31
3001,47
15854,31
1361,31
8306,31
5040,31
7154,31
14354,31
3096,32
15949,31
1350,31
3723,31
104,31
16561,45
3708,31
9550,31
12332,31
14340,31
1785,31
3339,31
16170,53
3317,31
105,31
3340,31
10563,31
8554,31
3735,40
16588,31
3315,31
1356,31
12426,31
19657,52
6804,31
21429,32
21419,32
21376,32
21251,32
21134,32
20734,32
20710,32
20699,32
19912,32
19895,32
19892,32
19870,32
19762,32
19744,32
19731,32
19312,32
19208,32
19113,32
19006,32
18963,32
18951,32
18932,32
18930,32
18906,32
18898,32
18872,32
18773,32
18682,32
18402,32
18254,32
18239,32
18191,32
18145,32
18138,32
18135,32
17960,32
17752,32
17749,32
17612,32
17596,32
17573,32
17538,32
17488,32
17361,32
17340,32
17317,32
17315,32
17212,32
17125,32
17095,32
17011,32
16986,32
16875,32
16403,32
16369,32
16354,32
16277,32
16211,32
16203,32
16093,32
15918,32
15736,32
15569,32
15306,32
14978,32
14549,46
1696,32
1457,47
14310,32
13224,46
371,32
12717,32
12625,32
12621,32
12611,32
12574,32
12531,32
12487,32
12345,32
12313,32
12276,32
12049,32
12046,32
11550,32
11484,32
11451,32
11440,32
11413,32
11405,32
11105,32
11104,32
11039,32
10998,32
10992,32
10978,32
10887,32
10816,32
10702,32
10432,32
10404,32
10219,32
10197,32
10158,32
10114,32
10110,32
10096,32
10086,32
10038,32
9971,32
9915,32
9906,32
9618,32
9590,32
9561,32
9443,32
9388,32
9330,32
9296,32
9072,32
9031,32
8996,32
8948,32
8945,32
8916,32
8914,32
8707,32
8688,40
21541,32
21415,45
8562,32
8512,32
14930,32
14872,32
8240,57
21093,32
8225,34
21078,32
8205,32
8068,32
14395,32
7928,32
7872,34
20725,32
7823,32
7687,32
7671,32
7488,46
20341,32
20261,62
7408,32
7386,32
7225,32
7209,32
20019,34
7166,32
7013,35
19866,32
6849,35
19702,32
6726,32
6660,32
13043,32
201,33
13054,32
6561,32
6278,32
6218,32
12636,32
12517,32
12515,32
6067,49
18920,32
12221,32
18592,59
5739,32
12127,32
5641,32
11996,32
18420,53
5567,32
5558,32
5530,45
18383,32
5517,32
11891,32
5465,32
18243,58
5390,32
5323,40
18176,32
5296,39
18149,32
5240,49
18093,32
5234,32
5183,40
18036,32
5172,32
5094,32
5091,32
11505,32
5081,32
11386,32
17651,35
4798,32
4733,32
4622,32
4510,32
10786,32
4345,32
4246,43
17099,32
17084,40
4231,32
17035,45
4182,32
4146,32
10566,32
10509,32
10446,32
4015,50
16868,32
19964,40
7111,32
7041,32
10222,32
16630,40
3777,32
544,32
3759,32
19737,42
6884,32
6850,45
19703,32
10041,32
3612,47
16465,32
6797,41
19650,32
16442,48
3589,32
6612,32
128,54
12981,32
3327,32
3118,32
3110,63
15963,32
15939,40
3086,32
6276,32
9392,32
2930,32
15668,58
2815,32
2791,32
2762,32
15602,32
15494,32
5805,49
18658,32
8998,32
2551,35
15404,32
5756,32
2435,32
8690,32
2268,35
15121,32
18307,56
5454,32
2240,54
15093,32
11873,32
15024,32
5376,40
18229,32
5366,32
14960,52
2107,32
18148,40
5295,32
3607,40
16460,32
3592,32
6710,32
8331,32
14739,40
1886,32
1847,32
1801,32
14629,32
12987,51
134,32
3285,32
1628,32
9644,32
6306,33
19159,32
7901,32
1456,32
7865,32
1427,32
2897,32
10867,32
7650,32
7629,32
20471,58
7618,32
15596,32
279,32
1077,32
1052,32
13037,32
1000,32
5708,32
10521,32
6461,32
11232,32
7217,32
16804,55
3951,32
11962,32
18378,40
5525,32
11107,32
7090,54
19943,32
553,32
20600,56
7747,32
12146,32
6111,32
6101,32
8467,32
6433,32
19286,32
1203,32
401,32
19664,38
6811,32
1575,32
6784,32
8761,32
6731,32
13709,32
3259,42
16112,32
1029,32
995,32
3587,32
1790,32
8572,32
18590,39
5737,32
8940,32
524,32
18752,39
5899,32
1099,32
5250,32
9108,32
4143,32
9861,32
6539,32
7260,32
2039,32
10151,32
11657,32
8947,32
9146,32
4408,32
10,32
2884,32
21405,33
21257,33
21182,33
21181,33
21100,33
21042,33
20932,33
20926,33
20768,33
18158,33
17617,33
16598,33
16592,33
15985,33
14985,33
14873,40
2020,33
14525,33
13026,33
12187,33
12063,33
10921,33
10885,33
10174,33
9678,33
9572,33
9263,33
9103,33
2175,34
15028,33
21219,52
8366,33
7674,49
20527,33
756,33
6311,33
6279,33
6240,33
6172,33
6107,33
6055,33
18888,34
6035,33
18783,59
5930,33
5913,33
5496,33
5451,33
5355,33
4999,33
4803,33
10926,33
4257,33
10573,33
7078,33
10196,33
3128,37
15981,33
6231,33
2561,33
18602,52
5749,33
12098,33
4911,33
1566,33
1384,33
1265,33
15667,33
5100,33
1009,33
8115,39
20968,33
1494,33
1532,33
18388,42
5535,33
1033,33
6642,33
12995,35
142,33
2099,33
13114,33
535,33
7465,33
6505,33
7508,33
6696,33
8858,33
21401,34
21357,34
20905,34
20396,34
19837,34
19751,34
19411,34
18917,34
18860,34
18225,34
17872,34
17839,34
17314,34
17177,34
17164,34
17048,34
16856,34
15810,34
14736,34
12443,34
12317,34
11812,34
10729,34
10714,34
10470,34
10348,34
10237,34
9872,34
9505,34
15656,57
2803,34
15545,34
8962,34
8863,34
8781,34
8676,34
8608,34
14988,34
14923,34
8480,34
21333,34
8359,34
8091,34
20938,50
8085,34
14293,40
1440,34
7831,34
20669,56
7816,34
7014,49
19867,34
6913,51
19766,34
6657,40
19510,34
19448,35
6595,34
6473,34
6382,34
12441,34
5835,53
18688,34
5701,46
18554,34
5690,34
5377,34
5286,34
18079,42
5226,34
5177,34
4369,34
4339,34
4153,34
4075,34
4061,34
10462,34
16888,56
4035,34
736,34
7115,44
19968,34
7024,34
6737,34
9403,34
15808,59
2955,34
15803,42
2950,34
9349,34
2792,34
15621,57
2768,34
9172,34
2638,34
5787,34
12178,34
2520,34
5523,49
18376,34
11893,34
2247,34
8603,34
15017,34
6968,34
14921,34
13265,34
21187,61
8334,34
8222,34
3320,34
16173,34
20893,61
8040,34
1537,34
7796,34
10944,34
5947,34
7558,34
13966,34
4266,34
8258,34
12203,34
1771,34
969,34
20793,45
7940,34
6944,34
504,34
14888,34
6778,34
6740,34
1493,34
10694,34
853,34
8427,34
9573,34
6486,34
3473,34
4142,56
16995,34
20116,49
7263,34
7659,34
4107,34
7093,42
19946,34
9305,34
21571,35
21319,35
21287,35
21228,35
21071,35
21040,35
20945,35
20797,35
20778,35
20352,35
20311,35
20298,35
19984,35
19831,35
19799,35
19507,35
19441,35
19435,35
19343,35
19270,35
19069,35
18986,35
18223,35
18182,35
17837,35
17785,35
17784,35
17777,35
17576,35
17416,35
17275,35
17187,35
17182,35
17178,35
17146,35
17127,35
17115,35
17004,35
16963,35
16925,35
16923,35
16873,35
16851,35
16700,35
16685,35
16444,35
16427,35
16136,35
16100,35
16091,35
16026,35
15997,35
15894,35
15682,35
2819,48
15672,35
15600,35
14982,35
14839,35
14623,35
14537,51
1684,35
1541,56
14394,35
13245,35
13189,35
232,57
13085,35
12760,35
12689,35
12676,35
12305,35
11968,35
11514,35
11490,35
11449,35
11143,35
11029,35
10950,35
10908,35
10883,35
10843,35
10794,35
10388,35
10224,35
9343,35
8585,35
2121,43
14974,35
14828,48
1975,35
8327,35
8308,35
14619,35
8020,35
7997,35
7824,35
20666,59
7813,35
7791,35
14131,35
7494,35
7490,35
7482,35
7469,35
7319,35
7027,47
19880,35
13212,35
13194,35
13182,35
6629,46
19482,35
12761,35
12699,35
6223,35
12629,35
12610,35
12546,35
6103,35
6096,35
12356,35
12331,35
5827,35
5826,35
5800,35
5750,35
5516,35
5481,59
18334,35
5447,37
18300,35
5392,35
11755,35
11748,35
11744,35
5214,35
17897,49
5044,35
4908,35
11271,35
4785,35
11078,35
10928,35
10872,35
4204,35
4173,35
4067,35
16852,40
3999,35
3993,35
3933,35
10347,35
3920,35
3839,35
3833,35
13251,35
3559,35
3542,37
16395,35
302,35
3438,35
3418,35
6575,46
19428,35
3371,35
13006,46
153,35
3229,35
9539,35
9526,35
12722,35
9472,35
6070,35
15675,35
2746,35
8975,35
2540,35
2471,55
15324,35
5671,35
8771,35
8661,35
5442,35
2219,35
8632,35
2168,35
6953,35
8558,54
21411,35
2054,40
14907,35
2010,35
1835,35
6598,53
19451,35
1723,35
16076,61
3223,35
9640,35
3216,35
12823,35
14440,35
1581,35
7993,35
12790,35
10909,35
2881,35
4475,50
17328,35
6065,35
4340,35
10748,35
1118,35
2714,35
4306,35
1082,35
1072,35
16270,49
3417,35
9027,35
3394,35
16247,35
4172,40
17025,35
4884,35
7305,35
1667,35
16922,53
4069,35
4051,35
15276,35
1577,35
9582,35
3161,35
16801,52
3948,35
3109,35
3085,35
2281,35
1477,35
12973,35
2552,35
545,35
12978,42
125,35
14957,35
11738,35
1291,35
6873,35
8064,43
20917,35
3632,35
4787,49
17640,35
353,43
13206,35
13211,35
11599,35
7992,35
3129,35
12719,35
1842,35
7443,35
4964,35
1354,35
4937,35
6520,56
19373,35
12965,35
4106,35
1299,35
6511,42
19364,35
3298,35
20949,50
8096,35
5665,35
844,35
6856,35
3336,35
3239,35
836,35
17771,43
4918,35
7749,35
1213,35
2013,35
21322,36
21036,36
20931,36
20443,36
20415,36
20279,36
19648,36
19424,36
19422,36
18648,36
16405,36
16374,36
16365,36
15729,36
15357,48
2504,36
2116,39
14969,36
1216,39
14069,36
11301,36
10612,36
10609,36
2212,44
15065,36
7755,36
6341,36
6138,36
5410,36
16761,48
3908,36
3681,36
464,36
6358,36
2968,59
15821,36
9339,36
2887,36
6018,36
8741,36
2236,36
15067,36
2221,36
3381,39
16234,36
3349,42
16202,36
6549,36
6774,36
15207,36
6708,41
19561,36
1101,36
8337,56
21190,36
2756,36
2836,36
3633,52
16486,36
14970,36
21574,37
21532,37
21130,37
20829,37
20159,37
19083,37
18994,37
18549,37
18488,37
18465,37
18433,37
18374,37
18362,37
17877,37
17423,37
17246,37
17128,37
16488,37
16304,37
16171,37
16150,37
15742,37
15616,42
2763,37
15551,37
13321,37
12810,37
12788,37
12748,37
12687,37
12657,37
12627,37
12592,37
12571,37
12483,37
12336,37
12302,37
12274,37
12259,37
12246,37
12235,37
12147,37
12125,37
12112,37
12106,37
12102,37
11960,37
11940,37
11934,37
11907,37
11848,37
11746,37
11508,37
11191,37
10721,37
10618,37
10328,37
10289,37
9822,37
9787,37
9779,37
9557,37
9142,37
15171,37
8684,37
21489,52
8636,37
8543,37
8314,37
7767,37
13105,37
13078,42
225,37
12774,37
12732,37
12694,37
6225,37
12509,37
6051,45
18904,37
5985,37
12394,37
5973,37
12316,37
12131,37
12101,37
5602,45
18455,37
11913,37
5453,37
11817,37
11811,37
5148,53
18001,37
11202,37
7075,37
10213,37
6939,37
9975,37
3554,53
16407,37
3520,37
6694,37
9841,37
12846,37
15964,51
3111,37
12731,37
3092,37
12696,37
12632,37
8850,37
8686,40
21539,37
8681,37
2027,37
1933,37
4881,37
38,52
12891,37
3225,37
3219,37
14270,37
11030,37
4581,55
17434,37
9210,37
9903,37
15410,37
6493,37
8114,37
12091,37
3243,41
16096,37
4700,37
11773,37
20618,54
7765,37
8113,37
12514,37
2064,37
6384,37
1949,37
3472,37
9769,37
8172,37
3345,37
4525,37
1959,37
14201,37
3133,37
16985,47
4132,37
3122,37
233,37
4043,37
19769,38
17857,38
17455,38
17077,38
16232,38
16145,38
937,47
13790,38
12156,38
12054,38
11935,38
11580,38
11558,38
11390,38
9847,38
9252,38
9100,38
15294,38
8496,38
21291,42
8438,38
8344,40
21197,38
20247,49
7394,38
6350,38
5724,40
18577,38
11958,38
5309,38
17389,53
4536,38
4507,38
10674,38
4167,38
7155,41
20008,38
366,38
5955,38
2647,38
8103,38
9246,38
19957,45
7104,38
682,38
387,38
3573,38
6714,38
13237,38
14055,38
21469,39
21404,39
21387,39
20824,39
20035,39
19830,39
19419,39
19256,39
18616,39
18600,39
18479,39
18071,39
17876,39
17870,39
17760,39
17574,39
17479,39
17422,39
17384,39
17302,39
17000,39
16680,39
16656,39
16577,39
16495,39
16216,39
16163,39
15447,40
2594,39
13077,39
13072,39
13064,52
211,39
12579,39
12485,39
12298,39
12281,39
12216,39
12195,39
11888,39
11808,39
11602,39
11466,39
11396,39
11370,39
11299,39
11255,39
11101,39
11088,39
11074,39
10619,39
10445,39
10423,39
9850,39
9742,39
9733,39
9661,39
15674,39
9065,39
15485,39
9064,39
8944,39
8932,39
8853,39
8823,39
8732,39
2275,45
15128,39
8656,39
8021,39
7907,39
7891,39
20744,39
20728,52
7875,39
714,39
6819,39
13210,39
6732,39
19483,40
6630,39
6507,60
19360,39
6234,45
19087,39
12644,39
12507,39
6085,39
18938,39
5889,39
18520,64
5667,39
5564,39
11872,39
5411,39
5379,39
11763,39
5303,39
11717,39
5291,39
5270,39
5020,39
17873,39
11402,39
11373,39
4933,39
17763,42
4910,39
4848,54
17701,39
4323,39
16886,50
4033,39
3912,39
7070,39
478,39
6815,39
6762,39
3013,39
6157,39
15698,39
9277,39
6056,39
2833,39
2799,39
12386,39
15462,61
2609,39
2570,39
2386,44
15239,39
2376,39
8778,39
8756,39
5526,39
15149,39
8691,39
5385,41
18238,39
3645,39
2000,39
3545,44
16398,39
5121,39
11504,39
1798,39
16166,50
3313,39
12898,52
45,39
3263,39
3217,39
6402,54
19255,39
4804,39
7867,39
1300,39
1292,39
1269,39
1260,39
1252,39
10784,39
2699,39
8298,39
10676,39
9834,39
1016,39
3205,39
768,39
748,39
3094,39
6093,39
7684,39
3660,61
16513,39
2375,39
9088,39
6665,39
5807,49
18660,39
1996,39
15804,61
2951,39
11575,39
13787,39
2500,39
2896,39
850,39
3893,39
6499,39
19295,57
6442,39
16988,53
4135,39
8441,39
1332,39
5331,39
21567,40
21517,40
21391,40
21369,40
21358,40
21131,40
21076,40
21023,40
20787,40
20439,40
20186,40
20005,40
19658,40
19653,40
19557,40
19546,40
19471,40
19432,40
19223,40
19191,40
18992,40
18782,40
18519,40
18472,40
18459,40
18443,40
18421,40
18415,40
18357,40
18302,40
18271,40
18236,40
18231,40
18160,40
18104,40
18095,40
17986,40
17780,40
17686,40
17449,40
17410,40
17406,40
17364,40
17352,40
17343,40
17335,40
17316,40
17301,40
17279,40
17277,40
17274,40
17269,40
17256,40
17245,40
17201,40
17103,40
17083,40
17074,40
17036,40
17007,40
16993,40
16961,40
16957,40
16946,40
16935,40
16929,40
16926,40
16903,40
16794,40
16788,40
16774,40
16749,40
16636,40
16581,40
16357,40
16331,40
16256,40
15872,40
15840,40
15543,40
2393,41
15246,40
15194,40
15096,40
14904,40
14199,40
13649,40
13242,53
389,40
13046,40
12836,40
12799,40
12604,40
12564,40
12409,40
12404,40
12011,40
11860,40
11833,40
11801,40
11793,40
11723,40
11706,40
11487,40
11425,40
11357,40
11330,40
11287,40
11279,40
11270,40
11265,40
11252,40
11249,40
11149,40
11102,40
11076,40
11071,40
10913,40
10876,40
10864,40
10695,40
10665,40
10642,40
10623,40
10606,40
10332,40
10302,40
10265,40
10255,40
10080,40
9988,40
9982,40
9943,40
9933,40
9923,40
9892,40
9712,40
9704,40
9681,40
9657,40
9654,40
9432,40
9408,40
9076,40
15389,40
8802,40
2353,44
15206,40
8705,40
8699,40
8663,40
8641,40
8606,40
14912,40
14826,40
8309,40
8106,40
20959,40
8056,50
20909,40
7937,61
20790,40
7669,40
7611,40
20453,50
7600,40
7477,40
7337,40
7314,40
7240,40
7148,46
20001,40
7135,40
6970,53
19823,40
13270,40
13185,40
315,54
13168,40
311,40
6716,40
242,57
13095,40
6524,45
19377,40
6248,55
19101,40
12602,40
6125,40
12503,40
12472,40
5895,40
5887,40
5858,40
5808,40
5727,40
18570,48
5717,40
12048,40
18464,53
5611,40
5565,52
18418,40
5561,40
5499,53
18352,40
5475,45
18328,40
5330,40
5288,40
18108,43
5255,40
5201,40
5160,40
11498,40
5057,40
11362,40
4941,40
11198,40
4712,40
17478,43
4625,40
17448,61
4595,40
17405,43
4552,40
4513,40
10902,40
4452,46
17305,40
4451,58
17304,40
10779,40
10767,40
4343,40
17196,40
4165,40
4156,40
4152,49
17005,40
16916,52
4063,40
4048,40
4026,40
10418,40
7192,52
20045,40
3892,40
16745,40
10264,40
10209,40
10192,40
3534,40
9954,40
3449,40
9792,40
9763,40
3222,57
16075,40
16045,56
3192,40
3157,40
3078,40
3010,40
12623,40
9415,40
12609,40
9398,40
9348,40
9184,40
9182,40
15451,40
9015,40
5796,40
8991,40
8982,40
15310,40
5643,40
8861,40
8765,40
8692,40
18326,58
5473,40
5471,40
8674,40
11863,40
11862,40
5371,40
3694,40
2028,55
14881,40
2025,40
354,40
1948,40
5132,40
1929,40
5115,40
17968,40
259,40
3469,40
1848,40
1839,40
1809,40
9734,40
8109,40
3275,40
20947,55
8094,40
6428,40
9628,40
11225,40
1579,40
11196,40
1478,40
4632,40
1409,40
3003,40
1406,40
20655,45
7802,40
1367,44
14220,40
15811,42
2958,40
2917,40
17341,43
4488,40
1272,40
4363,45
17216,40
10781,40
1148,40
1125,40
1920,40
15556,40
1085,40
7501,40
1079,40
1871,40
1863,40
11461,40
1019,40
10633,40
176,40
13045,40
991,40
11397,40
8102,40
873,40
5670,40
18523,40
8855,40
2390,40
757,40
718,40
13530,62
677,40
1499,40
3888,40
2155,40
952,40
7771,40
20624,40
6926,40
925,40
3711,40
14951,40
4504,56
17357,40
6807,40
16843,49
3990,40
8796,40
9192,40
5573,55
18426,40
3563,40
9977,40
345,40
3528,40
20382,53
7529,40
9926,40
1078,40
16909,46
4056,40
3253,40
1656,40
9051,40
1022,40
1990,43
14843,40
1963,40
1951,40
2942,40
930,40
10548,40
903,40
16755,47
3902,40
8098,40
16126,63
3273,40
875,40
1675,40
474,40
9777,40
16950,49
4097,40
894,40
6941,40
9554,40
8063,40
1631,40
4071,40
1715,40
1718,40
9543,40
10352,40
3931,40
16286,54
3433,40
10311,40
3684,40
10464,40
21238,41
20237,41
20180,41
20138,41
18875,41
16644,41
15841,41
15762,41
15292,41
14587,42
1734,41
1327,58
14180,41
13275,57
422,41
12681,41
12033,41
11925,41
11418,41
11400,41
11381,41
11123,41
11106,41
11049,41
11035,41
10140,41
10067,41
9967,41
9097,41
2658,50
15511,41
8799,41
15049,53
2196,41
8407,52
21260,41
14697,41
7902,41
7876,41
7245,41
13656,41
13186,41
6215,41
6113,41
6106,41
5660,41
5647,41
11979,41
11708,41
11674,41
11506,41
4810,41
4751,41
10826,41
4347,41
17058,43
4205,41
3841,41
494,41
13180,41
15571,54
2718,41
2711,41
2309,55
15162,41
15107,41
6863,41
2048,41
6447,41
12831,41
1502,41
11031,41
1391,41
7647,41
1208,41
1084,41
1015,41
187,41
11395,41
1765,41
15309,41
10472,41
7763,41
6934,63
19787,41
7736,41
11725,41
2890,41
7120,41
17157,55
4304,41
3899,41
56,41
19318,53
6465,41
3602,41
16122,48
3269,41
12874,41
1732,41
18,41
11637,41
10440,41
17672,56
4819,41
3890,41
21297,42
20773,42
20137,42
19874,42
19833,42
19763,42
19453,42
19258,42
19137,42
18859,42
18638,42
18387,42
17973,42
17770,42
17723,42
17710,42
17333,42
16652,42
16510,42
16238,42
15993,42
15767,42
2742,43
15595,42
15585,42
1689,44
14542,42
13174,42
13023,42
12707,42
12677,42
12344,42
12205,42
11910,42
11883,42
11867,42
11743,42
11403,42
10985,42
10834,42
10817,42
10788,42
9844,42
9489,42
9453,42
9413,42
9075,42
9053,42
8716,42
15031,42
8435,42
8351,42
7963,42
7935,42
7874,42
7715,42
1017,45
13870,42
13151,42
6702,42
12620,42
12559,42
5886,49
18739,42
5873,42
5421,42
4952,42
4890,42
10790,42
10515,42
7073,42
7067,42
3830,42
559,42
12888,42
6425,42
9570,42
3139,42
3069,42
9488,42
9437,42
9431,42
6121,42
9259,42
6030,42
2818,42
5986,42
12186,42
5723,56
18576,42
18393,53
5540,42
2271,42
2239,42
5409,42
547,42
532,42
5340,42
5276,42
5258,63
18111,42
6734,42
9928,42
1832,42
1673,42
1619,42
1598,42
14423,42
8000,42
4660,49
17513,42
1445,45
14298,42
12667,42
1434,42
6166,42
9381,42
1243,42
4437,42
9230,42
2785,42
1123,42
1103,42
2671,42
15479,42
13874,42
1032,42
1816,42
978,42
3276,42
5597,42
20838,52
7985,42
733,42
724,42
5500,42
685,42
2912,42
10841,42
9984,42
9677,42
17816,51
4963,42
1760,42
3742,42
10895,42
1729,54
14582,42
1340,42
3730,52
16583,42
10095,42
3674,46
16527,42
21502,43
20270,43
19832,43
19559,43
18621,43
18085,43
18066,43
17731,43
17433,43
17419,43
17365,43
17359,43
17001,43
13096,43
10947,43
10773,43
10708,43
9527,43
9253,43
8610,43
8167,43
8134,43
8015,43
13290,43
13200,43
6060,43
6034,43
6025,43
5719,43
5532,58
18385,43
5273,43
5244,43
5167,43
11523,43
11324,43
11100,43
11025,43
4476,55
17329,43
4438,58
17291,43
10734,43
4103,43
9941,43
13115,43
2971,43
9293,43
2383,43
8672,43
2231,43
2206,43
5268,43
423,46
13276,43
3455,43
1731,43
1711,43
11222,43
17622,51
4769,43
17027,49
4174,43
908,43
16952,49
4099,43
11118,43
2522,43
1306,43
3688,43
2775,43
7366,43
144,43
941,43
4739,43
21215,44
20794,44
18258,44
17795,44
16819,44
16815,44
16812,44
16284,44
16221,44
16022,44
15834,44
12715,44
12624,44
10980,44
10974,44
10855,44
10601,44
9502,44
9278,44
8860,44
15205,44
8394,44
7723,44
6293,44
6181,44
6073,44
5993,44
12240,44
5744,44
12110,44
5438,44
5407,44
11685,44
11569,44
11549,44
17948,49
5095,44
11479,44
715,44
3840,44
9963,44
6641,44
169,44
6213,44
2998,53
15851,44
6105,44
2548,44
8892,44
557,44
2112,44
10097,44
449,44
6848,44
167,44
1638,44
4788,44
1585,44
17618,53
4765,44
6179,44
1364,44
1251,44
1245,44
1160,44
1137,44
20348,57
7495,44
4216,44
998,44
7272,44
3994,44
1554,44
10381,44
7735,44
1314,44
11733,44
1198,44
1176,44
2750,44
3672,44
12153,44
1128,44
9231,44
21295,45
21233,45
21224,45
21196,45
20976,45
20770,45
20634,45
20507,45
20380,45
19639,45
17811,45
17685,45
16806,45
16348,45
2606,53
15459,45
2462,54
15315,45
15130,45
12705,45
12659,45
12516,45
12364,45
11696,45
11684,45
11416,45
11407,45
11145,45
11028,45
10966,45
10839,45
9818,45
9807,45
9425,45
9301,45
8521,45
8391,50
21244,45
21128,61
8275,45
14646,45
8026,50
20879,45
7516,45
7510,57
20363,45
7466,50
20319,45
7330,45
7302,45
7191,45
6711,45
6500,45
6485,45
24,45
6309,45
5991,45
12294,45
5669,45
5657,45
18180,58
5327,45
5084,45
11046,45
17223,49
4370,45
4261,45
4157,45
4029,45
734,45
6123,45
12353,45
15477,45
8965,45
2539,45
15354,45
5679,45
2249,45
2188,45
2016,45
8355,54
21208,45
5018,45
138,45
6540,45
4892,45
9625,45
4775,45
1469,45
1366,45
2789,45
1191,45
1117,45
14744,45
1877,45
1080,45
2663,45
7444,45
1768,45
848,45
5600,45
781,45
1752,45
12176,45
5725,45
4517,45
1311,45
2110,53
14963,45
98,45
8879,45
6298,45
8296,45
5354,45
4954,45
1633,45
5321,45
20514,46
20493,46
16890,46
16858,46
16836,46
16795,46
16679,46
16401,46
15934,46
15902,46
15759,46
15708,46
15707,46
15299,46
14622,52
1769,46
12580,46
12304,46
12184,46
11930,46
11057,46
10611,46
10542,46
10439,46
10402,46
10243,46
9936,46
9902,46
9827,46
9588,46
9580,46
9577,46
9547,46
15496,46
9074,46
9044,46
8968,46
8928,46
8898,46
8808,46
8785,46
8378,46
14551,46
8028,46
7746,46
7657,46
7385,46
7277,46
20119,50
7266,46
7167,46
722,46
7132,46
6761,46
6730,46
6235,46
5938,46
11756,46
11628,46
11476,46
4613,46
4389,46
4344,46
4240,46
4193,46
3864,57
16717,46
3787,46
3763,46
554,46
6683,46
13059,46
53,46
9613,46
9477,46
9354,46
2928,46
6130,46
2856,50
15709,46
9272,46
9271,46
9116,46
2440,46
15208,46
8768,46
14934,46
420,46
13204,46
3580,46
11433,46
5012,46
14569,56
1716,46
14550,46
4801,46
9587,46
7861,46
9422,46
1382,46
7681,46
1234,46
7498,46
1065,46
1797,46
10610,46
16797,58
3944,46
9530,46
8724,46
7776,46
2908,46
7732,46
10109,46
2781,46
6572,46
1345,46
5720,46
9117,46
7320,46
12897,46
8912,46
1341,46
8426,46
7768,46
18540,49
5687,46
20262,47
20048,47
20012,47
18437,47
17523,47
17089,47
16955,47
16285,47
16251,47
16188,47
16177,47
16133,47
16074,47
15510,47
12785,47
12413,47
11794,47
11284,47
11205,47
10796,47
10755,47
10717,47
10710,47
10416,47
10359,47
10356,47
9745,47
9299,47
9217,47
8629,47
7710,47
7100,47
19933,56
7080,47
19865,52
7012,47
6981,47
6483,47
6434,47
12648,47
12523,47
12435,47
5909,47
5905,47
5819,47
5798,47
5592,55
18445,47
11832,47
11798,47
5360,47
5269,47
5090,58
17943,47
11256,47
11228,47
4768,47
4717,47
4689,47
17507,54
4654,47
17446,61
4593,47
4405,53
17258,47
10774,47
10661,47
10354,47
7020,47
6985,47
6659,54
19512,47
6352,47
3007,47
6201,47
5945,47
12201,47
15409,47
8760,47
8728,47
8678,47
11864,47
11858,47
2228,47
10200,47
10191,47
6658,49
19511,47
6369,47
11193,47
4740,53
17593,47
9218,47
20421,58
7568,47
3482,47
15523,47
9880,47
5783,47
2565,47
13739,47
889,47
10358,47
11946,47
10321,47
4686,47
955,47
15550,47
5822,47
9781,47
4125,53
16978,47
5223,47
19433,48
18768,48
18017,48
16750,48
16123,48
12830,48
12755,48
12683,48
12633,48
12489,48
11768,48
11278,48
10693,48
9668,48
7839,48
7496,48
7126,48
6436,48
12692,48
6178,48
4066,48
16646,59
3793,48
8696,48
11830,48
3442,48
1622,48
7310,48
4052,48
3909,56
16762,48
704,48
11121,48
1263,48
9202,48
5154,48
4127,48
9761,48
6639,61
19492,48
13247,48
20025,49
19625,49
19478,49
19082,49
19081,49
19077,49
18509,49
18495,49
18487,49
18463,49
18458,49
18454,49
18366,49
17442,49
17400,49
17173,49
16990,49
16967,49
16940,49
16854,49
16767,49
16740,49
16415,49
16310,49
16282,49
16279,49
16164,49
16142,49
16134,49
14818,54
1965,49
13471,49
12818,49
12743,49
12466,49
11795,49
11765,49
11379,49
11291,49
11276,49
11261,49
11170,49
10757,49
10746,49
10737,49
10604,49
10385,49
10377,49
10318,49
9829,49
9700,49
9433,49
9107,49
8757,49
8726,49
8706,49
8363,49
8347,49
7584,49
7583,49
7015,49
19808,51
6955,49
444,49
13238,49
13007,49
100,49
29,49
6353,49
12758,49
5839,49
5830,49
12080,49
5485,49
5388,49
5260,49
5238,49
5207,49
5205,49
11546,49
11197,49
4741,49
4640,49
4346,55
17199,49
4074,49
4036,49
10285,49
10261,49
6965,49
19828,63
6975,49
13172,49
330,49
220,49
198,49
6619,49
213,49
3210,51
16063,49
9615,49
12752,49
3073,49
2995,49
2990,49
6054,49
12407,49
5848,49
2555,49
11894,49
2257,63
15110,49
21477,61
8624,49
13284,49
5245,49
5231,49
14867,49
1912,49
8190,49
4771,49
17494,53
4641,49
9294,49
6000,49
7591,49
9178,49
9165,49
1147,49
1102,49
10724,49
4255,49
1036,49
5782,49
974,49
5769,49
1681,49
870,49
4695,49
5318,49
895,49
3661,49
2843,49
6371,49
6816,49
8211,49
13008,49
1158,49
6492,49
13274,49
450,49
940,49
11160,49
839,49
10553,49
929,49
2529,49
1068,49
4290,49
21337,50
21308,50
20910,50
20685,50
20651,50
20598,50
20517,50
20515,50
19142,50
19029,50
18713,50
18708,50
16602,50
16030,50
15295,50
14604,51
1751,50
12658,50
12649,50
12391,50
12382,50
12380,50
12362,50
12341,50
12258,50
12154,50
12149,50
12077,50
11978,50
11884,50
11713,50
11700,50
11614,50
11568,50
11452,50
11109,50
10943,50
10083,50
9478,50
9399,50
9237,50
9101,50
8794,50
8708,50
8579,50
14983,52
2130,50
8030,56
20883,50
7838,50
7790,50
20473,52
7620,50
7455,55
20308,50
140,50
12379,50
12351,50
11898,50
5342,50
11724,50
11567,50
4797,50
11034,50
10447,50
10436,50
7061,50
6787,50
6759,50
212,50
6414,57
19267,50
9610,50
8969,50
12017,50
15094,50
5089,50
126,50
1438,50
1433,50
1428,50
7693,51
20546,50
9287,50
10840,50
1181,50
1837,50
9034,50
1013,50
6591,50
1608,50
11966,50
2342,50
1658,50
1650,50
13025,50
8981,50
11570,50
11540,50
8995,50
6880,50
2938,50
11644,50
21550,51
21018,51
20398,51
19839,51
19802,51
18730,51
16429,51
15713,51
14877,57
2024,51
11056,51
10498,51
9544,51
9479,51
8780,51
7879,51
5176,57
18029,51
10596,51
5932,51
2546,51
9484,51
4585,51
3970,51
4518,51
21480,52
21453,52
21271,52
21256,52
21236,52
21194,52
21022,52
20680,52
20672,52
20658,52
20561,52
20545,52
20499,52
20490,52
20455,52
20400,52
20385,52
19723,52
18718,52
18155,52
18120,52
17556,52
16910,52
16825,52
16551,52
16385,52
16376,52
16371,52
16317,52
15888,52
15790,52
11621,52
11543,52
11494,52
10924,52
10851,52
9914,52
9405,52
9364,52
9346,52
15000,52
8131,59
20984,52
7730,56
20583,52
12915,52
12596,52
6146,52
6104,52
5950,52
12231,52
5417,52
4457,52
17171,59
4318,52
3697,52
6129,52
2751,52
9066,52
2590,52
15221,52
8767,52
2182,52
2092,52
6729,52
14427,52
4729,52
14313,53
1460,52
7734,52
6084,52
1229,52
1188,52
12204,52
6495,52
5682,52
3903,52
3895,52
11112,52
4155,52
9333,52
6785,52
3582,52
728,52
2298,52
456,52
9029,52
399,52
65,52
21321,53
21177,53
20834,53
20632,53
20264,53
19551,53
18849,53
18557,53
18527,53
18403,53
18389,53
18321,53
17927,53
17864,53
17221,53
17123,53
17059,53
17003,53
16969,53
16962,53
16667,53
16318,53
15504,53
15484,53
14844,53
13201,53
12778,53
12754,53
12725,53
12502,53
12465,53
12423,53
12400,53
11789,53
11639,53
11234,53
10704,53
10530,53
10455,53
10334,53
10100,53
10062,53
9940,53
9812,53
9746,53
9155,53
8866,53
8654,53
8199,53
8176,53
7427,53
20176,55
7323,53
800,53
7221,53
7177,53
7143,53
6929,53
13287,53
377,53
12639,53
12605,53
12534,53
6083,53
12464,53
12213,53
5792,53
5520,53
5363,53
5328,53
5191,53
5190,53
11597,53
5134,53
5002,53
11242,53
4713,53
4711,53
4662,53
4603,53
4470,53
4349,53
4267,53
4041,53
7161,53
10375,53
7119,53
6998,53
10015,53
9912,53
16225,62
3372,53
3211,53
6413,53
12415,53
9208,53
15253,53
12003,53
8747,53
5511,53
8667,53
3704,53
1934,53
3509,53
1889,53
12841,53
3207,53
11230,53
7888,53
4617,53
17470,53
15817,59
2964,53
2936,53
1312,53
1211,53
7569,53
3460,53
1040,53
10593,53
7318,53
857,53
16810,58
3957,53
3928,53
15394,53
8569,53
6951,53
14968,58
2115,53
6546,53
2542,53
525,53
6541,53
10752,53
1201,53
7222,53
20835,54
18861,54
17993,54
17579,54
17298,54
17236,54
17151,54
16688,54
16287,54
16215,54
15912,54
15565,54
15060,54
15037,54
13139,54
12557,54
12350,54
11638,54
11627,54
11468,54
11126,54
11095,54
10608,54
10098,54
9509,54
9156,54
9047,54
8711,54
13103,54
157,54
6562,54
6537,54
12797,54
5934,54
5919,54
5350,54
5349,54
11166,54
4122,57
16975,54
3846,54
6655,54
12834,54
2902,54
8849,54
2307,54
3779,54
6689,54
1735,54
3053,54
7737,54
5902,54
1074,54
14679,54
17080,55
4227,54
14177,54
1153,54
8206,54
12969,54
1916,54
10518,54
10868,54
1739,54
4845,54
840,54
21242,55
21034,55
17788,55
17152,55
16346,55
15601,58
2748,55
12562,55
12473,55
12457,55
12166,55
11566,55
11338,55
10999,55
10253,55
12866,59
13,55
5575,55
18397,63
5544,55
5359,55
5339,55
11690,55
10973,55
10919,55
7229,55
7196,55
3806,55
2691,55
2350,55
15189,55
2316,55
5452,55
5422,55
10185,55
11649,55
1960,55
1861,55
11302,55
1602,55
1407,55
1285,55
1200,55
210,55
1010,55
8055,55
2333,55
731,55
2667,55
8229,55
1011,55
11630,55
3396,55
9894,55
8580,55
5741,55
1639,55
859,55
10165,55
490,55
21447,56
21286,56
21106,56
21047,56
20804,56
20712,56
20646,56
20381,56
20135,56
19815,56
19790,56
19304,56
18719,56
18606,56
16912,56
16848,56
16808,56
16480,56
16342,56
15733,56
13032,56
12244,56
12182,56
12169,56
11990,56
11878,56
11758,56
11754,56
11683,56
11578,56
11300,56
11128,56
11019,56
10963,56
10923,56
10856,56
9647,56
9562,56
9334,56
9003,56
8935,56
8607,57
21460,56
8488,56
8487,56
8388,56
8335,56
8036,56
8017,56
7739,56
7483,56
7439,56
7212,56
6859,58
19712,56
6747,56
13118,56
6668,56
6496,56
6271,56
6257,56
6232,56
6078,56
12079,56
12078,56
5654,56
11967,56
11904,56
11622,56
11588,56
5015,56
4901,56
4745,56
11132,56
10879,56
4258,56
3952,56
10227,56
10211,56
3771,56
202,56
9839,56
9605,56
6243,56
6211,56
9389,56
6149,56
2918,56
2820,56
12271,56
2645,56
15455,57
2602,56
2567,56
12163,56
8814,56
5538,56
11877,56
2252,56
2234,56
2227,56
5416,56
2026,56
13110,56
1872,56
5051,56
5050,56
4914,56
41,56
11058,56
11036,56
1375,56
2806,56
1192,56
1157,56
1138,56
4337,56
1003,56
10598,56
11308,56
2479,56
837,56
11153,56
15145,56
3900,56
680,56
2276,56
6552,56
1355,56
3740,56
8530,56
1258,56
10459,56
3977,56
7953,56
1528,56
6679,56
1007,56
10008,56
4554,56
6551,56
4930,56
2877,56
10089,56
10983,56
12115,56
484,56
4404,56
20089,57
20080,57
19807,57
19556,57
18902,57
18674,57
18423,57
18050,57
17038,57
15913,57
15234,57
14987,57
14959,57
14757,57
13190,57
12842,57
12815,57
12791,57
12490,57
12073,57
11519,57
11460,57
11447,57
11430,57
11372,57
11297,57
11183,57
10703,57
10545,57
9797,57
9689,57
9423,57
15694,57
8710,57
8141,57
7592,57
20259,61
7406,57
290,57
249,57
6632,57
42,57
12848,57
12806,57
6137,57
11555,57
4781,57
4714,57
518,57
13271,57
3352,57
15400,57
2550,57
12152,57
8895,57
8658,57
15048,57
562,57
8415,57
4664,57
7877,57
15562,57
1897,57
1885,57
256,57
13908,57
10640,57
8105,57
7124,57
3898,57
12424,57
4735,57
13950,57
9674,57
15450,57
1207,57
1761,57
977,57
842,57
8080,57
21132,58
20974,58
20894,58
20606,58
20498,58
19704,58
19369,58
17547,58
16802,58
16347,58
11336,58
10853,58
9961,58
9486,58
15521,58
8810,58
15062,58
15023,58
8565,58
14300,58
6743,58
6323,58
6175,58
11980,58
5444,58
4521,58
4292,58
4169,58
10254,58
3695,58
9682,58
12570,58
9274,58
6041,58
2834,58
5716,58
3676,58
1320,58
4239,58
4219,58
15326,58
19065,59
18313,59
18186,59
17956,59
17863,59
17776,59
17766,59
17563,59
16212,59
16095,59
15898,59
12647,59
12449,59
12399,59
12197,59
11579,59
11387,59
11253,59
11179,59
10258,59
9752,59
9487,59
8677,59
8599,59
7557,59
7253,59
13393,59
6463,59
12858,59
12803,59
12138,59
5332,59
4756,59
4215,59
10581,59
10238,59
3415,59
3378,59
3034,59
2310,59
3477,59
11161,59
1535,59
4659,59
7873,59
7848,59
1412,59
7603,59
4277,59
8725,59
7088,59
3748,59
3511,59
9680,59
1808,59
960,59
7296,59
10314,59
9365,59
9707,60
4773,60
2137,60
10644,60
1044,60
3630,60
21556,61
21512,61
21339,61
21303,61
21138,61
20925,61
20907,61
20377,61
20267,61
19993,61
18924,61
18667,61
18372,61
17952,61
17915,61
17511,61
17338,61
17248,61
17149,61
17142,61
17097,61
17039,61
16987,61
16214,61
16077,61
14885,61
12027,61
11900,61
11551,61
11446,61
11444,61
11437,61
9795,61
9720,61
9207,61
9205,61
9134,61
8857,61
7023,61
6058,61
12333,61
5908,61
5394,61
11450,61
11322,61
11314,61
11163,61
7031,61
13244,61
6788,61
9974,61
13144,61
3492,61
2965,61
9220,61
5964,61
2635,61
15453,61
1995,61
9907,61
13024,61
8137,61
4809,61
2681,61
5052,61
2620,61
1588,61
5506,61
9515,61
13285,61
4038,61
1971,61
4993,61
12907,61
14922,61
8160,61
18975,62
17880,62
16196,62
10638,62
8713,62
7642,62
13286,62
9163,62
2554,62
6163,62
20389,63
20230,63
19844,63
18567,63
18014,63
17707,63
12249,63
11841,63
11541,63
11181,63
10903,63
10901,63
10584,63
9953,63
9559,63
9450,63
9203,63
9161,63
15424,63
8978,63
14911,63
7355,63
7071,63
7066,63
6214,63
6128,63
12524,63
12084,63
5598,63
5382,63
5194,63
5139,63
4795,63
4364,63
10760,63
4259,63
10613,63
10586,63
10505,63
10449,63
10403,63
13462,63
10122,63
6090,63
2688,63
8961,63
15095,63
11843,63
11829,63
1858,63
6407,63
11544,63
6677,63
5880,63
15448,63
10622,63
1693,63
10506,63
381,63
12395,63
1498,63
3256,63
136,63
1680,63
5283,63
7304,63
1076,63
5162,63
7311,63
3440,63
18689,64
18367,64
18280,64
16179,64
16110,64
11625,64
11371,64
10002,64
9326,64
8873,64
5888,64
12024,64
12910,64
3104,64
9336,64
15584,64
9014,64
3183,64
1444,64
2371,64
14805,64
11775,64
