21576,0
21574,0
21571,0
21568,0
21567,0
21565,0
21556,0
21550,0
21517,0
21512,0
21503,0
21502,0
21473,0
21423,0
21419,0
21401,0
21391,0
21387,0
21376,0
21369,0
21358,0
21339,0
21321,0
21319,0
21303,0
21293,0
21292,0
21210,0
21201,0
21177,0
21138,0
21131,0
21130,0
21096,0
21076,0
21023,0
21018,0
21007,0
20989,0
20925,0
20907,0
20905,0
20902,0
20887,0
20835,0
20829,0
20824,0
20778,0
20769,0
20753,0
20734,0
20710,0
20632,0
20584,0
20465,0
20439,0
20396,0
20389,0
20379,0
20377,0
20352,0
20267,0
20262,0
20230,0
20186,0
20142,0
20137,0
20095,0
20089,0
20080,0
20058,0
20048,0
20035,0
20034,0
20031,0
20025,0
20005,0
19993,0
19984,0
19975,0
19912,0
19892,0
19890,0
19870,0
19844,0
19839,0
19837,0
19807,0
19802,0
19786,0
19769,0
19763,0
19744,0
19732,0
19692,0
19679,0
19658,0
19653,0
19645,0
19557,0
19551,0
19546,0
19529,0
19505,0
19480,0
19478,0
19471,0
19464,0
19453,0
19433,0
19432,0
19420,0
19419,0
19418,0
19371,0
19325,0
19293,0
19262,0
19223,0
19167,0
19122,0
19092,0
19083,0
19069,0
19065,0
19062,0
19017,0
19006,0
18995,0
18994,0
18992,0
18975,0
18962,0
18952,0
18951,0
18930,0
18924,0
18922,0
18921,0
18917,0
18902,0
18872,0
18865,0
18861,0
18860,0
18852,0
18842,0
18835,0
18774,0
18768,0
18744,0
18700,0
18676,0
18674,0
18667,0
18638,0
18616,0
18567,0
18557,0
18527,0
18519,0
18495,0
18493,0
18479,0
18472,0
18466,0
18463,0
18459,0
18443,0
18433,0
18430,0
18421,0
18415,0
18402,0
18392,0
18387,0
18372,0
18371,0
18367,0
18357,0
18356,0
18332,0
18313,0
18302,0
18281,0
18277,0
18271,0
18257,0
18254,0
18234,0
18231,0
18228,0
18225,0
18222,0
18217,0
18186,0
18160,0
18135,0
18101,0
18099,0
18095,0
18085,0
18071,0
18066,0
18050,0
18040,0
18034,0
18017,0
18014,0
17952,0
17927,0
17916,0
17915,0
17899,0
17894,0
17892,0
17880,0
17878,0
17877,0
17876,0
17875,0
17872,0
17870,0
17867,0
17864,0
17863,0
17860,0
17857,0
17849,0
17839,0
17822,0
17813,0
17812,0
17780,0
17770,0
17766,0
17760,0
17759,0
17758,0
17748,0
17731,0
17728,0
17723,0
17707,0
17706,0
17686,0
17666,0
17652,0
17643,0
17619,0
17589,0
17574,0
17573,0
17568,0
17563,0
17562,0
17499,0
17479,0
17473,0
17472,0
17455,0
17452,0
17433,0
17431,0
17423,0
17421,0
17417,0
17412,0
17411,0
17406,0
17403,0
17400,0
17399,0
17384,0
17365,0
17364,0
17352,0
17349,0
17343,0
17342,0
17338,0
17333,0
17316,0
17315,0
17314,0
17302,0
17301,0
17298,0
17285,0
17279,0
17275,0
17256,0
17248,0
17247,0
17246,0
17236,0
17221,0
17187,0
17177,0
17174,0
17173,0
17168,0
17164,0
17152,0
17149,0
17142,0
17140,0
17137,0
17134,0
17128,0
17127,0
17125,0
17117,0
17103,0
17097,0
17095,0
17077,0
17075,0
17074,0
17060,0
17059,0
17053,0
17039,0
17038,0
17011,0
17007,0
17003,0
17001,0
17000,0
16993,0
16989,0
16987,0
16981,0
16979,0
16969,0
16967,0
16963,0
16962,0
16961,0
16957,0
16955,0
16946,0
16935,0
16929,0
16903,0
16875,0
16871,0
16851,0
16794,0
16788,0
16776,0
16774,0
16772,0
16750,0
16749,0
16740,0
16734,0
16714,0
16708,0
16688,0
16680,0
16676,0
16656,0
16652,0
16651,0
16636,0
16607,0
16589,0
16581,0
16538,0
16499,0
16495,0
16488,0
16459,0
16429,0
16419,0
16369,0
16359,0
16357,0
16332,0
16331,0
16318,0
16310,0
16300,0
16289,0
16279,0
16277,0
16274,0
16257,0
16256,0
16241,0
16238,0
16215,0
16214,0
16212,0
16211,0
16210,0
16196,0
16194,0
16179,0
16177,0
16171,0
16152,0
16149,0
16146,0
16145,0
16139,0
16136,0
16125,0
16123,0
16120,0
16115,0
16110,0
16103,0
16097,0
16095,0
16093,0
16091,0
16088,0
16086,0
16077,0
15996,0
15993,0
15988,0
15987,0
15973,0
15950,0
15932,0
15929,0
15914,0
15913,0
15908,0
15872,0
15859,0
15858,0
15831,0
15810,0
15793,0
15767,0
15742,0
15736,0
15713,0
15672,10
2819,0
15666,0
2813,0
15643,0
15636,0
2783,0
15616,54
2763,0
15597,31
2744,0
15595,0
2742,0
15580,0
2725,5
15578,0
2720,31
15573,0
15569,0
15547,0
15543,0
2687,60
15540,0
2674,23
15527,0
15504,0
15503,0
2650,0
15484,0
2630,31
15483,0
15481,0
15478,0
15471,0
2611,31
15464,0
15457,41
2604,0
15447,0
2594,0
15430,35
2577,0
15406,0
2553,0
15363,0
2504,66
15357,0
15352,0
2499,0
2492,2
15345,0
15306,0
15303,0
15296,0
15292,0
15264,0
2411,0
15255,0
2393,48
15246,0
15237,0
15234,0
15230,0
15226,0
2366,28
15219,0
2347,21
15200,0
15194,0
2303,2
15156,0
15096,0
15052,0
15012,21
2159,0
14987,0
14981,38
2128,0
14971,23
2118,0
14969,71
2116,0
14959,0
14928,0
14926,78
2073,0
14904,0
14903,0
2033,63
14886,0
14885,0
2024,53
14877,0
2020,67
14873,0
14865,0
2012,0
14844,0
14839,0
1965,62
14818,0
14757,0
14736,0
1751,26
14604,0
1734,28
14587,0
14563,0
14549,30
1696,0
14545,29
1692,0
14544,0
1651,17
14504,0
1457,16
14310,0
14263,0
14199,0
14069,71
1216,0
13958,4
1105,0
13757,0
904,0
13721,0
868,0
13702,0
849,0
13649,0
13559,0
706,0
13458,0
13288,0
435,0
13279,0
422,28
13275,0
13263,4
410,0
13256,0
13255,0
402,0
13245,0
13242,0
389,0
13224,3
371,0
13201,0
13190,0
13175,19
322,0
13170,0
317,0
13163,0
13119,0
13096,0
13085,10
232,0
13077,0
13070,0
13064,34
211,0
186,8
13039,0
13021,0
168,0
13003,0
139,29
12992,0
110,9
12963,0
12933,39
80,0
12905,0
12885,0
12861,0
12842,0
12836,0
12830,0
12829,0
12827,0
12818,0
12815,0
12799,0
12791,0
12778,0
12775,0
12772,0
12763,0
12760,0
12755,0
12754,0
12751,0
12748,0
12728,0
12707,0
12691,0
12690,0
12689,0
12683,0
12677,0
12672,0
12670,0
12660,0
12651,0
12647,0
12633,0
12621,0
12611,0
12604,0
12579,0
12564,0
12563,0
12557,0
12531,0
12502,0
12492,0
12490,0
12489,0
12473,0
12466,0
12465,0
12461,0
12460,0
12457,0
12442,0
12432,0
12423,0
12404,0
12399,0
12374,0
12345,0
12344,0
12339,0
12338,0
12317,0
12302,0
12286,0
12281,0
12278,0
12276,0
12250,0
12249,0
12224,0
12223,0
12222,0
12215,0
12191,0
12135,0
12117,0
12106,0
12073,0
12049,0
12046,0
12044,0
12040,0
12027,0
12011,0
12010,0
11981,0
11970,0
11945,0
11935,0
11909,0
11900,0
11888,0
11867,0
11866,0
11860,0
11854,0
11848,0
11841,0
11833,0
11826,0
11822,0
11812,0
11808,0
11795,0
11793,0
11791,0
11789,0
11768,0
11765,0
11723,0
11706,0
11663,0
11639,0
11638,0
11627,0
11625,0
11617,0
11602,0
11587,0
11580,0
11579,0
11559,0
11558,0
11551,0
11545,0
11541,0
11519,0
11514,0
11508,0
11490,0
11487,0
11484,0
11468,0
11460,0
11459,0
11447,0
11446,0
11444,0
11440,0
11437,0
11430,0
11425,0
11418,0
11406,0
11403,0
11390,0
11387,0
11372,0
11371,0
11369,0
11357,0
11352,0
11348,0
11344,0
11327,0
11299,0
11297,0
11292,0
11287,0
11285,0
11278,0
11273,0
11270,0
11265,0
11260,0
11255,0
11253,0
11252,0
11249,0
11243,0
11211,0
11210,0
11205,0
11191,0
11183,0
11181,0
11179,0
11174,0
11173,0
11149,0
11144,0
11137,0
11123,0
11103,0
11093,0
11076,0
11074,0
11064,0
11063,0
11056,0
11048,0
11039,0
10998,0
10992,0
10959,0
10941,0
10913,0
10903,0
10901,0
10887,0
10876,0
10864,0
10847,0
10845,0
10834,0
10817,0
10816,0
10811,0
10794,0
10788,0
10773,0
10750,0
10742,0
10738,0
10729,0
10721,0
10717,0
10714,0
10708,0
10703,0
10702,0
10695,0
10693,0
10665,0
10642,0
10638,0
10634,0
10623,0
10619,0
10618,0
10608,0
10606,0
10584,0
10559,0
10555,0
10545,0
10537,0
10498,0
10470,0
10445,0
10423,0
10388,0
10359,0
10348,0
10342,0
10334,0
10328,0
10322,0
10318,0
10310,0
10306,0
10302,0
10299,0
10289,0
10265,0
10258,0
10255,0
10245,0
10230,0
10114,0
10107,0
10096,0
10049,0
10048,0
10042,0
10038,0
10002,0
9988,0
9982,0
9976,0
9953,0
9943,0
9940,0
9933,0
9925,0
9923,0
9915,0
9906,0
9905,0
9892,0
9874,0
9866,0
9858,0
9847,0
9844,0
9822,0
9814,0
9797,0
9795,0
9787,0
9771,0
9755,0
9752,0
9746,0
9728,0
9720,0
9712,0
9707,0
9704,0
9689,0
9681,0
9668,0
9661,0
9654,0
9642,0
9641,0
9607,0
9603,0
9559,0
9557,0
9544,0
9535,0
9509,0
9505,0
9489,0
9479,0
9473,0
9453,0
9450,0
9445,0
9432,0
9423,0
9413,0
9410,0
9408,0
9393,0
9356,0
9352,0
9330,0
9326,0
9324,0
9315,0
9314,0
9290,0
15694,0
9265,0
15674,0
9253,0
15656,0
2803,0
2800,36
15653,0
9232,0
9207,0
9205,0
2771,3
15624,0
9201,0
9197,0
9161,0
15581,0
2728,0
9156,0
9155,0
15568,0
9147,0
15563,0
9142,0
9134,0
9133,0
15548,32
2695,0
15545,0
9124,0
15528,0
9107,0
9104,0
9100,0
9090,0
9076,0
9065,0
15485,0
9064,0
9053,0
9048,0
15468,0
9047,0
9031,0
15417,0
8978,0
15389,0
8948,0
8945,0
15365,64
2512,0
8944,0
2484,60
15337,0
8914,0
15329,0
2476,0
15327,11
2474,0
8906,0
15314,0
2458,76
15311,0
15294,0
8873,0
8857,0
2421,48
15274,0
8845,0
8836,0
8823,0
2370,28
15223,0
8802,0
15220,0
2353,56
15206,0
8781,0
8780,0
15198,0
8757,0
8755,0
15171,0
2308,31
15161,0
8732,0
15138,0
2275,37
15128,0
8707,0
8705,0
8704,69
21557,0
8688,0
21541,0
8685,0
21538,0
8684,0
8683,0
21536,0
8677,0
21519,25
8666,0
8663,0
8662,0
8656,0
8641,0
21491,68
8638,0
21489,32
8636,0
21488,11
8635,0
2196,28
15049,0
8628,0
8613,0
21466,0
15031,0
15028,67
2175,0
8606,0
21455,23
8602,0
2167,7
15020,0
8599,0
21451,17
8598,0
15013,0
8592,0
8585,0
21431,15
8578,0
8571,0
14988,0
21416,15
8563,0
14983,32
2130,0
14974,25
2121,0
21406,60
8553,0
8546,0
8544,0
8543,0
8541,0
21394,0
14930,0
21359,15
8506,0
14923,0
2065,75
14918,0
21350,48
8497,0
21346,32
8493,0
14912,0
14911,0
8490,21
21343,0
8489,28
21342,0
14909,12
2056,0
8480,0
21333,0
8479,0
8478,0
8453,0
14872,0
14859,4
2006,0
8432,0
21285,0
8424,65
21277,0
14828,0
1975,0
21259,15
8406,0
14826,0
8405,0
21254,44
8401,0
21227,23
8374,0
14785,0
1932,0
21214,63
8361,0
8359,0
8349,0
21202,0
8344,0
21197,0
21195,23
8342,0
21175,63
8322,0
8314,0
8309,0
21129,39
8276,0
8275,37
21128,0
21117,15
8264,0
8246,0
8244,0
21097,0
21093,68
8240,0
8234,0
21078,47
8225,0
14642,5
1789,0
21073,10
8220,0
21067,42
8214,0
21065,47
8212,0
8209,0
14626,8
1773,0
8199,0
21051,8
8198,0
21050,8
8197,0
8178,25
21031,0
8177,0
21030,0
8176,0
8167,0
21016,15
8163,0
8151,0
8141,0
8138,0
8134,0
20984,23
8131,0
14547,21
1694,0
8126,0
20972,23
8119,0
8106,0
20959,0
1659,57
14512,0
8089,0
1653,61
14506,0
8068,0
8056,76
20909,0
20904,15
8051,0
8050,0
8045,28
20898,0
8021,0
8016,29
20869,0
8012,52
20865,0
14418,0
20833,15
7980,0
7977,0
14395,0
20825,15
7972,0
1536,23
14389,0
7968,0
20814,23
7961,0
7952,0
7942,21
20795,0
20792,39
7939,0
7937,1
20790,0
7935,0
7930,0
7928,0
7912,0
7907,0
7897,0
7896,0
7891,0
20744,0
7879,0
7876,0
14293,0
1440,0
7847,0
7845,29
20698,0
7839,0
7831,0
7826,15
20679,0
7823,0
20671,15
7818,0
20669,63
7816,0
7814,0
20667,0
7809,0
20662,0
20650,23
7797,0
7791,0
7767,0
14178,0
7757,0
1293,67
14146,0
7710,0
14099,19
1246,0
7671,0
20523,23
7670,0
7669,0
7643,0
20496,0
7642,0
7639,0
7636,31
20489,0
20480,63
7627,0
20476,56
7623,0
7611,0
7606,64
20459,0
20457,10
7604,0
20453,71
7600,0
7596,0
20446,15
7593,0
7592,0
7576,0
7570,0
20419,63
7566,0
7557,0
7552,0
7534,0
20386,48
7533,0
20365,48
7512,0
20363,60
7510,0
7496,0
7488,3
20341,0
7477,0
20328,24
7475,0
20319,22
7466,0
7452,0
20300,17
7447,0
20286,15
7433,0
7427,0
13834,0
7408,0
20261,0
7406,49
20259,0
20247,62
7394,0
7391,0
7386,0
7379,36
20232,0
20223,15
7370,0
20220,17
7367,0
7357,14
20210,0
7355,0
7352,0
20195,15
7342,0
7337,0
20176,70
7323,0
7322,0
7314,0
20165,17
7312,0
7240,0
800,0
780,11
13633,0
791,0
7209,0
758,60
13611,0
7177,0
7166,0
20019,0
7148,30
20001,0
725,0
7143,0
13532,4
679,0
7071,0
7066,0
7064,0
7058,0
7047,0
7032,0
7030,0
7029,0
19882,0
7023,0
7014,62
19867,0
7013,25
19866,0
19865,23
7012,0
19854,56
7001,0
13393,0
551,66
13404,0
19823,24
6970,0
6955,64
19808,0
6928,10
19781,0
6922,9
19775,0
6913,0
19766,0
467,8
13320,0
6881,21
19734,0
6869,0
13287,0
19719,8
6866,0
13286,0
13282,0
439,18
13292,0
13280,0
13270,0
6817,0
19644,34
6791,0
13200,0
13191,65
338,0
6770,0
13196,57
343,0
6764,0
13184,1
331,0
342,0
13195,0
13168,0
315,0
13159,0
311,0
13151,0
6726,0
304,54
13157,0
19572,57
6719,0
6716,0
290,0
281,0
13105,0
6682,0
6681,65
19534,0
13095,0
242,0
249,0
6660,0
13078,0
225,0
6657,50
19510,0
6647,21
19500,0
13056,0
203,0
214,31
13067,0
6632,0
6630,53
19483,0
201,67
13054,0
19475,23
6622,0
19448,10
6595,0
157,0
6578,0
6561,0
6537,0
6527,0
19380,0
6524,60
19377,0
6507,75
19360,0
71,41
12924,0
64,2
12917,0
75,0
6494,0
42,0
29,0
6445,0
6441,53
19294,0
6438,2
19291,0
12858,0
6437,32
19290,0
12857,0
6436,0
12848,0
12806,0
6385,62
19238,0
12803,0
6382,0
12797,0
6375,0
6373,0
6368,0
6361,0
6353,0
6350,0
12767,0
6346,0
19199,0
12761,0
19170,23
6317,0
12703,0
6278,0
12698,0
6277,0
12694,0
12692,0
6267,0
12685,0
6264,0
6248,65
19101,0
6244,11
19097,0
12655,0
6234,71
19087,0
12654,0
12648,0
6225,0
12644,0
12641,0
6220,78
19073,0
12639,0
6218,0
12636,0
6214,0
6189,0
19042,0
12605,0
6184,0
19037,0
12602,0
12599,0
6178,0
19022,5
6169,0
12559,0
12555,0
6128,0
12546,0
6125,0
12524,0
6092,10
18945,0
12512,0
6091,0
18944,0
12507,0
6086,0
6085,0
18938,0
6083,0
12503,0
12488,0
6067,0
18920,0
6063,0
6058,0
12472,0
6051,60
18904,0
12468,0
6035,67
18888,0
6034,0
12454,0
6025,0
12441,0
6020,0
18873,0
6014,17
18867,0
5998,0
18851,0
12394,0
5973,0
18811,66
5958,0
5937,0
12355,0
5934,0
5930,23
18783,0
12340,0
12333,0
5908,0
5900,0
5895,0
5886,0
18739,0
18721,23
5868,0
5858,0
5854,0
12270,0
5842,0
12260,0
5835,0
18688,0
5830,0
5827,0
5826,0
5818,0
18663,12
5810,0
12229,0
5808,0
5800,0
12213,0
5792,0
5789,0
12171,0
5740,0
5739,76
18592,0
5727,0
5719,0
12138,0
5717,0
18570,0
5712,54
18565,0
12132,0
5706,0
12122,0
5701,30
18554,0
5690,0
5672,0
5667,74
18520,0
12084,0
5655,0
12068,0
5641,0
12048,0
5617,60
18470,0
5615,0
18464,9
5611,0
5609,19
18462,0
12024,0
5602,60
18455,0
5598,0
12016,0
5595,60
18448,0
5592,65
18445,0
5585,0
18438,0
11997,0
5576,56
18429,0
11996,0
18420,1
5567,0
5566,56
18419,0
5565,23
18418,0
5561,0
5559,0
5558,0
5546,41
18399,0
5544,65
18397,0
11958,0
5537,31
18390,0
5532,73
18385,0
5530,60
18383,0
5522,61
18375,0
11941,0
5499,0
18352,0
11916,0
5495,23
18348,0
5491,0
5485,0
5475,60
18328,0
5453,0
18300,10
5447,0
5429,0
5423,78
18276,0
5421,0
11831,0
5400,0
18253,0
5398,0
11817,0
5394,0
11811,0
5382,0
5363,0
11767,0
5345,0
11763,0
18188,24
5335,0
18187,69
5334,0
11751,0
5330,0
5328,0
5323,4
18176,0
5303,0
18152,44
5299,0
5297,23
18150,0
5296,31
18149,0
5288,0
5281,0
5272,0
5270,0
18109,62
5256,0
5255,4
18108,0
5253,0
11665,0
18096,15
5243,0
5240,25
18093,0
5238,0
11658,0
5237,0
5234,0
18075,4
5222,0
5220,0
5214,0
18065,32
5212,0
5210,0
5207,0
5201,0
5194,0
5192,0
5191,0
5190,0
5188,0
18036,53
5183,0
5176,0
18029,0
18028,44
5175,0
5172,0
5160,0
5148,1
18001,0
11555,0
5134,0
5126,2
17979,0
11546,0
17978,66
5125,0
5117,0
17967,37
5114,0
11523,0
5102,0
5097,8
17950,0
5095,56
17948,0
5090,73
17943,0
11507,0
11506,0
5081,0
11498,0
5077,19
17930,0
5070,0
17923,0
5060,0
5058,31
17911,0
5057,0
5054,29
17907,0
11455,0
11450,0
5021,21
17874,0
11441,0
5020,0
17873,0
5013,11
17866,0
5002,0
4987,0
4983,0
4965,0
4952,0
11362,0
4922,28
17775,0
17763,10
4910,0
11324,0
4903,0
11322,0
17751,23
4898,0
11315,0
11314,0
11271,0
17703,44
4850,0
4848,0
17701,0
17688,24
4835,0
11242,0
4821,3
17674,0
11239,0
17671,57
4818,0
4816,0
11233,0
17660,67
4807,0
17659,24
4806,0
17651,10
4798,0
4796,0
4795,0
4785,0
11202,0
4781,0
4779,31
17632,0
11198,0
4776,0
4756,0
11166,0
11163,0
17595,39
4742,0
4714,0
11134,0
4713,0
4711,0
4708,0
17545,23
4692,0
4689,0
17540,50
4687,0
11100,0
4679,0
4666,16
17519,0
4662,0
11065,0
4640,0
17491,69
4638,0
4625,0
17478,0
11043,0
4622,0
4606,0
11025,0
4604,0
17457,0
4600,0
17448,58
4595,0
4593,0
17446,0
4592,0
4591,0
4583,31
17436,0
4579,10
17432,0
4576,42
17429,0
17408,27
4555,0
4552,0
17405,0
4541,0
4536,53
17389,0
4524,0
4513,0
4510,0
4507,0
4493,0
17346,0
10902,0
4481,42
17334,0
4477,10
17330,0
4476,70
17329,0
4465,0
17318,0
4458,0
17311,0
4453,42
17306,0
10873,0
4452,59
17305,0
4451,73
17304,0
4439,41
17292,0
4436,0
17289,0
4425,0
4407,0
17260,0
4405,9
17258,0
4397,29
17250,0
10809,0
4388,41
17241,0
4386,0
17239,0
4371,0
17224,0
10787,0
4366,0
4365,0
4364,0
10779,0
10774,0
4353,7
17206,0
4349,0
10767,0
4345,0
4343,10
17196,0
10760,0
4339,0
17186,35
4333,0
10744,0
4323,0
4318,34
17171,0
10734,0
4313,61
17166,0
4310,35
17163,0
4301,0
17154,0
4286,0
4276,44
17129,0
10688,0
4267,0
10682,0
4259,0
10678,0
10674,0
4246,58
17099,0
4245,21
17098,0
10662,0
10661,0
17091,18
4238,0
4231,0
17084,0
4215,0
4205,28
17058,0
10625,0
4204,0
10613,0
4192,0
17031,17
4178,0
10596,0
4175,20
17028,0
10594,0
4173,0
4170,0
17023,0
10590,0
10586,0
10581,0
4159,8
17012,0
4156,0
4153,0
4152,35
17005,0
4146,0
16992,39
4139,0
4122,0
16975,0
10541,0
4117,0
16970,0
4115,35
16968,0
16966,4
4113,0
4103,0
4096,0
10515,0
10509,0
4088,16
16941,0
10505,0
4080,0
4075,0
4074,0
4067,0
4066,0
16916,23
4063,0
4061,0
4048,0
4041,0
16888,22
4035,0
10449,0
4028,0
4027,0
4026,0
10446,0
797,0
7218,0
20071,0
4015,26
16868,0
3999,10
16852,0
10418,0
16850,7
3997,0
7196,0
10414,0
3991,0
7192,32
20045,0
764,0
7185,31
20038,0
10403,0
16835,21
3982,0
3980,27
16833,0
10394,0
16826,2
3973,0
7161,0
736,0
10375,0
7155,28
20008,0
7136,39
19989,0
10354,0
3930,35
16783,0
7129,35
19982,0
10347,0
7119,0
3916,0
7115,56
19968,0
3912,0
7111,0
19964,0
3908,48
16761,0
3886,0
16739,0
7087,0
16726,29
3873,0
7075,0
3870,28
16723,0
7070,0
7068,0
7067,0
16717,20
3864,0
7060,31
19913,0
3853,70
16706,0
3846,0
10264,0
3843,0
13462,0
7041,0
3838,0
3830,0
7031,0
3828,2
16681,0
7024,0
10238,0
16653,3
3800,0
3796,0
16649,0
6998,0
10216,0
16648,66
3795,0
10214,0
3793,0
16646,0
16645,67
3792,0
6993,0
10209,0
6985,0
3777,0
16630,0
16628,15
3775,0
10192,0
3768,65
16621,0
559,0
16615,63
3762,0
6961,0
16611,10
3758,0
6975,62
19828,0
3743,0
6939,0
518,0
3720,0
6920,4
19773,0
19788,15
6935,0
10122,0
16554,23
3701,0
6884,0
19737,0
478,0
6872,0
6887,0
10090,0
10088,0
13271,0
6850,37
19703,0
3640,55
16493,0
408,2
13261,0
405,31
13258,0
416,0
13269,0
6837,56
19690,0
10041,0
13251,0
3612,16
16465,0
13244,0
6797,28
19650,0
10015,0
3594,0
3589,0
16442,0
6788,0
374,0
3577,0
16430,0
366,0
13188,0
13199,28
346,0
13214,22
361,0
16417,48
3564,0
356,0
3559,0
6757,0
9975,0
16407,5
3554,0
9974,0
3553,0
16395,10
3542,0
16394,31
3541,0
6737,0
9954,0
13144,0
9941,0
3520,0
13116,0
3492,0
6694,0
9912,0
3491,0
16343,36
3490,0
3463,16
16316,0
16314,42
3461,0
6659,54
19512,0
6655,0
246,0
3449,0
3438,0
16288,31
3435,0
3425,0
16278,0
6623,0
9841,0
3420,0
6619,0
3415,0
6612,0
16262,31
3409,0
16252,36
3399,0
6581,0
3378,0
13011,0
3372,0
16225,0
9792,0
3371,0
19409,57
6556,0
3352,0
9763,0
3342,42
16195,0
124,0
3327,0
3309,0
66,73
12919,0
19351,10
6498,0
12910,0
68,0
3271,0
12900,0
47,0
58,0
12875,1
22,0
3251,0
12888,0
46,0
12853,0
19285,58
6432,0
6425,0
3222,0
16075,0
19267,71
6414,0
3211,0
12834,0
6413,0
16063,62
3210,0
9615,0
3194,0
16045,63
3192,0
3187,0
3184,24
16037,0
3157,0
3154,0
3153,8
16006,0
6352,0
9570,0
3149,0
9560,0
3139,0
6331,0
9549,0
15968,54
3115,0
9532,0
3111,16
15964,0
15963,51
3110,0
6310,60
19163,0
3107,0
15960,0
3104,0
3098,0
15951,0
3086,0
15939,0
3078,0
12697,0
6276,0
3073,0
12696,0
6275,21
19128,0
3072,0
15925,0
15924,42
3071,0
3069,0
9488,0
3062,0
3056,19
15909,0
15900,24
3047,0
3040,0
3034,0
15881,23
3028,0
3023,53
15876,0
3016,0
3008,41
15861,0
12623,0
2999,0
6201,0
15851,56
2998,0
2995,0
9414,0
12609,0
6188,0
19041,0
2985,0
15838,0
2983,0
9403,0
2982,0
6180,31
19033,0
9398,0
2971,0
12594,0
15823,48
2970,0
15821,6
2968,0
2965,0
2959,0
2955,0
15808,0
15807,67
2954,0
15803,12
2950,0
2930,0
9349,0
9348,0
6121,0
6119,0
9336,0
2915,41
15768,0
9328,0
6090,0
6075,0
2872,0
12480,0
9277,0
6056,0
2853,0
6054,0
12462,0
15680,48
2827,0
9259,0
6030,0
6023,0
2818,0
9220,0
2793,0
2792,0
12415,0
12407,0
5986,0
9204,0
5972,0
9190,0
2757,38
15610,0
2768,0
15621,0
2765,0
2764,9
15617,0
2752,23
15605,0
9184,0
12386,0
2762,0
15602,0
9181,0
15613,67
2760,0
12375,0
5954,0
18807,0
15593,0
9172,0
2746,0
15584,0
9163,0
15579,0
9158,0
5932,0
15560,0
9139,0
5898,23
18751,0
2688,0
18728,42
5875,0
2666,0
15501,0
2648,0
15494,0
2652,0
9069,0
18703,23
5850,0
2647,0
5848,0
2638,0
2635,0
15453,0
9032,0
15451,0
2609,0
15462,0
12226,0
2602,63
15455,0
2585,42
15438,0
2596,0
9015,0
9014,0
2593,23
15446,0
18646,17
5793,0
2579,61
15432,0
12208,0
5787,0
2578,0
12201,0
5780,0
8998,0
8991,0
2558,7
15411,0
15409,0
2551,10
15404,0
8982,0
5762,0
2559,0
15400,0
12179,0
15397,18
2544,0
12178,0
2554,0
5756,0
2550,0
2546,0
15386,0
5746,0
18599,0
12164,0
5743,0
8961,0
2532,0
5734,0
2531,62
15384,0
8951,0
2530,0
12152,0
2520,0
8933,0
8903,0
8895,0
15310,0
8880,0
8861,0
2435,0
12053,0
8850,0
15270,28
2417,0
8849,0
15263,36
2410,0
8830,0
2386,56
15239,0
15227,54
2374,0
8806,0
12003,0
5579,0
18432,0
2376,0
8778,0
8765,0
5540,20
18393,0
15179,0
2326,0
8756,0
8747,0
5523,62
18376,0
2310,0
2307,0
8696,0
5474,0
2271,0
18326,73
5473,0
2259,31
15112,0
11893,0
5472,0
5471,0
15110,0
2257,0
8689,0
5469,0
8686,0
21539,0
15118,41
2265,0
8681,0
15095,0
8674,0
15093,35
2240,0
11873,0
8670,0
21523,0
8668,13
21521,0
8667,0
2246,0
8661,0
11863,0
2239,0
11862,0
11861,0
11858,0
2231,0
2228,0
11843,0
11837,0
2202,19
15055,0
8632,0
11830,0
5409,0
15048,0
2206,0
11829,0
5408,0
15045,0
8624,64
21477,0
10200,0
3779,0
5385,28
18238,0
15024,0
8603,0
15017,0
10191,0
16623,17
3770,0
5376,0
18229,0
6968,0
562,0
5371,0
2168,0
21441,17
8588,0
5366,0
6953,0
10171,0
10155,0
21411,10
8558,0
2108,0
486,0
14960,23
2107,0
3694,0
8518,0
21371,0
5276,0
5268,0
2054,52
14907,0
3652,39
16505,0
11679,0
8475,0
13284,0
442,0
3645,0
436,0
16492,48
3639,0
13265,0
6844,10
19697,0
3626,60
16479,0
21302,15
8449,0
2028,70
14881,0
2027,0
6841,0
3622,0
16475,0
5228,0
14867,0
2025,0
3609,0
14854,52
2001,0
378,18
13231,0
6810,66
19663,0
3607,0
16460,0
2010,0
3597,0
16450,0
14842,0
2000,0
3592,0
8416,0
1995,0
8415,0
1994,0
362,0
1983,0
5168,0
354,0
9978,0
1960,0
3545,56
16398,0
1948,0
3531,0
1934,0
1933,0
323,0
3526,0
11553,0
5132,0
14771,4
1918,0
8334,0
21187,0
6712,0
13142,0
5115,0
17968,0
6710,0
16360,17
3507,0
9907,0
5092,0
16336,2
3483,0
1886,0
14739,0
259,0
3477,0
1880,0
3469,0
13090,8
237,0
6658,0
19511,0
1858,0
8269,21
21122,0
1848,0
14689,0
1836,0
3442,0
1845,0
5042,0
1839,0
1832,0
1815,0
1809,0
13024,0
6603,0
8222,0
166,29
13019,0
19451,10
6598,0
3395,0
14629,0
1787,0
11393,0
3364,0
6573,60
19426,0
16185,74
3332,0
127,42
12980,0
17791,7
4938,0
1735,0
134,39
12987,0
3320,53
16173,0
3329,0
1723,0
9734,0
3313,51
16166,0
1711,0
6506,41
19359,0
6515,0
19368,0
12962,29
109,0
6488,24
19341,0
9706,0
3285,0
8109,0
12912,0
59,0
8103,0
3275,0
81,0
20947,70
8094,0
1673,0
3263,0
8087,0
1666,0
12878,0
9675,0
3254,20
16107,0
14499,0
49,0
3252,0
4841,57
17694,0
6428,0
3225,0
1628,0
3223,10
16076,0
17682,36
4829,0
12843,0
1,0
1622,0
6420,71
19273,0
9638,0
3217,0
6419,31
19272,0
8040,10
20893,0
1619,0
6410,53
19263,0
3207,0
6430,0
19283,0
4809,0
1606,0
12823,0
6402,69
19255,0
3199,0
16052,0
8023,0
3198,0
11225,0
1601,0
6407,0
3204,0
11222,0
14440,0
1598,0
9604,0
14423,0
16029,10
3176,0
8000,0
1579,0
11196,0
1572,0
12790,0
3166,0
4772,10
17625,0
11192,0
11190,0
4769,0
17622,0
7987,15
20840,0
4765,56
17618,0
20836,17
7983,0
1562,0
7962,0
11161,0
4740,0
17593,0
1537,0
9538,0
15970,19
3117,0
1520,0
6306,67
19159,0
1506,0
12701,0
15930,21
3077,0
7901,0
1480,0
7888,0
3063,0
4664,0
4659,0
7877,0
15899,23
3046,0
4649,18
17502,0
4648,0
7866,20
20719,0
1444,0
4641,25
17494,0
4637,0
20708,60
7855,0
1434,0
15878,20
3025,0
14270,0
11051,0
7848,0
1427,0
4623,0
17470,50
4617,0
1412,0
1409,0
4610,6
17463,0
1407,0
3003,0
11030,0
4609,0
17462,0
1406,0
3001,16
15854,0
7825,0
4585,0
20655,60
7802,0
4581,70
17434,0
1367,56
14220,0
2964,0
15817,0
2963,13
15816,0
9382,0
15811,12
2958,0
1360,0
2917,0
10944,0
4519,0
17372,0
1316,0
20586,6
7733,0
1312,0
1300,0
1292,0
4488,0
17341,0
9302,0
2881,0
20546,65
7693,0
6065,0
9283,0
15715,15
2862,0
7686,0
1260,0
1252,0
4454,0
7672,0
20525,0
17284,16
4431,0
4429,0
17282,0
7647,0
1226,0
9234,0
9230,0
1212,0
7632,0
20485,0
1211,0
6010,44
18863,0
1210,0
10833,0
4411,10
17264,0
7629,0
6000,0
15639,0
7621,11
20474,0
20471,23
7618,0
1197,0
2785,0
7609,0
4385,37
17238,0
7603,0
4380,61
17233,0
1159,8
14012,0
15596,0
10781,0
7577,0
1156,0
7569,0
12368,0
5947,0
20421,73
7568,0
4341,60
17194,0
4340,0
7558,0
7555,0
5925,37
18778,0
10749,0
4328,0
1125,0
10748,0
17180,35
4327,0
314,0
11544,0
5123,0
15562,0
1123,0
1919,0
15556,0
11526,0
5105,7
17958,0
13946,0
1104,0
1103,0
1897,0
4303,49
17156,0
20374,60
7521,0
279,0
9903,0
8306,0
1885,0
1088,0
10709,0
1085,0
2681,0
1082,0
256,0
3474,0
16327,0
14719,0
5880,0
2677,0
7501,0
20353,44
7500,0
1079,0
1871,0
2671,0
7495,56
20348,0
1074,0
1072,0
3460,0
1863,0
13908,0
16312,2
3459,0
1862,0
14715,0
10687,0
4266,0
16299,23
3446,0
5052,0
8270,44
21123,0
4255,0
7468,11
20321,0
11461,0
5040,0
14679,0
1036,0
13874,0
1032,0
10648,0
4227,28
17080,0
13041,0
199,0
13052,0
2620,0
1023,0
10644,0
4223,63
17076,0
9834,0
1019,0
10640,0
4218,13
17071,0
15448,0
10633,0
4212,0
7424,0
176,0
13045,0
20274,23
7421,0
1000,0
10622,0
4201,8
17054,0
10615,0
991,0
162,0
6583,0
16233,69
3380,0
8204,0
15425,0
7407,0
16234,66
3381,0
3390,0
5783,0
2568,44
15421,0
982,0
978,0
11397,0
1771,0
15410,0
971,0
8987,0
2566,0
17025,10
4172,0
969,0
21039,66
8186,0
5708,0
4111,0
16964,0
908,0
20968,67
8115,0
4100,13
16953,0
7318,0
897,0
6493,0
3290,66
16143,0
8114,0
1693,0
4099,0
16952,0
896,0
7310,0
889,0
8102,0
8105,0
884,0
9697,0
10506,0
2470,0
873,0
3264,0
16117,0
5670,0
18523,0
2467,0
16922,1
4069,0
20140,23
7287,0
857,0
8069,0
20922,0
4054,0
4052,0
4051,0
1623,43
14476,0
8055,0
1634,0
3243,28
16096,0
6461,0
8855,0
7234,24
20087,0
16884,41
4031,0
11232,0
8029,0
4000,63
16853,0
5593,0
2390,0
778,0
793,0
4791,23
17644,0
1588,0
5583,36
18436,0
11201,0
9582,0
20838,23
7985,0
10391,0
7168,19
20021,0
13615,44
762,0
7975,0
757,0
754,0
9563,0
15995,8
3142,0
4748,53
17601,0
7966,0
733,0
7154,0
5545,71
18398,0
11962,0
5541,0
18394,0
10358,0
718,0
20803,23
7950,0
732,0
11946,0
5525,28
18378,0
3928,0
20793,60
7940,0
1519,0
7124,0
6312,0
3109,0
14354,0
1512,0
3918,0
5507,0
18360,0
15146,0
8725,0
5506,0
3909,22
16762,0
8722,19
21575,0
7110,54
19963,0
704,0
677,19
13530,0
688,0
3096,0
15949,0
1499,0
9515,0
3094,0
11121,0
4700,0
20771,23
7918,0
10324,0
19957,60
7104,0
4697,0
697,0
9510,0
3089,0
3898,0
7097,0
19950,0
10315,0
3894,60
16747,0
6283,44
19136,0
15933,30
3080,0
3888,0
685,0
7090,69
19943,0
684,0
7088,0
682,0
7085,0
16202,15
3349,0
5755,0
15394,0
955,0
2952,0
5358,0
2155,0
18605,57
5752,0
15391,18
2538,0
952,0
7771,0
20624,0
1350,0
16600,28
3747,0
11773,0
19810,4
6957,0
20618,69
7765,0
7763,0
14177,0
6944,0
15777,11
2924,0
2923,0
20600,37
7747,0
505,0
6926,0
3723,0
14968,48
2115,0
8547,0
6546,0
104,0
6525,0
19378,0
16175,13
3322,0
6534,23
19387,0
8943,0
925,0
19787,6
6934,0
2912,0
4518,0
14957,0
14156,19
1303,0
6914,0
19767,0
12532,0
6111,0
16561,60
3708,0
504,0
10128,0
11734,0
14963,60
2110,0
14951,0
1306,0
6930,0
6101,0
2898,0
7722,0
8113,0
4098,0
6093,0
4494,44
17347,0
3688,0
489,0
13285,0
2064,0
6873,0
7684,0
1263,0
3660,0
16513,0
18514,13
5661,0
4064,0
16917,0
7679,24
20532,0
20917,10
8064,0
13688,0
835,0
2843,0
19699,39
6846,0
3241,49
16094,0
27,23
12880,0
4038,0
13266,0
5620,0
7226,17
20079,0
10841,0
4420,11
17273,0
1217,0
12424,0
6003,0
1203,0
393,0
16449,19
3596,0
4401,8
17254,0
6807,0
10025,0
13243,0
390,0
6384,0
16843,64
3990,0
787,0
381,0
13232,55
379,0
6811,47
19664,0
15623,0
9202,0
10808,0
7605,46
20458,0
1184,0
15217,0
8796,0
2375,0
7184,37
20037,0
9196,0
2775,0
6778,0
372,10
13225,0
12397,0
9194,0
13197,0
3572,0
5178,0
8396,0
16021,10
3168,0
2371,0
10398,0
12395,0
5573,70
18426,0
1971,0
4372,23
17225,0
3563,0
1966,0
16400,7
3547,0
3556,0
16409,0
1949,0
6758,0
5543,60
18396,0
8761,0
10367,0
16392,21
3539,0
334,66
13187,0
345,0
9550,0
3129,0
4735,0
5535,67
18388,0
4338,0
17191,0
10355,0
3934,19
16787,0
3528,0
6740,0
5127,0
17980,0
3917,29
16770,0
293,0
6714,0
3511,0
8730,0
14751,41
1898,0
12332,0
15550,0
13950,0
20382,1
7529,0
16367,2
3514,0
3095,0
14340,0
1498,0
4304,28
17157,0
1493,0
7102,0
19955,0
284,0
13141,0
299,0
3472,0
1078,0
6687,31
19540,0
867,0
5870,0
9088,0
3256,0
20927,63
8074,0
9680,0
3259,39
16112,0
16909,21
4056,0
6471,0
50,0
9674,0
3253,0
1656,0
12886,0
6877,0
6665,0
1842,0
18686,69
5833,0
9051,0
16283,17
3430,0
1029,0
12243,0
5822,0
1022,0
3405,36
16258,0
1808,0
15450,0
10831,0
1207,0
13237,0
6816,0
5807,0
18660,0
9025,0
7428,0
18062,48
5209,0
8427,0
1996,0
3396,0
1990,0
14843,0
3387,0
4993,0
1790,0
1785,0
14805,0
1963,0
4963,57
17816,0
1760,0
3360,0
16213,0
21037,44
8184,0
13008,0
11385,0
960,0
16005,47
3152,0
2951,72
15804,0
3751,22
16604,0
11575,0
1951,0
11775,0
9769,0
3348,35
16201,0
8172,0
3351,0
6746,0
1946,0
2542,0
945,0
9363,0
136,0
19410,11
6557,0
18590,66
5737,0
930,0
9760,0
3339,0
6533,44
19386,0
12969,0
10548,0
4127,0
5722,21
18575,0
8940,0
16978,16
4125,0
922,0
4525,0
525,0
524,0
17972,67
5119,0
2517,0
7341,0
6520,63
19373,0
9738,0
3317,0
16170,0
903,0
6912,0
19780,19
6927,0
5899,0
18752,0
4302,15
17155,0
8117,0
2896,0
14941,0
19761,22
6908,0
502,0
6511,0
19364,0
105,0
15416,0
977,0
12907,0
6486,0
3277,12
16130,0
1680,0
5283,0
14922,0
2480,0
11497,0
1076,0
3473,0
6476,23
19329,0
3273,0
16126,0
7296,0
875,0
20949,76
8096,0
1675,0
474,0
272,0
12908,0
3269,28
16122,0
19334,54
6481,0
5162,0
9777,0
3356,0
8086,0
2491,0
16950,64
4097,0
894,0
497,0
6453,0
10868,0
13274,0
5250,0
850,0
1741,0
3347,0
16200,0
144,0
12162,0
4144,21
16997,0
941,0
6941,0
3738,56
16591,0
16294,15
3441,0
3893,0
9108,0
3287,19
16140,0
6499,0
7311,0
1729,69
14582,0
4143,0
1340,0
9761,0
3340,0
9861,0
3440,0
9554,0
11160,0
4739,0
6539,0
8160,0
10563,0
4142,63
16995,0
839,0
7263,0
20116,0
842,0
6442,0
19295,0
4845,0
8063,0
2039,0
20557,15
7704,0
10151,0
8554,0
3630,0
14875,0
3228,0
1631,0
15368,0
2526,0
4132,0
16985,0
10156,0
3735,0
16588,0
5732,19
18585,0
4135,51
16988,0
932,0
6541,0
1917,0
8441,0
8044,0
4071,0
1715,0
918,0
9736,0
1332,0
9374,0
1356,0
8080,0
18,0
10352,0
9146,0
10752,0
4331,33
17184,0
5331,0
12426,0
6005,23
18858,0
4408,0
20479,23
7626,0
3744,53
16597,0
7659,0
7698,0
10095,0
17086,19
4233,0
1030,0
6639,0
19492,0
233,0
4107,0
19657,23
6804,0
10825,0
1201,0
6801,59
19654,0
9365,0
15797,60
2944,0
1347,0
550,0
6636,31
19489,0
16286,69
3433,0
14055,0
2013,0
7222,0
16872,10
4019,0
816,0
1616,0
2449,0
4055,0
16908,0
13694,0
2102,0
16155,4
3302,0
3599,0
13247,0
7093,24
19946,0
10311,0
687,0
20161,15
7308,0
9305,0
2884,0
10464,0
4043,0
4220,44
17073,0
20834,1
20264,1
18621,1
18423,1
17212,1
17036,1
16399,1
10100,1
10062,1
377,1
5887,1
4712,1
3892,14
16745,1
5677,23
18530,1
15253,1
8137,1
12841,1
1460,32
14313,1
20392,17
7539,1
10593,1
6465,28
19318,1
21382,2
21297,2
20757,2
20682,2
18490,2
18252,2
17317,2
16481,2
16159,2
15967,2
2850,60
15703,2
15103,2
14672,2
13136,2
13023,2
12573,2
12383,2
12318,2
12202,2
10922,2
10551,2
10453,2
10434,2
10419,2
10292,2
9981,2
9927,2
15413,76
2560,2
15366,4
2513,2
15281,28
2428,2
15056,76
2203,2
2114,8
14967,2
2080,69
14933,2
2047,32
14900,2
14393,2
7332,2
13113,7
260,2
6199,2
5563,2
5505,2
5291,2
11539,2
4956,29
17809,2
4894,2
11113,2
4621,2
17052,5
4199,2
4160,2
16973,50
4120,2
3841,2
16472,21
3619,2
13262,5
409,2
6723,2
3118,2
6274,23
19127,2
15889,48
3036,2
15769,7
2916,2
12389,2
2729,2
15325,2
2238,30
15091,2
18296,18
5443,2
14949,2
9952,2
14755,17
1902,2
6686,41
19539,2
6547,2
1620,2
7870,2
12378,2
1152,2
9135,2
9098,2
1816,2
983,2
2505,2
4887,2
16837,41
3984,2
16804,70
3951,2
15944,17
3091,2
15213,2
3971,23
16824,2
9977,2
9926,2
56,2
4410,2
963,2
8572,2
130,2
15598,2
7260,2
16836,3
15902,3
15759,3
2849,21
15702,3
2340,21
15193,3
12184,3
11930,3
10439,3
9936,3
9547,3
15496,3
9044,3
8928,3
8898,3
8808,3
8785,3
2304,23
15157,3
15032,3
21408,10
8555,3
7657,3
20132,15
7279,3
20119,76
7266,3
6730,3
5938,3
11756,3
11628,3
11476,3
4613,3
17251,52
4398,3
4389,3
4240,3
3985,42
16838,3
3787,3
554,3
6683,3
13059,3
19428,10
6575,3
9613,3
9477,3
9354,3
2928,3
2856,76
15709,3
9116,3
14934,3
19680,23
6827,3
5012,3
9587,3
7861,3
15708,3
7681,3
1234,3
7498,3
1797,3
8724,3
7732,3
6572,3
7320,3
12897,3
16527,36
3674,3
7768,3
18540,62
5687,3
20013,4
18782,4
18504,4
17422,4
17361,4
17148,4
16176,4
2722,18
15575,4
12759,4
12409,4
11801,4
11711,4
11466,4
11251,4
11236,4
10361,4
10335,4
9779,4
9733,4
8835,4
8710,4
21460,37
8607,4
8108,4
7813,10
20666,4
20401,48
7548,4
13735,34
882,4
7221,4
6819,4
13185,4
12469,4
12398,4
5713,19
18566,4
18407,12
5554,4
5508,4
5470,75
18323,4
11237,4
11177,4
10313,4
220,4
3266,12
16119,4
3249,4
5964,4
9182,4
5788,4
5678,23
18531,4
8658,4
8623,4
8615,4
6982,4
5203,4
7899,4
15829,42
2976,4
1193,4
9210,4
9175,4
10521,4
87,29
12940,4
686,44
13539,4
8162,4
20159,5
19191,5
18549,5
18488,5
18465,5
18362,5
16304,5
16150,5
13790,53
937,5
13321,5
12687,5
12657,5
12627,5
12592,5
12571,5
12483,5
12336,5
12274,5
12259,5
12246,5
12235,5
12197,5
12147,5
12125,5
12112,5
12102,5
11989,5
11960,5
11940,5
11934,5
11907,5
11746,5
11291,5
7874,5
12774,5
12732,5
12509,5
12435,5
12316,5
5711,36
18564,5
12131,5
12101,5
11913,5
690,21
13543,5
15984,11
3131,5
15981,67
3128,5
12731,5
3092,5
12632,5
3007,5
5742,29
18595,5
4881,5
38,34
12891,5
3219,5
15956,66
3103,5
15896,7
3043,5
15832,17
2979,5
12091,5
12514,5
1916,5
3133,5
3122,5
16555,8
3702,5
20794,6
20226,6
18258,6
16819,6
16812,6
14542,39
1689,6
11320,6
11301,6
10974,6
10855,6
8559,11
21412,6
8311,28
21164,6
8262,6
7723,6
7644,57
20497,6
11633,6
6641,6
8892,6
420,6
1251,6
4216,6
1554,6
6504,60
19357,6
4376,6
2750,6
5112,24
17965,6
6708,28
19561,6
7465,6
1128,6
8422,66
21275,6
9231,6
21222,7
20657,7
19812,7
19466,7
19440,7
19365,7
18997,7
16798,7
16590,7
16244,7
16219,7
12035,7
11565,7
11018,7
10884,7
10427,7
9965,7
8742,7
14540,7
7817,10
20670,7
7755,7
19713,10
6860,7
388,7
6711,7
17896,55
5043,7
3954,23
16807,7
202,7
212,7
6313,7
6242,7
9428,7
2761,7
2270,7
11689,7
21301,57
8448,7
8350,34
21203,7
17901,13
5048,7
1225,7
12914,7
6288,7
151,7
539,7
6931,29
19784,7
2756,7
739,7
20946,8
19959,8
19895,8
19379,8
19208,8
19155,8
18342,8
17853,8
17569,8
17015,8
16796,8
16707,8
16675,8
16563,8
16420,8
16404,8
16403,8
15898,8
2151,19
15004,8
12937,8
12225,8
11983,8
11910,8
11743,8
11274,8
11104,8
10978,8
10848,8
10508,8
10458,8
10371,8
9918,8
9497,8
9443,8
9020,8
8717,8
21140,19
8287,8
8255,8
7810,8
13753,8
12959,8
6538,8
37,11
12890,8
18988,10
6135,8
12236,8
5675,8
11707,8
4890,8
4812,8
11086,8
4605,8
4537,8
10786,8
4237,8
4229,66
17082,8
17035,60
4182,8
7077,41
19930,8
128,54
12981,8
3180,8
3067,16
15920,8
9434,8
9392,8
9087,8
2569,8
5582,23
18435,8
11895,8
15111,8
2097,8
9928,8
21077,67
8224,8
12883,8
1626,8
9619,8
4744,62
17597,8
3026,54
15879,8
7796,8
1276,8
10867,8
1209,8
2660,8
20337,17
7484,8
15479,8
7453,8
1020,8
2583,8
4976,57
17829,8
5597,8
7199,8
16813,44
3960,8
16792,31
3939,8
7130,54
19983,8
703,8
17808,17
4955,8
553,8
1335,8
18157,24
5304,8
820,8
3604,44
16457,8
9893,8
441,8
13787,8
3093,8
10518,8
6853,8
13060,8
12852,8
1649,8
19559,9
9203,9
15424,9
5724,39
18577,9
11753,9
18048,15
5195,9
5139,9
4941,9
17677,66
4824,9
3155,9
3051,9
18111,66
5258,9
7873,9
18810,42
5957,9
1148,9
6677,9
3748,9
8206,9
7304,9
20913,44
8060,9
21357,10
21287,10
21228,10
21071,10
21040,10
20945,10
20797,10
20311,10
20298,10
19799,10
19758,10
19751,10
19507,10
19441,10
19435,10
19411,10
19343,10
19270,10
18986,10
18223,10
18182,10
18138,10
17837,10
17785,10
17784,10
17777,10
17612,10
17576,10
17182,10
17178,10
17146,10
17115,10
17004,10
16925,10
16923,10
16873,10
16700,10
16685,10
16444,10
16427,10
16307,10
16026,10
15997,10
15894,10
15682,10
15600,10
15565,10
15387,13
2534,10
14982,10
14623,10
14537,24
1684,10
1541,63
14394,10
13704,57
851,10
13189,10
271,35
13124,10
13072,10
12676,10
12305,10
12195,10
12156,10
12054,10
11968,10
11449,10
11279,10
11143,10
11041,10
11029,10
10950,10
10908,10
10883,10
10843,10
10432,10
10224,10
9804,10
9343,10
15077,21
2224,10
21362,41
8509,10
8327,10
14619,10
8020,10
7997,10
20725,47
7872,10
7824,10
14131,10
7494,10
7490,10
7482,10
7469,10
7319,10
7220,10
7074,32
19927,10
7027,16
19880,10
496,10
19702,69
6849,10
13212,10
13210,10
13194,10
13182,10
6629,33
19482,10
12949,78
96,10
6473,10
12699,10
6223,10
12629,10
12620,10
12610,10
6103,10
6096,10
12356,10
12331,10
5750,10
18563,59
5710,10
5516,10
5481,14
18334,10
5377,10
11755,10
11748,10
11744,10
11505,10
17897,25
5044,10
4908,10
17746,69
4893,10
11078,10
10928,10
10872,10
4369,10
10462,10
3993,10
3933,10
3920,10
3874,11
16727,10
7049,62
19902,10
3839,10
3833,10
3831,31
16684,10
16650,35
3797,10
10213,10
544,10
6815,10
6830,23
19683,10
16275,17
3422,10
3418,10
16269,17
3416,10
143,29
12996,10
13006,21
153,10
12988,57
135,10
3229,10
9539,10
9526,10
12722,10
9472,10
6157,10
6070,10
15675,10
18610,44
5757,10
15396,16
2543,10
2540,10
5723,63
18576,10
2471,76
15324,10
5671,10
8771,10
15121,47
2268,10
5442,10
2219,10
6907,47
19760,10
1835,10
9640,10
1581,10
7993,10
7958,20
20811,10
10909,10
7650,10
15655,31
2802,10
2797,10
3517,13
16370,10
1118,10
2714,10
8258,10
16270,64
3417,10
16266,32
3413,10
9027,10
3394,10
16247,10
12203,10
4884,10
7305,10
1667,10
15276,10
768,10
1577,10
3161,10
748,10
16801,32
3948,10
7913,61
20766,10
3085,10
2281,10
1477,10
12973,10
2552,10
5352,24
18205,10
545,10
125,10
12978,10
11738,10
1291,10
3632,10
4787,62
17640,10
353,27
13206,10
13211,10
7992,10
12719,10
10694,10
7443,10
4964,10
1354,10
5357,54
18210,10
142,67
12995,10
4937,10
12965,10
2500,10
3298,10
10895,10
14201,10
5665,10
844,10
6856,10
3336,10
3239,10
836,10
17771,50
4918,10
7749,10
4021,23
16874,10
21337,11
20432,11
18832,11
17975,11
17848,11
17661,11
17558,11
16911,11
16817,11
16719,11
16665,11
16337,11
15482,11
12572,11
12255,11
11750,11
11700,11
11687,11
11452,11
11424,11
11340,11
11317,11
11106,11
10964,11
10870,11
10600,11
10500,11
10032,11
10027,11
9970,11
9937,11
9896,11
9652,11
15679,11
2826,11
8893,11
15153,11
8317,11
8297,11
8286,11
7774,11
20529,56
7676,11
7462,11
20302,44
7449,11
20241,15
7388,11
534,11
6809,11
6798,42
19651,11
6670,11
19375,65
6522,11
6458,11
6227,11
6187,11
6102,11
18955,11
5906,11
12239,11
5461,11
4920,63
17773,11
10599,11
10597,11
10538,11
16811,66
3958,11
10094,11
3631,11
10040,11
13203,11
6621,52
19474,11
9605,11
18895,66
6042,11
5968,11
2488,11
5624,11
15188,37
2335,11
5455,51
18308,11
2234,11
3713,11
21300,71
8447,11
6783,11
13165,11
8339,63
21192,11
9930,11
13131,11
6680,11
8219,11
17825,24
4972,11
4892,11
14524,11
4775,11
3163,79
16016,11
1446,11
1438,11
1288,11
1284,11
2825,11
2807,11
2613,11
6299,11
5313,37
18166,11
10053,11
15259,11
5976,11
9994,11
7949,20
20802,11
18354,17
5501,11
5078,11
13025,11
10556,11
6325,63
19178,11
1328,11
2437,11
19833,12
18849,12
17410,12
17113,12
8438,53
21291,12
7715,12
5603,29
18456,12
18604,50
5751,12
1445,76
14298,12
11118,12
4504,63
17357,12
9677,12
18483,13
17964,13
17922,13
17900,13
16207,13
16141,13
14876,13
14860,13
1047,75
13900,13
12783,13
11855,13
11220,13
9606,13
9229,13
9187,13
9160,13
8644,13
8614,13
8611,13
13435,13
7008,13
6972,13
6372,13
6349,13
5644,31
18497,13
11859,13
11850,13
5264,13
11227,13
4657,13
4574,13
4149,13
4094,13
4089,13
19856,57
7003,13
3480,13
3456,13
6356,13
2962,13
12463,13
9189,13
2574,57
15427,13
8619,13
5257,13
5219,13
16339,78
3486,13
9741,13
2961,13
2960,13
3468,13
4092,13
4085,13
8702,13
2279,13
8155,13
4123,13
920,13
899,13
9177,13
4562,13
15380,13
541,13
19241,14
17776,14
15855,14
8091,14
20938,22
8085,14
1359,31
14212,14
7126,14
4603,14
1361,14
1761,14
3315,14
21436,15
21414,15
21403,15
21385,15
21378,15
21356,15
21336,15
21330,15
21298,15
21264,15
21248,15
21211,15
21179,15
21165,15
21113,15
21109,15
21103,15
21095,15
21055,15
21036,15
21014,15
20954,15
20937,15
20826,15
20822,15
20784,15
20715,15
20706,15
20628,15
20569,15
20548,15
20490,15
20463,15
20443,15
20442,15
20412,15
20339,15
20332,15
20324,15
20309,15
20304,15
20299,15
20273,15
20269,15
20249,15
20233,15
20221,15
20217,15
20213,15
20189,15
20187,15
20166,15
20151,15
20138,15
19254,15
19174,15
18052,15
17032,15
16913,15
16664,15
16619,15
16585,15
16546,15
16545,15
16315,15
16246,15
15833,15
15800,15
15753,15
15515,15
2173,36
15026,15
14882,64
2029,15
13714,66
861,15
13014,15
40,36
12893,15
12266,15
11705,15
10907,15
10130,15
8890,15
8745,15
15023,15
8582,76
21435,15
21393,54
8540,15
8472,74
21325,15
8428,66
21281,15
7994,15
7954,56
20807,15
7875,36
20728,15
7821,15
7726,15
7682,21
20535,15
7481,35
20334,15
7413,21
20266,15
7382,54
20235,15
7264,15
20117,15
6586,15
12935,42
82,15
6047,15
5402,15
5055,15
17630,44
4777,15
4012,22
16865,15
3968,15
3872,63
16725,15
3860,15
3782,67
16635,15
16502,78
3649,15
6840,15
3634,70
16487,15
3585,15
196,15
15594,15
8976,15
8972,15
2394,66
15247,15
2253,15
15079,15
2236,15
2205,15
2055,15
14752,15
8293,69
21146,15
1764,15
14,15
7948,48
20801,15
1381,15
1124,15
7505,23
20358,15
7487,41
20340,15
986,15
7404,76
20257,15
976,15
7317,31
20170,15
1529,15
19981,66
7128,15
6297,15
6790,15
1108,15
7517,29
20370,15
7491,23
20344,15
2619,15
8520,23
21373,15
8294,15
93,15
7353,19
20206,15
1087,15
7438,37
20291,15
19050,16
17523,16
17089,16
16285,16
16251,16
16188,16
16133,16
15510,16
699,60
13552,16
12810,16
12785,16
12413,16
11794,16
11284,16
10796,16
10755,16
10743,16
10710,16
10416,16
10356,16
9745,16
9299,16
9217,16
8629,16
8618,16
7100,16
19933,63
7080,16
6981,16
6483,16
6434,16
12523,16
5909,16
5905,16
5819,16
11832,16
11798,16
5360,16
5269,16
11256,16
11228,16
4768,16
4081,16
7020,16
330,16
16386,23
3533,16
12846,16
5945,16
8760,16
8728,16
8678,16
11864,16
6369,16
11193,16
9218,16
13966,16
3482,16
15523,16
9880,16
2565,16
13739,16
10321,16
16437,61
3584,16
9192,16
9781,16
5223,16
3684,16
21437,17
21413,17
21324,17
21315,17
21265,17
21081,17
21044,17
20988,17
20918,17
20915,17
20776,17
20680,17
20639,17
20564,17
20533,17
20450,17
20414,17
20391,17
20368,17
20252,17
20181,17
20174,17
19742,17
19029,17
18627,17
17034,17
16735,17
16715,17
16698,17
16642,17
16584,17
16569,17
16263,17
15886,17
15723,17
2787,21
15640,17
15265,17
15211,17
15141,17
12616,17
12211,17
12005,17
11528,17
11470,17
11283,17
11060,17
10529,17
10430,17
10393,17
10225,17
9860,17
9825,17
9091,17
8997,17
8637,58
21490,17
15002,44
2149,17
2109,75
14962,17
21166,32
8313,17
8226,17
8048,17
7836,17
7678,19
20531,17
7514,20
20367,17
13890,17
7354,19
20207,17
7244,17
6789,24
19642,17
6765,17
6134,17
6094,17
5926,17
11724,17
11635,17
11481,17
11475,17
4357,17
7157,17
3755,38
16608,17
16574,36
3721,17
9985,17
160,17
19307,19
6454,17
9576,17
9519,17
12664,17
6198,17
15695,17
2839,23
15692,17
15570,17
12296,17
2659,17
15489,17
8979,17
15336,23
2483,17
5415,17
15053,17
11721,17
2089,17
17787,19
4934,17
6466,17
4472,17
12346,17
968,17
10532,17
74,17
4014,17
3996,17
1564,44
14417,17
5556,17
19966,23
7113,17
7083,17
8970,17
15001,24
2148,17
6115,17
8005,17
10411,17
1178,17
774,17
3571,58
16424,17
5911,17
1096,17
1070,17
1853,17
3377,69
16230,17
8501,59
21354,17
8868,17
3680,63
16533,17
2929,23
15782,17
21553,18
21551,18
19571,18
19515,18
19053,18
19045,18
18665,18
18481,18
17440,18
16434,18
16164,18
12630,18
11802,18
11413,18
11221,18
10715,18
10699,18
9744,18
9417,18
7869,18
7541,18
20112,44
7259,18
13291,27
438,18
6709,21
19562,18
18732,23
5879,18
5815,18
5034,63
17887,18
11241,18
4644,18
4105,18
6965,18
15668,38
2815,18
3760,18
11787,18
7544,18
1024,18
7099,18
1924,18
10338,18
12150,18
8905,18
19860,19
19383,19
19312,19
19180,19
18910,19
18239,19
17835,19
17810,19
17687,19
17551,19
16677,19
16523,19
15778,19
15144,23
2291,19
2266,32
15119,19
11619,19
11378,19
11136,19
10971,19
10961,19
10849,19
10110,19
10071,19
9891,19
9833,19
9454,19
9033,19
21415,76
8562,19
21283,63
8430,19
7895,19
7687,19
7344,19
7045,19
6818,19
6725,19
6697,19
6562,19
6497,19
6427,35
19280,19
11954,19
5465,19
5082,19
4586,19
4161,19
3856,19
3790,19
10058,19
376,19
3039,53
15892,19
2946,19
2945,19
2769,19
5805,35
18658,19
8909,19
12083,19
5608,19
10066,19
6828,66
19681,19
5001,19
3384,19
1678,19
1425,19
9338,19
7729,19
4437,19
1679,19
10435,19
767,19
741,19
3910,19
19962,54
7109,19
9345,19
2126,19
83,19
1584,19
735,19
6604,19
7497,19
20168,28
7315,19
20215,44
7362,19
6836,19
3598,19
16568,20
16549,20
1686,27
14539,20
12237,20
11933,20
11105,20
11090,20
11015,20
10112,20
10057,20
9599,20
9388,20
8992,20
15278,20
8784,20
15120,20
8545,20
14729,20
7974,20
7864,20
20216,51
7363,20
7349,20
6661,20
6635,20
6287,20
6088,20
11730,20
11643,20
10790,20
16710,66
3857,20
10222,20
3681,20
6852,20
10068,20
9437,20
12155,20
12045,20
2379,20
5440,20
3785,67
16638,20
10115,20
11636,20
11510,20
8007,20
1526,20
1456,20
14761,20
1071,20
811,20
7189,20
8733,20
2549,20
3258,20
817,20
4023,20
1571,20
1173,20
9040,20
3382,20
5694,20
10054,20
20493,21
17554,21
16839,21
16834,21
16795,21
16471,21
16470,21
16469,21
16468,21
16393,21
16390,21
15637,21
14586,21
14402,21
12580,21
12304,21
12227,21
12119,21
12001,21
11908,21
11571,21
10542,21
10240,21
10092,21
10076,21
10074,21
9875,21
9612,21
9588,21
9503,21
9266,21
15626,44
2773,21
8968,21
8908,21
8788,21
8736,21
15006,44
2153,21
8491,21
8378,21
14551,21
8028,21
14324,23
1471,21
14316,21
7851,21
20693,66
7840,21
7702,21
7474,21
7275,21
508,21
6773,21
6739,21
6733,21
6684,21
6509,21
6324,21
6305,21
6252,21
6205,21
6043,21
6033,21
5604,21
4998,21
4560,21
4440,21
4399,21
4253,21
4241,21
17081,54
4228,21
16711,55
3858,21
3808,21
3807,21
3757,21
3620,31
16473,21
273,58
13126,21
9901,21
53,21
9531,21
3048,27
15901,21
15739,57
2886,21
2772,21
5914,21
12128,21
12064,21
2396,21
2346,21
2339,21
2213,21
5414,21
2211,21
10186,21
3765,21
3764,21
2163,21
3750,21
531,21
3651,21
2049,21
6825,21
13204,21
5083,21
11433,21
1714,21
1708,21
85,21
12889,36
36,21
1586,21
1568,21
1567,21
7956,21
6280,21
7850,21
1420,21
7835,21
1382,21
9385,21
1363,21
1298,21
20562,44
7709,21
2809,21
4412,21
1182,21
4384,21
6685,21
4285,21
1783,21
4177,21
2494,21
866,21
7278,21
1648,21
1545,21
692,21
3905,21
702,21
700,21
695,21
693,21
691,21
536,21
1315,31
14168,21
529,21
513,21
2908,21
512,21
509,21
7267,21
13223,21
4387,21
6776,21
9993,21
9992,21
701,21
2608,21
1763,21
1555,21
6154,21
548,21
9369,21
7766,21
10163,21
1322,21
108,21
506,21
1496,21
6568,21
1244,21
10565,21
1090,21
7761,21
521,21
5528,21
16454,23
3601,21
7622,21
21447,22
21308,22
20804,22
19815,22
18719,22
18303,22
11878,22
11758,22
11754,22
11109,22
10253,22
9647,22
8388,22
20883,37
8030,22
8017,22
20583,23
7730,22
12866,57
13,22
6257,22
11904,22
5410,22
4755,22
4745,22
10973,22
7229,22
2918,22
2691,22
8999,22
11877,22
1872,22
11359,22
20900,23
8047,22
1428,22
17328,64
4475,22
7444,22
10598,22
837,22
3900,22
1258,22
10459,22
3977,22
2667,22
1650,22
4554,22
859,22
10165,22
21479,23
21453,23
21405,23
21272,23
21271,23
21256,23
21236,23
21234,23
21232,23
21221,23
21194,23
21189,23
21114,23
21053,23
21049,23
21045,23
21022,23
21012,23
20969,23
20920,23
20896,23
20813,23
20812,23
20800,23
20798,23
20779,23
20672,23
20660,23
20658,23
20648,23
20630,23
20566,23
20561,23
20545,23
20502,23
20499,23
20470,23
20455,23
20448,23
20440,23
20407,23
20400,23
20284,23
20278,23
20255,23
20105,23
19978,23
19850,23
19803,23
19745,23
19723,23
19710,23
19427,23
19171,23
19009,23
18953,23
18769,23
18718,23
18699,23
18283,23
18155,23
17988,23
17802,23
17616,23
17556,23
16910,23
16858,23
16818,23
16816,23
16802,23
16705,23
16672,23
16461,23
16388,23
16377,23
16376,23
16371,23
16350,23
16324,23
16317,23
15790,23
15415,68
2562,23
15136,23
14516,23
14180,28
1327,23
12721,23
12631,23
12306,23
12207,23
12085,23
12061,23
12042,23
11879,23
11736,23
11727,23
11667,23
11629,23
11621,23
11564,23
11543,23
11500,23
11494,23
11443,23
11307,23
11047,23
10499,23
10478,23
10119,23
10108,23
10037,23
9995,23
9914,23
9558,23
9556,23
9441,23
9427,23
9346,23
9267,23
9250,23
9235,23
9111,23
15495,23
8956,23
15349,43
2496,23
2273,34
15126,23
15109,23
8595,68
21448,23
8581,23
14998,23
8458,23
21260,28
8407,23
8366,38
21219,23
8364,23
8254,23
8001,23
20775,69
7922,23
7894,29
20747,23
7884,23
14300,23
14285,23
7728,23
7635,69
20488,23
7620,76
20473,23
7585,25
20438,23
7504,24
20357,23
7476,23
7472,23
7459,23
7331,23
7276,44
20129,23
7072,23
560,23
6865,23
12915,23
12904,23
6475,23
6323,23
6233,23
6104,23
5969,23
5922,23
12334,23
18591,34
5738,23
5492,23
18336,57
5483,23
5389,64
18242,23
5367,23
5308,23
11664,23
11503,23
11478,23
4981,57
17834,23
4900,41
17753,23
4814,23
4794,23
4792,23
4690,52
17543,23
4457,23
4330,23
17037,70
4184,23
3989,23
698,23
3786,23
3697,23
466,23
3605,31
16458,23
16422,60
3569,23
3353,35
16206,23
6254,23
9444,23
6186,23
6185,23
6173,23
9366,23
9260,23
15669,23
5994,23
2737,54
15590,23
12352,23
5731,23
8925,23
2490,23
5632,23
8826,23
2380,56
15233,23
15190,28
2337,23
8767,23
2320,23
8731,23
5494,23
5441,39
18294,23
5437,23
3772,31
16625,23
5356,23
14954,67
2101,23
8528,23
2092,23
3623,31
16476,23
3557,56
16410,23
6729,23
1846,23
6669,23
1803,23
19308,32
6455,23
1610,23
4805,23
1524,23
7841,23
7830,23
1404,23
1320,23
12505,23
6084,23
2873,23
2866,63
15719,23
9270,23
1229,23
4419,23
1188,23
4307,23
8318,23
4288,23
8292,23
1063,23
1849,23
19473,24
6620,23
7441,23
19462,57
6609,23
13036,66
183,23
4194,23
17042,64
4189,23
187,23
12204,23
2580,23
13027,23
8986,23
6495,23
5682,23
12014,23
783,23
15180,23
2338,23
2322,69
15175,23
7139,23
3903,23
1492,23
3895,23
11112,23
12704,23
530,23
1722,23
528,23
5312,23
9311,23
846,23
12869,23
6799,23
6785,23
773,23
728,23
2298,23
7914,37
20767,23
11499,23
4273,23
6456,23
9029,23
10023,23
1351,23
9964,23
65,23
1644,23
5650,23
7096,23
1642,23
2433,23
16486,66
3633,23
1525,23
1205,23
2005,23
19666,57
6813,23
7634,23
21060,24
19826,24
19762,24
19731,24
19635,24
18730,24
18037,24
17847,24
17782,24
17738,24
17340,24
16663,24
16531,24
16463,24
15961,24
15785,24
15204,24
15197,30
2344,24
13139,24
12974,24
12668,24
12205,24
12094,24
12028,24
11527,24
11477,24
10219,24
10086,24
9045,24
8977,24
8514,24
21112,37
8259,24
14315,24
14091,44
1238,24
7464,24
745,24
6888,24
6315,24
12688,24
12221,24
12159,24
12093,24
5659,24
5533,24
5520,24
18249,48
5396,24
11598,24
5128,56
17981,24
11515,24
11464,24
16779,62
3926,24
3879,24
7011,55
19864,24
498,24
3367,24
16148,45
3295,24
9608,24
12716,24
12652,24
15780,29
2927,24
2926,24
2867,24
2847,24
9059,24
18539,25
5686,24
6855,24
3400,24
6478,31
19331,24
20837,48
7984,24
12727,24
1301,71
14154,24
17933,64
5080,24
9081,24
13037,24
1497,24
8370,24
7149,24
8367,24
1665,24
447,24
1740,24
11657,24
2325,24
6886,24
18454,25
16100,25
12814,25
12813,25
10332,25
8347,25
5392,25
4091,25
6995,25
12752,25
5231,25
18068,32
5215,25
1929,25
11230,25
4630,25
4306,25
6951,25
924,25
10314,25
890,25
5236,25
5216,25
20651,26
20598,26
20517,26
19142,26
15295,26
12391,26
12380,26
12258,26
12154,26
12149,26
11978,26
11713,26
11614,26
10943,26
2251,72
15104,26
20885,32
8032,26
7790,26
20605,44
7752,26
13192,26
140,26
12351,26
11898,26
11377,26
4797,26
11034,26
10447,26
10436,26
6759,26
8969,26
12017,26
15094,26
5089,26
9287,26
1013,26
1608,26
11966,26
2342,26
6549,26
1658,26
8981,26
11570,26
15772,48
2919,26
11644,26
20878,27
20270,27
20090,27
19998,27
19499,27
17963,27
17419,27
17416,27
17359,27
16658,27
15122,43
2269,27
9853,27
2391,29
15244,27
13290,27
13281,27
349,27
13089,66
236,27
247,27
6576,27
6208,27
6177,27
6137,27
12050,27
5118,27
5072,63
17925,27
11007,27
4129,27
6996,27
13236,27
3452,27
6638,28
19491,27
6653,28
19506,27
9799,27
6301,27
2973,27
15691,36
2838,27
9208,27
423,59
13276,27
1387,27
8088,27
1343,27
5076,38
17929,27
4039,27
21238,28
20180,28
18875,28
17700,28
17506,28
16986,28
16644,28
16023,28
15841,28
15762,28
15210,43
2357,28
12702,28
12033,28
11925,28
11726,28
11400,28
11049,28
10067,28
9967,28
9465,28
2482,29
15335,28
8799,28
8526,28
8289,63
21142,28
14697,28
8010,28
7902,28
13656,28
6503,28
6113,28
5647,28
11979,28
5502,33
18355,28
11708,28
11674,28
4810,28
10826,28
4347,28
16737,66
3884,28
13180,28
6752,28
3261,28
12619,28
9337,28
15641,28
15571,66
2718,28
2711,28
15240,28
15107,28
3734,41
16587,28
21363,42
8510,28
14666,28
6447,28
12831,28
1502,28
1466,28
11395,28
4974,28
1765,28
10472,28
7736,28
11725,28
2890,28
3643,31
16496,28
743,28
7120,28
3899,28
14993,28
10544,28
14975,28
1732,28
10440,28
3890,28
20514,29
15283,29
2405,35
15258,29
12185,29
10243,29
10162,29
9902,29
20371,48
7518,29
722,29
6917,29
6741,29
165,29
86,29
6460,29
5086,29
4193,29
10061,29
9240,29
2591,29
2584,29
5721,29
2385,29
1824,29
4523,29
1170,29
1066,29
1820,29
828,29
707,29
776,29
1169,29
163,29
1345,29
5720,29
9117,29
20373,48
7520,29
7286,29
1341,29
16679,30
16401,30
15934,30
15707,30
15299,30
14622,32
1769,30
11057,30
9580,30
9577,30
9074,30
7746,30
7146,30
7132,30
6861,30
6761,30
4344,30
3825,43
16678,30
9578,30
6295,30
5707,30
15208,30
8768,30
9422,30
1065,30
9530,30
7776,30
2332,30
8912,30
19831,31
18600,31
15959,31
14932,53
2079,31
14166,41
1313,31
12574,31
12288,31
11451,31
11282,31
10894,31
10877,31
10547,31
10387,31
10237,31
10085,31
9959,31
9618,31
9438,31
9284,31
15280,31
8846,31
15029,31
8227,31
8221,31
7789,31
7725,31
7707,31
7696,31
7694,31
7245,31
7158,31
555,31
6763,31
6577,31
6222,31
6106,31
5935,31
11087,31
11027,31
4505,31
4498,31
4374,31
7063,31
10208,31
10180,31
3578,31
9909,31
13062,31
6590,31
9383,31
9371,31
12550,31
2920,31
9268,31
2700,71
15553,31
2664,31
9030,31
2398,31
8797,31
2230,31
2198,31
10181,31
5300,31
8513,31
407,31
406,31
404,31
6734,31
9904,31
1794,31
6532,31
1657,31
23,31
1563,31
1429,39
14282,31
1379,31
1339,31
6120,31
10893,31
7690,31
7631,31
10805,31
12301,31
12929,31
7217,31
1488,31
146,31
5351,31
113,31
6864,31
16428,44
3575,31
8791,31
11156,31
7141,31
6862,31
3603,31
3543,37
16396,31
11358,31
7358,31
13333,64
480,31
147,31
865,31
8454,31
1747,31
21480,32
21474,32
21240,32
21135,32
21032,32
20385,32
20228,32
19369,32
18120,32
16551,32
16385,32
12520,32
10924,32
10851,32
9405,32
9364,32
9273,32
8740,32
15062,32
7190,32
12596,32
18870,44
6017,32
5950,32
12231,32
11896,32
5314,32
5029,32
4747,32
19986,62
7133,32
3695,32
3667,32
6165,32
6129,32
2751,32
9066,32
2590,32
5749,67
18602,32
15221,32
2182,32
8353,57
21206,32
8236,32
45,35
12898,32
1569,32
4729,32
7734,32
21193,44
8340,32
1344,32
9333,32
3582,32
1111,32
456,32
16583,78
3730,32
3629,32
15250,36
2397,33
8556,33
7385,33
7277,33
5085,33
3875,33
3774,33
3763,33
2225,66
15078,33
4990,33
14550,33
7990,33
16797,48
3944,33
7346,33
8426,33
19674,34
18708,34
16825,34
15000,34
20191,44
7338,34
6146,34
18765,42
5912,34
5417,34
7673,34
1208,34
399,34
21562,35
18425,35
18321,35
18061,35
18009,35
17511,35
17449,35
17169,35
16939,35
16893,35
16759,35
16264,35
15989,35
15840,35
1759,37
14612,35
13471,35
12706,35
11574,35
10905,35
10757,35
10756,35
10746,35
10632,35
10530,35
10455,35
10272,35
9956,35
9700,35
9590,35
15454,35
8706,35
8699,35
7903,35
7584,35
7216,35
7135,35
6976,35
12714,35
6215,35
5692,35
5684,35
5274,35
11059,35
10754,35
4084,35
10291,35
10183,35
3488,35
198,35
3105,35
6202,35
2994,35
2993,35
2858,35
9012,35
5765,35
15321,48
2468,35
5643,35
8692,35
2260,35
6721,35
14573,35
111,35
1308,35
1272,35
9206,35
1100,35
7437,35
4811,35
17544,67
4691,35
895,35
9171,35
123,35
880,35
450,35
4544,35
6699,35
940,35
4045,35
9543,35
852,35
4290,35
15979,36
12680,36
12059,36
11883,36
11728,36
11381,36
11272,36
11171,36
10233,36
10197,36
9869,36
9280,36
9072,36
8716,36
8039,36
1461,44
14314,36
7442,36
6894,36
6732,36
12517,36
5946,36
5627,36
18243,48
5390,36
11717,36
11492,36
5071,36
4751,36
7073,36
16718,39
3865,36
494,36
6762,36
9884,36
5951,36
5586,36
2309,70
15162,36
6863,36
11504,36
19412,66
6559,36
11335,36
8022,36
1414,36
1391,36
1016,36
19450,56
6597,36
984,36
13708,36
7107,36
9373,36
10822,36
696,36
13709,36
995,36
20234,44
7381,36
145,36
21178,37
20976,37
20507,37
20135,37
19304,37
16441,37
15601,48
2748,37
12705,37
11407,37
11333,37
11300,37
11028,37
9562,37
7410,37
7302,37
6521,78
19374,37
5977,57
18830,37
5654,37
5555,37
5316,37
17223,64
4370,37
3806,37
16654,41
3801,37
5758,37
5679,37
5416,37
6672,37
6540,37
1375,37
13715,37
5600,37
6552,37
5984,37
1528,37
8296,37
8229,37
4361,37
2519,37
6529,37
7762,37
1639,37
5321,37
12860,37
17617,38
11578,38
10923,38
9334,38
9312,38
8859,38
6138,38
6078,38
12078,38
9682,38
12570,38
2851,66
15704,38
2834,38
5454,78
18307,38
4914,38
1009,38
11305,38
11153,38
1264,38
4819,48
17672,38
21041,39
20982,39
19297,39
19258,39
18882,39
18654,39
17973,39
17798,39
17559,39
15912,39
15664,39
12822,39
12679,39
12087,39
11268,39
10988,39
9920,39
9332,39
7470,39
6594,65
19447,39
6124,39
12390,39
11891,39
5226,49
18079,39
10768,39
4145,39
3821,39
3759,39
3717,68
16570,39
6767,39
6695,39
3100,39
3038,39
15629,39
3509,39
20817,67
7964,39
7865,39
2897,39
9102,39
185,39
3276,39
1500,39
10129,39
3707,39
4774,39
3565,39
1153,39
6477,39
4447,39
939,39
10442,39
20409,40
9110,40
12209,40
21372,41
21199,41
20596,41
20256,41
16518,41
16421,41
16003,41
15632,44
2779,41
12824,41
12067,41
11572,41
11428,41
11098,41
10612,41
10611,41
10609,41
10282,41
10280,41
9551,41
9335,41
9313,41
9306,41
15688,41
8930,41
8502,41
7955,41
7837,41
20372,48
7519,41
7250,41
7235,41
6771,41
6673,41
19381,54
6528,41
9,51
12862,41
6341,41
6335,41
12036,41
5346,41
17906,64
5053,41
4991,41
11154,41
10484,41
4025,41
10242,41
3647,41
6777,41
6474,41
11,41
6358,41
9255,41
9056,41
5662,41
2348,41
15082,41
1767,41
13005,69
152,41
6457,41
1546,41
7782,41
4446,41
10610,41
89,41
6155,41
546,41
1342,41
461,41
6774,41
4210,41
2154,41
1873,41
6514,41
5729,41
1814,41
21267,42
20936,42
20919,42
20721,42
20709,42
20420,42
20406,42
18840,42
18795,42
18773,42
18746,42
18738,42
18736,42
18698,42
18689,42
16991,42
6340,49
19193,42
12608,42
5901,44
18754,42
10860,42
4249,78
17102,42
191,42
3389,42
3189,42
2754,63
15607,42
12315,42
15038,42
14558,42
3303,42
11070,42
4584,42
194,42
543,42
3181,42
1875,42
2696,42
4474,42
834,42
19711,43
17067,43
11101,43
8308,43
5511,43
1731,43
1535,43
4106,43
1299,43
21352,44
21266,44
21237,44
21218,44
21136,44
20975,44
20735,44
20711,44
20640,44
20593,44
20558,44
20395,44
20376,44
20314,44
20310,44
20118,44
19915,44
19887,44
18816,44
17712,44
17655,44
17489,44
16890,44
16809,44
16800,44
16655,44
15819,44
15558,44
12645,44
11115,44
10099,44
9973,44
9378,44
9316,44
9049,44
8946,44
8865,44
8793,44
8750,44
8738,44
8577,60
21430,44
8409,44
21262,44
8399,76
21252,44
8320,54
21173,44
7820,57
20673,44
6779,44
6738,44
6273,44
6048,44
5680,44
5660,44
11976,44
5464,44
5426,44
17673,57
4820,44
10897,44
4141,44
3867,44
3784,44
3669,70
16522,44
9810,44
5967,44
5894,44
15312,78
2459,44
2042,44
3624,44
19344,66
6491,44
1543,44
1467,44
1452,44
1317,44
4351,44
1134,44
1122,44
11977,44
4732,44
6814,71
19667,44
3946,65
16799,44
1135,44
2693,44
3961,51
16814,44
9372,44
533,44
10946,44
7398,60
20251,44
13717,44
10564,44
21191,48
8338,44
818,44
11637,44
11957,45
8654,45
11953,45
11961,45
11932,45
6964,45
21019,46
20039,46
18339,46
18280,46
11102,46
9872,46
9850,46
9764,46
9742,46
8567,46
6674,46
5888,46
17518,57
4665,46
9279,46
8331,46
4632,46
1269,46
10832,46
11599,46
21251,47
17986,47
17960,47
10947,47
6217,47
1478,47
1575,47
21360,48
21255,48
21209,48
21205,48
21148,48
21028,48
21017,48
20974,48
20973,48
20943,48
20930,48
20894,48
20888,48
20791,48
20695,48
20654,48
20652,48
20494,48
20468,48
20388,48
20378,48
20364,48
20279,48
19648,48
19424,48
19422,48
18648,48
16921,48
16803,48
16687,48
16668,48
16662,48
16633,48
16448,48
16380,48
16297,48
16015,48
16013,48
15980,48
15888,48
15822,48
15757,48
15732,48
15559,48
15476,48
15348,48
2237,66
15090,48
13031,48
12674,48
12022,48
10917,48
10431,48
10235,48
15521,48
15356,48
15027,48
8252,55
21105,48
8130,49
20983,48
7970,48
7880,48
7531,52
20384,48
13854,48
7079,48
13122,48
5658,48
4827,48
11111,48
10972,48
4521,48
10891,48
4176,48
3922,48
3817,60
16670,48
3788,61
16641,48
48,62
12901,48
9429,48
6130,48
2887,48
2409,48
5594,48
5456,49
18309,48
2194,48
11666,48
3625,54
16478,48
6523,48
14427,48
1527,48
3957,68
16810,48
6802,59
19655,48
6794,59
19647,48
15359,48
1677,48
483,48
14517,48
3466,62
16319,48
2836,48
1283,48
6147,48
15326,48
21501,49
16777,49
16577,49
16510,49
12443,49
8676,49
8608,49
19560,58
6707,49
11847,49
5235,49
4867,49
3010,49
2907,49
2419,49
15149,49
2247,49
14921,49
2936,49
10784,49
1077,49
10676,49
11107,49
14888,49
853,49
2942,49
8098,49
20787,50
20398,50
18403,50
18389,50
18104,50
17335,50
17277,50
17274,50
17269,50
17245,50
17201,50
17123,50
17083,50
16932,50
16926,50
16856,50
2767,58
15620,50
15551,50
12725,50
12400,50
11330,50
11234,50
11175,50
8866,50
8435,50
13904,50
6337,50
5985,50
4470,50
13115,50
5796,50
5295,78
18148,50
4970,53
17823,50
1682,50
6502,50
6163,50
4363,60
17216,50
17027,52
4174,50
2301,66
15154,50
8569,50
5154,50
11752,50
21253,51
16443,51
16232,51
16041,51
12625,51
12298,51
11405,51
11088,51
10098,51
8853,51
8425,60
21278,51
6027,51
5889,51
5286,51
5177,51
10566,51
16886,76
4033,51
15698,51
9644,51
4235,51
3205,51
2312,51
6943,55
19796,51
12146,51
8467,51
1287,51
19198,52
18374,52
17062,52
16897,52
16098,52
12788,52
8829,52
7979,52
714,52
6282,52
11771,52
13482,52
4780,61
17633,52
1959,52
21429,53
19470,53
19181,53
19137,53
17957,53
17956,53
17048,53
16216,53
16203,53
12485,53
10429,53
10404,53
10080,53
9252,53
8496,53
8205,53
11920,53
11872,53
5309,53
5091,53
11402,53
11373,53
4733,53
4167,53
3013,53
5955,53
11915,53
8691,53
8690,53
5340,53
5121,53
1801,53
3216,53
7867,53
9246,53
2637,53
401,53
387,53
3573,53
3345,53
8947,53
7261,63
20114,53
21469,54
21404,54
20552,54
19830,54
18932,54
18467,54
15585,54
12956,54
12216,54
11396,54
9242,54
8932,54
14984,54
8193,68
21046,54
6929,54
13043,54
12534,54
5689,54
5564,54
11714,54
5293,54
4933,54
4654,62
17507,54
4551,54
9431,54
2833,54
2791,54
5965,54
5526,54
15005,54
3704,54
6689,54
4804,54
9484,54
4660,62
17513,54
8298,54
1052,54
1040,54
3699,54
424,54
369,54
3742,54
3668,73
16521,54
2956,54
10,54
10105,54
21532,55
18487,55
18366,55
17188,55
16990,55
10827,55
9433,55
8863,55
8363,55
20527,73
7674,55
7583,55
13053,55
5849,55
5388,55
4165,55
2990,55
1889,55
3505,55
1068,55
3344,65
16197,55
21215,56
20237,56
17795,56
16815,56
16347,56
16284,56
16221,56
16022,56
15834,56
12715,56
12624,56
11035,56
10980,56
10601,56
9502,56
9278,56
2658,63
15511,56
8860,56
15205,56
15065,63
2212,56
8394,56
6293,56
6181,56
6172,56
6073,56
5993,56
12240,56
5744,56
12110,56
5438,56
5407,56
11685,56
11569,56
11549,56
11479,56
715,56
3840,56
16490,67
3637,56
9963,56
169,56
164,56
6213,56
6105,56
2548,56
557,56
2112,56
10097,56
449,56
6848,56
167,56
1638,56
4788,56
1585,56
6179,56
1364,56
1245,56
1160,56
1137,56
1015,56
998,56
7272,56
3994,56
10381,56
4155,56
7735,56
1314,56
11733,56
1198,56
1176,56
3672,56
12153,56
21462,57
21454,57
21143,57
20773,57
20467,57
18859,57
18080,57
18038,57
17752,57
17719,57
17710,57
17529,57
16622,57
13711,57
12538,57
11722,57
11623,57
11563,57
11435,57
11257,57
10899,57
10467,57
10140,57
9809,57
9561,57
9285,57
9075,57
8996,57
8919,57
8916,57
8351,57
8217,57
1017,60
13870,57
352,58
13205,57
6450,57
12661,57
12504,57
12321,57
5876,57
5873,57
12133,57
12127,57
11982,57
5517,57
11923,57
5477,57
11597,57
11465,57
10874,57
3673,57
10052,57
10000,57
12663,57
2933,57
12540,57
6059,57
9239,57
5949,57
2672,57
12186,57
12172,57
2323,57
11892,57
15061,57
10018,57
6422,57
7967,57
12667,57
6246,57
3042,57
6166,57
4360,57
10473,57
3970,57
2297,57
558,57
12173,57
14485,57
6433,66
19286,57
5974,57
2948,72
15801,57
1220,57
20469,58
20012,58
19832,58
19556,58
19509,58
13507,58
13046,58
9527,58
8610,58
8015,58
6348,58
6060,58
5278,58
5273,58
5244,58
5171,58
5167,58
4438,73
17291,58
3534,58
9415,58
9293,58
2383,58
8672,58
3455,58
248,58
2522,58
1909,58
5149,58
7366,58
16755,62
3902,58
3931,58
20668,59
10402,59
10284,59
9868,59
9827,59
9238,59
9127,59
8481,59
8125,59
7167,59
6235,59
11168,59
4459,59
7076,59
6999,59
470,59
464,59
9525,59
9272,59
9271,59
2440,59
3580,59
14569,63
1716,59
4801,59
5960,59
10349,59
1483,59
10109,59
2447,66
15300,59
2781,59
883,59
1239,59
1277,59
887,59
21295,60
21224,60
21196,60
20770,60
20634,60
20567,60
19862,60
19639,60
19459,60
17811,60
17685,60
17607,60
16806,60
16348,60
15969,60
15429,60
15130,60
12659,60
12613,60
12516,60
11993,60
11696,60
11684,60
11529,60
11429,60
11416,60
11145,60
10966,60
9807,60
9611,60
9566,60
9425,60
8391,65
21244,60
14630,60
7893,65
20746,60
7883,70
20736,60
14103,60
7516,60
7330,60
7191,60
6500,60
6485,60
24,60
6309,60
5991,60
12294,60
5669,60
5629,60
18180,73
5327,60
5084,60
11046,60
4378,60
4358,60
4157,60
10534,60
10524,60
4029,60
734,60
15477,60
2539,60
15152,60
2249,60
2188,60
14995,60
10046,60
2016,60
8355,66
21208,60
5018,60
138,60
1655,60
9625,60
7887,60
1366,60
1117,60
14744,60
1877,60
2663,60
1768,60
8915,60
848,60
781,60
1752,60
5725,60
4517,60
5317,60
1311,60
98,60
8879,60
6298,60
7432,60
5354,60
4954,60
1633,60
15897,61
12114,61
9878,61
9671,61
7297,61
5663,61
517,61
514,61
1378,61
1059,61
1326,61
11994,61
6705,61
1727,61
6875,61
19077,62
19044,62
18749,62
18509,62
18437,62
16767,62
16142,62
16134,62
16074,62
12628,62
11379,62
11261,62
11185,62
11170,62
10737,62
10604,62
10385,62
10377,62
7015,62
444,62
13238,62
13007,62
100,62
6376,62
12758,62
5798,62
5767,62
5146,62
4741,62
4717,62
10285,62
10262,62
10261,62
213,62
2977,62
2555,62
6952,62
5245,62
1913,62
1912,62
1910,62
4771,62
7591,62
9178,62
9165,62
1147,62
1102,62
10724,62
5782,62
974,62
5769,62
1681,62
870,62
4695,62
4686,62
3661,62
1174,62
8211,62
1158,62
6492,62
10553,62
21388,63
21386,63
21286,63
21106,63
21047,63
20712,63
20699,63
20646,63
20381,63
19790,63
18606,63
16912,63
16848,63
16808,63
16480,63
16354,63
16342,63
15733,63
13032,63
12341,63
12244,63
12182,63
12169,63
11990,63
11683,63
11128,63
11019,63
10963,63
10856,63
9399,63
9003,63
8935,63
8488,63
8487,63
8335,63
8036,63
7739,63
7483,63
7439,63
7359,63
7212,63
6859,73
19712,63
6747,63
13118,63
6668,63
6601,63
6496,63
6271,63
6232,63
12379,63
12079,63
11967,63
11622,63
11588,63
5015,63
11354,63
4901,63
11132,63
10879,63
4258,63
3952,63
7061,63
10227,63
10211,63
3771,63
9839,63
6592,63
6243,63
6211,63
9389,63
6149,63
2820,63
12271,63
2645,63
2567,63
12163,63
8814,63
5538,63
2252,63
2227,63
2026,63
13110,63
5051,63
5050,63
41,63
9637,63
11058,63
1433,63
11036,63
2806,63
1157,63
1138,63
4337,63
1837,63
1003,63
11308,63
2479,63
15145,63
680,63
2276,63
1355,63
3740,63
8530,63
1101,63
6679,63
1007,63
10008,63
6551,63
4930,63
21190,66
8337,63
2877,63
10089,63
6880,63
10983,63
12115,63
484,63
4404,63
19625,64
19082,64
19081,64
18458,64
17442,64
16940,64
16854,64
16415,64
16282,64
14783,64
12743,64
11276,64
9829,64
8726,64
8451,64
12464,64
5839,64
12080,64
5260,64
5205,64
11197,64
4634,64
4297,64
4036,64
13172,64
11894,64
8190,64
1550,64
9294,64
6371,64
929,64
2529,64
18713,65
15307,65
12569,65
9097,65
8457,65
20308,76
7455,65
7048,65
13186,65
11690,65
3579,75
16432,65
9610,65
8899,65
5422,65
2048,65
1706,65
8027,65
1449,65
11031,65
7092,65
538,65
1643,65
6784,65
7953,65
1011,65
8580,65
12874,65
21318,66
21261,66
21134,66
20931,66
20415,66
19935,66
19906,66
19874,66
19113,66
18906,66
18351,66
18191,66
18145,66
17993,66
17749,66
17716,66
17596,66
17538,66
16983,66
16512,66
16405,66
16374,66
16365,66
16287,66
15885,66
15717,66
2708,70
15561,66
15467,66
15315,76
2462,66
15308,66
15037,66
12529,66
12350,66
11550,66
11374,66
11349,66
11095,66
10989,66
10985,66
10960,66
10918,66
9296,66
9258,66
8962,66
8748,66
8734,66
8373,66
7225,66
7065,66
6874,66
19727,66
6702,66
5287,66
5141,66
5094,66
11386,66
10962,66
712,66
7046,66
10102,66
18828,70
5975,66
15067,66
532,66
5113,66
12851,66
3053,66
3009,66
12600,66
1228,66
9867,66
6616,66
2434,66
724,66
15207,66
2365,66
9984,66
6731,66
9573,66
10527,66
1099,66
1676,66
2953,66
14970,66
1039,66
2810,66
21257,67
21182,67
21181,67
21100,67
21042,67
20932,67
20926,67
20768,67
18158,67
16598,67
16592,67
16311,67
15985,67
14985,67
14525,67
13092,67
13026,67
12187,67
12063,67
10921,67
10885,67
10174,67
9678,67
9572,67
9263,67
9115,67
9103,67
8777,67
756,67
6311,67
6279,67
6240,67
6107,67
6055,67
5913,67
5496,67
5451,67
5355,67
4999,67
4803,67
10926,67
4257,67
10573,67
7078,67
10196,67
6231,67
2561,67
12098,67
4911,67
1688,67
1566,67
1384,67
1265,67
15667,67
1177,67
5100,67
1494,67
1532,67
1033,67
6642,67
2099,67
13114,67
535,67
6505,67
6696,67
8858,67
21000,68
15459,70
2606,68
10704,68
9812,68
4346,70
17199,68
5318,68
21133,69
20641,69
19649,69
19256,69
18963,69
18898,69
17579,69
17488,69
17151,69
16695,69
16163,69
15918,69
15591,69
15060,69
14978,69
14028,69
12717,69
11522,69
11126,69
10892,69
10158,69
10146,69
9929,69
8711,69
13103,69
5919,69
5910,69
12309,69
12219,69
5379,69
5350,69
5349,69
11133,69
302,69
2902,69
9288,69
2528,69
547,69
1847,69
1798,69
4615,69
9381,69
7737,69
5902,69
1739,69
1213,69
840,69
21242,70
21034,70
20380,70
17788,70
16346,70
12681,70
12562,70
12364,70
12166,70
11566,70
11338,70
10999,70
10561,70
9301,70
8521,70
8300,70
5575,70
5359,70
5339,70
10919,70
4261,70
12353,70
5931,70
8965,70
2350,70
15189,70
2316,70
5452,70
10185,70
11649,70
1861,70
11302,70
1602,70
1285,70
1200,70
1084,70
210,70
1010,70
7193,70
731,70
11630,70
3602,70
9894,70
5741,70
2133,70
490,70
21322,71
16363,71
15729,71
13138,71
12031,71
9475,71
9113,71
8794,71
8291,71
14646,71
6701,71
12506,71
4065,75
16918,71
9339,71
6018,71
2518,71
2429,71
8741,71
2221,71
13093,71
1192,71
10925,71
11540,71
1271,71
20653,72
18682,72
11431,72
11071,72
9971,72
9657,72
5411,72
11661,72
2570,72
2475,72
9628,72
1920,72
3711,72
3587,72
1718,72
21132,73
21038,73
20606,73
20498,73
19704,73
17547,73
11336,73
10853,73
9961,73
9486,73
8810,73
8565,73
7843,73
6743,73
6175,73
11980,73
5444,73
4292,73
4169,73
10254,73
9274,73
6041,73
5716,73
3676,73
14093,73
4239,73
4219,73
18236,74
16667,74
12449,74
9487,74
8512,74
7963,74
7253,74
6463,74
6082,74
5332,74
2799,74
8975,74
2699,74
4277,74
4773,75
2137,75
1044,75
21233,76
21176,76
20910,76
20685,76
20515,76
20393,76
16602,76
16055,76
16030,76
12658,76
12649,76
12382,76
12362,76
12077,76
11884,76
11568,76
11306,76
10839,76
10083,76
9818,76
9478,76
9237,76
9101,76
8708,76
8579,76
8026,76
20879,76
7838,76
5657,76
5342,76
11567,76
6787,76
6123,76
15354,76
2478,76
126,76
1469,76
10840,76
2789,76
1191,76
1181,76
1080,76
9034,76
6591,76
2333,76
12176,76
8995,76
2938,76
8713,77
16885,78
13174,78
12521,78
12487,78
11370,78
10904,78
10173,78
7247,78
12646,78
12515,78
552,78
12551,78
5596,78
5431,78
6748,78
1243,78
15309,78
3937,78
5500,78
1280,78
12313,79
3183,79
2046,79
