21480,0
21479,0
21474,0
21453,0
21352,0
21272,0
21265,0
21256,0
21240,0
21237,0
21236,0
21234,0
21232,0
21221,0
21194,0
21189,0
21136,0
21114,0
21049,0
21045,0
21032,0
21028,0
21022,0
21012,0
20975,0
20973,0
20920,0
20894,0
20813,0
20812,0
20800,0
20798,0
20779,0
20776,0
20735,0
20711,0
20680,0
20672,0
20660,0
20652,0
20648,0
20640,0
20596,0
20593,0
20564,0
20561,0
20558,0
20545,0
20502,0
20499,0
20470,0
20455,0
20450,0
20448,0
20440,0
20400,0
20395,0
20385,0
20376,0
20314,0
20310,0
20284,0
20278,0
20252,0
20228,0
20221,0
20118,0
20105,0
19978,0
19887,0
19850,0
19745,0
19723,0
19710,0
19674,0
19427,0
19171,0
18953,0
18816,0
18699,0
18283,0
18155,0
18120,0
17988,0
17802,0
17712,0
17655,0
17489,0
17032,0
16910,0
16890,0
16858,0
16825,0
16819,0
16818,0
16812,0
16809,0
16800,0
16735,0
16715,0
16705,0
16672,0
16655,0
16642,0
16584,0
16551,0
16461,0
16388,0
16385,0
16377,0
16376,0
16371,0
16297,0
16263,0
15888,0
15790,0
2779,1
15632,0
15476,0
15415,9
2562,0
15211,0
2291,29
15144,0
15136,0
15119,18
2266,0
1769,31
14622,0
14516,0
13031,0
12721,0
12645,0
12631,0
12520,0
12211,0
12207,0
12085,0
12061,0
12042,0
11879,0
11736,0
11727,0
11629,0
11621,0
11564,0
11543,0
11500,0
11494,0
11443,0
11307,0
11283,0
11115,0
11060,0
11047,0
10924,0
10917,0
10851,0
10611,0
10609,0
10499,0
10478,0
10431,0
10037,0
9995,0
9973,0
9558,0
9441,0
9427,0
9405,0
9378,0
9364,0
9346,0
9267,0
9250,0
9235,0
2695,27
15548,0
9115,0
9111,0
9091,0
15495,0
9049,0
8865,0
8750,0
8740,0
8738,0
15157,31
2304,0
2273,7
15126,0
15109,0
8602,10
21455,0
8598,5
21451,0
2153,1
15006,0
2149,17
15002,0
15000,0
2109,17
14962,0
8493,13
21346,0
14900,15
2047,0
8409,8
21262,0
8399,16
21252,0
8374,28
21227,0
8366,8
21219,0
8364,0
8342,28
21195,0
8320,29
21173,0
8313,19
21166,0
8254,0
8226,0
8131,5
20984,0
8119,13
20972,0
8001,0
14389,23
1536,0
7961,10
20814,0
20775,18
7922,0
7894,1
20747,0
14314,27
1461,0
7884,0
7880,0
7875,27
20728,0
7797,25
20650,0
7752,16
20605,0
7730,21
20583,0
7678,18
20531,0
7635,32
20488,0
7623,36
20476,0
7620,16
20473,0
7585,36
20438,0
7533,23
20386,0
7514,4
20367,0
7512,23
20365,0
7504,2
20357,0
7449,20
20302,0
7354,18
20207,0
7342,14
20195,0
7331,0
7312,15
20165,0
7279,31
20132,0
20129,21
7276,0
7259,25
20112,0
7244,0
19927,5
7074,0
7072,0
7012,39
19865,0
7001,13
19854,0
560,0
6865,0
6779,0
6622,27
19475,0
12915,0
6317,32
19170,0
6279,0
6233,0
12596,0
6088,0
6048,0
6017,0
18870,0
5969,0
5950,0
5926,0
5922,0
12334,0
18754,22
5901,0
5879,13
18732,0
12231,0
18591,16
5738,0
12110,0
18418,28
5565,0
18348,9
5495,0
5492,0
18336,2
5483,0
5464,0
5426,0
5396,4
18249,0
5389,36
18242,0
5367,0
5327,26
18180,0
5314,0
5308,0
5212,25
18065,0
5175,9
18028,0
17943,28
5090,0
11503,0
11478,0
4981,32
17834,0
4900,31
17753,0
4898,9
17751,0
17673,2
4820,0
4794,0
4792,0
4692,25
17545,0
4690,15
17543,0
10897,0
10891,0
17291,5
4438,0
4357,0
4330,0
17129,23
4276,0
17037,16
4184,0
4063,9
16916,0
3989,0
7157,0
19986,36
7133,0
3922,0
698,0
3860,0
3784,0
3755,20
16608,0
3701,9
16554,0
3697,0
466,0
3669,26
16522,0
16490,19
3637,0
9985,0
3533,23
16386,0
3353,12
16206,0
12919,34
66,0
19307,3
6454,0
9519,0
6254,0
12664,0
3028,28
15881,0
9444,0
6185,0
6173,0
12570,0
15695,0
15692,19
2839,0
9260,0
5994,0
2751,0
2737,23
15590,0
12352,0
15570,0
12296,0
2659,0
5850,10
18703,0
9066,0
15446,9
2593,0
2548,0
5749,8
18602,0
2490,0
2483,19
15336,0
18530,23
5677,0
5632,0
2409,0
8826,0
2380,21
15233,0
15221,0
15190,21
2337,0
8767,0
2320,0
8731,0
5494,0
5456,15
18309,0
2253,0
5441,4
18294,0
5415,0
15053,0
3772,30
16625,0
3770,10
16623,0
14954,8
2101,0
8528,0
2107,3
14960,0
2092,0
11666,0
2042,0
3625,18
16478,0
6827,31
19680,0
3623,29
16476,0
3557,7
16410,0
6729,0
1902,15
14755,0
8236,0
1803,0
17787,2
4934,0
6523,0
19344,3
6491,0
19308,8
6455,0
8047,26
20900,0
4805,0
14427,0
1569,0
1543,0
4729,0
1524,0
14313,23
1460,0
1467,0
3046,2
15899,0
1404,0
1381,0
1317,0
7734,0
7733,23
20586,0
7709,1
20562,0
12505,0
2873,0
2866,26
15719,0
4472,0
9270,0
1229,0
4419,0
18863,4
6010,0
4351,0
7568,23
20421,0
1134,0
1122,0
8318,0
4288,0
7500,23
20353,0
8292,0
7484,2
20337,0
1063,0
3446,10
16299,0
21123,25
8270,0
1849,0
19473,4
6620,0
3413,15
16266,0
4216,0
19462,37
6609,0
13036,3
183,0
10610,0
17042,13
4189,0
12204,0
2580,0
7404,16
20257,0
13027,0
15421,23
2568,0
8986,0
6495,0
5682,0
7287,13
20140,0
12014,0
3996,0
17644,4
4791,0
783,0
7985,32
20838,0
14417,17
1564,0
762,3
13615,0
1554,0
3960,32
16813,0
11977,0
5556,0
15180,0
2338,0
2322,4
15175,0
7139,0
7950,23
20803,0
7113,19
19966,0
7918,15
20771,0
3091,27
15944,0
13539,25
686,0
1492,0
3895,0
11112,0
19136,4
6283,0
2279,0
8970,0
4155,0
15001,2
2148,0
1344,0
19387,28
6534,0
528,0
6115,0
1314,0
11733,0
5312,0
9311,0
846,0
12869,0
6799,0
6814,20
19667,0
16457,32
3604,0
10411,0
3575,24
16428,0
3582,0
3571,5
16424,0
16824,27
3971,0
728,0
1135,0
5911,0
1111,0
7914,26
20767,0
7517,1
20370,0
11499,0
20344,19
7491,0
1070,0
4056,10
16909,0
6456,0
456,0
9029,0
8184,13
21037,0
7381,27
20234,0
9372,0
1351,0
1727,0
533,0
19386,2
6533,0
10946,0
15359,0
21373,19
8520,0
7398,26
20251,0
3377,18
16230,0
65,0
1677,0
483,0
19329,37
6476,0
14517,0
5650,0
7096,0
10564,0
8060,23
20913,0
1642,0
16486,8
3633,0
3629,0
21191,8
8338,0
15782,7
2929,0
1525,0
18858,13
6005,0
7626,10
20479,0
2005,0
6804,25
19657,0
7634,0
17073,23
4220,0
16518,1
16471,1
16470,1
16469,1
16468,1
16393,1
15702,31
2849,1
15640,19
2787,1
15283,1
2405,37
15258,1
15200,23
2347,1
15193,31
2340,1
14586,1
1313,24
14166,1
12992,4
139,1
12580,1
12227,1
12185,1
12067,1
12001,1
11908,1
11571,1
11098,1
10240,1
10162,1
10092,1
9868,1
9580,1
9503,1
9335,1
9266,1
15626,7
2773,1
8968,1
8930,1
15244,5
2391,1
8788,1
8736,1
15032,1
8556,1
8491,1
21343,28
8490,1
8378,1
14506,24
1653,1
8028,1
20869,5
8016,1
20795,28
7942,1
14324,27
1471,1
7851,1
20698,14
7845,1
20693,37
7840,1
7702,1
20535,19
7682,1
20371,8
7518,1
7474,1
20266,19
7413,1
7297,1
7275,1
7167,1
7146,1
508,1
6917,1
19734,3
6881,1
6861,1
6773,1
6761,1
6741,1
6739,1
19500,13
6647,1
165,1
6509,1
86,1
12924,28
71,1
6324,1
6305,1
6252,1
6205,1
6043,1
6033,1
5663,1
5604,1
18456,28
5603,1
18399,10
5546,1
18375,23
5522,1
5346,1
5086,1
5085,1
17907,15
5054,1
17874,15
5021,1
4998,1
4991,1
17809,2
4956,1
11154,1
4560,1
4399,1
17250,14
4397,1
17241,23
4388,1
4253,1
17098,37
4245,1
4241,1
17081,4
4228,1
4025,1
13543,13
690,1
3875,1
19930,27
7077,1
7076,1
16711,4
3858,1
10242,1
16641,19
3788,1
3774,1
3757,1
517,1
514,1
470,1
464,1
10061,1
3620,29
16473,1
3619,27
16472,1
6777,1
273,5
13126,1
9901,1
12996,33
143,1
153,33
13006,1
53,1
6474,1
9578,1
9531,1
6295,1
19128,5
6275,1
3048,5
15901,1
15768,12
2915,1
15739,4
2886,1
9272,1
9271,1
9255,1
9240,1
2772,1
5914,1
2591,1
15432,23
2579,1
2584,1
18595,13
5742,1
5721,1
12128,1
5707,1
2396,1
2385,1
2346,1
2339,1
15091,15
2238,1
2225,32
15078,1
2213,1
5414,1
2211,1
10186,1
3764,1
3750,1
531,1
16587,21
3734,1
13276,5
423,1
3651,1
2049,1
6825,1
13204,1
3580,1
19539,12
6686,1
5083,1
21122,23
8269,1
1824,1
11433,1
13019,12
166,1
4990,1
1767,1
13005,18
152,1
14569,16
1716,1
1714,1
1708,1
85,1
19359,32
6506,1
12889,27
36,1
6457,1
4801,1
1586,1
7990,1
1568,1
1567,1
1546,1
7956,1
6280,1
3077,18
15930,1
7850,1
1420,1
7835,1
9422,1
1382,1
1378,1
9385,1
1363,1
7782,1
1298,1
4454,1
2809,1
4412,1
4384,1
17233,23
4380,1
1170,1
5960,1
6685,1
4285,1
20340,7
7487,1
1066,1
1820,1
1783,1
4177,1
2494,1
12940,15
87,1
89,1
866,1
7278,1
1648,1
828,1
1545,1
707,1
9530,1
692,1
3905,1
702,1
700,1
20766,33
7913,1
695,1
693,1
691,1
1483,1
6155,1
7776,1
536,1
546,1
1326,1
529,1
7346,1
513,1
2908,1
512,1
509,1
461,1
7267,1
13223,1
19655,7
6802,1
4387,1
776,1
6776,1
9993,1
9992,1
11994,1
1169,1
3539,23
16392,1
2332,1
16770,23
3917,1
701,1
2608,1
4210,1
19647,7
6794,1
163,1
1763,1
1555,1
6154,1
548,1
2154,1
9369,1
7766,1
1345,1
18575,3
5722,1
1322,1
19784,11
6931,1
108,1
506,1
1496,1
20373,8
7520,1
21354,19
8501,1
1873,1
6875,1
6568,1
7286,1
8912,1
16997,15
4144,1
1090,1
6514,1
7761,1
1239,1
521,1
5528,1
17184,15
4331,1
1277,1
16454,7
3601,1
7622,1
19654,4
6801,1
1814,1
21253,2
21007,2
20584,2
20552,2
20031,2
19975,2
19935,2
19860,2
19763,2
19635,2
19383,2
19379,2
19297,2
19258,2
18842,2
18101,2
17853,2
17798,2
17719,2
17706,2
17666,2
17569,2
17412,2
17127,2
16675,2
16663,2
16563,2
16531,2
16523,2
15885,2
15778,2
15717,2
2742,15
15595,2
2708,21
15561,2
15457,31
2604,2
15430,12
2577,2
15204,2
15090,8
2237,2
15004,4
2151,2
14563,2
851,33
13704,2
322,23
13175,2
13139,2
13039,10
186,2
13021,15
168,2
12538,2
12222,2
11968,2
11909,2
11623,2
11619,2
11527,2
11477,2
11136,2
10971,2
10961,2
10848,2
10834,2
10458,2
10453,2
10419,2
9925,2
9332,2
9324,2
9020,2
8996,2
2484,26
15337,2
2458,16
15311,2
8544,2
8351,2
21140,14
8287,2
21117,19
8264,2
8255,2
8217,2
8126,2
14512,10
1659,2
1246,28
14099,2
7475,13
20328,2
7247,2
745,2
7045,2
13320,23
467,2
6888,2
342,10
13195,2
6719,28
19572,2
6697,2
12685,2
6199,2
5937,2
5910,2
12133,2
5615,2
11923,2
5400,4
18253,2
5350,2
11751,2
5081,2
11441,2
4824,23
17677,2
4812,2
4806,4
17659,2
11133,2
11113,2
4665,10
17518,2
4586,2
10962,2
4537,2
10874,2
17154,23
4301,2
4139,10
16992,2
10446,2
764,2
3879,2
7003,19
19856,2
559,2
10088,2
3612,39
16465,2
376,2
16278,15
3425,2
3367,2
47,23
12900,2
3180,2
12716,2
3067,39
15920,2
12663,2
2946,2
2933,2
2926,2
12540,2
9239,2
18828,21
5975,2
18728,22
5875,2
12226,2
2528,2
15263,27
2410,2
15111,2
15061,2
16505,23
3652,2
6828,37
19681,2
16475,15
3622,2
3597,25
16450,2
21208,26
8355,2
11553,2
19341,18
6488,2
6478,30
19331,2
1666,2
3252,2
4841,4
17694,2
1606,2
9619,2
20837,17
7984,2
4744,36
17597,2
12727,2
3042,2
3026,15
15879,2
1425,2
7729,2
3394,4
16247,2
2583,2
8987,2
8186,10
21039,2
2434,2
20087,15
7234,2
7199,2
20021,23
7168,2
1512,2
19962,4
7109,2
15949,27
3096,2
17808,19
4955,2
5752,10
18605,2
10129,2
2898,2
18157,18
5304,2
6873,2
20532,23
7679,2
3596,27
16449,2
17254,5
4401,2
5974,2
8370,2
17965,19
5112,2
1029,2
9573,2
8367,2
7341,2
1280,2
7497,2
3668,8
16521,2
1665,2
20206,19
7353,2
2325,2
12852,2
1649,2
2102,2
21550,3
21401,3
21201,3
21133,3
20982,3
20946,3
20887,3
19830,3
19802,3
19420,3
19312,3
19262,3
19208,3
19092,3
18906,3
18882,3
18852,3
18782,3
18667,3
18402,3
18387,3
18225,3
18145,3
18080,3
18037,3
18034,3
17878,3
17867,3
17782,3
17589,3
17563,3
17488,3
17472,3
17421,3
17314,3
17137,3
16963,3
16677,3
16277,3
16210,3
15898,3
15713,3
15467,3
15197,31
2344,3
1457,39
14310,3
13711,3
12683,3
12679,3
12400,3
12225,3
12191,3
12094,3
11833,3
11822,3
11579,3
11403,3
11104,3
11056,3
11039,3
10985,3
10941,3
10918,3
10904,3
10467,3
10146,3
10042,3
9976,3
9752,3
9607,3
9205,3
9104,3
8978,3
2513,23
15366,3
8916,3
15329,15
2476,3
8780,3
8734,3
8705,3
21491,23
8638,3
8613,15
21466,3
8540,19
21393,3
1975,9
14828,3
21254,19
8401,3
21214,26
8361,3
8198,28
21051,3
7968,3
14315,3
7534,3
7488,31
20341,3
7470,3
7452,3
7352,3
7337,3
6955,36
19808,3
19766,24
6913,3
6874,3
19727,3
6849,4
19702,3
6725,3
247,3
6660,3
12959,3
6537,3
6527,4
19380,3
12692,3
12644,3
12599,3
6178,3
5888,3
12236,3
12132,3
5675,3
5627,3
11982,3
11954,3
5533,3
11920,3
5335,23
18188,3
5334,38
18187,3
5291,3
11707,3
5191,3
17950,23
5097,3
11507,3
11464,3
4922,27
17775,3
4835,5
17688,3
17595,32
4742,3
11134,3
4621,3
4592,3
4510,3
4347,3
17186,12
4333,3
17102,22
4249,3
17035,26
4182,3
4122,28
16975,3
4015,16
16868,3
7087,3
3853,16
16706,3
3846,3
16628,19
3775,3
19737,18
6884,3
10102,3
19650,11
6797,3
16442,23
3589,3
16430,15
3577,3
366,3
68,3
3251,3
15963,18
3110,3
6274,7
19127,3
3069,3
2999,3
19041,13
6188,3
9392,3
15704,7
2851,3
15668,8
2815,3
5949,3
2672,3
15462,13
2609,3
9014,3
15427,19
2574,3
2578,3
12186,3
2551,33
15404,3
5762,3
2530,3
8909,3
18539,13
5686,3
11915,3
11873,3
6953,3
18148,10
5295,3
5258,28
18111,3
6841,3
16460,27
3607,3
5203,3
9952,3
6712,3
3469,3
1832,3
11393,3
3263,3
1,3
6422,3
6430,23
19283,3
16016,20
3163,3
1506,3
1480,3
3009,3
4610,19
17463,3
1301,20
14154,3
9234,3
1211,3
15596,3
10748,3
3517,19
16370,3
9102,3
8298,3
2671,3
9081,3
14679,3
13874,3
17054,5
4201,3
10615,3
3380,4
16233,3
10473,3
4051,3
5597,3
3142,4
15995,3
703,3
15154,10
2301,3
15146,3
19963,14
7110,3
1497,3
11107,3
685,3
16202,7
3349,3
12173,3
1350,3
15300,31
2447,3
19664,4
6811,3
7184,20
20037,3
9194,3
13197,3
5535,8
18388,3
735,3
9893,3
12886,3
19318,28
6465,3
3405,27
16258,3
3387,3
945,3
930,3
1676,3
10895,3
272,3
20168,16
7315,3
19295,28
6442,3
10151,3
4408,3
16155,15
3302,3
687,3
21462,4
21454,4
21382,4
21318,4
21251,4
21210,4
21060,4
20710,4
20142,4
19959,4
19895,4
19870,4
19762,4
19751,4
19744,4
19731,4
18963,4
18962,4
18951,4
18930,4
18921,4
18910,4
18861,4
18859,4
18682,4
18638,4
18281,4
18254,4
18217,4
18182,4
18138,4
18017,4
17993,4
17973,4
17960,4
17857,4
17849,4
17749,4
17723,4
17710,4
17574,4
17573,4
17361,4
17349,4
17317,4
17174,4
17125,4
17095,4
17003,4
16983,4
16875,4
16510,4
16403,4
16307,4
16287,4
16238,4
16093,4
15993,4
15961,4
15918,4
15912,4
15736,4
15636,23
2783,4
2763,32
15616,4
2722,19
15575,4
15484,4
15387,19
2534,4
15308,4
15292,4
15230,4
15226,4
2357,27
15210,4
2269,25
15122,4
14978,4
14903,4
14736,4
1689,21
14542,4
13958,23
1105,4
13757,18
904,4
13288,13
435,4
410,11
13263,4
13224,31
371,4
13174,4
13023,4
13003,4
12963,18
110,4
12861,4
12702,4
12677,4
12611,4
12529,4
12487,4
12298,4
11981,4
11925,4
11841,4
11808,4
11793,4
11743,4
11625,4
11563,4
11468,4
11466,4
11440,4
11374,4
11370,4
11105,4
11074,4
10887,4
10849,4
10794,4
10508,4
10498,4
10470,4
10348,4
10272,4
10219,4
10197,4
10110,4
10096,4
10071,4
10067,4
9918,4
9874,4
9833,4
9809,4
9668,4
9443,4
9388,4
9330,4
9242,4
9232,4
9156,4
2658,16
15511,4
9072,4
9064,4
8962,4
8945,4
2496,19
15349,4
8914,4
8866,4
8863,4
8853,4
8717,4
8716,4
2275,26
15128,4
21557,28
8704,4
2167,20
15020,4
8526,4
14933,27
2080,4
21325,19
8472,4
21259,19
8406,4
21129,32
8276,4
7997,4
7897,4
7896,4
7876,4
7872,4
20725,4
7826,19
20679,4
7813,33
20666,4
7810,4
7791,4
7671,4
14091,8
1238,4
20523,7
7670,4
20497,19
7644,4
20457,33
7604,4
20334,17
7481,4
1017,26
13870,4
7363,30
20216,4
7357,14
20210,4
13753,4
7209,4
758,26
13611,4
13404,37
551,4
6818,4
377,4
352,5
13205,4
6726,4
281,4
6657,28
19510,4
13043,4
96,33
12949,4
6503,4
75,4
37,26
12890,4
12857,4
6282,4
6220,27
19073,4
18988,33
6135,4
12517,4
12503,4
6067,36
18920,4
6027,4
18830,26
5977,4
5958,18
18811,4
5946,4
5934,4
5919,4
12309,4
5835,9
18688,4
18592,23
5739,4
12159,4
18566,37
5713,4
12127,4
5689,4
18520,23
5667,4
5659,4
5641,4
12048,4
5585,18
18438,4
11891,4
5465,4
11847,4
18243,7
5390,4
5379,4
5377,4
11717,4
5296,30
18149,4
18096,17
5243,4
5240,13
18093,4
5234,4
5222,25
18075,4
5183,10
18036,4
5102,4
5094,4
5020,4
17873,4
11373,4
4910,18
17763,4
11271,4
4687,23
17540,4
4654,10
17507,4
17432,28
4579,4
17389,28
4536,4
10826,4
10787,4
10786,4
4365,4
4237,4
17012,15
4159,4
4146,4
16779,13
3926,4
3916,4
19964,28
7111,4
7073,4
3857,29
16710,4
7049,12
19902,4
7041,4
3830,4
7011,10
19864,4
544,4
3759,4
3758,4
16611,4
498,4
6887,4
10000,4
6737,4
6752,4
19491,23
6638,4
13011,4
19351,23
6498,4
3266,4
16119,4
12888,4
16063,36
3210,4
3154,4
9549,4
3104,4
6276,4
15925,35
3072,4
15924,22
3071,4
9488,4
3039,14
15892,4
9437,4
9434,4
3008,30
15861,4
6157,4
2950,28
15803,4
12550,4
6059,4
15698,4
2791,4
5986,4
15602,4
2718,21
15571,4
5898,8
18751,4
9087,4
15494,4
2638,4
18646,19
5793,4
2570,4
5723,26
18576,4
2471,16
15324,4
12083,4
8880,4
2419,4
8830,4
2309,26
15162,4
11895,4
2271,4
18307,26
5454,4
5409,4
11829,4
18238,18
5385,4
15024,4
5376,10
18229,4
547,4
5366,4
532,4
10171,4
19760,15
6907,4
2097,4
436,4
1994,4
21187,23
8334,4
8331,4
6689,4
3486,19
16339,4
14739,10
1886,4
237,23
13090,4
21077,19
8224,4
1801,4
1723,4
3275,4
12883,4
4829,23
17682,4
1622,4
6419,29
19272,4
9637,4
1619,4
6410,14
19263,4
4772,14
17625,4
11192,4
20817,8
7964,4
3103,23
15956,4
3063,4
1456,4
12667,4
7865,4
11051,4
1427,4
1391,4
4585,4
7796,4
9381,4
2958,23
15811,4
9338,4
2917,4
1316,4
2897,4
9302,4
1276,4
20546,16
7693,4
7650,4
1228,4
15655,29
2802,4
2797,4
20471,8
7618,4
12368,4
5947,4
5925,7
18778,4
13966,4
1123,4
1103,4
1052,4
1032,4
13037,4
162,4
4976,18
17829,4
7318,4
3276,4
10472,4
3205,4
4748,14
17601,4
18378,28
5525,4
7128,7
19981,4
7107,4
7090,24
19943,4
15777,20
2924,4
8547,4
12532,4
6930,4
4494,21
17347,4
1263,4
19286,23
6433,4
10841,4
393,4
401,4
16843,36
3990,4
787,4
381,4
13232,36
379,4
9202,4
1575,4
372,4
13225,4
6784,4
7149,4
743,4
17191,34
4338,4
19561,19
6708,4
7102,13
19955,4
9088,4
9677,4
6877,4
12243,4
9025,4
995,4
3587,4
1790,4
4963,32
17816,4
15801,32
2948,4
3742,4
18590,37
5737,4
10548,4
8940,4
1099,4
7296,4
20949,16
8096,4
474,4
9108,4
16140,25
3287,4
14582,37
1729,4
4143,4
1340,4
1739,4
6836,4
16597,15
3744,4
6639,10
19492,4
10,4
16197,13
3344,4
1213,4
19946,23
7093,4
21568,5
20878,5
20270,5
20095,5
19998,5
19844,5
19559,5
19509,5
19505,5
19499,5
19223,5
19083,5
18621,5
18234,5
18186,5
18085,5
18066,5
17963,5
17892,5
17780,5
17473,5
17431,5
17419,5
17359,5
17298,5
17236,5
16658,5
16651,5
16636,5
16607,5
16215,5
15620,23
2767,5
14545,31
1692,5
14539,24
1686,5
13096,5
12680,5
12670,5
12647,5
11723,5
11639,5
11559,5
11149,5
10080,5
9445,5
8610,5
15028,8
2175,5
8606,5
8478,5
8167,5
8134,5
14395,5
7611,5
7606,36
20459,5
13290,5
13281,5
349,5
13095,18
242,5
13089,32
236,5
6348,5
6264,5
19037,15
6184,5
6177,5
19022,34
6169,5
6125,5
5706,5
5595,26
18448,5
5273,5
5255,10
18108,5
5244,5
5167,5
17978,14
5125,5
5118,5
4714,5
4713,5
4662,5
4625,23
17478,5
11025,5
17457,15
4604,5
4600,5
17446,15
4593,5
11007,5
4555,23
17408,5
4552,10
17405,5
4476,21
17329,5
4436,35
17289,5
17239,13
4386,5
17099,23
4246,5
4129,5
4115,12
16968,5
4028,5
7155,37
20008,5
3843,5
3796,28
16649,5
10192,5
3594,5
13115,5
3452,5
246,5
6653,21
19506,5
6432,5
19285,5
6413,5
3086,28
15939,5
15851,7
2998,5
2973,5
6119,5
9293,5
15691,27
2838,5
6023,5
2688,5
2383,5
8765,5
8672,5
3609,5
3509,5
3455,5
248,5
19451,33
6598,5
3364,5
1711,5
4664,5
17462,23
4609,5
1387,5
6163,5
17282,10
4429,5
17027,13
4174,5
873,5
5670,32
18523,5
20922,28
8069,5
11232,5
3909,26
16762,5
11118,5
19950,15
7097,5
952,5
1306,5
489,5
2775,5
13206,33
353,5
16409,37
3556,5
1909,5
20382,23
7529,5
9674,5
16283,19
3430,5
6746,5
4525,5
8117,5
502,5
3277,15
16130,5
5076,26
17929,5
8086,5
144,5
4039,5
1616,5
2449,5
17847,6
13163,6
7386,6
12093,6
12164,6
12162,6
21378,7
21324,7
21322,7
21298,7
21248,7
21215,7
21211,7
21179,7
21165,7
21095,7
21036,7
20931,7
20896,7
20822,7
20668,7
20639,7
20630,7
20468,7
20443,7
20407,7
20332,7
20324,7
20279,7
20249,7
20217,7
19648,7
19424,7
19422,7
18769,7
18648,7
16806,7
16619,7
16405,7
16374,7
16365,7
16284,7
15985,7
15908,7
15732,7
15729,7
15558,7
15527,23
2674,7
15515,7
15265,7
2116,27
14969,7
13275,28
422,7
211,23
13064,7
13026,7
12681,7
12624,7
12616,7
12306,7
11667,7
11320,7
11301,7
10974,7
10855,7
10282,7
10280,7
9914,7
9556,7
9502,7
9316,7
9278,7
8946,7
8890,7
15274,32
2421,7
8793,7
15206,10
2353,7
15065,7
2212,7
15023,7
8581,7
8578,28
21431,7
8577,26
21430,7
8458,7
8394,7
8262,7
7548,15
20401,7
7459,7
7338,21
20191,7
20117,19
7264,7
6738,7
6586,7
6181,7
6146,7
6104,7
6047,7
5744,7
18429,9
5576,7
18419,13
5566,7
5359,7
5339,7
11664,7
11633,7
4850,18
17703,7
4814,7
4747,7
11111,7
10926,7
17171,18
4318,7
7229,7
16807,20
3954,7
16761,37
3908,7
7061,7
16621,37
3768,7
494,7
3681,7
19690,18
6837,7
16422,20
3569,7
9810,7
164,7
6414,23
19267,7
9429,7
6186,7
2968,23
15821,7
9339,7
2887,7
15610,34
2757,7
2691,7
15489,7
8979,7
8976,7
5757,33
18610,7
18531,23
5678,7
8892,7
2394,32
15247,7
15239,15
2386,7
15189,7
8741,7
2236,7
5437,7
2221,7
2194,7
10097,7
449,7
6848,7
3639,9
16492,7
8449,12
21302,7
16398,14
3545,7
21203,20
8350,7
1764,7
11359,7
4788,7
1585,7
20840,37
7987,7
7948,7
20801,7
7841,7
7830,7
6179,7
1285,7
6084,7
2862,10
15715,7
1251,7
1200,7
1182,7
1137,7
7505,8
20358,7
20348,23
7495,7
7441,7
1010,7
7421,12
20274,7
8115,14
20968,7
74,7
13715,7
4732,7
16747,28
3894,7
6549,7
12880,34
27,7
4376,7
17225,23
4372,7
3946,16
16799,7
1101,7
299,7
2619,7
8229,7
399,7
16396,30
3543,7
17155,28
4302,7
6908,14
19761,7
8294,7
13717,7
3672,7
7362,18
20215,7
16591,18
3738,7
1128,7
1205,7
818,7
19666,37
6813,7
8422,32
21275,7
6147,7
9231,7
15326,7
21405,8
21271,8
21257,8
21255,8
21205,8
21182,8
21181,8
21148,8
21135,8
21132,8
21100,8
21042,8
21038,8
21017,8
20974,8
20969,8
20943,8
20932,8
20930,8
20926,8
20888,8
20768,8
20695,8
20658,8
20654,8
20606,8
20566,8
20498,8
20490,8
20415,8
20388,8
20364,8
19915,8
19803,8
19704,8
19369,8
18718,8
18158,8
17617,8
17616,8
17556,8
17547,8
16921,8
16816,8
16815,8
16803,8
16802,8
16795,8
16708,8
16687,8
16633,8
16598,8
16592,8
16448,8
16347,8
16317,8
16221,8
16015,8
16013,8
15819,8
15757,8
2748,21
15601,8
15559,8
15357,28
2504,8
14985,8
2128,23
14981,8
2118,28
14971,8
14873,15
2020,8
14525,8
14180,21
1327,8
13092,8
12674,8
12187,8
12063,8
12022,8
11336,8
10921,8
10885,8
10853,8
10174,8
10119,8
10108,8
9961,8
9606,8
9572,8
9486,8
9263,8
9238,8
9103,8
8859,8
8810,8
15205,8
15062,8
8636,18
21489,8
15027,8
14998,8
8565,8
8497,14
21350,8
8428,10
21281,8
21260,21
8407,8
8252,10
21105,8
8130,15
20983,8
14300,8
14285,8
7843,8
7728,8
14146,9
1293,8
7674,36
20527,8
7519,31
20372,8
7476,8
7190,8
756,8
7079,8
19712,26
6859,8
338,23
13191,8
6743,8
13122,8
13054,32
201,8
12904,8
6323,8
6311,8
6273,8
6175,8
6172,8
6107,8
6055,8
18783,32
5930,8
5913,8
11980,8
11976,8
18385,28
5532,8
5496,8
5451,8
5444,8
5355,8
18150,28
5297,8
5055,8
5029,8
4999,8
4807,37
17660,8
4803,8
4777,21
17630,8
10972,8
4521,8
4457,8
17304,10
4451,8
4292,8
4257,8
4176,8
4169,8
10573,8
4141,8
20045,23
7192,8
19968,28
7115,8
7078,8
10254,8
3801,26
16654,8
3792,25
16645,8
16635,19
3782,8
10196,8
3695,8
3667,8
19683,15
6830,8
3605,29
16458,8
3564,13
16417,8
9963,8
169,8
9682,8
3128,34
15981,8
3036,27
15889,8
6231,8
2954,38
15807,8
9366,8
6130,8
6129,8
9274,8
6041,8
15669,8
15605,14
2752,8
2760,28
15613,8
2590,8
2561,8
5731,8
5716,8
8925,8
12098,8
15312,18
2459,8
18435,27
5582,8
5473,15
18326,8
16638,30
3785,8
2182,8
3676,8
5215,13
18068,8
8353,32
21206,8
6669,8
4911,8
45,15
12898,8
1610,8
1566,8
1527,8
19159,18
6306,8
1452,8
3043,37
15896,8
1384,8
1320,8
1265,8
14093,8
15667,8
1177,8
21193,16
8340,8
5100,8
4239,8
4219,8
1009,8
4194,8
3381,14
16234,8
3957,15
16810,8
3948,33
16801,8
3944,31
16797,8
3903,8
1494,8
4691,13
17544,8
12704,8
2115,28
14968,8
9333,8
1264,8
6785,8
773,8
15207,8
1532,8
2298,8
4273,8
1033,8
6642,8
5209,18
18062,8
3961,37
16814,8
9964,8
12995,33
142,8
2919,16
15772,8
5119,15
17972,8
8337,26
21190,8
2099,8
3466,13
16319,8
13114,8
535,8
2836,8
16583,37
3730,8
14970,8
16874,33
4021,8
6505,8
7508,8
6696,8
8858,8
21321,9
20058,9
19069,9
18557,9
18459,9
17342,9
17221,9
17140,9
17059,9
15858,9
14928,9
2033,16
14886,9
14885,9
14069,11
1216,9
13279,9
12814,9
12813,9
12778,9
12760,9
12117,9
11826,9
11183,9
11173,9
10332,9
10322,9
10107,9
9393,9
9265,9
9207,9
9201,9
9124,9
8684,9
21536,15
8683,9
8654,9
15013,9
14988,9
14923,9
14293,10
1440,9
7166,18
20019,9
7143,9
13286,9
6092,33
18945,9
6063,9
5398,9
5214,9
18001,15
5148,9
5070,23
17923,9
11233,9
4477,15
17330,9
10678,9
16970,10
4117,9
4096,9
6939,9
19788,17
6935,9
416,12
13269,9
9941,9
2977,9
9349,9
12462,9
12415,9
12003,9
11893,9
2246,9
2206,9
15017,9
1910,9
259,9
1815,9
3332,23
16185,9
19368,18
6515,9
11230,9
1537,9
1444,9
4630,9
15829,22
2976,9
15817,28
2964,9
4385,20
17238,9
7577,9
7569,9
314,9
9903,9
8306,9
3474,19
16327,9
908,9
4697,9
10367,9
293,9
3511,9
16170,18
3317,9
6486,9
3228,9
9374,9
12426,9
1030,9
9305,9
21501,10
21391,10
21303,10
21131,10
21023,10
20989,10
20787,10
20632,10
20469,10
20439,10
20409,10
19557,10
19546,10
18992,10
18421,10
18231,10
18104,10
17511,10
17452,10
17449,10
17352,10
17335,10
17316,10
17279,10
17277,10
17274,10
17269,10
17256,10
17245,10
17201,10
17083,10
17074,10
16957,10
16946,10
16935,10
16932,10
16929,10
16926,10
16856,10
16794,10
16788,10
16357,10
16256,10
16088,10
15840,10
14904,10
14199,10
13649,10
12842,10
12791,10
12755,10
12754,10
12690,10
12604,10
12564,10
12563,10
12473,10
12457,10
12028,10
11706,10
11587,10
11580,10
11558,10
11551,10
11519,10
11446,10
11390,10
11357,10
11287,10
11260,10
11175,10
11103,10
11093,10
11076,10
10905,10
10876,10
10695,10
10665,10
10642,10
10623,10
10530,10
10455,10
10302,10
10265,10
10255,10
10230,10
9923,10
9847,10
9755,10
9712,10
9704,10
9689,10
9681,10
9657,10
9315,10
9147,10
9134,10
9076,10
2370,37
15223,10
15198,10
15171,10
2308,29
15161,10
8699,10
8676,10
8663,10
8641,10
8608,10
14912,10
2056,24
14909,10
8480,15
21333,10
14826,10
8349,15
21202,10
8212,12
21065,10
20959,15
8106,10
8012,29
20865,10
7907,10
20453,16
7600,10
7477,10
7406,18
20259,10
7314,10
7148,31
20001,10
7135,10
13270,10
6716,10
6524,26
19377,10
12806,10
19199,28
6346,10
12602,10
12472,10
6014,19
18867,10
5908,10
5895,10
5858,10
18663,32
5810,10
5808,10
18577,23
5724,10
5561,10
5499,23
18352,10
5475,16
18328,10
11771,10
18176,37
5323,10
5288,10
11658,10
5160,10
11555,10
11498,10
5057,10
11198,10
4717,10
4712,10
11065,10
17448,23
4595,10
4452,31
17305,10
10809,10
10779,10
10767,10
4231,32
17084,10
4192,10
17023,23
4170,10
4120,25
16973,10
4048,10
4026,10
7218,18
20071,10
3999,33
16852,10
10347,10
3892,23
16745,10
3870,21
16723,10
10264,10
10209,10
3777,27
16630,10
6788,10
6757,10
3553,10
3157,10
9532,10
6310,26
19163,10
3078,10
3010,10
12623,10
9415,10
12609,10
6180,18
19033,10
12594,10
9348,10
9220,10
9184,10
5964,10
15501,14
2648,10
9015,10
8982,10
12178,10
8692,10
21539,23
8686,10
8674,10
21523,23
8670,10
8668,19
21521,10
21441,19
8588,10
2028,16
14881,10
2025,10
354,10
5132,10
17968,15
5115,10
1848,10
1839,10
1809,10
1731,10
8109,10
9628,10
16052,25
3199,10
11225,10
3204,10
1579,10
7866,29
20719,10
4632,10
20655,26
7802,10
1367,21
14220,10
1226,10
4363,26
17216,10
10781,10
1148,10
4341,26
17194,10
20374,26
7521,10
10709,10
1871,10
1863,10
13908,10
11461,10
13045,10
991,10
11397,10
17025,33
4172,10
4111,27
16964,10
9697,10
16884,31
4031,10
5583,27
18436,10
1499,10
9515,10
7771,10
20624,10
6926,10
104,10
925,10
14951,10
3241,27
16094,10
4038,10
10355,10
1656,10
18686,18
5833,10
1022,10
1951,10
2942,10
16755,36
3902,10
1680,10
9777,10
3347,28
16200,10
6941,10
16294,17
3441,10
9554,10
8044,10
1356,10
10352,10
3931,10
16908,12
4055,10
20753,11
18303,11
16538,11
15547,11
12672,11
9965,11
7755,11
20319,21
7466,11
13435,11
19713,18
6860,11
11377,11
10447,11
3997,23
16850,11
6018,11
15411,32
2558,11
21301,18
8448,11
17180,12
4327,11
1013,11
2566,11
778,11
13025,11
2756,11
21562,12
21096,12
20757,12
20264,12
19418,12
19198,12
19062,12
19044,12
18749,12
18665,12
18527,12
18425,12
18061,12
17169,12
17062,12
16939,12
16893,12
16264,12
15996,12
15989,12
15950,12
15793,12
15597,29
2744,12
1759,26
14612,12
13471,12
402,28
13255,12
13124,14
271,12
12933,32
80,12
12893,19
40,12
12706,12
12628,12
10756,12
10715,12
10634,12
9956,12
9905,12
9822,12
9787,12
9133,12
8829,12
8666,15
21519,12
14785,23
1932,12
8199,12
20833,19
7980,12
20671,19
7818,12
7427,12
7221,12
6976,12
13159,12
6441,14
19294,12
12714,12
12703,12
12435,12
5842,12
5767,12
5692,12
5684,12
5508,12
5410,12
5274,12
5256,13
18109,12
5220,12
5146,12
5060,12
4987,12
4756,12
11059,12
4407,23
17260,12
4398,31
17251,12
10754,12
17091,36
4238,12
10594,12
4084,12
16783,36
3930,12
13482,12
10262,12
3797,28
16650,12
10183,12
16407,34
3554,12
16394,30
3541,12
58,12
22,37
12875,12
12901,19
48,12
3105,12
2993,12
15838,23
2985,12
2872,12
2858,12
12480,12
9012,12
5765,12
15321,17
2468,12
2260,12
2240,18
15093,12
5443,27
18296,12
5371,12
6952,12
10155,12
323,12
1913,12
16360,19
3507,12
17791,20
4938,12
14573,12
111,12
12841,12
17372,13
4519,12
1308,12
7555,12
1100,12
279,12
5080,18
17933,12
7437,12
897,12
4811,12
7099,12
10315,12
4686,12
6964,12
1174,12
9171,12
284,12
16201,23
3348,12
924,12
524,12
880,12
4544,12
890,12
4045,12
5236,12
1917,12
9146,12
5216,12
21532,13
21423,13
21130,13
20778,13
20262,13
20090,13
20025,13
19653,13
19122,13
19017,13
18995,13
18994,13
18902,13
18872,13
18493,13
18454,13
18437,13
18374,13
18009,13
17416,13
17384,13
17364,13
17333,13
17285,13
17275,13
17128,13
17123,13
17103,13
16987,13
16967,13
16897,13
16740,13
16359,13
16310,13
16212,13
16125,13
16098,13
16091,13
15643,13
15580,13
2073,23
14926,13
2029,19
14882,13
14783,13
706,37
13559,13
13321,13
13170,38
317,13
13119,13
13070,13
12818,13
12799,13
12743,13
12432,13
11789,13
11379,13
11291,13
11179,13
10742,13
10703,13
10632,13
10289,13
9603,13
2512,37
15365,13
8757,13
8656,13
2121,23
14974,13
21406,26
8553,13
21359,19
8506,13
2065,17
14918,13
8451,13
8314,13
8309,13
8209,13
14626,27
1773,13
21031,23
8178,13
7767,13
7583,13
7557,13
800,13
19882,28
7029,13
7015,13
19867,28
7014,13
19866,32
7013,13
19823,18
6970,13
6929,13
6869,13
439,17
13292,13
438,17
13291,13
203,23
13056,13
13053,13
19280,18
6427,13
6376,13
6353,13
19042,15
6189,13
12555,13
12469,13
18851,28
5998,13
12398,13
12394,13
5887,13
5826,13
5602,26
18455,13
18420,28
5567,13
18300,33
5447,13
5388,13
5253,13
5235,13
5210,13
5194,13
5053,31
17906,13
11315,13
4795,13
11202,13
4679,13
4541,13
4371,32
17224,13
4370,26
17223,13
10744,13
4173,13
16966,15
4113,13
4080,13
4074,13
4067,13
7075,13
7031,13
16570,18
3717,13
6872,13
16493,18
3640,13
9974,13
330,13
3520,13
13116,13
6659,37
19512,13
220,13
9841,13
6581,13
9792,13
3342,22
16195,13
124,13
3309,13
3295,18
16148,13
3211,13
3107,15
15960,13
3016,13
6201,13
2995,13
2965,13
6075,13
15675,13
2765,13
9182,13
15451,13
18658,18
5805,13
5787,13
15386,13
2531,13
15384,13
15227,27
2374,13
11858,13
15045,13
10200,13
3779,13
8603,13
3694,13
14867,13
2010,13
1995,13
3531,13
1933,13
1918,15
14771,13
1929,13
1858,13
9734,13
8103,13
20947,21
8094,13
3207,13
6369,13
1550,13
1445,26
14298,13
4637,13
1407,13
11030,13
3001,39
15854,13
7825,13
9294,13
1272,13
4306,13
1885,13
4255,13
1036,13
1023,13
1019,13
5783,13
15410,13
5769,13
8114,13
4099,28
16952,13
3243,37
16096,13
4000,26
16853,13
793,13
4780,31
17633,13
14354,13
8722,24
21575,13
4695,13
3898,13
3747,14
16600,13
11773,13
6951,13
2923,13
4098,13
13266,13
1217,13
6384,13
1184,13
9196,13
5178,13
10398,13
12395,13
9192,13
1971,13
15550,13
3505,13
3472,13
6816,13
18660,14
5807,13
4993,13
16213,23
3360,13
13008,13
3152,28
16005,13
9769,13
8172,13
9760,13
6520,26
19373,13
12907,13
3273,15
16126,13
19334,18
6481,13
1959,13
2956,13
13274,13
10314,13
9761,13
3630,13
16985,28
4132,13
1068,13
10825,13
7222,13
816,13
4290,13
21571,14
21429,14
21419,14
21404,14
21387,14
21376,14
21000,14
20824,14
20773,14
20734,14
20379,14
20137,14
19912,14
19833,14
19679,14
19649,14
19470,14
19137,14
18975,14
18479,14
17957,14
17956,14
17872,14
17864,14
17812,14
17538,14
17506,14
17479,14
17053,14
17048,14
17000,14
16979,14
16851,14
16656,14
16443,14
16232,14
16216,14
16211,14
16203,14
16163,14
15894,14
15666,23
2813,14
15600,14
15569,14
15503,23
2650,14
15363,14
2079,29
14932,14
14877,28
2024,14
1651,19
14504,14
937,25
13790,14
12557,14
12485,14
12449,14
12317,14
12305,14
12195,14
12156,14
12054,14
11888,14
11602,14
11449,14
11299,14
11253,14
11211,14
11101,14
10429,14
10423,14
10404,14
10335,14
9850,14
9618,14
9557,14
9487,14
15581,15
2728,14
9100,14
9075,14
9047,14
8944,14
8932,14
8823,14
8711,14
8618,14
8512,14
21362,19
8509,14
8496,14
21291,15
8438,14
8425,26
21278,14
8240,23
21093,14
8205,14
8045,37
20898,14
7977,14
7891,18
20744,14
7789,14
7639,14
20235,19
7382,14
7319,14
7253,14
19781,23
6928,14
496,14
6819,14
6817,14
13157,23
304,14
6528,31
19381,14
6507,17
19360,14
6463,14
12858,14
12797,14
12767,14
12699,14
6091,28
18944,14
18938,15
6085,14
6082,14
5750,14
12138,14
11872,14
5411,14
11763,14
5309,14
5293,14
5176,28
18029,14
5117,14
5013,20
17866,14
11402,14
4933,14
17701,37
4848,14
11239,14
11237,14
4733,14
4606,14
4591,14
4323,14
10674,14
4167,14
3991,14
3912,14
3884,27
16737,14
3874,20
16727,14
16726,31
3873,14
10238,14
13261,28
408,14
6815,14
13188,14
16262,24
3409,14
3271,14
3261,14
12834,14
16006,28
3153,14
6331,14
9526,14
15876,19
3023,14
3013,14
2945,14
2907,14
2902,14
6056,14
2799,14
5955,14
2596,14
2546,14
2532,14
5671,14
8778,14
8691,14
2202,15
15055,14
5340,14
21411,33
8558,14
13265,14
11504,14
14689,15
1836,14
1735,14
16173,25
3320,14
16166,15
3313,14
19255,28
6402,14
8023,14
1598,14
1562,14
11161,14
4660,36
17513,14
4649,19
17502,14
7867,14
4623,14
1260,14
9246,14
9230,14
10784,14
17156,28
4303,14
10676,14
2637,14
4235,14
1000,14
8204,14
15425,14
1771,14
16117,37
3264,14
768,14
3161,14
733,14
11962,14
3094,14
3085,14
682,14
18205,33
5352,14
7765,28
20618,14
20600,26
7747,14
12146,14
3660,23
16513,14
424,14
2375,14
3573,14
1153,14
3129,14
16787,23
3934,14
3095,14
1996,14
5357,32
18210,14
13787,14
9363,14
12965,14
2500,14
2896,14
3298,14
1741,14
8947,14
2526,14
7261,26
20114,14
21576,15
21358,15
20396,15
20012,15
19799,15
19786,15
19293,15
19241,15
19167,15
19006,15
18567,15
18467,15
18392,15
18302,15
18280,15
17986,15
17870,15
17863,15
17839,15
17776,15
17760,15
17748,15
17700,15
17686,15
17422,15
17411,15
17406,15
17399,15
17212,15
17164,15
17152,15
17148,15
17097,15
17011,15
16962,15
16680,15
16589,15
16577,15
16429,15
16354,15
16332,15
16176,15
15913,15
15810,15
15742,15
2850,26
15703,15
15478,15
2411,18
15264,15
15237,15
15194,15
2012,28
14865,15
14549,31
1696,15
1684,33
14537,15
849,24
13702,15
12827,15
12775,15
12759,15
12676,15
12281,15
12027,15
11860,15
11791,15
11490,15
11352,15
11330,15
11252,15
11243,15
11236,15
11210,15
10555,15
10537,15
10445,15
10361,15
10310,15
9892,15
9853,15
9742,15
9733,15
9641,15
9590,15
9544,15
9432,15
9423,15
9408,15
9296,15
15656,28
2803,15
9197,15
9142,15
2482,31
15335,15
15294,15
8873,15
8688,23
21541,15
8628,15
8541,27
21394,15
8453,15
8275,16
21128,15
21078,18
8225,15
8068,15
20792,24
7939,15
7937,23
20790,15
20746,20
7893,15
7809,28
20662,15
7636,30
20489,15
20446,19
7593,15
7576,15
13904,15
20247,36
7394,15
7391,15
714,15
679,32
13532,15
13280,15
19644,21
6791,15
6770,15
13184,15
331,15
13113,20
260,15
64,27
12917,15
6450,15
12803,15
6382,15
6368,15
6248,21
19101,15
6060,15
12468,15
6035,18
18888,15
12441,15
6020,32
18873,15
5800,15
5727,15
18564,34
5711,15
18563,19
5710,15
5701,31
18554,15
12084,15
11996,15
18407,28
5554,15
5363,15
5272,15
5270,15
11661,15
5071,15
11362,15
4890,15
17671,37
4818,15
11177,15
4711,15
4425,15
4369,15
10768,15
4346,21
17199,15
4259,15
10581,15
4075,15
4027,15
3980,25
16833,15
7129,36
19982,15
10313,15
10291,15
16717,31
3864,15
7024,15
6993,15
10041,15
356,15
3491,15
16343,27
3490,15
3488,15
9799,15
6425,15
15968,32
3115,15
12696,15
15909,21
3056,15
6090,15
9279,15
6054,15
9259,15
2833,15
15621,23
2768,15
12209,15
12201,15
2554,15
18599,28
5746,15
5734,15
8951,15
8861,15
15179,28
2326,15
8756,15
15149,15
8696,15
5474,15
5471,15
15110,28
2257,15
8689,15
8615,15
10191,15
21363,22
8510,15
14907,15
2054,15
19697,18
6844,15
14854,23
2001,15
3592,15
362,15
1948,15
3442,15
8222,15
134,32
12987,15
1682,15
12878,15
6428,15
3198,15
3166,15
17593,23
4740,15
17470,23
4617,15
1414,15
1409,15
1406,15
1361,15
10944,15
1269,15
1252,15
7632,23
20485,15
4411,33
17264,15
15639,15
9206,15
7603,15
7558,15
1919,15
15556,15
5105,20
17958,15
1897,15
16312,27
3459,15
4266,15
4227,18
17080,15
10633,15
176,15
12203,15
1693,15
896,15
857,15
14476,37
1623,15
8855,15
10435,15
1588,15
9582,15
748,15
5541,18
18394,15
20793,26
7940,15
677,23
13530,15
3089,15
7763,15
6944,15
6525,37
19378,15
4518,15
19767,27
6914,15
7722,15
6093,15
3699,15
13243,23
390,15
15217,15
12397,15
8396,15
15213,15
3563,15
9977,15
9926,15
4304,21
17157,15
853,15
6471,15
1808,15
10831,15
3396,15
1990,25
14843,15
1963,15
963,15
1761,15
960,15
3751,19
16604,15
7366,15
3093,15
14941,15
11497,15
5162,15
16950,36
4097,15
4739,15
3336,15
939,15
8554,15
14875,15
10553,15
8441,15
18,15
9543,15
11752,15
3702,34
16555,15
11637,15
10311,15
3684,15
4043,15
21337,16
20910,16
20685,16
20651,16
20598,16
20517,16
20299,16
20135,16
19815,16
19142,16
18708,16
16817,16
16798,16
16665,16
16602,16
16590,16
16219,16
16055,16
16030,16
15295,16
12658,16
12649,16
12391,16
12382,16
12380,16
12364,16
12362,16
12341,16
12266,16
12258,16
12166,16
12149,16
12077,16
12033,16
12031,16
11990,16
11978,16
11884,16
11713,16
11705,16
11700,16
11614,16
11568,16
11566,16
11452,16
11416,16
11333,16
11306,16
11145,16
10999,16
10943,16
10839,16
9818,16
9399,16
9301,16
9237,16
9101,16
8794,16
8708,16
2251,28
15104,16
2203,27
15056,16
21435,19
8582,16
8579,16
8481,16
8457,16
8430,32
21283,16
21277,23
8424,16
21244,21
8391,16
8085,23
20938,16
20909,28
8056,16
8036,16
20885,19
8032,16
8030,21
20883,16
20879,26
8026,16
7838,16
7790,16
7739,16
7566,23
20419,16
20308,26
7455,16
7359,16
7266,31
20119,16
7212,16
7080,39
19933,16
13192,16
6670,16
140,16
6475,16
19290,37
6437,16
6309,16
19087,32
6234,16
12351,16
18397,23
5544,16
11898,16
5342,16
11724,16
11567,16
4920,26
17773,16
4797,16
4745,16
11034,16
17206,28
4353,16
4033,23
16886,16
10436,16
16811,32
3958,16
3952,16
10211,16
6787,16
6759,16
9839,16
212,16
6592,16
9610,16
9605,16
2918,16
15709,31
2856,16
12353,16
8969,16
8965,16
12017,16
2350,16
2316,16
15094,16
5452,16
5422,16
2048,16
2026,16
11649,16
13165,16
5089,16
17901,19
5048,16
6540,16
126,16
1706,16
11302,16
41,16
1602,16
4775,16
1438,16
1433,16
1428,16
1375,16
17328,25
4475,16
9287,16
10840,16
1191,16
1080,16
2663,16
9034,16
6591,16
10598,16
1608,16
3951,27
16804,16
11966,16
2342,16
2333,16
15145,16
12176,16
3740,16
1658,16
8879,16
18426,23
5573,16
1650,16
1011,16
8981,16
6551,16
11570,16
11540,16
6529,16
8995,16
6880,16
2938,16
11644,16
5321,16
12860,16
490,16
21553,17
21551,17
21403,17
21388,17
21356,17
21113,17
21109,17
20954,17
20918,17
20826,17
20791,17
20569,17
20494,17
20412,17
20393,17
20309,17
20273,17
20233,17
20151,17
19571,17
19515,17
19053,17
19045,17
18481,17
17619,17
17440,17
17034,17
16913,17
16698,17
16664,17
16585,17
16546,17
16545,17
16380,17
16324,17
16315,17
16246,17
15969,17
15833,17
15822,17
15800,17
15753,17
15723,17
15429,17
2553,23
15406,17
15348,17
2173,27
15026,17
12630,17
11802,17
11413,17
10699,17
9728,17
9707,17
9417,17
15356,17
8777,17
8163,25
21016,17
7994,17
7954,21
20807,17
7757,17
7541,17
6972,17
6709,31
19562,17
6601,17
12935,22
82,17
6335,17
5815,17
18323,23
5470,17
5402,17
5034,26
17887,17
11241,17
4773,17
4644,17
10688,17
16918,20
4065,17
3872,26
16725,17
3867,17
3817,26
16670,17
3762,28
16615,17
3634,21
16487,17
196,17
2827,27
15680,17
9158,17
2544,27
15397,17
8972,17
3760,17
11787,17
8475,17
13231,34
378,17
8293,32
21146,17
8087,17
2979,23
15832,17
1124,17
7544,17
6583,17
7317,30
20170,17
1529,17
2538,23
15391,17
1924,17
1108,17
7308,23
20161,17
20905,18
20835,18
20699,18
20641,18
20352,18
19837,18
19831,18
19826,18
19711,18
19181,18
19113,18
18898,18
18730,18
18371,18
18356,18
18351,18
18342,18
18313,18
18239,18
18236,18
18191,18
18038,18
17916,18
17770,18
17738,18
17728,18
17716,18
17579,18
17551,18
17315,18
17151,18
17001,18
16925,18
16796,18
16714,18
16667,18
16488,18
16463,18
16459,18
16404,18
16194,18
16123,18
15785,18
15565,18
1751,27
14604,18
12810,18
12751,18
12668,18
12625,18
12350,18
12339,18
12276,18
12106,18
12087,18
12049,18
11933,18
11910,18
11801,18
11726,18
11722,18
11663,18
11638,18
11627,18
11550,18
11522,18
11435,18
11406,18
11405,18
11396,18
11378,18
11349,18
11095,18
11035,18
10978,18
10843,18
10816,18
10638,18
10158,18
10098,18
9971,18
9929,18
9844,18
9814,18
9561,18
9497,18
9454,18
9280,18
9258,18
9252,18
9090,18
9045,18
9033,18
15417,18
8919,18
8781,18
8732,18
15031,18
8571,18
8514,18
21112,26
8259,18
8021,18
7963,18
7895,18
7823,18
7687,18
7464,18
13735,27
882,18
7225,18
7058,18
7047,18
13287,18
6866,25
19719,18
19642,19
6789,18
343,30
13196,18
13103,18
6682,18
157,18
6562,18
6497,18
6445,18
6315,18
12688,18
12661,18
12648,18
6218,18
12605,18
6124,18
12504,18
5935,18
5886,36
18739,18
5876,18
5873,18
5818,18
12219,18
5672,18
12068,18
18497,19
5644,18
5617,26
18470,18
18462,23
5609,18
11997,18
5564,18
5558,18
5517,18
5349,18
5332,18
5287,18
11598,18
5141,18
11515,18
11505,18
5082,18
17930,23
5077,18
11465,18
17651,33
4798,18
11166,18
4638,25
17491,18
17163,37
4310,18
4229,18
17082,18
4204,18
17031,19
4178,18
4066,18
712,18
3856,18
10216,18
3795,23
16648,18
10214,18
16646,23
3793,18
3673,18
10058,18
10052,18
3559,18
6655,18
16252,27
3399,18
135,33
12988,18
12981,32
128,18
3327,18
9615,18
9608,18
16037,32
3184,18
3100,18
3047,28
15900,18
2955,23
15808,18
15780,31
2927,18
2867,18
2847,18
2769,18
5965,18
5932,18
8998,18
8975,18
12172,18
18604,23
5751,18
5743,18
12053,18
8849,18
5526,18
2323,18
5523,36
18376,18
5511,18
8690,18
11892,18
2268,28
15121,18
15048,18
3704,18
6855,18
3626,26
16479,18
5228,18
19663,37
6810,18
10018,18
5121,18
1847,18
3400,18
1798,18
3384,18
1787,18
1678,18
3216,18
11222,18
1581,18
11196,18
7958,29
20811,18
9538,18
3117,27
15970,18
6246,18
15878,29
3025,18
4615,18
1412,18
7737,18
10893,18
10867,18
4437,18
7629,18
14012,28
1159,18
4360,18
11526,18
1104,18
4277,18
1074,18
1862,32
14715,18
15479,18
13041,18
13052,37
199,18
15448,18
7424,18
7407,18
984,18
978,18
5708,18
16143,23
3290,18
2470,18
15309,18
4069,23
16922,18
11201,18
3970,18
767,18
741,18
732,18
7130,18
19983,18
2297,18
3888,18
5358,18
558,18
6943,36
19796,18
14177,18
9345,18
505,18
16175,19
3322,18
14156,18
1303,18
18514,19
5661,18
6003,18
1203,18
10025,18
1584,18
387,18
11599,18
2365,18
8730,18
1493,18
441,18
10527,18
6927,23
19780,18
18752,37
5899,18
5283,18
3269,27
16122,18
3356,18
147,18
2491,18
10518,18
10868,18
4447,18
1740,18
11657,18
2953,18
7749,18
550,18
2810,18
2884,18
840,18
21437,19
21436,19
21414,19
21413,19
21386,19
21385,19
21360,19
21330,19
21315,19
21308,19
21266,19
21264,19
21242,19
21224,19
21218,19
21199,19
21081,19
21055,19
21044,19
21014,19
20988,19
20937,19
20915,19
20784,19
20715,19
20706,19
20628,19
20548,19
20533,19
20463,19
20442,19
20414,19
20391,19
20378,19
20368,19
20339,19
20304,19
20269,19
20256,19
20255,19
20226,19
20213,19
20189,19
20187,19
20181,19
20166,19
19742,19
19254,19
19174,19
19029,19
19009,19
18627,19
18483,19
18052,19
17964,19
17922,19
17900,19
16668,19
16662,19
16569,19
16421,19
16363,19
16350,19
16346,19
16311,19
16207,19
16141,19
15980,19
2606,23
15459,19
15141,19
14876,19
14860,19
1047,25
13900,19
13714,32
861,19
13014,19
12783,19
12005,19
11855,19
11528,19
11470,19
11221,19
11220,19
11109,19
10907,19
10612,19
10529,19
10430,19
10393,19
10284,19
10235,19
10225,19
10130,19
10099,19
9860,19
9825,19
9744,19
9478,19
9229,19
9187,19
9160,19
9127,19
8997,19
8745,19
8644,19
8637,28
21490,19
8614,19
8611,19
8563,23
21416,19
8562,24
21415,19
8559,20
21412,19
8125,19
8051,27
20904,19
8048,19
7972,28
20825,19
7970,19
7869,19
7836,19
7821,19
7726,19
7472,19
13890,19
7447,25
20300,19
7433,32
20286,19
7370,32
20223,19
7367,23
20220,19
7008,19
6771,19
6765,19
6485,19
9,24
12862,19
6372,19
6349,19
6341,19
6134,19
6094,19
18765,22
5912,19
11896,19
11859,19
11850,19
5299,25
18152,19
5264,19
11635,19
5195,28
18048,19
5188,19
11481,19
11475,19
11227,19
4776,19
4755,19
11168,19
4657,19
4574,19
4149,19
4105,19
4094,19
4089,19
4012,21
16865,19
3968,19
6999,19
3786,19
16574,27
3721,19
16502,27
3649,19
6840,19
3585,19
16432,20
3579,19
3480,19
3456,19
3422,33
16275,19
3416,33
16269,19
160,19
11,19
6358,19
9576,19
6356,19
12619,19
6198,19
6165,19
2962,19
9189,19
5967,19
15594,19
2666,19
5594,19
15079,19
2205,19
8619,19
5356,19
2137,19
11721,19
2089,19
2055,19
5257,19
3624,19
5219,19
14752,19
1846,19
9741,19
1688,19
6466,19
12891,34
38,19
6447,19
14,19
7983,37
20836,19
15816,27
2963,19
2961,19
2960,19
7686,19
2789,19
1181,19
12346,19
7539,23
20392,19
3468,19
1059,19
10644,19
17071,28
4218,19
986,19
976,19
968,19
10532,19
16953,37
4100,19
4092,19
4085,19
4014,19
3994,19
10349,19
6297,19
8702,19
7083,19
530,19
1722,19
20079,23
7226,19
8005,19
1178,19
6790,19
774,19
10338,19
5501,20
18354,19
2693,19
1096,19
1853,19
8155,19
4123,19
920,19
899,19
883,19
9177,19
4562,19
1644,19
8868,19
15380,19
7704,32
20557,19
3680,26
16533,19
2133,19
2433,19
541,19
1087,19
8905,19
887,19
7438,26
20291,19
21222,20
21196,20
20657,20
20646,20
20432,20
19812,20
19466,20
19440,20
19365,20
19304,20
18997,20
18832,20
18713,20
17975,20
17848,20
17661,20
17558,20
16911,20
16808,20
16719,20
16337,20
15307,20
13138,20
12572,20
12569,20
12255,20
12244,20
12154,20
12035,20
11750,20
11687,20
11565,20
11424,20
11340,20
11317,20
11018,20
10963,20
10884,20
10870,20
10600,20
10500,20
10427,20
10083,20
10032,20
9970,20
9937,20
9896,20
9652,20
9475,20
15679,20
2826,20
9113,20
2474,25
15327,20
8893,20
15153,20
8635,28
21488,20
8317,20
8300,20
8297,20
8291,20
8286,20
14646,20
14540,20
7817,33
20670,20
7774,20
20529,21
7676,20
7462,20
20241,21
7388,20
13633,23
780,20
7048,20
534,20
6809,20
6798,22
19651,20
6701,20
13118,20
19534,23
6681,20
19447,32
6594,20
6522,20
19375,20
6458,20
19097,23
6244,20
6227,20
6102,20
18955,20
12506,20
5906,20
12239,20
5629,20
18445,23
5592,20
18383,23
5530,20
5461,20
5316,20
17896,23
5043,20
11354,20
10599,20
10597,20
10538,20
10094,20
3631,20
13203,20
6621,23
19474,20
3131,34
15984,20
6313,20
9525,20
9428,20
2916,27
15769,20
18895,24
6042,20
5968,20
2761,20
15553,30
2700,20
2518,20
2488,20
8899,20
2478,20
2429,20
5624,20
15188,26
2335,20
2270,20
5455,32
18308,20
2234,20
3713,20
11689,20
10046,20
21300,26
8447,20
6783,20
8339,26
21192,20
9930,20
13131,20
6680,20
13093,20
6672,20
8219,20
17825,27
4972,20
14524,20
19273,23
6420,20
8027,20
1449,20
1446,20
1288,20
1284,20
2825,20
1225,20
2807,20
20474,23
7621,20
20321,28
7468,20
2613,20
12914,20
18398,37
5545,20
6299,20
6288,20
7092,20
538,20
4517,20
5313,26
18166,20
10925,20
1643,20
10053,20
15259,20
17273,23
4420,20
5984,20
5976,20
9994,20
3547,33
16400,20
7953,20
7949,30
20802,20
6298,20
5078,20
151,20
4361,20
4554,20
539,20
6557,23
19410,20
2519,20
1271,20
8580,20
739,20
1633,20
10556,20
6325,26
19178,20
1328,20
2437,20
21336,21
21238,21
21209,21
21103,21
21053,21
21034,21
20794,21
20770,21
20634,21
20493,21
20237,21
20180,21
20174,21
20138,21
18875,21
18258,21
17795,21
16022,21
15886,21
15834,21
15246,28
2393,21
14587,32
1734,21
12715,21
11758,21
11106,21
10980,21
10601,21
10561,21
9678,21
9273,21
15521,21
9097,21
8956,21
8860,21
8595,27
21448,21
8311,27
21164,21
8289,26
21142,21
8017,21
7723,21
7531,25
20384,21
7510,28
20363,21
13854,21
7323,28
20176,21
388,21
6293,21
6240,21
6073,21
5993,21
5868,28
18721,21
12240,21
5680,21
5658,21
5575,21
11904,21
5438,21
5417,21
5407,21
11690,21
11685,21
11569,21
11549,21
17981,32
5128,21
17948,28
5095,21
11479,21
4827,21
10973,21
10919,21
17166,28
4313,21
17058,23
4205,21
715,21
3840,21
361,27
13214,21
6641,21
6213,21
2970,23
15823,21
6105,21
5894,21
8999,21
15067,21
10185,21
557,21
2112,21
420,21
1872,21
1861,21
167,21
1638,21
17618,23
4765,21
11031,21
1366,21
1364,21
1245,21
1188,21
1160,21
4307,21
1084,21
210,21
6597,27
19450,21
998,21
187,21
4974,21
1765,21
7272,21
837,21
10381,21
3900,21
6934,23
19787,21
7735,21
6504,26
19357,21
1198,21
1176,21
2750,21
7120,21
11630,21
10023,21
3602,21
12115,21
12874,21
5741,21
93,21
1283,21
12150,21
12153,21
859,21
17672,26
4819,21
21267,22
20936,22
20919,22
20721,22
20709,22
20420,22
20406,22
18840,22
18795,22
18773,22
18746,22
18738,22
18736,22
18698,22
18689,22
18430,22
18367,22
17927,22
17875,22
16991,22
16110,22
15767,22
12621,22
12313,22
12286,22
12046,22
11935,22
10947,22
9031,22
8214,37
21067,22
6340,23
19193,22
12608,22
12024,22
11958,22
11767,22
17429,23
4576,22
17334,23
4481,22
17306,23
4453,22
10860,22
16838,31
3985,22
3461,23
16314,22
191,22
3389,22
12910,22
3189,22
2754,26
15607,22
12315,22
15438,25
2585,22
15038,22
12980,23
127,22
14558,22
3303,22
3183,22
11070,22
4584,22
5957,28
18810,22
194,22
11121,22
543,22
2046,22
3181,22
1875,22
2696,22
4474,22
834,22
21565,23
21556,23
21517,23
21512,23
21502,23
21473,23
21469,23
21369,23
21339,23
21293,23
21138,23
21076,23
21019,23
21018,23
20907,23
20902,23
20834,23
20653,23
20465,23
20267,23
20034,23
20013,23
19993,23
19832,23
19658,23
19556,23
19529,23
19507,23
19480,23
19471,23
19433,23
19432,23
19371,23
19343,23
18924,23
18849,23
18835,23
18774,23
18700,23
18676,23
18674,23
18616,23
18519,23
18490,23
18466,23
18443,23
18423,23
18389,23
18372,23
18332,23
18321,23
18277,23
18271,23
18257,23
18228,23
18222,23
18135,23
18095,23
17952,23
17876,23
17758,23
17707,23
17568,23
17433,23
17423,23
17417,23
17410,23
17403,23
17302,23
17301,23
17248,23
17246,23
17188,23
17187,23
17177,23
17173,23
17149,23
17117,23
17077,23
17039,23
17038,23
17036,23
16955,23
16903,23
16871,23
16774,23
16759,23
16750,23
16749,23
16734,23
16581,23
16499,23
16318,23
16196,23
16179,23
16171,23
16146,23
16120,23
16097,23
15988,23
15979,23
15973,23
15932,23
15929,23
15872,23
15859,23
15855,23
15672,23
2819,23
15578,34
2725,23
15551,23
15543,23
2630,30
15483,23
15481,23
15471,23
15447,23
2594,23
2499,28
15352,23
15306,23
15303,23
15255,23
15234,23
2366,27
15219,23
2303,27
15156,23
15096,23
14987,23
14959,23
14839,23
14757,23
13458,23
13245,23
389,27
13242,23
13201,23
13072,23
13046,23
12815,23
12748,23
12728,23
12689,23
12651,23
12502,23
12489,23
12465,23
12461,23
12460,23
12443,23
12442,23
12423,23
12404,23
12338,23
12278,23
12197,23
12073,23
11812,23
11768,23
11459,23
11425,23
11371,23
11344,23
11297,23
11292,23
11285,23
11279,23
11278,23
11251,23
11249,23
11234,23
11174,23
11102,23
11071,23
11064,23
10913,23
10864,23
10811,23
10773,23
10750,23
10743,23
10729,23
10721,23
10704,23
10693,23
10606,23
10559,23
10359,23
10334,23
10062,23
9988,23
9982,23
9933,23
9906,23
9872,23
9866,23
9858,23
9764,23
9720,23
9505,23
9479,23
9473,23
9314,23
9290,23
15694,23
9253,23
9155,23
9065,23
15485,23
15454,23
2560,27
15413,23
8948,23
8857,23
15220,23
8755,23
8748,23
8713,23
8710,23
8707,23
21538,33
8685,23
8677,23
21460,26
8607,23
8546,23
14911,23
14859,37
2006,23
8432,32
21285,23
8405,23
8344,23
21197,23
8246,23
8234,23
21050,32
8197,23
8176,23
8108,23
8091,23
8089,23
7930,23
7839,23
7831,23
20673,26
7820,23
20667,28
7814,23
1359,29
14212,23
14178,23
7710,23
7669,23
7643,23
20496,23
7642,23
7592,23
7570,23
7496,23
7408,27
20261,23
7240,23
7220,23
7177,23
7126,23
7023,23
6922,23
19775,23
13200,23
13185,23
315,27
13168,23
13078,29
225,23
214,29
13067,23
6632,23
6630,28
19483,23
6578,23
6494,23
6483,23
6473,23
29,23
6438,27
19291,23
6436,23
12848,23
6385,36
19238,23
6375,23
6373,23
6361,23
12774,23
6337,23
12654,23
12641,23
12639,23
12559,23
6137,23
12546,23
12534,23
12507,23
6086,23
6083,23
6058,23
12454,23
6025,23
5900,23
12270,23
5827,23
5792,23
5789,23
5717,28
18570,23
5712,27
18565,23
12122,23
5690,23
5611,28
18464,23
18334,33
5481,23
5453,23
5423,23
18276,23
5394,23
5392,23
11811,23
5330,23
5281,23
11665,23
5237,23
5201,23
5190,23
11597,23
5139,23
11546,23
11523,23
5072,26
17925,23
5058,29
17911,23
11455,23
4941,23
11324,23
4903,23
11314,23
4867,23
11242,23
4816,23
4785,23
4781,23
11163,23
4689,23
11087,23
11043,23
4622,23
4583,27
17436,23
4470,23
4465,23
17318,23
4458,23
17311,23
4439,31
17292,23
4405,23
17258,23
10774,23
4343,23
17196,23
10760,23
10734,23
4297,23
10662,23
10661,23
4215,23
10613,23
4165,23
4152,36
17005,23
4061,23
4041,23
16888,26
4035,23
10449,23
7196,23
16835,31
3982,23
16826,27
3973,23
7161,23
10354,23
7119,23
3886,37
16739,23
7070,23
13462,23
3828,27
16681,23
6996,23
6975,36
19828,23
518,23
6920,36
19773,23
405,30
13258,23
13236,23
13251,23
409,27
13262,23
13244,23
13199,27
346,23
9975,23
3534,23
9954,23
13144,23
302,23
3463,25
16316,23
3449,23
16288,30
3435,23
6623,23
3378,23
3372,28
16225,23
3371,23
3352,23
46,23
3249,23
3222,23
16075,23
16045,26
3192,23
3187,23
3149,23
3111,23
15964,23
12731,23
3098,23
15951,23
3062,23
6202,23
2983,23
2959,23
2930,23
9336,23
2853,23
2793,23
2792,23
9208,23
2762,23
12375,23
18807,32
5954,23
9163,23
9069,23
2647,23
2635,23
15453,23
2602,26
15455,23
5796,23
5788,23
15400,23
2520,23
8933,23
5643,23
8850,23
15270,32
2417,23
15253,23
8806,23
5540,29
18393,23
2310,23
2259,29
15112,23
5472,23
15095,23
11863,23
11861,23
8658,23
2228,23
8632,23
8624,36
21477,23
8623,23
6968,23
2168,23
14921,23
3645,23
2000,23
8416,23
1983,23
3526,23
5113,23
9907,23
16336,27
3483,23
6658,23
19511,23
13024,23
4970,32
17823,23
6559,27
19412,23
3329,23
8137,23
12962,31
109,23
3285,23
6502,23
81,23
9675,23
3225,23
3223,33
16076,23
9640,23
3217,23
8040,28
20893,23
4809,23
14440,23
9604,23
1563,23
7962,23
1535,23
7901,23
7899,23
7877,23
7873,23
14270,23
3003,23
2936,23
17341,28
4488,23
2881,23
20525,37
7672,23
17284,39
4431,23
2785,23
7609,23
4328,23
1125,23
11544,23
5123,23
1920,23
15562,23
2699,23
2681,23
1082,23
256,23
6677,23
1077,23
1072,23
10687,23
5040,23
8258,23
1040,23
9834,23
971,23
969,23
7310,23
889,23
884,23
6461,23
2390,23
16837,31
3984,23
10391,23
757,23
7154,23
10358,23
718,23
11946,23
1519,23
3109,23
3918,23
5506,23
688,23
19957,26
7104,23
697,23
7088,23
7085,23
15394,23
955,23
19810,36
6957,23
3748,23
6546,23
8943,23
14957,23
3711,23
11734,23
14963,26
2110,23
6101,23
4504,26
17357,23
2064,23
7684,23
13688,23
835,23
19699,32
6846,23
14888,23
12424,23
7605,28
20458,23
3572,23
1949,23
5543,26
18396,23
345,23
4735,23
3528,23
6740,23
14751,31
1898,23
12332,23
16367,27
3514,23
14340,23
696,23
1078,23
5870,23
20927,26
8074,23
3253,23
15450,23
1785,23
11385,23
2951,28
15804,23
5154,23
11775,23
3351,23
2542,23
136,23
3339,23
12969,23
16978,39
4125,23
9738,23
4106,23
15416,23
8098,23
14922,23
7304,23
6492,23
1675,23
1044,23
3340,23
3440,23
8160,23
10563,23
4142,26
16995,23
7260,23
4845,23
8063,23
10156,23
16588,28
3735,23
4135,23
16988,23
4918,33
17771,23
1715,23
918,23
3315,23
3122,23
7659,23
4107,23
15797,26
2944,23
1347,23
6636,29
19489,23
16286,32
3433,23
2013,23
13247,23
19256,24
17860,24
16676,24
16419,24
16300,24
16041,24
15585,24
14544,24
14263,24
12579,24
12574,24
12374,24
12237,24
11451,24
11015,24
10714,24
10432,24
10387,24
10237,24
10002,24
9959,24
9599,24
9413,24
15278,24
15029,24
21175,26
8322,24
7847,24
7064,24
12698,24
12620,24
11643,24
5091,24
17632,28
4779,24
11100,24
10790,24
17028,32
4175,24
10566,24
10509,24
20038,28
7185,24
19913,32
7060,24
10208,24
10180,24
3578,24
9414,24
9383,24
8797,24
11862,24
5440,24
442,24
5042,24
14629,24
1526,24
10805,24
7217,24
8467,24
4023,24
2039,24
3598,24
19890,25
17060,25
16969,25
16961,25
16100,25
2720,37
15573,25
15345,32
2492,25
13721,27
868,25
13256,25
12829,25
11957,25
11270,25
11205,25
11185,25
11181,25
11171,25
11137,25
10845,25
10738,25
10342,25
10328,25
10318,25
10292,25
9812,25
9771,25
9352,25
9048,25
15389,25
14930,25
14872,25
8138,25
7879,25
7066,25
6707,32
19560,25
6561,25
6434,25
12524,25
12488,25
11953,25
5429,25
10873,25
4366,25
4364,25
4286,25
4103,25
4081,25
10394,25
3720,25
374,25
6301,25
2982,25
12463,25
5972,25
9181,25
2435,25
11961,25
11932,25
2231,25
13142,25
3477,25
9706,25
3254,29
16107,25
9175,25
9135,25
10648,25
10324,25
1343,25
3723,25
2522,25
6111,25
16561,26
3708,25
8761,25
1498,25
10694,25
1842,25
5822,25
13237,25
1946,25
922,25
5250,25
8162,25
9736,25
21447,26
21295,26
21286,26
21233,26
21178,26
21176,26
21106,26
21047,26
20976,26
20804,26
20712,26
20567,26
20515,26
20507,26
20381,26
20380,26
19862,26
19790,26
19639,26
19459,26
18719,26
18606,26
17811,26
17788,26
17685,26
17607,26
16912,26
16848,26
16480,26
16441,26
16348,26
16342,26
16244,26
15733,26
15540,35
2687,26
15482,26
2462,37
15315,26
15130,26
14394,33
1541,26
13552,39
699,26
13032,26
12705,26
12659,26
12613,26
12562,26
12516,26
12182,26
12169,26
11993,26
11878,26
11754,26
11696,26
11684,26
11683,26
11578,26
11529,26
11429,26
11407,26
11338,26
11300,26
11128,26
11028,26
11019,26
10966,26
10964,26
10923,26
10856,26
10253,26
10027,26
9807,26
9647,26
9611,26
9566,26
9562,26
9425,26
9334,26
9312,26
9003,26
8935,26
8742,26
2130,28
14983,26
8521,26
8488,26
8487,26
8388,26
8335,26
14630,26
7883,26
20736,26
7816,32
20669,26
14103,26
7627,32
20480,26
7516,26
7483,26
7439,26
7410,26
7330,26
7302,26
7191,26
6747,26
6711,26
6668,26
6521,37
19374,26
6500,26
6496,26
12866,32
13,26
24,26
6271,26
6257,26
6232,26
6187,26
6138,26
6078,26
18904,27
6051,26
5991,26
12379,26
12294,26
5669,26
12079,26
12078,26
5657,26
5654,26
5555,26
11967,26
11622,26
11588,26
5114,27
17967,26
5084,26
5015,26
4901,26
11132,26
11046,26
10879,26
4378,26
4358,26
4261,26
4258,26
4157,26
10534,26
10524,26
4029,26
734,26
10227,26
3806,26
3771,26
19703,32
6850,26
10040,26
202,26
6243,26
6242,26
6211,26
9389,26
6149,26
6123,26
2834,26
2820,26
5931,26
12271,26
2645,26
15477,26
2567,26
5758,26
12163,26
2539,26
15354,26
5679,26
8814,26
5538,26
15152,26
11877,26
2252,26
2249,26
2227,26
5416,26
2188,26
14995,26
2016,26
13110,26
5051,26
5050,26
5018,26
19426,37
6573,26
138,26
4914,26
4892,26
1655,26
9625,26
1469,26
7887,26
11058,26
7855,32
20708,26
11036,26
17434,28
4581,26
1192,26
1157,26
1138,26
4337,26
1117,26
14744,26
1877,26
1837,26
7444,26
1003,26
1768,26
8915,26
11305,26
11308,26
2479,26
848,26
5600,26
781,26
11153,26
680,26
2276,26
6552,26
1752,26
1355,26
5725,26
5317,26
1311,26
8530,26
98,26
1258,26
10459,26
7193,26
3977,26
1528,26
731,26
8296,26
2667,26
6679,26
7432,26
1007,26
10008,26
5354,26
4954,26
4930,26
2877,26
9894,26
10089,26
10983,26
7762,26
1639,26
484,26
10165,26
4404,26
21503,27
21297,27
21143,27
20682,27
19050,27
18339,27
18252,27
17822,27
17643,27
17559,27
17015,27
17007,27
16986,27
16885,27
16644,27
16495,27
16481,27
16434,27
16399,27
16369,27
16159,27
16152,27
15987,27
15967,27
15841,27
15762,27
15591,27
15296,27
15103,27
14672,27
13136,27
12885,27
12772,27
12573,27
12531,27
12521,27
12383,27
12318,27
12250,27
12216,27
12205,27
12202,27
12059,27
12044,27
11883,27
11711,27
11617,27
11418,27
11381,27
11272,27
11255,27
11049,27
10989,27
10988,27
10922,27
10551,27
10434,27
10233,27
10114,27
9981,27
9967,27
9940,27
9927,27
9869,27
15674,27
15653,28
2800,27
15468,27
15281,27
2428,27
2397,31
15250,27
8799,27
15049,28
2196,27
14984,27
2114,32
14967,27
21342,28
8489,27
8435,27
8373,27
14697,27
14642,34
1789,27
14547,31
1694,27
8050,27
8039,27
8015,27
14393,27
7912,27
7903,27
7902,27
7442,27
20232,28
7379,27
7332,27
13656,27
7216,27
7065,27
6732,27
13151,27
6277,27
6217,27
6113,27
12515,27
12221,27
12171,27
5660,27
5647,27
12050,27
5563,27
5559,27
11979,27
5520,27
5505,27
5502,31
18355,27
11714,27
11708,27
17979,28
5126,27
11539,27
4894,27
17746,32
4893,27
4810,27
4751,27
4605,27
17052,34
4199,27
4161,27
4160,27
4145,27
4088,39
16941,27
10414,27
3865,27
16718,27
3790,27
552,27
6762,27
6723,27
9884,27
3420,27
6612,27
6556,32
19409,27
9560,27
3118,27
12551,27
6121,27
9337,27
9328,27
2818,27
15641,27
12389,27
5951,27
2729,27
9139,27
2711,27
9059,27
9032,27
2569,27
15325,27
8903,27
5608,27
15240,27
5586,27
18432,36
5579,27
2307,27
15107,27
5431,27
14949,27
6863,27
6748,27
6721,27
9928,27
5092,27
14666,27
6547,27
11335,27
12831,27
8022,27
1572,27
1502,27
9484,27
1466,27
7870,27
12600,27
1339,27
7673,27
7647,27
2806,27
1209,27
10832,27
1208,27
1193,27
12378,27
1152,27
9098,27
9867,27
1024,27
17076,37
4223,27
1016,27
1015,27
4212,27
983,27
11395,27
2505,27
4887,27
13708,27
3937,27
3910,27
5500,27
1488,27
9373,27
14168,31
1315,27
13285,27
3643,37
16496,27
4774,27
13187,27
334,27
9550,27
3899,27
13709,27
56,27
4410,27
7428,27
14993,27
130,27
145,27
10544,27
123,27
15598,27
6853,27
447,27
7465,27
3893,27
6699,27
9861,27
6539,27
14975,27
1732,27
5331,27
3674,31
16527,27
10440,27
16872,33
4019,27
852,27
3890,27
10105,27
21574,28
21567,28
20925,28
20829,28
20769,28
20389,28
20230,28
20186,28
20159,28
20089,28
20080,28
20048,28
20039,28
20005,28
19807,28
19758,28
19551,28
19478,28
19411,28
19191,28
19065,28
18917,28
18865,28
18860,28
18744,28
18504,28
18472,28
18415,28
18403,28
18357,28
18160,28
18099,28
18071,28
18050,28
18014,28
17915,28
17894,28
17877,28
17813,28
17759,28
17731,28
17612,28
17499,28
17455,28
17365,28
17338,28
17142,28
17075,28
17067,28
16993,28
16989,28
16981,28
16777,28
16331,28
16257,28
16241,28
16214,28
16177,28
16139,28
16103,28
16095,28
16077,28
14982,28
14844,28
1965,36
14818,28
13507,28
13085,33
232,28
12836,28
12830,28
12763,28
12725,28
12691,28
12490,28
12409,28
12399,28
12135,28
12011,28
11866,28
11848,28
11746,28
11574,28
11545,28
11541,28
11487,28
11460,28
11447,28
11444,28
11437,28
11430,28
11387,28
11372,28
11327,28
11273,28
11265,28
11144,28
11123,28
11048,28
10959,28
10903,28
10717,28
10702,28
10619,28
10618,28
10608,28
10584,28
10545,28
10388,28
10306,28
10299,28
10258,28
10100,28
10049,28
10048,28
9953,28
9943,28
9797,28
9795,28
9746,28
9661,28
9654,28
9559,28
9535,28
9509,28
9465,28
9450,28
9356,28
2771,31
15624,28
9203,28
9110,28
15424,28
8906,28
8802,28
8662,28
8599,28
8592,28
8308,28
21097,32
8244,28
21030,32
8177,28
8151,28
8141,28
7952,28
7596,28
7552,28
7355,28
791,28
7071,28
7032,28
7030,28
13210,28
6764,28
311,28
290,28
249,28
19448,33
6595,28
6576,28
6350,28
12761,28
12732,28
6267,28
12655,28
6225,28
6214,28
6128,28
6034,28
5985,28
5973,28
12355,28
12340,28
12213,28
5719,28
5655,28
5598,28
5491,28
11831,28
11817,28
5382,28
5345,28
11753,28
5286,28
5278,28
18079,37
5226,28
5192,28
5177,28
5172,28
5171,28
5134,28
11506,28
11492,28
11450,28
5002,28
4983,28
4965,28
11322,28
4821,31
17674,28
4708,28
4666,39
17519,28
4640,28
4603,28
4524,28
4513,28
4507,28
4493,37
17346,28
10902,28
4349,28
4345,28
4267,28
10625,28
10586,28
4156,28
4153,28
10505,28
10418,28
10403,28
10375,28
7136,32
19989,28
3838,28
16653,31
3800,28
6998,28
10213,28
6985,28
6961,28
10122,28
478,28
13271,28
10015,28
16395,33
3542,28
3492,28
3438,28
9763,28
3155,28
6352,28
3051,28
3034,28
9403,28
9398,28
2971,28
9204,28
2764,28
15617,28
9172,28
2746,28
2652,28
12208,28
5780,28
8991,28
15409,28
12179,28
5756,28
2550,28
8961,28
12152,28
2475,28
8895,28
15310,28
2376,28
8747,28
8681,28
2247,28
8667,28
11843,28
11830,28
5408,28
562,28
486,28
8518,37
21371,28
5268,28
8415,28
5168,28
9978,28
1960,28
1934,28
1889,28
1880,28
1845,28
6603,28
49,28
9638,28
12823,28
6407,28
12790,28
4769,28
17622,28
1520,28
12701,28
1478,28
7888,28
4648,28
1312,28
1212,28
1210,28
1197,28
1156,28
4340,28
10749,28
13946,28
5902,28
1088,28
1085,28
14719,28
5880,28
7501,28
2620,28
10640,28
10622,28
3390,28
982,28
10593,28
6493,28
8102,28
8105,28
10506,28
8088,28
2467,28
4052,28
8055,28
8029,28
754,28
3928,28
7124,28
5507,28
18360,28
8725,28
704,28
684,28
1477,28
2155,28
8569,28
5318,28
504,28
8113,28
20917,33
8064,28
10808,28
8796,28
2371,28
1966,28
5127,28
17980,28
13950,28
6687,30
19540,28
3256,28
9680,28
3259,32
16112,28
6665,28
1207,28
8427,28
8206,28
11575,28
5149,28
4127,28
525,28
1916,28
2517,28
903,28
6912,28
1299,28
6511,28
19364,28
977,28
2480,28
1076,28
3473,28
875,28
894,28
6453,28
941,28
7311,28
20116,36
7263,28
842,28
1631,28
6541,28
4071,28
1718,28
8080,28
10752,28
17086,37
4233,28
1201,28
14055,28
10464,28
17113,29
16568,29
15464,32
2611,29
12824,29
11728,29
11400,29
10877,29
10547,29
10112,29
10057,29
15528,29
8992,29
15280,29
8846,29
8784,29
8221,29
7864,29
7725,29
7696,29
7349,29
7245,29
7158,29
555,29
6763,29
6635,29
6287,29
6222,29
6106,29
4796,29
4613,29
4551,29
4374,29
3841,29
10222,29
6852,29
10068,29
13062,29
6590,29
3194,29
9371,29
15593,29
2664,29
9030,29
12045,29
2398,29
2379,29
2198,29
10181,29
10115,29
8513,29
6734,29
11510,29
6532,29
1429,32
14282,29
4523,29
10833,29
1071,29
811,29
7975,29
3939,32
16792,29
6312,29
8733,29
146,29
2549,29
5351,29
113,29
83,29
6864,29
817,29
10822,29
1571,29
8791,29
1173,29
11156,29
50,29
6862,29
11358,29
7358,29
13333,36
480,29
865,29
10054,29
1747,29
1287,29
16549,30
15959,30
12288,30
11282,30
11090,30
10085,30
9438,30
9284,30
15120,30
8545,30
14729,30
8227,30
7979,30
7974,30
7707,30
7694,30
6894,30
6661,30
6577,30
18390,37
5537,30
11730,30
11027,30
4505,30
4498,30
7063,30
16684,33
3831,30
2920,30
9268,30
12155,30
8768,30
2230,30
5300,30
407,30
406,30
404,30
11636,30
9904,30
1794,30
8007,30
1360,30
6120,30
7690,30
7631,30
14761,30
12929,30
7189,30
3258,30
7141,30
9040,30
3603,30
3382,30
5694,30
8454,30
21372,31
20514,31
17554,31
16839,31
16836,31
16834,31
16679,31
16401,31
16390,31
16003,31
15934,31
15902,31
15897,31
15759,31
15708,31
15707,31
15637,31
15299,31
2159,37
15012,31
14402,31
12304,31
12184,31
12119,31
12114,31
11930,31
11572,31
11428,31
11057,31
10542,31
10439,31
10402,31
10243,31
10076,31
10074,31
9936,31
9902,31
9878,31
9875,31
9827,31
9671,31
9612,31
9588,31
9577,31
9551,31
9547,31
9313,31
9306,31
15688,31
15496,31
9074,31
9044,31
8928,31
8908,31
8898,31
8808,31
8785,31
2224,33
15077,31
21408,33
8555,31
8502,31
14551,31
7955,31
14316,31
7837,31
7746,31
7657,31
7385,31
7277,31
7250,31
7235,31
722,31
7132,31
6733,31
6730,31
6684,31
6673,31
19482,33
6629,31
6460,31
6235,31
5938,31
12036,31
11756,31
11628,31
11476,31
4459,31
4440,31
4389,31
4344,31
4240,31
4193,31
10484,31
3825,34
16678,31
3808,31
3807,31
3787,31
3763,31
554,31
3647,31
6683,31
13059,31
19428,33
6575,31
9613,31
9477,31
9354,31
2928,31
9116,31
9056,31
5662,31
12064,31
2440,31
15208,31
2348,31
2265,32
15118,31
15082,31
3765,31
2163,31
14934,31
5012,31
14550,31
9587,31
7861,31
7681,31
4446,31
1234,31
12301,31
7498,31
1065,31
1797,31
5593,31
8724,31
3080,37
15933,31
1342,31
7732,31
10109,31
3584,39
16437,31
2781,31
6774,31
6705,31
6572,31
10163,31
5720,31
9117,31
7320,31
12897,31
1244,31
10565,31
1341,31
5729,31
8426,31
7768,31
18540,36
5687,31
21041,32
20467,32
20035,32
19906,32
19892,32
19769,32
19464,32
19453,32
19325,32
19180,32
19155,32
18932,32
18922,32
18654,32
18040,32
17810,32
17752,32
17596,32
17562,32
17529,32
17340,32
17134,32
17004,32
16707,32
16695,32
16688,32
16622,32
16512,32
16420,32
16289,32
15664,32
15052,32
15037,32
14028,32
13077,32
12974,32
12956,32
12937,32
12822,32
12717,32
12707,32
12345,32
12344,32
11983,32
11945,32
11867,32
11514,32
11484,32
11431,32
11274,32
11268,32
11257,32
11126,32
11063,32
10998,32
10992,32
10960,32
10901,32
10894,32
10892,32
10847,32
10788,32
10140,32
10086,32
9920,32
9804,32
9489,32
9453,32
9410,32
15563,32
9053,32
8977,32
8836,32
15138,32
8479,32
21073,33
8220,32
8193,38
21046,32
7935,32
7928,32
7874,32
7715,32
725,32
13186,32
6702,32
6538,32
12636,32
12512,32
12321,32
5854,32
11916,32
5477,32
5421,32
5328,32
11386,32
4952,32
11086,32
4339,32
797,32
7046,32
3821,32
6767,32
6695,32
3415,32
12853,32
9570,32
3038,32
9431,32
9288,32
6030,32
15629,32
2559,32
2543,33
15396,32
8771,32
11837,32
11679,32
10066,32
6710,32
3395,32
5001,32
1628,32
1626,32
1620,32
4804,32
14423,32
16029,33
3176,32
8000,32
7967,32
3053,32
1434,32
1300,32
2677,32
2660,32
7453,32
6616,32
1816,32
185,32
1679,32
9563,32
724,32
1500,32
9510,32
5755,32
1335,32
2912,32
3707,32
4064,37
16917,32
820,32
6807,32
15623,32
6778,32
369,32
3565,32
9984,32
6714,32
9051,32
7443,32
6604,32
14805,32
8572,32
497,32
15368,32
5732,37
18585,32
1220,32
1332,32
10442,32
6886,32
9365,32
1039,32
21319,33
21287,33
21228,33
21071,33
21040,33
20945,33
20797,33
20311,33
20298,33
19984,33
19874,33
19441,33
19435,33
19270,33
18986,33
18223,33
17837,33
17785,33
17784,33
17777,33
17576,33
17182,33
17178,33
17115,33
16923,33
16873,33
16700,33
16685,33
16444,33
16427,33
16145,33
16136,33
16026,33
15997,33
15682,33
14623,33
13189,33
11508,33
11143,33
11041,33
11029,33
10950,33
10908,33
10883,33
10224,33
9642,33
9343,33
8327,33
14619,33
8020,33
14131,33
7494,33
7490,33
7482,33
7469,33
7027,39
19880,33
13393,33
13212,33
13182,33
6223,33
12629,33
12610,33
6103,33
6096,33
12356,33
12331,33
5889,33
5516,33
11755,33
11748,33
11744,33
17897,36
5044,33
4908,33
11078,33
10928,33
10872,33
10462,33
3993,33
3933,33
3920,33
3839,33
3833,33
3418,33
3229,33
9539,33
12722,33
9472,33
6070,33
2540,33
5442,33
2219,33
1835,33
7993,33
10909,33
6065,33
1118,33
2714,33
16270,36
3417,33
9027,33
4884,33
7305,33
1667,33
15276,33
1577,33
2281,33
12973,33
2552,33
545,33
12978,37
125,33
11738,33
1291,33
3632,33
4787,36
17640,33
13211,33
3168,37
16021,33
7992,33
12719,33
1354,33
3345,33
4937,33
14201,33
5665,33
844,33
6856,33
3239,33
836,33
3599,33
18549,34
18488,34
18465,34
18362,34
17880,34
16304,34
16274,34
16150,34
16074,34
12687,34
12657,34
12627,34
12592,34
12571,34
12483,34
12336,34
12302,34
12274,34
12259,34
12246,34
12235,34
12147,34
12125,34
12112,34
12102,34
12040,34
12010,34
11989,34
11960,34
11940,34
11934,34
11907,34
13105,34
12694,34
12509,34
12333,34
12316,34
12260,34
12229,34
12131,34
12101,34
12016,34
11941,34
11913,34
3092,34
12632,34
15579,34
15560,34
2027,34
59,36
12912,34
3219,34
12091,34
2952,34
12514,34
12908,34
3133,34
15914,35
12224,35
13834,35
3040,35
12843,35
105,35
19625,36
19082,36
19081,36
19077,36
18509,36
18495,36
18487,36
18463,36
18458,36
18433,36
18366,36
17442,36
17400,36
16990,36
16940,36
16854,36
16772,36
16767,36
16415,36
16282,36
16164,36
16149,36
16142,36
16134,36
12788,36
12466,36
12249,36
11795,36
11765,36
11276,36
11261,36
11191,36
11170,36
10827,36
10757,36
10746,36
10737,36
10708,36
10604,36
10385,36
10377,36
9829,36
9700,36
9433,36
9107,36
8726,36
8706,36
8585,36
8543,36
8363,36
8347,36
7584,36
444,36
13282,36
13238,36
13007,36
100,36
12758,36
12464,36
5849,36
5839,36
5830,36
5798,36
12080,36
5485,36
5260,36
5238,36
5207,36
5205,36
11197,36
4741,36
4634,36
4091,36
4036,36
10285,36
10261,36
6995,36
6965,36
13172,36
198,36
6619,36
213,36
12752,36
3073,36
2994,36
2990,36
12407,36
5848,36
2555,36
11894,36
8661,36
6982,36
13284,36
5245,36
5231,36
1912,36
8190,36
4881,36
4771,36
11190,36
17494,37
4641,36
6000,36
7591,36
9178,36
9165,36
1147,36
1102,36
10724,36
1079,36
5052,36
5782,36
974,36
1681,36
870,36
4700,36
895,36
3661,36
2843,36
6371,36
6758,36
867,36
8211,36
1158,36
450,36
940,36
11160,36
839,36
929,36
2529,36
233,36
21357,37
21292,37
21261,37
21134,37
20398,37
19839,37
19732,37
19692,37
19645,37
19419,37
18952,37
18768,37
18600,37
17899,37
17835,37
17766,37
17687,37
17652,37
17343,37
17247,37
17168,37
17146,37
16776,37
16652,37
16086,37
16023,37
15831,37
15060,37
12905,37
12660,37
12633,37
12492,37
12223,37
12215,37
11900,37
11854,37
11369,37
11348,37
11088,37
10899,37
10817,37
10371,37
10245,37
10173,37
10038,37
9915,37
9891,37
9779,37
9527,37
9326,37
9285,37
9161,37
15545,37
15314,37
8845,37
8835,37
8567,37
8359,37
8010,37
7824,37
7344,37
7322,37
13194,37
6674,37
42,37
6278,37
12646,37
6215,37
6208,37
12390,37
5740,37
5303,37
11674,37
10596,37
10590,37
10541,37
10515,37
736,37
7068,37
7067,37
3743,37
10090,37
13180,37
6694,37
9912,37
9909,37
3139,37
12697,37
12652,37
3007,37
9277,37
9190,37
12386,37
5596,37
5469,37
2239,37
15005,37
2108,37
5276,37
14842,37
1673,37
14499,37
1657,37
9644,37
23,37
12851,37
1601,37
4659,37
7848,37
1379,37
6166,37
9382,37
1292,37
9283,37
1243,37
9210,37
3460,37
1020,37
10521,37
4054,37
1634,37
7966,37
2312,37
553,37
2126,37
7736,37
10128,37
11725,37
2890,37
3688,37
14485,37
5620,37
6731,37
13141,37
6477,37
1760,37
4964,37
850,37
6499,37
932,37
7698,37
10095,37
13060,37
13694,37
21177,38
20377,38
16279,38
16115,38
15504,38
13190,38
11970,38
15568,38
14418,38
10682,38
15584,38
17523,39
17089,39
16285,39
16251,39
16188,39
16133,39
15510,39
12785,39
12413,39
11794,39
11284,39
10796,39
10755,39
10710,39
10416,39
10356,39
9745,39
9299,39
9217,39
8629,39
7100,39
6981,39
12523,39
5909,39
5905,39
5819,39
11832,39
11798,39
5360,39
5269,39
11256,39
11228,39
4768,39
7020,39
12846,39
5945,39
8760,39
8728,39
8678,39
11864,39
11193,39
9218,39
3482,39
15523,39
9880,39
2565,39
13739,39
10321,39
9781,39
5223,39
