21404,0
21319,0
20905,0
20352,0
19837,0
19831,0
19679,0
18313,0
18239,0
17872,0
17770,0
17738,0
17001,0
16714,0
16676,0
16667,0
16488,0
16463,0
16211,0
15736,0
15569,0
15565,0
15503,2
2650,0
2357,36
15210,0
2266,53
15119,0
1751,70
14604,0
12751,0
12049,0
11933,0
11396,0
11378,0
10638,0
10146,0
10098,0
10057,0
9929,0
9454,0
9258,0
8781,0
7963,0
7922,24
20775,0
7895,0
7847,0
7687,0
20531,24
7678,0
7225,0
13287,0
6866,35
19719,0
6860,62
19713,0
19642,41
6789,0
13103,0
242,50
13095,0
157,0
6562,0
18888,55
6035,0
5935,0
18497,61
5644,0
18438,2
5585,0
5517,0
5349,0
5332,0
11515,0
11505,0
17763,70
4910,0
17703,31
4850,0
4318,52
17171,0
17031,16
4178,0
3795,2
16648,0
6884,8
19737,0
3640,71
16493,0
6837,16
19690,0
3559,0
16252,36
3399,0
12981,64
128,0
3100,0
19033,76
6180,0
2955,2
15808,0
2946,0
6042,63
18895,0
2769,0
5965,0
8998,0
18604,17
5751,0
8849,0
2202,55
15055,0
5385,36
18238,0
6844,55
19697,0
5228,0
3607,70
16460,0
5121,0
1798,0
152,69
13005,0
4934,41
17787,0
6515,65
19368,0
6488,70
19341,0
1678,0
8023,0
1581,0
11196,0
7958,25
20811,0
15930,75
3077,0
6246,0
15878,15
3025,0
1412,0
10893,0
10867,0
4437,0
4360,0
1074,0
1862,78
14715,0
17080,78
4227,0
13041,0
13052,78
199,0
15448,0
978,0
5708,0
2470,0
767,0
732,0
19983,48
7130,0
3888,0
558,0
6943,71
19796,0
14177,0
18514,61
5661,0
10822,0
3556,50
16409,0
3129,0
8730,0
3317,79
16170,0
6927,2
19780,0
18752,12
5899,0
5283,0
3356,0
147,0
2491,0
4447,0
20215,52
7362,0
3738,16
16591,0
840,0
21405,1
21257,1
21255,1
21205,1
21182,1
21181,1
21148,1
21100,1
21042,1
21017,1
20943,1
20932,1
20930,1
20926,1
20768,1
20695,1
20654,1
20606,1
20415,1
20388,1
20364,1
19704,1
19369,1
18303,1
18158,1
17617,1
17547,1
16921,1
16815,1
16708,1
16687,1
16633,1
16598,1
16592,1
16538,1
16448,1
16221,1
16015,1
16013,1
2748,49
15601,1
15357,17
2504,1
14985,1
2128,45
14981,1
14873,3
2020,1
14525,1
13092,1
12674,1
12672,1
12187,1
12063,1
12022,1
10921,1
10885,1
10174,1
10108,1
9486,1
9238,1
9103,1
8859,1
8810,1
15205,1
15062,1
2175,78
15028,1
15027,1
8497,23
21350,1
21219,53
8366,1
8252,76
21105,1
8130,55
20983,1
14285,1
7843,1
14146,11
1293,1
7519,37
20372,1
7518,75
20371,1
7190,1
756,1
7079,1
338,45
13191,1
6743,1
13122,1
13054,74
201,1
6311,1
6175,1
6172,1
6107,1
6055,1
18783,74
5930,1
5913,1
11980,1
5496,1
5451,1
5444,1
5355,1
4999,1
4807,10
17660,1
4803,1
10972,1
4521,1
17304,76
4451,1
4257,1
4176,1
4169,1
10573,1
7078,1
3801,44
16654,1
3792,22
16645,1
16635,52
3782,1
10196,1
3667,1
3605,36
16458,1
3128,73
15981,1
3036,79
15889,1
6231,1
2970,45
15823,1
2954,3
15807,1
6130,1
6105,1
6041,1
2760,77
15613,1
2561,1
18602,53
5749,1
5716,1
12098,1
16638,25
3785,1
2101,24
14954,1
5215,9
18068,1
8353,48
21206,1
4911,1
6455,24
19308,1
1610,1
1566,1
7964,70
20817,1
1527,1
19159,48
6306,1
1384,1
1265,1
14093,1
15667,1
1177,1
5100,1
4219,1
1009,1
2566,1
778,1
3957,78
16810,1
1494,1
4691,45
17544,1
2115,78
14968,1
1264,1
15207,1
1532,1
18388,12
5535,1
1033,1
6642,1
5209,18
18062,1
12995,6
142,1
5119,12
17972,1
8337,44
21190,1
7520,75
20373,1
2099,1
3466,5
16319,1
13114,1
535,1
2836,1
3633,68
16486,1
8338,53
21191,1
14970,1
6505,1
7508,1
6696,1
8858,1
21502,2
21293,2
21251,2
21018,2
20834,2
20699,2
20653,2
20465,2
20090,2
20034,2
19556,2
19480,2
19343,2
18861,2
18682,2
18443,2
18423,2
18389,2
18371,2
18351,2
18332,2
18236,2
18228,2
18222,2
18182,2
18138,2
18135,2
17993,2
17960,2
17574,2
17573,2
17568,2
17433,2
17302,2
17188,2
17174,2
17117,2
17039,2
17038,2
16955,2
16925,2
16875,2
16750,2
16749,2
16734,2
16318,2
15988,2
15961,2
15932,2
15872,2
15672,26
2819,2
2744,33
15597,2
15481,2
15471,2
15447,45
2594,2
15306,2
15264,55
2411,2
15255,2
15234,2
2303,29
15156,2
14978,2
14926,3
2073,2
389,70
13242,2
13224,37
371,2
13175,59
322,2
13072,2
13064,53
211,2
12810,2
12728,2
12651,2
12489,2
12487,2
12460,2
12442,2
12423,2
12339,2
12338,2
12028,2
11970,2
11841,2
11812,2
11801,2
11663,2
11625,2
11459,2
11406,2
11071,2
10811,2
10755,2
10721,2
10334,2
10110,2
10071,2
10067,2
9872,2
9858,2
9814,2
9668,2
9505,2
9280,2
9253,2
9242,2
9156,2
9155,2
15568,2
9065,2
9064,2
15417,2
8948,2
15366,12
2513,2
8945,2
8914,2
8863,2
8857,2
8748,2
8546,2
14911,2
8432,64
21285,2
8405,2
8246,2
21093,23
8240,2
8225,55
21078,2
8178,9
21031,2
8108,2
14418,2
20790,10
7937,2
7930,2
7897,2
7872,58
20725,2
7826,41
20679,2
7813,6
20666,2
1359,15
14212,2
14178,2
20497,16
7644,2
20496,26
7643,2
20220,61
7367,2
7220,2
780,63
13633,2
7209,2
758,66
13611,2
7177,2
7126,2
7047,2
7023,2
377,2
13200,2
13185,2
6657,72
19510,2
214,15
13067,2
6632,2
6578,2
6494,2
29,2
6438,70
19291,2
6375,2
6373,2
6361,2
19193,20
6340,2
12605,2
12559,2
18988,6
6135,2
12546,2
12534,2
6083,2
5919,2
12309,2
5739,2
18592,2
5717,17
18570,2
12127,2
12068,2
12048,2
5617,66
18470,2
5592,49
18445,2
5522,69
18375,2
18352,76
5499,2
18334,6
5481,2
5470,51
18323,2
18276,79
5423,2
5392,2
11811,2
5379,2
5377,2
18188,11
5335,2
11717,2
5281,2
18096,19
5243,2
5240,71
18093,2
5237,2
5183,76
18036,2
11597,2
11546,2
11523,2
5097,70
17950,2
11455,2
17873,58
5020,2
11373,2
4941,2
4903,2
4867,2
11271,2
11242,2
17651,6
4798,2
4689,2
17540,74
4687,2
4654,76
17507,2
4622,2
4576,20
17429,2
17408,50
4555,2
4470,2
17318,45
4465,2
17260,5
4407,2
17258,5
4405,2
10787,2
4301,42
17154,2
4246,50
17099,2
10662,2
4215,2
4204,2
10613,2
4041,2
16886,62
4033,2
16826,29
3973,2
16745,26
3892,2
3793,18
16646,2
10192,2
544,2
405,25
13258,2
3589,12
16442,2
16386,24
3533,2
302,2
19474,63
6621,2
6498,48
19351,2
9615,2
9608,2
3104,2
3098,45
15951,2
3062,2
2985,47
15838,2
2983,2
15821,34
2968,2
2959,2
2930,2
15780,37
2927,2
12550,2
2853,2
15675,2
2793,2
2791,2
9208,2
2768,78
15621,2
2762,2
15590,68
2737,2
5898,68
18751,2
2647,2
2635,2
5805,71
18658,2
5788,2
5723,44
18576,2
5678,52
18531,2
5643,2
12053,2
8850,2
15253,2
2271,2
2259,15
15112,2
11829,2
2097,2
3652,59
16505,2
2001,55
14854,2
19511,45
6658,2
1801,2
1723,2
3225,2
17682,36
4829,2
9640,2
3217,2
3216,2
14440,2
9604,2
11193,2
1563,2
1550,2
3103,73
15956,2
7901,2
7873,2
2958,2
15811,2
20586,16
7733,2
17284,74
4431,2
9218,2
7621,63
20474,2
2785,2
7609,2
4380,69
17233,2
20421,68
7568,2
5123,2
2699,2
6677,2
1077,2
4277,2
5040,2
1040,2
7424,2
2568,53
15421,2
3290,27
16143,2
757,2
7154,2
1519,2
7090,15
19943,2
15391,51
2538,2
19810,3
6957,2
505,2
6546,2
14957,2
14156,48
1303,2
4494,57
17347,2
7684,2
6433,58
19286,2
7226,41
20079,2
1203,2
393,2
16843,9
3990,2
7605,78
20458,2
11599,2
4372,31
17225,2
5543,66
18396,2
16392,75
3539,2
3587,2
5154,2
3348,33
16201,2
136,2
12969,2
16978,22
4125,2
9738,2
15416,2
7304,2
1044,2
9108,2
4142,66
16995,2
20913,53
8060,2
4845,2
16988,45
4135,2
918,2
4107,2
1347,2
550,2
6636,15
19489,2
1213,2
2013,2
21423,3
20778,3
20025,3
19890,3
19122,3
19017,3
19006,3
18995,3
18994,3
18902,3
18872,3
18493,3
18009,3
17416,3
17384,3
17364,3
17333,3
17285,3
17275,3
17123,3
17103,3
16359,3
16264,3
16212,3
16115,3
16091,3
15742,3
15643,3
15595,59
2742,3
15194,3
15122,58
2269,3
13721,36
868,3
13170,22
317,3
13119,3
12818,3
12799,3
12743,3
12432,3
12135,3
11270,3
11243,3
11205,3
11179,3
10947,3
10742,3
10703,3
10342,3
9927,3
9590,3
9489,3
9453,3
2728,10
15581,3
9142,3
9048,3
2421,31
15274,3
8656,3
21406,66
8553,3
14930,3
21359,52
8506,3
21346,60
8493,3
8451,3
8314,3
14626,29
1773,3
20972,68
8119,3
7879,3
7576,3
800,3
19854,16
7001,3
438,51
13291,3
6770,3
6647,75
19500,3
13053,3
6434,3
6353,3
12555,3
12524,3
12488,3
12394,3
5887,3
18732,68
5879,3
5826,3
18407,17
5554,3
18300,6
5447,3
18187,70
5334,3
5328,3
18176,18
5323,3
5272,3
5235,3
5194,3
5054,75
17907,3
4795,3
11202,3
11177,3
4756,3
4679,3
4604,50
17457,3
4371,64
17224,3
4346,49
17199,3
4286,3
10682,3
4173,3
16973,76
4120,3
4103,3
4080,3
4067,3
7075,3
16630,76
3777,3
6872,3
16417,60
3564,3
9974,3
13116,3
220,3
6581,3
9792,3
6188,8
19041,3
2965,3
6075,3
9182,3
15451,3
2609,8
15462,3
2585,20
15438,3
5787,3
8861,3
2307,3
2257,12
15110,3
18309,53
5456,3
16450,64
3597,3
1995,3
1948,3
1836,58
14689,3
5042,3
134,74
12987,3
9734,3
9706,3
20947,49
8094,3
12878,3
4630,3
1407,3
4519,33
17372,3
9302,3
1272,3
12378,3
9175,3
1885,3
10648,3
1019,3
20140,24
7287,3
4000,44
16853,3
20771,41
7918,3
11773,3
4098,3
13266,3
10398,3
12395,3
9192,3
3505,3
1498,3
19955,45
7102,3
6816,3
1761,3
3152,78
16005,3
8172,3
9760,3
6520,66
19373,3
12907,3
11497,3
3273,3
16126,3
20949,62
8096,3
19334,23
6481,3
2956,3
3630,3
16985,17
4132,3
6005,24
18858,3
10825,3
19081,4
18509,4
18495,4
18487,4
16990,4
12893,41
40,4
11170,4
10757,4
10746,4
10708,4
9700,4
8706,4
8543,4
20527,68
7674,4
7394,55
20247,4
19808,8
6955,4
100,4
19238,74
6385,4
12758,4
5798,4
5207,4
4238,47
17091,4
17005,45
4152,4
19982,55
7129,4
198,4
6619,4
3210,64
16063,4
3073,4
2994,4
1912,4
4881,4
17513,58
4660,4
9178,4
10724,4
5782,4
870,4
4686,4
3661,4
379,74
13232,4
8211,4
1158,4
3902,76
16755,4
940,4
21473,5
20264,5
19062,5
18527,5
18425,5
18321,5
17316,5
16993,5
16987,5
16969,5
16946,5
16893,5
16759,5
16499,5
16331,5
16177,5
16125,5
15543,5
13900,61
1047,5
402,72
13255,5
12748,5
11425,5
10864,5
10632,5
9988,5
9822,5
9133,5
8802,5
8757,5
8677,5
8666,78
21519,5
21489,68
8636,5
2196,29
15049,5
21197,45
8344,5
8199,5
7710,5
7221,5
7032,5
19882,17
7029,5
19823,48
6970,5
13113,63
260,5
6483,5
19280,70
6427,5
6376,5
6220,10
19073,5
6184,50
19037,5
18851,78
5998,5
11832,5
5360,5
5269,5
5220,5
11315,5
11256,5
11228,5
16966,55
4113,5
10354,5
3828,70
16681,5
13269,65
416,5
16407,73
3554,5
6659,10
19512,5
9841,5
3371,5
22,43
12875,5
3249,5
12480,5
15386,5
5472,5
11858,5
3694,5
1913,5
6686,75
19539,5
12841,5
4475,31
17328,5
1125,5
20392,52
7539,5
4189,24
17042,5
896,5
3243,10
16096,5
11946,5
677,45
13530,5
14963,44
2110,5
14751,37
1898,5
16367,29
3514,5
284,5
1078,5
9761,5
16588,78
3735,5
10464,5
21287,6
21228,6
21071,6
21040,6
20945,6
20797,6
20311,6
20298,6
19984,6
19874,6
19441,6
19435,6
19270,6
18986,6
18223,6
17837,6
17785,6
17784,6
17777,6
17576,6
17182,6
17178,6
17115,6
16923,6
16873,6
16700,6
16685,6
16444,6
16427,6
16136,6
16026,6
15997,6
15713,6
15682,6
14623,6
14537,12
1684,6
1541,44
14394,6
13704,59
851,6
13189,6
11508,6
11143,6
11029,6
10950,6
10908,6
10883,6
10224,6
9343,6
15077,21
2224,6
8555,37
21408,6
8327,6
8220,64
21073,6
14619,6
8020,6
20670,63
7817,6
14131,6
7604,12
20457,6
7494,6
7490,6
7482,6
7469,6
7027,22
19880,6
13393,6
13212,6
13182,6
6629,21
19482,6
6595,72
19448,6
12949,36
96,6
6223,6
12629,6
12610,6
6103,6
6096,6
18945,65
6092,6
12356,6
5516,6
11755,6
11748,6
11744,6
17897,9
5044,6
4908,6
11078,6
10928,6
10872,6
10462,6
16852,26
3999,6
3993,6
3933,6
3920,6
3839,6
3833,6
3831,25
16684,6
3542,35
16395,6
16275,41
3422,6
3418,6
16269,41
3416,6
143,69
12996,6
6575,37
19428,6
13006,75
153,6
12988,48
135,6
3229,6
9539,6
12722,6
9472,6
6070,6
15404,74
2551,6
18610,53
5757,6
15396,74
2543,6
2540,6
5442,6
2219,6
8558,64
21411,6
1835,6
6598,78
19451,6
16076,17
3223,6
3176,64
16029,6
7993,6
10909,6
6065,6
17264,55
4411,6
1118,6
2714,6
16270,9
3417,6
16266,56
3413,6
9027,6
4172,76
17025,6
4884,6
7305,6
1667,6
15276,6
1577,6
16801,53
3948,6
7913,69
20766,6
2281,6
12973,6
2552,6
5352,64
18205,6
545,6
12978,15
125,6
11738,6
1291,6
8064,17
20917,6
3632,6
4787,9
17640,6
353,50
13206,6
13211,6
3168,10
16021,6
7992,6
1760,6
1354,6
3345,6
4937,6
14201,6
5665,6
844,6
6856,6
3239,6
836,6
2526,6
17771,17
4918,6
4021,24
16874,6
4019,70
16872,6
3599,6
2308,15
15161,7
7966,7
8396,7
21133,8
21007,8
20982,8
20946,8
20887,8
19975,8
19830,8
19802,8
19420,8
19312,8
19208,8
19092,8
18882,8
18852,8
18667,8
18225,8
18145,8
18099,8
18080,8
18034,8
17878,8
17782,8
17488,8
17472,8
17314,8
16963,8
16403,8
15345,78
2492,8
15197,21
2344,8
13711,8
12691,8
12679,8
12225,8
11466,8
11056,8
10985,8
10941,8
10847,8
10467,8
9976,8
8978,8
8916,8
8780,8
8705,8
21491,45
8638,8
8540,52
21393,8
1975,65
14828,8
21214,66
8361,8
21117,52
8264,8
8198,17
21051,8
8045,10
20898,8
7968,8
14315,8
7534,8
7452,8
7352,8
7337,8
7045,8
6874,27
19727,8
247,8
6660,8
6527,58
19380,8
12644,8
12515,8
5888,8
5886,71
18739,8
12236,8
5675,8
11954,8
11920,8
5291,8
11707,8
5191,8
11464,8
17834,41
4981,8
4922,29
17775,8
17595,74
4742,8
11134,8
4592,8
4510,8
10790,8
4347,8
17186,33
4333,8
17102,20
4249,8
17035,66
4182,8
4015,62
16868,8
3991,8
7087,8
3846,8
16628,41
3775,8
10102,8
19650,29
6797,8
366,8
3367,8
68,8
3251,8
15963,48
3110,8
6274,34
19127,8
2999,8
9392,8
15704,34
2851,8
2578,8
5762,8
2530,8
8909,8
18539,71
5686,8
11915,8
11873,8
15078,75
2225,8
15048,8
6953,8
14960,68
2107,8
18148,76
5295,8
5258,72
18111,8
6841,8
6712,8
1832,8
1,8
6430,45
19283,8
11222,8
3183,8
16016,63
3163,8
7987,34
20840,8
1506,8
1480,8
14282,15
1429,8
1211,8
15596,8
10748,8
8298,8
9081,8
13874,8
17054,50
4201,8
10615,8
3380,74
16233,8
8186,76
21039,8
5597,8
13615,53
762,8
703,8
15154,76
2301,8
19963,23
7110,8
1497,8
16202,34
3349,8
12173,8
10129,8
17254,50
4401,8
19664,55
6811,8
7184,63
20037,8
9194,8
13197,8
16400,63
3547,8
735,8
9893,8
12886,8
441,8
3405,70
16258,8
17816,58
4963,8
2948,58
15801,8
10895,8
272,8
19295,17
6442,8
16155,70
3302,8
19082,9
19077,9
16967,9
16940,9
16854,9
16772,9
16767,9
16415,9
14818,78
1965,9
14783,9
12466,9
11765,9
11276,9
10604,9
10322,9
9829,9
9107,9
8726,9
20476,24
7623,9
20459,50
7606,9
20438,24
7585,9
444,9
13282,9
12464,9
5839,9
12080,9
5485,9
5260,9
11197,9
4741,9
17491,14
4638,9
4634,9
4370,44
17223,9
4091,9
4036,9
10285,9
19828,17
6975,9
16570,48
3717,9
3211,9
12752,9
12407,9
2765,9
11894,9
21477,26
8624,9
10200,9
5245,9
8190,9
3207,9
4771,9
11190,9
17494,10
4641,9
7591,9
7577,9
9165,9
4099,77
16952,9
793,9
4700,9
6951,9
895,9
1184,9
6371,9
867,9
11160,9
839,9
929,9
816,9
21357,10
20398,10
19786,10
19732,10
19692,10
19645,10
19419,10
18768,10
18600,10
17899,10
17652,10
17247,10
17221,10
16962,10
16776,10
16086,10
16023,10
15315,44
2462,10
15258,75
2405,10
14969,34
2116,10
13559,71
706,10
12905,10
12660,10
12633,10
12492,10
12281,10
11900,10
11854,10
11791,10
11369,10
11348,10
11088,10
10899,10
10245,10
10038,10
9967,10
9915,10
9779,10
9527,10
9326,10
9161,10
15545,10
15365,71
2512,10
15314,10
8873,10
8845,10
8835,10
8688,45
21541,10
8618,10
8567,10
2006,45
14859,10
8425,66
21278,10
8359,10
21067,20
8214,10
1653,69
14506,10
8010,10
7840,69
20693,10
7322,10
20165,41
7312,10
551,74
13404,10
13194,10
6674,10
19374,44
6521,10
42,10
12858,10
12698,10
12646,10
6215,10
6208,10
6189,65
19042,10
12390,10
5740,10
5713,58
18566,10
12084,10
12050,10
5398,10
5303,10
11674,10
4848,78
17701,10
4591,10
17346,72
4493,10
4310,70
17163,10
4245,69
17098,10
4159,36
17012,10
10541,10
736,10
16739,72
3886,10
16737,58
3884,10
7067,10
3768,32
16621,10
3743,10
10090,10
13180,10
6694,10
9912,10
9909,10
3261,10
12697,10
2945,10
9277,10
9190,10
2648,26
15501,10
5596,10
15005,10
2108,10
5276,10
19681,59
6828,10
6810,59
19663,10
3592,10
3545,16
16398,10
3477,10
8222,10
6573,66
19426,10
1673,10
1657,10
9644,10
23,10
12851,10
3198,10
1572,10
20836,41
7983,10
1562,10
4659,10
7848,10
1379,10
9382,10
1292,10
9283,10
1260,10
7672,45
20525,10
7632,17
20485,10
1208,10
9210,10
3517,61
16370,10
2637,10
4223,29
17076,10
1020,10
10633,10
16234,56
3381,10
10521,10
4100,61
16953,10
3264,23
16117,10
1634,10
2312,10
3089,10
1488,10
15933,21
3080,10
553,10
7763,10
7736,10
10128,10
6093,10
2890,10
3688,10
16917,64
4064,10
16496,29
3643,10
5620,10
15217,10
4964,10
16814,53
3961,10
5357,64
18210,10
5737,74
18590,10
16130,78
3277,10
6476,24
19329,10
850,10
6499,10
1729,58
14582,10
3730,53
16583,10
14875,10
932,10
3744,42
16597,10
4233,78
17086,10
6813,52
19666,10
20035,11
19839,11
19262,11
18906,11
18037,11
17847,11
17529,11
15580,11
15504,11
12683,11
12117,11
10371,11
9771,11
9607,11
2458,62
15311,11
6278,11
12692,11
11507,11
5071,11
4835,50
17688,11
4122,72
16975,11
10515,11
6995,11
6850,66
19703,11
11679,11
20708,66
7855,11
3001,22
15854,11
7825,11
1301,63
14154,11
1350,11
6846,17
19699,11
1217,11
945,11
930,11
3228,11
21550,12
21401,12
21358,12
21318,12
21201,12
20710,12
19371,12
19293,12
18930,12
18402,12
18387,12
17399,12
17137,12
16510,12
16307,12
16277,12
2722,54
15575,12
14544,12
14539,15
1686,12
12702,12
12400,12
11833,12
11822,12
11808,12
11559,12
11440,12
11403,12
11236,12
11210,12
11104,12
11039,12
10794,12
10445,12
10432,12
10388,12
9844,12
9544,12
9296,12
9205,12
15329,78
2476,12
8853,12
2391,69
15244,12
8717,12
2275,66
15128,12
21538,23
8685,12
8613,55
21466,12
8541,29
21394,12
8106,76
20959,12
14395,12
7809,72
20662,12
7488,37
20341,12
7386,12
6913,12
19766,12
281,12
6537,12
75,12
6267,12
6178,12
6067,71
18920,12
12441,12
18520,73
5667,12
5641,12
5537,25
18390,12
5491,12
11891,12
11847,12
5296,25
18149,12
5222,22
18075,12
11362,12
11100,12
4621,12
4593,50
17446,12
10586,12
10581,12
19964,17
7111,12
3857,25
16710,12
3830,12
3759,12
16430,55
3577,12
6737,12
16262,15
3409,12
15960,71
3107,12
3069,12
9259,12
15668,68
2815,12
9204,12
9014,12
15427,61
2574,12
8951,12
8880,12
5203,12
14842,12
9952,12
14771,71
1918,12
3263,12
12883,12
1444,12
4610,61
17463,12
4585,12
9234,12
20471,68
7618,12
1156,12
3460,12
1052,12
7318,12
10473,12
4051,12
3142,58
15995,12
11107,12
685,12
6101,12
1263,12
15623,12
6731,12
6714,12
12243,12
10831,12
10548,12
8940,12
1916,12
1099,12
20168,31
7315,12
4739,12
10151,12
6836,12
12959,13
12599,13
12132,13
3958,62
16811,13
3908,34
16761,13
3469,13
4054,13
5545,63
18398,13
15778,14
15031,14
6725,14
10058,14
2926,14
3384,14
11393,14
17113,15
16549,15
16300,15
15585,15
15573,47
2720,15
15144,24
2291,15
14932,23
2079,15
14263,15
14166,75
1313,15
13702,55
849,15
12579,15
12574,15
12237,15
11451,15
11211,15
11015,15
10894,15
10547,15
10498,15
10387,15
10237,15
10002,15
9959,15
9618,15
9599,15
9413,15
9388,15
15278,15
8846,15
8784,15
15120,15
15029,15
21415,41
8562,15
14909,76
2056,15
21175,44
8322,15
21173,60
8320,15
8221,15
7974,15
7864,15
20235,52
7382,15
7349,15
7158,15
6763,15
6635,15
12862,61
9,15
6222,15
11643,15
4796,15
17632,18
4779,15
4551,15
4498,15
17028,64
4175,15
10566,15
10509,15
20038,26
7185,15
19913,64
7060,15
10222,15
10208,15
10180,15
10068,15
16473,75
3620,15
3578,15
9414,15
9383,15
9371,15
15593,15
2379,15
8797,15
18393,17
5540,15
5440,15
2198,15
8513,15
442,15
6734,15
11510,15
14629,15
19272,45
6419,15
1526,15
20719,45
7866,15
10805,15
7217,15
3939,64
16792,15
21575,71
8722,15
146,15
5351,15
8467,15
4023,15
1575,15
16428,53
3575,15
1571,15
8791,15
11358,15
2039,15
10054,15
3598,15
16197,71
3344,15
21215,16
19742,16
16819,16
16812,16
16347,16
16284,16
16022,16
15834,16
12715,16
11320,16
10974,16
10855,16
10601,16
10393,16
9278,16
8860,16
15206,76
2353,16
15065,32
2212,16
8394,16
8311,36
21164,16
20807,19
7954,16
7723,16
6791,78
19644,16
6181,16
6073,16
5993,16
12240,16
5744,16
12110,16
18429,65
5576,16
18419,17
5566,16
5438,16
5407,16
11685,16
11633,16
11569,16
11549,16
11479,16
4755,16
715,16
19968,45
7115,16
3840,16
16490,52
3637,16
9963,16
6641,16
160,16
169,16
6213,16
2998,50
15851,16
2659,16
2548,16
8892,16
15239,78
2386,16
15067,16
557,16
2112,16
10097,16
449,16
6848,16
16410,24
3557,16
167,16
6447,16
1638,16
4788,16
17618,45
4765,16
6179,16
14220,76
1367,16
1364,16
1251,16
1245,16
1160,16
1137,16
20348,26
7495,16
6597,29
19450,16
998,16
7272,16
3994,16
10381,16
7735,16
1314,16
11733,16
6504,66
19357,16
1198,16
2750,16
3672,16
12153,16
1128,16
21565,17
21391,17
21369,17
20989,17
20829,17
20389,17
20048,17
19832,17
19478,17
19433,17
19432,17
18849,17
18744,17
18700,17
18472,17
18415,17
18357,17
18257,17
17915,17
17759,17
17748,17
17731,17
17423,17
17403,17
17365,17
17187,17
17177,17
17173,17
17142,17
17075,17
16897,17
16777,17
16581,17
16241,17
16179,17
16171,17
16103,17
16097,17
2813,64
15666,17
2767,50
15620,17
15551,17
15406,54
2553,17
15352,45
2499,17
15303,17
2393,57
15246,17
14971,24
2118,17
14865,18
2012,17
14839,17
1105,36
13958,17
13458,17
13046,17
12861,17
12502,17
12473,17
12457,17
12409,17
12404,17
12073,17
11768,17
11706,17
11545,17
11487,17
11374,17
11330,17
11327,17
11278,17
11064,17
10773,17
10729,17
10618,17
10255,17
10230,17
10049,17
9982,17
9933,17
9892,17
8906,17
15198,17
8713,17
21490,52
8637,17
21488,63
8635,17
8599,17
21416,41
8563,17
8453,17
21227,24
8374,17
21195,68
8342,17
21097,64
8244,17
21046,74
8193,17
8151,17
8141,17
20984,68
8131,17
8089,17
20673,44
7820,17
7814,45
20667,17
7642,17
7596,17
20363,49
7510,17
7406,72
20259,17
7379,29
20232,17
7355,17
7314,17
791,17
6928,58
19781,17
6681,63
19534,17
6630,78
19483,17
6576,17
6473,17
6450,17
12857,17
6436,17
12848,17
12761,17
12639,17
6086,17
6034,17
6025,17
5985,17
5973,17
12355,17
12340,17
18721,56
5868,17
12270,17
5827,17
5800,17
5789,17
5611,45
18464,17
5609,55
18462,17
5544,62
18397,17
5532,60
18385,17
5530,63
18383,17
5345,17
11753,17
5297,24
18150,17
5278,17
5201,17
5172,17
5171,17
5126,29
17979,17
5095,49
17948,17
11492,17
5043,63
17896,17
4965,17
4785,17
4666,22
17519,17
17478,50
4625,17
4579,58
17432,17
4524,17
4513,17
4452,21
17305,17
4386,50
17239,17
4353,31
17206,17
4345,17
10734,17
4313,56
17166,17
10625,17
4170,45
17023,17
4156,17
4153,17
16888,44
4035,17
7161,17
10375,17
3838,17
16653,37
3800,17
16649,50
3796,17
6996,17
6920,71
19773,17
478,17
408,70
13261,17
10015,17
9975,17
3534,17
246,17
3438,17
6638,74
19491,17
3372,78
16225,17
12900,59
47,17
3149,17
9532,17
3111,45
15964,17
15939,50
3086,17
15909,57
3056,17
15900,48
3047,17
15881,41
3028,17
9403,17
9398,17
2971,17
9336,17
18807,74
5954,17
2554,17
5756,17
5746,36
18599,17
15310,17
15270,74
2417,17
8747,17
8681,17
8667,17
8632,17
11830,17
3779,17
8603,17
2168,17
1880,17
13090,48
237,17
13024,17
6603,17
3285,17
6428,17
6420,63
19273,17
9638,17
9637,17
12823,17
1535,17
12701,17
1478,17
4609,50
17462,17
1406,17
4581,44
17434,17
2936,17
17341,77
4488,17
2881,17
4340,17
7558,17
15556,17
5902,17
4303,23
17156,17
1088,17
2681,17
14719,17
10687,17
3390,17
10593,17
969,17
1693,17
8102,17
2467,17
16922,70
4069,17
8069,17
20922,17
4052,17
8029,17
1588,17
7168,59
20021,17
3918,17
8725,17
704,17
9515,17
19957,66
7104,17
697,17
7097,45
19950,17
3894,32
16747,17
684,17
1477,17
20618,23
7765,17
2923,17
19787,57
6934,17
5318,17
8113,17
12424,17
12397,17
17980,26
5127,17
14340,17
5870,17
15450,17
8427,17
19410,63
6557,17
4127,17
525,17
1299,17
14922,17
2480,17
6492,17
1959,17
3440,17
10563,17
20116,71
7263,17
1631,17
6541,17
8044,17
8080,17
10752,17
21576,18
17011,18
16149,18
904,74
13757,18
110,55
12963,18
11638,18
11627,18
9853,18
9104,18
7823,18
20019,65
7166,18
6218,18
18811,55
5958,18
5564,18
5558,18
4066,18
16850,63
3997,18
10216,18
10214,18
9799,18
3327,18
5932,18
5526,18
3704,18
16478,56
3625,18
4769,65
17622,18
7629,18
1082,18
1072,18
18394,55
5541,18
16175,61
3322,18
6477,18
10868,18
21403,19
21388,19
21356,19
21165,19
21113,19
21109,19
20954,19
20918,19
20826,19
20791,19
20652,19
20569,19
20494,19
20412,19
20393,19
20309,19
20273,19
20249,19
20233,19
20151,19
17034,19
16913,19
16642,19
16546,19
16545,19
16380,19
16324,19
16315,19
15800,19
2173,36
15026,19
14882,65
2029,19
12211,19
11705,19
9417,19
15356,19
15002,53
2149,19
8289,44
21142,19
8163,22
21016,19
7994,19
7481,74
20334,19
12935,43
82,19
6335,19
5402,19
3860,19
3762,45
16615,19
6935,65
19788,19
196,19
15695,19
9158,19
8972,19
2468,33
15321,19
2394,64
15247,19
8449,47
21302,19
8293,64
21146,19
7984,39
20837,19
2979,45
15832,19
1124,19
7505,24
20358,19
7317,25
20170,19
1529,19
1108,19
2619,19
13717,19
15326,19
7308,45
20161,19
21267,20
20936,20
20919,20
20721,20
20709,20
20420,20
18840,20
18795,20
18773,20
18746,20
18738,20
18736,20
18698,20
18689,20
18367,20
16991,20
12608,20
5912,52
18765,20
5901,53
18754,20
17334,45
4481,20
17306,45
4453,20
16838,37
3985,20
191,20
3389,20
16195,71
3342,20
3189,20
2754,44
15607,20
5875,59
18728,20
15038,20
8510,36
21363,20
12980,55
127,20
14558,20
3303,20
4584,20
2976,65
15829,20
5957,72
18810,20
194,20
543,20
2046,20
3181,20
1875,20
2696,20
4474,20
834,20
21372,21
20514,21
17554,21
16839,21
16834,21
16518,21
16390,21
16003,21
15934,21
15897,21
15637,21
2604,48
15457,21
15299,21
2159,64
15012,21
14402,21
12580,21
12304,21
12119,21
11428,21
10542,21
10076,21
10074,21
9875,21
9671,21
9612,21
9588,21
15688,21
9074,21
15335,58
2482,21
8908,21
14316,21
7277,21
7235,21
20001,76
7148,21
6733,21
19562,51
6709,21
6684,21
12036,21
17753,24
4900,21
4440,21
3982,45
16835,21
3873,64
16726,21
3808,21
3807,21
9056,21
5662,21
2265,74
15118,21
3765,21
2163,21
14550,21
109,55
12962,21
16797,68
3944,21
1315,36
14168,21
2447,27
15300,21
3584,22
16437,21
10163,21
9117,21
1244,21
10565,21
1341,21
5729,21
17523,22
17089,22
16961,22
16285,22
16251,22
16188,22
16133,22
15510,22
14310,74
1457,22
699,66
13552,22
13256,22
12785,22
12413,22
11957,22
11794,22
11284,22
11185,22
11181,22
11171,22
11137,22
10796,22
10738,22
10710,22
10416,22
10356,22
10318,22
9812,22
9745,22
9299,22
9217,22
15389,22
8629,22
14872,22
8138,22
20650,24
7797,22
20384,31
7531,22
20300,31
7447,22
7100,22
19933,32
7080,22
7066,22
19865,68
7012,22
6981,22
12523,22
5909,22
5905,22
5819,22
11953,22
5429,22
11798,22
18065,53
5212,22
17545,24
4692,22
4366,22
4364,22
16941,70
4088,22
4081,22
16833,78
3980,22
10394,22
7020,22
16465,59
3612,22
374,22
16316,79
3463,22
12846,22
6301,22
15920,59
3067,22
12463,22
5945,22
2435,22
8760,22
11961,22
11932,22
8728,22
8678,22
11864,22
2231,22
13142,22
3320,55
16173,22
3482,22
15523,22
9880,22
2565,22
13739,22
10321,22
1343,22
2522,22
6111,22
8761,22
10694,22
1842,22
5822,22
14843,78
1990,22
9781,22
5250,22
3287,58
16140,22
5223,22
21571,23
21429,23
21000,23
20379,23
20137,23
19507,23
19470,23
19181,23
19137,23
18479,23
17957,23
17956,23
17579,23
17053,23
17048,23
16851,23
16443,23
16232,23
16203,23
16145,23
14877,72
2024,23
1651,41
14504,23
937,29
13790,23
271,47
13124,23
12557,23
12485,23
12449,23
12374,23
12298,23
12156,23
12054,23
11602,23
11449,23
11101,23
10714,23
10429,23
10423,23
10404,23
9850,23
9642,23
8932,23
8823,23
8512,23
21362,41
8509,23
7977,23
7639,23
20195,53
7342,23
7253,23
6819,23
13157,45
304,23
6528,37
19381,23
6507,51
19360,23
6445,23
19294,33
6441,23
12797,23
6082,23
5889,23
12138,23
11872,23
5411,23
5309,23
18152,41
5299,23
5293,23
5176,26
18029,23
5091,23
11402,23
4933,23
11237,23
4733,23
4606,23
4397,69
17250,23
4323,23
10674,23
4167,23
13188,23
6331,23
9526,23
15892,70
3039,23
2902,23
5955,23
8975,23
8778,23
8691,23
8690,23
5340,23
16166,55
3313,23
19263,58
6410,23
19255,45
6402,23
4623,23
9246,23
4235,23
3394,58
16247,23
15425,23
17601,74
4748,23
7109,48
19962,23
682,23
16600,36
3747,23
20600,44
7747,23
6930,23
424,23
387,23
3573,23
5807,71
18660,23
13787,23
19761,52
6908,23
8947,23
7749,23
7261,44
20114,23
21272,24
21234,24
21189,24
21053,24
21049,24
21045,24
21012,24
20969,24
20920,24
20812,24
20800,24
20798,24
20779,24
20660,24
20596,24
20566,24
20564,24
20502,24
20470,24
20448,24
20440,24
20284,24
20278,24
19978,24
19850,24
19803,24
19745,24
19710,24
19427,24
19171,24
18953,24
18283,24
17802,24
17616,24
16858,24
16816,24
16715,24
16705,24
16672,24
16461,24
16388,24
15211,24
14516,24
13031,24
12721,24
12631,24
12061,24
12042,24
11879,24
11736,24
11629,24
11564,24
11500,24
11443,24
11307,24
11060,24
10917,24
10611,24
10609,24
10478,24
10431,24
10119,24
10037,24
9995,24
9427,24
9111,24
15495,24
2273,31
15126,24
15109,24
14998,24
8364,24
8254,24
8001,24
14389,45
1536,24
7894,75
20747,24
7884,24
7880,24
7728,24
7635,74
20488,24
7504,59
20357,24
7476,24
7331,24
7072,24
560,24
6865,24
6622,36
19475,24
12904,24
6317,78
19170,24
6233,24
6088,24
5969,24
5922,24
12334,24
18348,65
5495,24
5492,24
18336,59
5483,24
5389,71
18242,24
5367,24
5308,24
11503,24
10891,24
17037,31
4184,24
3989,24
7157,24
3922,24
698,24
3701,65
16554,24
466,24
19683,55
6830,24
3353,33
16206,24
19307,27
6454,24
6254,24
12664,24
9444,24
6185,24
6173,24
9366,24
9260,24
15669,24
5994,24
15605,58
2752,24
12352,24
5850,76
18703,24
15446,77
2593,24
5731,24
8925,24
2490,24
2483,31
15336,24
18530,45
5677,24
2409,24
8826,24
2320,24
8731,24
5494,24
5441,74
18294,24
5415,24
3772,25
16625,24
8528,24
6669,24
8047,44
20900,24
4805,24
1524,24
1404,24
12505,24
2873,24
2866,66
15719,24
9270,24
8318,24
3446,76
16299,24
19473,74
6620,24
13036,27
183,24
4194,24
10610,24
12014,24
3996,24
783,24
15180,24
2322,74
15175,24
7139,24
7113,41
19966,24
12704,24
8970,24
15001,59
2148,24
528,24
9311,24
846,24
12869,24
6799,24
773,24
16824,29
3971,24
5911,24
7517,75
20370,24
11499,24
4273,24
20344,52
7491,24
9964,24
21373,41
8520,24
3377,48
16230,24
483,24
14517,24
5650,24
7096,24
7626,76
20479,24
7634,24
16568,25
15959,25
15483,26
2630,25
15464,64
2611,25
12824,25
12288,25
11400,25
11282,25
11090,25
10877,25
10112,25
10085,25
9438,25
9284,25
8992,25
15280,25
8545,25
14729,25
8227,25
20865,76
8012,25
7979,25
7725,25
7707,25
7696,25
7694,25
20489,55
7636,25
20216,58
7363,25
7245,25
555,25
6894,25
6661,25
6577,25
6287,25
6106,25
11730,25
17911,55
5058,25
4613,25
11027,25
4505,25
4374,25
7063,25
6852,25
3541,47
16394,25
13062,25
3435,45
16288,25
6590,25
3194,25
15861,74
3008,25
2920,25
9268,25
2700,63
15553,25
2664,25
9030,25
12155,25
12045,25
2398,25
8768,25
2230,25
10181,25
10115,25
5300,25
407,25
406,25
16476,68
3623,25
404,25
11636,25
9904,25
1794,25
6532,25
19331,59
6478,25
16107,65
3254,25
8007,25
1360,25
6120,25
4523,25
7690,25
2802,58
15655,25
7631,25
14761,25
1071,25
12929,25
811,25
7189,25
7975,25
6312,25
8733,25
2549,25
113,25
83,25
6864,25
3258,25
817,25
1173,25
11156,25
7141,25
20802,63
7949,25
19540,78
6687,25
50,25
6862,25
9040,25
3603,25
3382,25
3543,32
16396,25
7358,25
13333,71
480,25
865,25
5694,25
8454,25
1747,25
1287,25
21556,26
21512,26
21339,26
21303,26
21138,26
21130,26
20925,26
20907,26
20089,26
20080,26
20012,26
19993,26
19557,26
18674,26
18160,26
18050,26
16214,26
2783,58
15636,26
14987,26
13649,26
12842,26
12791,26
12027,26
11460,26
11447,26
11444,26
11430,26
11297,26
10048,26
9797,26
9795,26
9720,26
9689,26
9603,26
9356,26
15694,26
2803,36
15656,26
9134,26
8710,26
8641,26
21460,44
8607,26
21431,34
8578,26
8489,29
21342,26
8424,62
21277,26
8349,55
21202,26
8309,26
8275,31
21128,26
7669,26
13270,26
18944,58
6091,26
11555,26
5090,68
17943,26
11322,26
11314,26
11163,26
4712,26
4595,76
17448,26
10774,26
10661,26
4205,57
17058,26
16992,59
4139,26
4115,47
16968,26
7218,64
20071,26
7136,74
19989,26
10213,26
13144,26
9763,26
3153,58
16006,26
9220,26
2764,78
15617,26
15453,26
2579,69
15432,26
2531,71
15384,26
8674,26
21523,45
8670,26
8668,61
21521,26
2247,26
8658,26
21441,41
8588,26
8269,75
21122,26
1731,26
8040,78
20893,26
14270,26
1159,70
14012,26
15562,26
2620,26
982,26
7234,48
20087,26
5507,78
18360,26
4038,26
13950,26
3347,72
16200,26
16286,64
3433,26
17867,27
15467,27
10989,27
10458,27
9752,27
15327,63
2474,27
8734,27
21254,52
8401,27
14642,73
1789,27
7715,27
6881,69
19734,27
6849,58
19702,27
12093,27
5287,27
5141,27
17082,70
4229,27
3378,27
5113,27
6559,36
19412,27
6491,53
19344,27
6422,27
3009,27
10527,27
1676,27
2953,27
15914,28
2687,44
15540,28
12224,28
13834,28
17289,50
4436,28
3072,58
15925,28
3040,28
12843,28
105,28
21297,29
21143,29
20682,29
17007,29
16986,29
16885,29
16644,29
16481,29
16434,29
16399,29
15987,29
15841,29
15762,29
15296,29
15219,72
2366,29
15103,29
12885,29
12573,29
12531,29
12383,29
12059,29
11381,29
11049,29
10922,29
10328,29
9956,29
15653,72
2800,29
15548,53
2695,29
15413,55
2560,29
15281,70
2428,29
2397,37
15250,29
15056,62
2203,29
2114,74
14967,29
14697,29
14547,37
1694,29
20904,41
8051,29
8050,29
8039,29
14393,29
7902,29
1461,60
14314,29
20728,41
7875,29
7442,29
12435,29
5647,29
5563,29
5502,37
18355,29
4894,29
17436,45
4583,29
3865,36
16718,29
552,29
16472,75
3619,29
13262,73
409,29
3490,55
16343,29
9884,29
6556,64
19409,29
9560,29
9337,29
9328,29
15680,51
2827,29
15641,29
5586,29
5582,68
18435,29
6748,29
4972,63
17825,29
6547,29
12831,29
3199,76
16052,29
1502,29
1466,29
7870,29
1339,29
7673,29
2806,29
1209,29
1193,29
17180,33
4327,29
9135,29
9098,29
3459,78
16312,29
16964,76
4111,29
18436,76
5583,29
9373,29
3899,29
13709,29
4410,29
7428,29
20234,60
7381,29
130,29
145,29
10544,29
16122,48
3269,29
15598,29
6699,29
1732,29
10440,29
852,29
20769,30
20377,30
17338,30
11551,30
10530,30
9535,30
7942,69
20795,30
7611,30
11450,30
20382,72
7529,30
21336,31
21324,31
21248,31
21179,31
20822,31
20706,31
20685,31
20639,31
20533,31
20517,31
20332,31
20304,31
20299,31
20255,31
20187,31
20174,31
18769,31
16619,31
16421,31
15908,31
13275,72
422,31
12829,31
12033,31
11990,31
11566,31
11145,31
10430,31
9914,31
9818,31
9556,31
15511,58
2658,31
8708,31
8559,63
21412,31
8407,68
21260,31
8262,31
20909,72
8056,31
7790,31
7676,63
20529,31
7433,74
20286,31
7359,31
20117,41
7264,31
7212,31
19290,78
6437,31
6047,31
18867,76
6014,31
11724,31
7061,31
10211,31
6592,31
164,31
12619,31
15489,31
8999,31
8979,31
8976,31
5437,31
2048,31
3507,70
16360,31
1764,31
11359,31
7693,58
20546,31
1080,31
6591,31
74,31
1650,31
7704,64
20557,31
3680,66
16533,31
2929,41
15782,31
8422,74
21275,31
7438,66
20291,31
16817,32
16806,32
12681,32
12624,32
12166,32
11878,32
11416,32
10839,32
9502,32
9301,32
20736,66
7883,32
7323,72
20176,32
6138,32
5359,32
5339,32
7229,32
9810,32
6414,72
19267,32
9339,32
2691,32
2350,32
15189,32
15162,36
2309,32
2316,32
5452,32
2221,32
5422,32
14881,76
2028,32
6672,32
11302,32
1602,32
1585,32
1366,32
1285,32
1200,32
18778,48
5925,32
1010,32
4732,32
7092,32
6549,32
1643,32
18426,45
5573,32
1101,32
2667,32
8229,32
7465,32
5321,32
9231,32
490,32
21562,33
20757,33
19418,33
17169,33
15996,33
15989,33
15950,33
1759,44
14612,33
12933,64
80,33
12706,33
8015,33
20833,52
7980,33
20671,41
7818,33
13159,33
12714,33
12703,33
6051,66
18904,33
5410,33
5060,33
11059,33
10594,33
16783,71
3930,33
3797,55
16650,33
10183,33
58,33
3105,33
2915,69
15768,33
2872,33
2858,33
9012,33
2260,33
5443,36
18296,33
10155,33
166,69
13019,33
17791,63
4938,33
14573,33
111,33
2963,41
15816,33
1308,33
5080,48
17933,33
7437,33
20274,34
7421,33
4811,33
4544,33
4055,45
16908,33
21378,34
21322,34
21298,34
21209,34
21036,34
20931,34
20794,34
20468,34
20443,34
20324,34
20279,34
19648,34
19424,34
19422,34
18875,34
18648,34
16405,34
16374,34
16365,34
15985,34
15732,34
15729,34
15265,34
13026,34
11301,34
15023,34
8581,34
7548,55
20401,34
6738,34
6146,34
6104,34
5658,34
5390,74
18243,34
4747,34
10926,34
494,34
2887,34
15610,40
2757,34
8741,34
2236,34
7948,52
20801,34
7830,34
7487,69
20340,34
7441,34
8115,58
20968,34
13715,34
6802,69
19655,34
6794,69
19647,34
17155,72
4302,34
8294,34
6147,34
12318,35
11123,35
10545,35
9804,35
14984,35
5727,35
6757,35
12389,35
2374,71
15227,35
7443,35
18252,36
16589,36
16495,36
16369,36
15979,36
15967,36
2850,44
15703,36
15292,36
15226,36
14672,36
12521,36
12202,36
11883,36
11728,36
11617,36
11418,36
11370,36
11272,36
10904,36
10845,36
10292,36
10197,36
10114,36
9940,36
9874,36
9869,36
9641,36
9330,36
15674,36
15223,76
2370,36
8799,36
8716,36
8526,36
2080,55
14933,36
7903,36
20746,63
7893,36
13656,36
7216,36
6732,36
225,45
13078,36
6503,36
6214,36
6113,36
12517,36
18565,45
5712,36
5660,36
5627,36
11979,36
11714,36
11708,36
17967,66
5114,36
11506,36
4810,36
4751,36
10873,36
10826,36
4160,36
20008,50
7155,36
7073,36
3858,75
16711,36
3841,36
3721,41
16574,36
3649,52
16502,36
10000,36
6762,36
6723,36
3425,59
16278,36
6612,36
3118,36
12551,36
15602,36
5951,36
2729,36
2711,36
15397,54
2544,36
5743,36
2410,59
15263,36
15240,36
18432,71
5579,36
5474,36
15107,36
18307,66
5454,36
2240,70
15093,36
19760,55
6907,36
6863,36
21187,45
8334,36
6721,36
3486,61
16339,36
5092,36
3483,45
16336,36
15970,48
3117,36
1391,36
10944,36
1269,36
7647,36
10833,36
10832,36
1152,36
1016,36
1015,36
11395,36
15309,36
13708,36
10472,36
6461,36
5500,36
15944,52
3091,36
7107,36
10841,36
6784,36
15213,36
743,36
334,70
13187,36
696,36
13141,36
56,36
19318,72
6465,36
995,36
3751,52
16604,36
14993,36
3742,36
123,36
8162,36
3893,36
6539,36
14975,36
9736,36
18,36
9543,36
3674,69
16527,36
3890,36
10105,36
16836,37
16795,37
16679,37
16401,37
15902,37
15759,37
15708,37
15707,37
2849,69
15702,37
2340,75
15193,37
14622,53
1769,37
1696,47
14549,37
1692,50
14545,37
12184,37
12114,37
11930,37
11572,37
11057,37
10439,37
10402,37
10243,37
9936,37
9902,37
9878,37
9827,37
9577,37
9551,37
9547,37
9313,37
9306,37
15624,77
2771,37
15496,37
9044,37
8928,37
8898,37
8808,37
8785,37
2304,60
15157,37
14551,37
7955,37
7746,37
7385,37
20132,41
7279,37
20119,62
7266,37
7250,37
722,37
7132,37
6730,37
6673,37
6460,37
6235,37
5938,37
18554,55
5701,37
11756,37
11628,37
11476,37
17906,45
5053,37
17674,72
4821,37
4459,37
17292,73
4439,37
17251,47
4398,37
4389,37
4344,37
4240,37
4193,37
10484,37
3864,78
16717,37
3825,73
16678,37
3787,37
554,37
3647,37
6683,37
13059,37
9613,37
9477,37
9354,37
2928,37
2856,62
15709,37
9116,37
12064,37
2440,37
15208,37
2348,37
15082,37
14934,37
19680,60
6827,37
5012,37
9587,37
7861,37
7681,37
4446,37
1234,37
12301,37
1065,37
1797,37
4031,76
16884,37
5593,37
3984,45
16837,37
17633,71
4780,37
8724,37
1342,37
7732,37
10109,37
2781,37
6705,37
6572,37
5720,37
7320,37
12897,37
8426,37
18540,71
5687,37
10596,38
21177,39
20552,39
17168,39
10817,39
6695,39
1665,39
16274,40
16074,40
2725,45
15578,40
12040,40
12010,40
12016,40
11941,40
66,68
12919,40
15579,40
15560,40
12164,40
59,73
12912,40
27,56
12880,40
12908,40
21479,41
21437,41
21413,41
21360,41
21315,41
21266,41
21265,41
21240,41
21199,41
21081,41
21055,41
21044,41
21032,41
21014,41
20988,41
20973,41
20937,41
20813,41
20784,41
20776,41
20715,41
20648,41
20548,41
20455,41
20442,41
20414,41
20391,41
20378,41
20368,41
20339,41
20269,41
20256,41
20252,41
20228,41
20221,41
20189,41
20181,41
20166,41
18699,41
18627,41
18052,41
17032,41
16735,41
16668,41
16662,41
16584,41
16569,41
16363,41
16350,41
16263,41
15980,41
2787,69
15640,41
15415,77
2562,41
15141,41
15136,41
12207,41
11543,41
11470,41
11283,41
10907,41
10529,41
10235,41
10225,41
10130,41
9860,41
9825,41
9441,41
9267,41
9250,41
9235,41
9115,41
9091,41
8997,41
15349,55
2496,41
8745,41
8598,50
21451,41
2109,51
14962,41
8406,74
21259,41
21166,53
8313,41
8226,41
8048,41
8032,62
20885,41
7972,72
20825,41
7970,41
7836,41
7682,69
20535,41
7593,78
20446,41
7514,74
20367,41
7512,45
20365,41
7472,41
13890,41
7370,64
20223,41
19927,50
7074,41
6771,41
6765,41
6134,41
6094,41
18870,53
6017,41
5926,41
18591,44
5738,41
11896,41
5314,41
5195,72
18048,41
11481,41
11475,41
4330,41
3788,69
16641,41
3786,41
3585,41
9985,41
11,41
9576,41
6198,41
6165,41
2962,41
6018,41
12296,41
5793,74
18646,41
5594,41
2380,57
15233,41
2253,41
15053,41
3770,76
16623,41
5356,41
11721,41
2089,41
3624,41
1902,78
14755,41
1846,41
12891,73
38,41
14,41
1381,41
4472,41
12346,41
1122,41
4288,41
7484,59
20337,41
1849,41
17071,73
4218,41
968,41
10532,41
4014,41
5556,41
2338,41
6297,41
2279,41
7083,41
530,41
1722,41
19387,72
6534,41
6115,41
5312,41
8005,41
1178,41
774,41
3571,50
16424,41
1111,41
5501,63
18354,41
2693,41
1096,41
1070,41
1853,41
3430,50
16283,41
9372,41
1644,41
8868,41
2433,41
7353,48
20206,41
2005,41
1087,41
19256,42
17860,42
9285,42
7789,42
7068,42
17823,45
4970,42
7867,42
2500,42
20406,43
18952,43
18430,43
17927,43
17880,43
17875,43
17563,43
17095,43
16289,43
16110,43
15831,43
15767,43
12621,43
12313,43
12286,43
12223,43
12215,43
12046,43
11945,43
11935,43
15563,43
9031,43
19651,63
6798,43
12024,43
11958,43
11767,43
10860,43
3461,45
16314,43
12910,43
3071,58
15924,43
12315,43
14499,43
11070,43
1623,55
14476,43
11121,43
13285,43
14805,43
13694,43
21242,44
21224,44
21176,44
21106,44
20804,44
20515,44
20380,44
20135,44
19639,44
17685,44
16848,44
16480,44
16441,44
16348,44
16346,44
16342,44
2606,72
15459,44
15130,44
14886,77
2033,44
13032,44
12659,44
12649,44
12613,44
12562,44
12516,44
12364,44
12182,44
11993,44
11696,44
11407,44
11338,44
11300,44
11109,44
10253,44
9807,44
9562,44
9425,44
9399,44
9312,44
15337,59
2484,44
21430,56
8577,44
8521,44
8487,44
8430,74
21283,44
8391,62
21244,44
8388,44
8259,70
21112,44
8036,44
7739,44
7566,55
20419,44
7516,44
7483,44
7455,49
20308,44
13870,74
1017,44
7439,44
7330,44
7191,44
6859,68
19712,44
19377,76
6524,44
6496,44
6485,44
12890,74
37,44
12866,74
13,44
6271,44
6187,44
12379,44
12294,44
5669,44
5657,44
11967,44
18328,45
5475,44
5084,44
17925,45
5072,44
17887,51
5034,44
5015,44
4901,44
11132,44
11046,44
4378,44
4261,44
4029,44
10040,44
202,44
9839,44
3192,45
16045,44
6149,44
6123,44
2918,44
12271,44
2567,44
5758,44
8965,44
12163,44
2539,44
15354,44
5679,44
2335,63
15188,44
11877,44
5416,44
2188,44
16479,59
3626,44
8447,63
21300,44
5050,44
5018,44
138,44
126,44
4892,44
9625,44
4775,44
1469,44
14298,74
1445,44
2789,44
1181,44
17194,76
4341,44
1138,44
8340,53
21193,44
14744,44
1877,44
1837,44
7444,44
1768,44
11305,44
5600,44
2333,44
15145,44
16762,50
3909,44
1752,44
12176,44
1355,44
3740,44
5725,44
1311,44
8879,44
3977,44
1528,44
20767,60
7914,44
8296,44
1007,44
10008,44
6551,44
4930,44
2877,44
9894,44
10983,44
484,44
4404,44
2944,55
15797,44
21517,45
21469,45
21076,45
21019,45
20902,45
20262,45
20039,45
20013,45
19658,45
19471,45
19191,45
18924,45
18835,45
18774,45
18616,45
18490,45
18372,45
18271,45
18095,45
17877,45
17780,45
17417,45
17410,45
17248,45
17246,45
17149,45
17128,45
17077,45
17036,45
16903,45
16871,45
16774,45
16196,45
16146,45
15840,45
2674,52
15527,45
2347,69
15200,45
15096,45
14959,45
14903,45
14757,45
13245,45
12815,45
12689,45
12465,45
12461,45
12197,45
11371,45
11251,45
11234,45
11174,45
11103,45
11102,45
11093,45
10913,45
10750,45
10743,45
10704,45
10693,45
10606,45
10559,45
10359,45
10299,45
10062,45
9906,45
9866,45
9764,45
9681,45
9479,45
9473,45
9314,45
15485,45
15454,45
8755,45
15104,62
2251,45
14974,71
2121,45
8480,55
21333,45
1932,47
14785,45
8234,45
21050,70
8197,45
8176,45
1440,65
14293,45
7839,45
7831,45
7592,45
7570,45
20386,56
7533,45
7496,45
7408,70
20261,45
6922,45
19775,45
467,59
13320,45
6869,45
439,51
13292,45
6764,45
315,70
13168,45
13056,45
203,45
71,69
12924,45
6337,45
6244,63
19097,45
12654,45
6137,45
12507,45
6058,45
5900,45
5858,45
5792,45
5724,76
18577,45
12122,45
5602,66
18455,45
5565,68
18418,45
5453,45
5394,45
5330,45
11665,45
5234,45
5190,45
5139,45
5077,48
17930,45
17923,65
5070,45
11324,45
4781,45
4708,45
11087,45
4458,73
17311,45
4388,69
17241,45
4343,45
17196,45
4297,45
4192,45
4165,45
4061,45
10418,45
7196,45
7192,53
20045,45
7070,45
7049,47
19902,45
518,45
13251,45
13244,45
13199,70
346,45
3520,45
3449,45
3352,45
3295,48
16148,45
3222,45
16075,45
3187,45
15803,58
2950,45
9348,45
2792,45
9172,45
9163,45
2688,45
9069,45
2602,66
15455,45
5796,45
15400,45
12179,45
2520,45
8933,45
8806,45
2326,55
15179,45
2310,45
8686,45
21539,45
11863,45
11861,45
2228,45
5408,45
15045,45
8623,45
6968,45
14867,45
2000,45
8416,45
1960,45
3526,45
9907,45
1889,45
1858,45
16185,77
3332,45
3329,45
8137,45
81,45
49,45
4809,45
4740,55
17593,45
7899,45
1460,53
14313,45
7877,45
4648,45
4617,55
17470,45
3003,45
20655,66
7802,45
1920,45
256,45
20353,53
7500,45
8258,45
9834,45
10622,45
971,45
7310,45
889,45
2390,45
10391,45
10358,45
718,45
20803,68
7950,45
3109,45
5506,45
688,45
7085,45
15394,45
955,45
7771,45
20624,45
3711,45
11734,45
4504,66
17357,45
2064,45
16513,78
3660,45
7679,48
20532,45
13688,45
835,45
4420,63
17273,45
390,55
13243,45
8796,45
3572,45
1949,45
345,45
4735,45
3934,64
16787,45
3528,45
6740,45
3917,69
16770,45
3472,45
20927,66
8074,45
1785,45
3360,73
16213,45
11385,45
2951,45
15804,45
3351,45
903,45
19364,78
6511,45
1675,45
9554,45
8160,45
7260,45
8063,45
10156,45
7659,45
13247,45
4220,53
17073,45
16419,46
5125,50
17978,46
21096,47
19198,47
19044,47
18749,47
18665,47
18061,47
17916,47
17062,47
16939,47
15793,47
2577,59
15430,47
13471,47
12628,47
10756,47
10715,47
10634,47
9905,47
9787,47
8829,47
21065,76
8212,47
7427,47
6976,47
5842,47
5767,47
5692,47
5684,47
5508,47
11771,47
5274,47
5256,71
18109,47
5146,47
4987,47
10754,47
4084,47
13482,47
10262,47
12901,60
48,47
6201,47
2993,47
9181,47
5765,47
5371,47
6952,47
323,47
7555,47
1100,47
279,47
897,47
7099,47
10315,47
6964,47
1174,47
9171,47
924,47
524,47
880,47
890,47
4045,47
5236,47
1917,47
9146,47
5216,47
20835,48
20641,48
19935,48
19860,48
19826,48
19731,48
19711,48
19635,48
19113,48
18963,48
18898,48
18859,48
18842,48
18730,48
18342,48
18191,48
17749,48
17710,48
17569,48
17551,48
17349,48
17315,48
16622,48
16404,48
16210,48
16041,48
2763,64
15616,48
15204,48
15004,48
2151,48
13163,48
13021,55
168,48
12668,48
12625,48
12538,48
12350,48
12276,48
12191,48
12094,48
12087,48
11722,48
11579,48
11550,48
11527,48
11405,48
10508,48
10158,48
10042,48
9925,48
9809,48
9561,48
9324,48
9090,48
9045,48
9033,48
9020,48
8996,48
8919,48
8514,48
14512,79
1659,48
8021,48
20744,55
7891,48
7464,48
7357,58
20210,48
20207,60
7354,48
6888,48
6682,48
6315,48
12688,48
12648,48
12504,48
18830,66
5977,48
5946,48
5873,48
12219,48
5659,48
5533,48
18249,53
5396,48
11751,48
11598,48
5128,49
17981,48
5082,48
4893,70
17746,48
4812,48
4768,48
11166,48
11133,48
4586,48
17389,72
4536,48
4237,48
712,48
3853,62
16706,48
7011,72
19864,48
7003,61
19856,48
3673,48
10052,48
13011,48
3154,48
12652,48
2867,48
2672,48
2532,48
11892,48
6855,48
16475,78
3622,48
10018,48
11553,48
1847,48
3400,48
1666,48
4615,48
9338,48
7737,48
12368,48
11526,48
15479,48
162,48
17829,58
4976,48
8987,48
741,48
1512,48
15146,48
5358,48
2126,48
5304,70
18157,48
6003,48
1584,48
7149,48
17965,52
5112,48
1493,48
1029,48
8367,48
6533,53
19386,48
7341,48
7296,48
1740,48
11657,48
2884,48
21447,49
21034,49
20976,49
20770,49
20634,49
20432,49
19815,49
18719,49
18258,49
15561,59
2708,49
15307,49
11758,49
11754,49
10999,49
10980,49
10964,49
10856,49
10561,49
9647,49
8457,49
8085,55
20938,49
20883,62
8030,49
8017,49
20583,68
7730,49
7466,49
20319,49
388,49
19447,74
6594,49
6522,63
19375,49
6257,49
19101,76
6248,49
5575,49
11904,49
11690,49
10973,49
10919,49
17329,50
4476,49
16865,52
4012,49
16670,51
3817,49
3806,49
16487,51
3634,49
3579,61
16432,49
361,70
13214,49
19163,78
6310,49
9525,49
5975,59
18828,49
15324,70
2471,49
10185,49
1872,49
1861,49
1706,49
210,49
837,49
3900,49
538,49
1258,49
1176,49
16799,56
3946,49
7953,49
731,49
1011,49
11630,49
4554,49
8580,49
12115,49
5741,49
859,49
21568,50
20878,50
20270,50
20095,50
19998,50
19844,50
19559,50
19509,50
19505,50
19499,50
19223,50
19083,50
18621,50
18234,50
18085,50
18066,50
17963,50
17892,50
17473,50
17431,50
17419,50
17359,50
17298,50
17236,50
16658,50
16607,50
13096,50
12680,50
12670,50
11723,50
11639,50
11149,50
9445,50
8610,50
8606,50
8478,50
8167,50
8134,50
8016,75
20869,50
13290,50
13281,50
13205,74
352,50
349,50
6707,64
19560,50
13089,74
236,50
6348,50
6264,50
6177,50
19022,73
6169,50
5706,50
5595,66
18448,50
5273,50
5255,76
18108,50
5244,50
5167,50
5118,50
4714,50
4713,50
4662,50
11025,50
4600,50
11007,50
4552,76
17405,50
4438,68
17291,50
4129,50
4028,50
3843,50
13236,50
3594,50
13126,69
273,50
3452,50
6653,57
19506,50
6432,50
19285,50
6413,50
6275,69
19128,50
15901,75
3048,50
2973,50
6119,50
9293,50
15691,70
2838,50
6023,50
2383,50
8765,50
8672,50
423,69
13276,50
3609,50
3509,50
3455,50
248,50
3364,50
1711,50
4664,50
1387,50
6163,50
17282,76
4429,50
17027,71
4174,50
873,50
5670,74
18523,50
11232,50
11118,50
952,50
1306,50
489,50
2775,50
1909,50
9674,50
6746,50
4525,50
8117,50
502,50
5076,66
17929,50
144,50
4039,50
1616,50
2449,50
21553,51
21551,51
19515,51
19053,51
19045,51
18481,51
17619,51
17440,51
16698,51
16664,51
16585,51
16246,51
15969,51
15833,51
15822,51
15753,51
15723,51
15348,51
11413,51
10699,51
9728,51
9707,51
8777,51
14918,71
2065,51
7757,51
7541,51
6601,51
5815,51
11241,51
4773,51
4644,51
10688,51
16918,63
4065,51
3872,66
16725,51
11787,51
8475,51
13231,73
378,51
8087,51
7544,51
6583,51
1564,53
14417,51
1924,51
3441,76
16294,51
21436,52
21414,52
21386,52
21385,52
21330,52
21264,52
21218,52
21211,52
21095,52
20915,52
20896,52
20630,52
20628,52
20463,52
20226,52
20217,52
20213,52
19254,52
19174,52
16311,52
15515,52
13714,64
861,52
13014,52
11667,52
10612,52
10282,52
10280,52
10099,52
9316,52
2773,69
15626,52
8946,52
8890,52
8793,52
8582,62
21435,52
8472,58
21325,52
8458,52
7821,52
7726,52
7459,52
7413,75
20266,52
7338,57
20191,52
6586,52
6341,52
11635,52
3968,52
16807,63
3954,52
6840,52
16422,63
3569,52
6358,52
6186,52
2839,60
15692,52
5967,52
15594,52
15079,52
2205,52
2055,52
21203,63
8350,52
14752,52
6466,52
7841,52
2862,76
15715,52
986,52
976,52
19981,58
7128,52
4955,59
17808,52
6790,52
4376,52
6708,55
19561,52
299,52
399,52
1727,52
8501,75
21354,52
2133,52
1205,52
818,52
3601,69
16454,52
21480,53
21474,53
21352,53
21135,53
21038,53
20975,53
20735,53
20711,53
20680,53
20640,53
20593,53
20558,53
20395,53
20385,53
20376,53
20314,53
20310,53
20118,53
19915,53
19887,53
18816,53
18120,53
17712,53
17655,53
17489,53
16890,53
16825,53
16809,53
16803,53
16800,53
16655,53
16551,53
16385,53
15888,53
15819,53
2779,69
15632,53
12645,53
12520,53
11115,53
10924,53
10851,53
9973,53
9049,53
8865,53
8750,53
8740,53
8738,53
2153,69
15006,53
15000,53
2130,78
14983,53
14900,55
2047,53
8428,76
21281,53
8409,53
21262,53
8399,62
21252,53
7752,62
20605,53
1238,59
14091,53
7449,63
20302,53
20129,57
7276,53
7259,54
20112,53
6273,53
12596,53
6048,53
5950,53
11976,53
5464,53
5029,53
17673,59
4820,53
4777,57
17630,53
17129,79
4276,53
4141,53
19986,71
7133,53
3669,66
16522,53
6129,53
2751,53
15570,53
9066,53
15312,58
2459,53
15221,53
11666,53
2042,53
8236,53
6523,53
45,78
12898,53
1569,53
4729,53
1467,53
1452,53
1317,53
7734,53
7709,75
20562,53
18863,74
6010,53
1134,53
21123,65
8270,53
4216,53
7404,62
20257,53
1554,53
11977,53
19136,58
6283,53
1344,53
9333,53
16457,64
3604,53
3582,53
1135,53
456,53
8184,73
21037,53
533,53
7398,66
20251,53
1677,53
10564,53
3629,53
19571,54
15547,54
15429,54
14876,54
1216,77
14069,54
12630,54
12005,54
11802,54
11221,54
9744,54
9606,54
15528,54
7869,54
13435,54
6972,54
6372,54
4776,54
4657,54
4105,54
3867,54
2666,54
3760,54
8224,74
21077,54
1688,54
17502,58
4649,54
4085,54
10338,54
8905,54
19751,55
18962,55
18860,55
18567,55
18467,55
18392,55
18302,55
17876,55
17839,55
17813,55
17700,55
17506,55
17406,55
17212,55
17148,55
16680,55
16652,55
16429,55
16332,55
16163,55
16123,55
16093,55
15230,55
410,63
13263,55
12775,55
12759,55
12647,55
12443,55
11981,55
11925,55
11860,55
11793,55
11344,55
11292,55
11285,55
11279,55
11252,55
11249,55
10555,55
10537,55
10470,55
10361,55
10335,55
10272,55
10080,55
9742,55
9733,55
9465,55
9408,55
9110,55
15294,55
15220,55
8707,55
8683,65
21536,55
8308,55
8091,55
8068,55
7997,55
20792,59
7939,55
7876,55
13904,55
13753,55
7240,55
714,55
679,64
13532,55
496,55
13280,55
13184,55
331,55
64,70
12917,55
6463,55
6368,55
6225,55
6060,55
12454,55
6020,64
18873,55
5835,65
18688,55
18563,61
5710,55
5690,55
5286,55
5270,55
18079,64
5226,55
5177,55
5021,69
17874,55
4890,55
4816,55
4711,55
17543,68
4690,55
17330,72
4477,55
4369,55
10744,55
4075,55
4027,55
7119,55
10291,55
356,55
6752,55
9954,55
13115,55
3491,55
3488,55
3266,58
16119,55
12834,55
15968,64
3115,55
6202,55
6090,55
9279,55
6054,55
2652,55
2638,55
12209,55
5734,55
2475,55
2419,55
5511,55
8696,55
8689,55
2268,78
15121,55
8615,55
10191,55
5376,76
18229,55
5366,55
14921,55
2054,78
14907,55
3645,55
13265,55
2010,55
5115,76
17968,55
6689,55
3442,55
1682,55
6502,55
15879,59
3026,55
1414,55
1361,55
1276,55
1252,55
9206,55
7603,55
13966,55
1919,55
5105,63
17958,55
1103,55
1897,55
87,69
12940,55
8055,55
8855,55
10435,55
20793,66
7940,55
3094,55
7088,55
8569,55
9345,55
15777,63
2924,55
8943,55
19767,70
6914,55
7722,55
3699,55
14888,55
9202,55
13225,74
372,55
3563,55
9977,55
9926,55
853,55
6471,55
1808,55
3396,55
1963,55
960,55
2542,55
4106,55
8098,55
16950,71
4097,55
4144,69
16997,55
3336,55
8554,55
1715,55
11752,55
3702,73
16555,55
6639,76
19492,55
7093,74
19946,55
3684,55
21453,56
21237,56
21028,56
20888,56
20668,56
20493,56
20407,56
19674,56
19009,56
17988,56
15886,56
15558,56
15476,56
1327,68
14180,56
12616,56
12306,56
11047,56
9678,56
9572,56
9558,56
9378,56
9273,56
9263,56
15521,56
8956,56
8602,76
21455,56
7670,74
20523,56
13854,56
6475,56
6240,56
5680,56
11377,56
4827,56
4814,56
4792,56
11111,56
4357,56
3784,56
9519,56
9429,56
2194,56
3639,65
16492,56
420,56
1803,56
1543,56
3046,59
15899,56
3043,64
15896,56
4419,56
1188,56
4351,56
4307,56
1059,56
8986,56
17644,74
4791,56
13539,65
686,56
728,56
7120,56
4056,76
16909,56
6456,56
1351,56
1642,56
12150,56
17672,66
4819,56
21238,57
21103,57
20237,57
20180,57
20138,57
17795,57
14587,74
1734,57
14542,74
1689,57
11106,57
9097,57
8595,70
21448,57
7388,63
20241,57
6293,57
5417,57
16723,78
3870,57
15571,58
2718,57
5894,57
2337,68
15190,57
3734,69
16587,57
11031,57
1182,57
1084,57
187,57
4974,57
1765,57
17157,70
4304,57
10023,57
3602,57
12874,57
93,57
1283,57
21376,58
20773,58
20734,58
20142,58
19912,58
19833,58
19799,58
18638,58
18504,58
18017,58
17864,58
17857,58
17612,58
17538,58
17479,58
17361,58
17151,58
17004,58
16677,58
16459,58
15894,58
15387,61
2534,58
15060,58
14736,58
13174,58
232,72
13085,58
12529,58
12305,58
11563,58
11468,58
11299,58
11253,58
11105,58
11074,58
11035,58
10918,58
10843,58
10348,58
9971,58
9833,58
9487,58
9100,58
9047,58
8836,58
8711,58
8571,58
8496,58
8287,59
21140,58
21129,74
8276,58
8205,58
7845,69
20698,58
7810,58
7791,58
20328,59
7475,58
6818,58
5750,58
5689,58
5465,58
11763,58
5013,63
17866,58
17659,59
4806,58
4146,58
3874,63
16727,58
10238,58
3157,58
3013,58
2907,58
6059,58
15698,58
2799,58
15584,58
9087,58
2570,58
2546,58
5671,58
12083,58
10171,58
436,58
8331,58
1735,58
3275,58
1622,58
1619,58
4772,58
17625,58
11161,58
9538,58
1520,58
3063,58
9381,58
2917,58
7650,58
1228,58
7468,63
20321,58
1000,58
7407,58
1771,58
3161,58
3970,58
733,58
11962,58
2297,58
3085,58
8547,58
12146,58
401,58
787,58
381,58
1153,58
12719,58
3095,58
9088,58
9677,58
3259,64
16112,58
1996,58
9363,58
12965,58
3093,58
3298,58
1741,58
4143,58
1739,58
13060,58
10,58
21253,59
20584,59
20031,59
19763,59
19383,59
19379,59
19297,59
19258,59
18101,59
18038,59
17853,59
17822,59
17798,59
17728,59
17719,59
17706,59
17666,59
17412,59
17127,59
16796,59
16675,59
16663,59
16563,59
16531,59
16523,59
16279,59
15898,59
15885,59
15717,59
15090,60
2237,59
14563,59
13139,59
13039,76
186,59
12974,59
12222,59
11909,59
11623,59
11477,59
11435,59
10971,59
10961,59
10848,59
10834,59
10419,59
9497,59
9332,59
8732,59
8544,59
8351,59
8255,59
1246,72
14099,59
7247,59
745,59
343,77
13196,59
342,76
13195,59
6719,78
19572,59
6697,59
6497,59
12685,59
12661,59
6199,59
5937,59
5910,59
5876,59
12133,59
5615,59
11997,59
11923,59
5350,59
11465,59
11441,59
4824,72
17677,59
4818,70
17671,59
11113,59
4665,76
17518,59
10962,59
4537,59
10874,59
10446,59
764,59
3879,59
559,59
10088,59
376,59
12716,59
12663,59
12540,59
9239,59
12226,59
12172,59
2528,59
2323,59
5523,71
18376,59
15061,59
3252,59
4841,74
17694,59
9619,59
4744,71
17597,59
12727,59
3042,59
1425,59
7729,59
2583,59
2434,59
7199,59
15949,79
3096,59
5752,76
18605,59
6873,59
5974,59
8370,59
9573,59
1280,59
7497,59
3668,68
16521,59
4408,59
12852,59
1649,59
2102,59
687,59
21232,60
21221,60
21136,60
21114,60
16818,60
16377,60
16297,60
15757,60
15559,60
12085,60
11528,60
9405,60
9364,60
8565,60
7961,79
20814,60
7244,60
6779,60
6279,60
12231,60
5426,60
5175,65
18028,60
11478,60
10897,60
3755,63
16608,60
3681,60
14427,60
8292,60
1063,60
2580,60
13027,60
3960,64
16813,60
1492,60
6814,63
19667,60
10411,60
2919,62
15772,60
10946,60
15359,60
1525,60
21308,61
18483,61
17964,61
17922,61
17900,61
16207,61
16141,61
14860,61
12783,61
11855,61
11220,61
10284,61
9478,61
9229,61
9187,61
9160,61
9127,61
8644,61
8614,61
8611,61
8125,61
7008,61
6349,61
11859,61
11850,61
5264,61
5188,61
11227,61
11168,61
4574,61
4149,61
4094,61
4089,61
6999,61
3480,61
3456,61
6356,61
3023,78
15876,61
9189,61
8619,61
2137,61
5257,61
5219,61
5048,62
17901,61
9741,61
2961,61
2960,61
7686,61
16327,77
3474,61
3468,61
10644,61
4092,61
10349,61
8702,61
8155,61
4123,61
920,61
899,61
883,61
9177,61
4562,61
15380,61
541,61
887,61
21337,62
20910,62
20753,62
20651,62
20598,62
19142,62
19029,62
18708,62
16798,62
16665,62
16602,62
16590,62
16219,62
16055,62
16030,62
15295,62
12658,62
12391,62
12382,62
12380,62
12362,62
12341,62
12266,62
12258,62
12154,62
12149,62
12077,62
12031,62
11978,62
11884,62
11713,62
11700,62
11614,62
11568,62
11452,62
11333,62
11306,62
10943,62
9237,62
9101,62
8794,62
8579,62
8481,62
20879,66
8026,62
7838,62
20473,68
7620,62
7600,76
20453,62
13192,62
6670,62
140,62
6309,62
19087,74
6234,62
12351,62
11898,62
5342,62
11567,62
4920,66
17773,62
4797,62
4745,62
11034,62
10447,62
10436,62
3952,62
6787,62
6759,62
212,62
9610,62
9605,62
2916,70
15769,62
12353,62
15411,64
2558,62
8969,62
2429,62
12017,62
15094,62
2026,62
11649,62
13165,62
5089,62
6540,62
1716,69
14569,62
41,62
1438,62
1433,62
1428,62
1375,62
9287,62
10840,62
1191,62
2663,62
9034,62
1013,62
10598,62
1608,62
3951,70
16804,62
11966,62
2342,62
1658,62
13025,62
8981,62
11570,62
6931,75
19784,62
11540,62
6529,62
8995,62
6880,62
2938,62
11644,62
12860,62
21222,63
21196,63
20657,63
20646,63
19812,63
19466,63
19440,63
19365,63
19304,63
18997,63
18832,63
18713,63
17975,63
17848,63
17661,63
17558,63
16911,63
16808,63
16719,63
16337,63
13138,63
12572,63
12569,63
12255,63
12244,63
12035,63
11750,63
11687,63
11565,63
11424,63
11340,63
11317,63
11018,63
10963,63
10884,63
10870,63
10600,63
10500,63
10427,63
10083,63
10032,63
9970,63
9965,63
9937,63
9896,63
9652,63
9475,63
15679,63
2826,63
9113,63
8893,63
15153,63
15020,78
2167,63
8317,63
8297,63
8291,63
8286,63
14646,63
14540,63
7774,63
7755,63
7462,63
7048,63
534,63
6809,63
6701,63
13118,63
6458,63
6227,63
6102,63
18955,63
12506,63
5906,63
12239,63
5461,63
5316,63
11354,63
10599,63
10597,63
10538,63
10094,63
3631,63
13203,63
3131,73
15984,63
6313,63
9428,63
5968,63
2761,63
2518,63
2488,63
8899,63
2478,63
5624,63
2270,63
5455,64
18308,63
2234,63
3713,63
11689,63
10046,63
21301,70
8448,63
6783,63
8339,66
21192,63
9930,63
13131,63
6680,63
13093,63
8219,63
14524,63
8027,63
1449,63
1446,63
1288,63
1284,63
2825,63
1225,63
2807,63
17238,65
4385,63
2613,63
12914,63
6299,63
6288,63
4517,63
5313,66
18166,63
10925,63
10053,63
15259,63
5984,63
5976,63
9994,63
6298,63
5078,63
151,63
4361,63
539,63
2519,63
1271,63
2756,63
739,63
1633,63
10556,63
6325,66
19178,63
1328,63
2437,63
21387,64
21292,64
21261,64
21134,64
21041,64
20467,64
19769,64
19649,64
19464,64
19453,64
19180,64
19155,64
18654,64
18040,64
17835,64
17810,64
17766,64
17687,64
17562,64
17146,64
17134,64
16707,64
16688,64
16512,64
16420,64
16287,64
15664,64
15600,64
15037,64
14028,64
12956,64
12822,64
11989,64
11867,64
11484,64
11268,64
11257,64
11095,64
11063,64
10960,64
10892,64
10788,64
10173,64
9920,64
9891,64
9252,64
9053,64
8126,64
7935,64
7824,64
20480,66
7627,64
7344,64
7319,64
6817,64
13186,64
6702,64
6538,64
12331,64
5854,64
12229,64
5477,64
5400,79
18253,64
4952,64
11086,64
797,64
7046,64
3821,64
3415,64
12853,64
3184,70
16037,64
9570,64
3139,64
9431,64
3007,64
2933,64
9288,64
6030,64
15629,64
15111,64
21371,72
8518,64
10066,64
5001,64
6506,69
19359,64
1620,64
1606,64
4804,64
1601,64
7967,64
3053,64
1243,64
2671,64
2660,64
6616,64
4212,64
6609,68
19462,64
185,64
1679,64
724,64
1500,64
9510,64
1335,64
2912,64
2898,64
11725,64
14485,64
3596,70
16449,64
6807,64
3565,64
9984,64
6604,64
2896,64
497,64
15368,64
5732,64
18585,64
2325,64
10442,64
7698,64
10095,64
9365,64
1039,64
21321,65
20058,65
19069,65
18459,65
17059,65
16098,65
14928,65
14885,65
12814,65
12813,65
12778,65
11173,65
10332,65
9393,65
9265,65
9201,65
9124,65
8684,65
8654,65
15013,65
14988,65
14923,65
7143,65
13286,65
6063,65
5214,65
18001,78
5148,65
17751,68
4898,65
10678,65
16970,76
4117,65
4096,65
16916,68
4063,65
6939,65
2982,65
2977,65
9349,65
5972,65
11893,65
2246,65
15017,65
1929,65
1910,65
259,65
11230,65
1537,65
15817,72
2964,65
7569,65
314,65
9903,65
908,65
10324,65
4697,65
293,65
3511,65
13237,65
1946,65
6486,65
12426,65
1030,65
19657,68
6804,65
9305,65
21295,66
21286,66
21233,66
21178,66
21047,66
20712,66
20567,66
20507,66
20381,66
19862,66
19790,66
19459,66
18606,66
17811,66
17788,66
17607,66
16912,66
16244,66
15733,66
15482,66
12705,66
12169,66
11684,66
11683,66
11578,66
11529,66
11429,66
11128,66
11028,66
11019,66
10966,66
10923,66
10027,66
9611,66
9566,66
9334,66
9003,66
8935,66
8742,66
8488,66
8335,66
8300,66
14630,66
7816,78
20669,66
14103,66
7410,66
7302,66
6747,66
6711,66
6668,66
6500,66
24,66
6232,66
6078,66
5991,66
12079,66
12078,66
5654,66
5629,66
5555,66
18180,68
5327,66
11622,66
11588,66
10879,66
4358,66
4258,66
4157,66
10534,66
10524,66
734,66
10227,66
3771,66
6243,66
6242,66
6211,66
9389,66
2834,66
2820,66
5931,66
2645,66
15477,66
8814,66
5538,66
15152,66
2252,66
2249,66
2227,66
14995,66
2016,66
8355,70
21208,66
13110,66
5051,66
4914,66
1655,66
7887,66
11058,66
11036,66
1192,66
17216,76
4363,66
1157,66
4337,66
1117,66
7521,76
20374,66
1003,66
8915,66
11308,66
2479,66
848,66
781,66
11153,66
680,66
2276,66
6552,66
5317,66
3708,71
16561,66
8530,66
98,66
10459,66
7193,66
6679,66
7432,66
5354,66
4954,66
10089,66
7762,66
1639,66
10165,66
19906,67
18922,67
16695,67
15138,67
8217,67
7064,67
5081,67
12386,67
5469,67
2027,67
1628,67
21271,68
21256,68
21236,68
21194,68
21132,68
21022,68
20974,68
20894,68
20672,68
20658,68
20561,68
20545,68
20499,68
20498,68
20490,68
20450,68
20400,68
20105,68
19723,68
18718,68
18155,68
17556,68
16910,68
16802,68
16376,68
16371,68
16317,68
15790,68
11727,68
11621,68
11494,68
11336,68
10853,68
10499,68
9961,68
9346,68
14300,68
12915,68
6323,68
11664,68
5055,68
4794,68
4457,68
4292,68
10254,68
3697,68
3695,68
9682,68
12570,68
9274,68
2590,68
5632,68
8767,68
5473,78
18326,68
2182,68
2092,68
3676,68
6729,68
1320,68
6084,68
1229,68
4239,68
12204,68
6495,68
5682,68
7985,74
20838,68
3903,68
3895,68
11112,68
4155,68
6785,68
2298,68
9029,68
65,68
12992,74
139,69
9868,69
9266,69
8930,69
8502,69
8491,69
14324,70
1471,69
7851,69
7837,69
7702,69
7657,69
7167,69
508,69
6917,69
6773,69
6741,69
165,69
86,69
6324,69
6305,69
6205,69
6033,69
5663,69
18399,76
5546,69
5086,69
5085,69
17809,70
4956,69
4560,69
4253,69
4241,69
17081,74
4228,69
4025,69
13543,73
690,69
3875,69
7076,69
3774,69
3763,69
3757,69
517,69
514,69
470,69
464,69
6777,69
9901,69
53,69
6474,69
6295,69
15739,74
2886,69
2772,69
2591,69
2584,69
18595,73
5742,69
5707,69
2396,69
2385,69
2346,69
2339,69
15091,78
2238,69
2213,69
2211,69
3764,69
531,69
3651,69
2049,69
3580,69
5083,69
1824,69
4990,69
1767,69
1714,69
1708,69
12889,70
36,69
6457,69
1586,69
7990,69
1568,69
1567,69
1546,69
6280,69
7850,69
1420,69
7835,69
1382,69
1363,69
7782,69
1298,69
2809,69
4412,69
1170,69
5960,69
6685,69
7498,69
1066,69
1783,69
4177,69
2494,69
89,69
866,69
1648,69
1545,69
707,69
692,69
3905,69
702,69
700,69
695,69
693,69
691,69
1483,69
536,69
546,69
1326,69
529,69
7346,69
513,69
2908,69
512,69
509,69
461,69
776,69
6776,69
6774,69
1169,69
2332,69
701,69
2608,69
4210,69
163,69
1763,69
1555,69
6154,69
548,69
2154,69
7766,69
1345,69
1322,69
108,69
506,69
1496,69
1873,69
1090,69
7761,69
1239,69
521,69
5528,69
1277,69
7768,69
1814,69
21503,70
21462,70
21454,70
19050,70
18910,70
18782,70
18356,70
18339,70
17870,70
17716,70
17643,70
17589,70
17559,70
17152,70
17060,70
17015,70
16983,70
16354,70
16159,70
16152,70
15785,70
15591,70
13136,70
12250,70
12216,70
12205,70
12106,70
12044,70
11968,70
11910,70
11726,70
11711,70
11619,70
11522,70
11349,70
11255,70
11136,70
10988,70
10978,70
10816,70
10551,70
10453,70
10434,70
10233,70
10219,70
9981,70
9557,70
9352,70
15468,70
21557,72
8704,70
8435,70
8373,70
7912,70
7470,70
7332,70
13735,70
882,70
7065,70
7058,70
13151,70
6282,70
6277,70
6217,70
6124,70
5934,70
5818,70
12221,70
12171,70
12159,70
5672,70
5559,70
5520,70
5505,70
11539,70
4605,70
17052,73
4199,70
4161,70
4145,70
10414,70
10313,70
7077,75
19930,70
3856,70
3790,70
6655,70
3420,70
3180,70
6121,70
2847,70
2818,70
5949,70
9139,70
9059,70
9032,70
2569,70
12186,70
15325,70
8903,70
5608,70
5431,70
14949,70
9928,70
14666,70
1787,70
11335,70
11192,70
9484,70
1409,70
12600,70
2797,70
1104,70
9102,70
9867,70
14679,70
1024,70
13037,70
984,70
983,70
2505,70
4887,70
3205,70
11201,70
3937,70
3910,70
16094,76
3241,70
10025,70
6778,70
4774,70
2365,70
5833,78
18686,70
963,70
922,70
10518,70
6853,70
447,70
9861,70
5331,70
2810,70
21532,71
19653,71
19625,71
18463,71
18458,71
18454,71
18437,71
18433,71
18374,71
18366,71
17442,71
17400,71
16740,71
16310,71
16282,71
16164,71
16142,71
16134,71
16100,71
435,74
13288,71
13070,71
12788,71
11795,71
11789,71
11379,71
11291,71
11261,71
11191,71
10827,71
10737,71
10385,71
10377,71
10289,71
9433,71
8585,71
8363,71
8347,71
8209,71
7767,71
7584,71
7583,71
7557,71
7015,71
19867,72
7014,71
19866,74
7013,71
13238,71
13007,71
5849,71
5830,71
5388,71
5253,71
5238,71
5210,71
5205,71
4541,71
4074,71
3926,74
16779,71
10261,71
6965,71
3720,71
13172,71
330,71
213,71
124,71
3016,71
2995,71
2990,71
5848,71
2555,71
8661,71
6982,71
13284,71
5231,71
3531,71
1933,71
4637,71
11030,71
9294,71
6000,71
1147,71
4306,71
1102,71
1079,71
5052,71
4255,71
1036,71
1023,71
5783,71
974,71
5769,71
8114,71
1681,71
14354,71
4695,71
3898,71
3723,71
2843,71
6384,71
9196,71
5178,71
6758,71
4993,71
9769,71
13274,71
450,71
10314,71
10553,71
2529,71
1068,71
7222,71
4290,71
21574,72
21567,72
20230,72
20005,72
19807,72
19551,72
19065,72
18519,72
18466,72
18403,72
18186,72
18014,72
17707,72
17499,72
17455,72
17301,72
17140,72
16257,72
16139,72
16077,72
14844,72
13507,72
13279,72
13201,72
13190,72
13023,72
12830,72
12763,72
12490,72
12399,72
12011,72
11866,72
11574,72
11541,72
11387,72
11372,72
11273,72
11265,72
11183,72
10959,72
10903,72
10876,72
10717,72
10702,72
10619,72
10584,72
10306,72
10100,72
9953,72
9746,72
9654,72
9559,72
9450,72
9207,72
9203,72
15424,72
8662,72
8592,72
8490,75
21343,72
7952,72
7071,72
311,72
290,72
249,72
12655,72
6128,72
5655,72
5598,72
5567,74
18420,72
5382,72
5192,72
5134,72
5002,72
4983,72
4640,72
4603,72
4507,72
10902,72
4349,72
10760,72
4267,72
10505,72
10449,72
10403,72
13462,72
6998,72
10122,72
13271,72
3492,72
3155,72
3051,72
3034,72
12415,72
2746,72
15409,72
2550,72
8961,72
12152,72
8895,72
15095,72
11843,72
562,72
8415,72
5168,72
1934,72
1845,72
6407,72
12790,72
7888,72
1312,72
1212,72
11544,72
1085,72
5880,72
7501,72
10640,72
6493,72
8105,72
10506,72
8088,72
754,72
5525,74
18378,72
3928,72
7124,72
3748,72
3256,72
9680,72
9051,72
1207,72
8206,72
6912,72
977,72
3473,72
875,72
8086,72
894,72
941,72
7311,72
842,72
4071,72
20159,73
19529,73
18549,73
18488,73
18465,73
18362,73
17952,73
17758,73
17352,73
17343,73
16304,73
16150,73
16120,73
13321,73
12687,73
12657,73
12627,73
12592,73
12571,73
12483,73
12336,73
12302,73
12278,73
12274,73
12259,73
12249,73
12246,73
12235,73
12147,73
12125,73
12112,73
12102,73
11960,73
11940,73
11934,73
11907,73
11848,73
11746,73
13105,73
12774,73
12732,73
12694,73
12509,73
12469,73
12398,73
12333,73
12316,73
12260,73
5711,74
18564,73
12131,73
12101,73
11913,73
11831,73
11817,73
7031,73
6352,73
12731,73
3092,73
12632,73
1983,73
1815,73
8103,73
9675,73
3219,73
6369,73
1427,73
15410,73
12091,73
2952,73
2155,73
12514,73
1971,73
4338,74
17191,73
15550,73
3253,73
13008,73
6453,73
3133,73
3122,73
233,73
21382,74
21210,74
21060,74
19959,74
19895,74
19892,74
19870,74
19762,74
19744,74
19325,74
18951,74
18932,74
18921,74
18217,74
17973,74
17894,74
17849,74
17752,74
17723,74
17596,74
17340,74
17317,74
17164,74
17125,74
17003,74
16651,74
16238,74
15993,74
15918,74
15912,74
15484,74
15478,74
15308,74
15052,74
13077,74
13003,74
12937,74
12717,74
12707,74
12677,74
12611,74
12345,74
12344,74
11983,74
11743,74
11514,74
11431,74
11274,74
11126,74
10998,74
10992,74
10901,74
10887,74
10849,74
10310,74
10258,74
10140,74
10096,74
10086,74
9918,74
9661,74
9443,74
9410,74
9232,74
9072,74
8977,74
8866,74
8479,74
8438,78
21291,74
8177,78
21030,74
7928,74
7896,74
7874,74
7671,74
725,74
6929,74
6726,74
13043,74
6561,74
12641,74
12636,74
12620,74
12512,74
12503,74
6027,74
12321,74
5810,76
18663,74
11982,74
11916,74
5421,74
5102,74
5094,74
11386,74
10786,74
4365,74
4339,74
17084,76
4231,74
3916,74
7041,74
3758,74
16611,74
498,74
6887,74
10041,74
6767,74
3309,74
12888,74
9549,74
6276,74
9488,74
3038,74
9437,74
9434,74
5986,74
15494,74
2559,74
8830,74
11895,74
11837,74
5409,74
15024,74
547,74
532,74
1994,74
6710,74
14739,76
1886,74
3395,74
1626,74
8022,74
14423,74
1456,74
12667,74
7865,74
1434,74
11051,74
7796,74
6166,74
1316,74
2897,74
1300,74
5947,74
4328,74
1123,74
2677,74
7453,74
1032,74
1816,74
3276,74
9563,74
5755,74
19378,78
6525,74
12532,74
3707,74
820,74
369,74
6877,74
9025,74
3387,74
1790,74
8572,74
5722,75
18575,74
474,74
1340,74
939,74
1220,74
1332,74
6886,74
6801,75
19654,74
16471,75
16470,75
16469,75
16468,75
16393,75
15283,75
14586,75
12227,75
12185,75
12067,75
12001,75
11908,75
11571,75
11098,75
10240,75
10162,75
10092,75
9580,75
9503,75
9335,75
8968,75
8788,75
8736,75
15032,75
8556,75
8378,75
8028,75
7474,75
7297,75
7275,75
7146,75
6861,75
6761,75
6739,75
6509,75
6252,75
6043,75
5604,75
18456,78
5603,75
5346,75
4998,75
4991,75
11154,75
4399,75
10242,75
10061,75
9578,75
9531,75
9272,75
9271,75
9255,75
9240,75
5914,75
5721,75
12128,75
5414,75
10186,75
3750,75
6825,75
13204,75
11433,75
85,75
4801,75
7956,75
9422,75
1378,75
9385,75
4454,75
4384,75
4285,75
1820,75
7278,75
828,75
9530,75
6155,75
7776,75
7267,75
13223,75
4387,75
9993,75
9992,75
11994,75
9369,75
6875,75
6568,75
7286,75
8912,75
12162,75
6514,75
17184,78
4331,75
7622,75
21501,76
21131,76
21023,76
20787,76
20469,76
20439,76
20409,76
20186,76
19546,76
18992,76
18421,76
18231,76
18104,76
17511,76
17452,76
17449,76
17335,76
17279,76
17277,76
17274,76
17269,76
17256,76
17245,76
17201,76
17083,76
17074,76
16957,76
16935,76
16932,76
16929,76
16926,76
16856,76
16794,76
16788,76
16357,76
16256,76
16088,76
14904,76
14199,76
12755,76
12754,76
12690,76
12604,76
12564,76
12563,76
11587,76
11580,76
11558,76
11519,76
11446,76
11390,76
11357,76
11287,76
11260,76
11175,76
11076,76
10905,76
10695,76
10665,76
10642,76
10623,76
10608,76
10455,76
10302,76
10265,76
9923,76
9847,76
9755,76
9712,76
9704,76
9657,76
9315,76
9147,76
9076,76
15171,76
8699,76
8676,76
8663,76
8608,76
14912,76
14826,76
7907,76
7477,76
7135,76
6716,76
12806,76
19199,78
6346,76
12602,76
12472,76
5908,76
5895,76
5808,76
5561,76
5288,76
11658,76
5160,76
11498,76
5057,76
11198,76
4717,76
10809,76
10779,76
10767,76
4048,76
4026,76
10347,76
10264,76
10209,76
6788,76
3553,76
3078,76
3010,76
12623,76
9415,76
12609,76
9184,76
5964,76
9015,76
8982,76
12178,76
8692,76
2025,76
354,76
5132,76
1848,76
1839,76
1809,76
8109,76
9628,76
11225,76
1579,76
4632,76
1226,76
10781,76
1148,76
10709,76
1871,76
1863,76
13908,76
11461,76
13045,76
991,76
11397,76
9697,76
1499,76
6926,76
925,76
14951,76
10355,76
1656,76
1022,76
1951,76
2942,76
1680,76
9777,76
6941,76
1356,76
10352,76
3931,76
20267,77
18557,77
17342,77
12772,77
12760,77
11826,77
10107,77
9197,77
11233,77
10590,77
6993,77
9941,77
12462,77
12003,77
2239,77
2206,77
486,77
1598,77
8306,77
1966,77
10367,77
9374,77
21419,78
20824,78
20632,78
20396,78
19758,78
19411,78
19241,78
19167,78
18975,78
18917,78
18865,78
18280,78
18071,78
17986,78
17863,78
17812,78
17776,78
17760,78
17686,78
17422,78
17411,78
17097,78
17067,78
17000,78
16989,78
16981,78
16979,78
16656,78
16636,78
16577,78
16216,78
16215,78
16176,78
16095,78
15913,78
15810,78
15363,78
15237,78
14982,78
12836,78
12827,78
12725,78
12676,78
12317,78
12195,78
11888,78
11490,78
11437,78
11352,78
11144,78
11048,78
11041,78
9943,78
9509,78
9432,78
9423,78
9075,78
8962,78
8944,78
8628,78
7552,78
7391,78
7030,78
13210,78
12803,78
6382,78
6350,78
12767,78
12699,78
6125,78
6085,78
18938,78
12468,78
12213,78
5719,78
11996,78
5363,78
11661,78
5117,78
11239,78
4425,78
10768,78
4259,78
3912,78
7024,78
6985,78
6961,78
6815,78
3271,78
6425,78
12696,78
6157,78
6056,78
2833,78
2596,78
12208,78
12201,78
5780,78
8991,78
2376,78
8771,78
8756,78
15149,78
5471,78
5268,78
362,78
9978,78
11504,78
3204,78
8000,78
3166,78
9230,78
1210,78
15639,78
1197,78
10784,78
10749,78
13946,78
4266,78
10676,78
176,78
8204,78
12203,78
857,78
768,78
9582,78
748,78
6944,78
4518,78
504,78
10808,78
2375,78
2371,78
6665,78
11575,78
5149,78
7366,78
2517,78
14941,78
1076,78
5162,78
8441,78
1718,78
1201,78
14055,78
11637,78
10311,78
4043,78
18676,79
18281,79
18277,79
18254,79
17421,79
16194,79
15973,79
15929,79
15859,79
15858,79
15855,79
9290,79
11065,79
11043,79
6623,79
46,79
12594,79
12375,79
11862,79
7962,79
884,79
104,79
9550,79
12332,79
11775,79
3339,79
3340,79
3315,79
