21576,0
21574,0
21568,0
21567,0
21565,0
21562,0
21556,0
21550,0
21532,0
21517,0
21512,0
21502,0
21501,0
21473,0
21469,0
21429,0
21423,0
21419,0
21404,0
21401,0
21387,0
21369,0
21358,0
21339,0
21321,0
21319,0
21303,0
21293,0
21292,0
21267,0
21251,0
21210,0
21201,0
21177,0
21143,0
21138,0
21131,0
21130,0
21096,0
21076,0
21023,0
21019,0
21018,0
21000,0
20936,0
20925,0
20919,0
20907,0
20905,0
20902,0
20887,0
20878,0
20835,0
20834,0
20824,0
20787,0
20778,0
20773,0
20769,0
20757,0
20753,0
20734,0
20721,0
20710,0
20709,0
20699,0
20653,0
20632,0
20584,0
20465,0
20439,0
20420,0
20409,0
20406,0
20398,0
20389,0
20377,0
20267,0
20264,0
20262,0
20230,0
20186,0
20159,0
20142,0
20137,0
20095,0
20090,0
20089,0
20080,0
20058,0
20048,0
20035,0
20034,0
20031,0
20025,0
19993,0
19984,0
19975,0
19912,0
19892,0
19890,0
19870,0
19844,0
19839,0
19837,0
19830,0
19807,0
19802,0
19786,0
19763,0
19758,0
19744,0
19732,0
19731,0
19711,0
19692,0
19679,0
19658,0
19653,0
19649,0
19635,0
19557,0
19551,0
19546,0
19529,0
19505,0
19480,0
19478,0
19471,0
19470,0
19464,0
19432,0
19420,0
19419,0
19418,0
19371,0
19325,0
19312,0
19293,0
19262,0
19256,0
19223,0
19191,0
19167,0
19137,0
19122,0
19092,0
19083,0
19069,0
19065,0
19062,0
19017,0
19006,0
18995,0
18994,0
18992,0
18975,0
18962,0
18952,0
18932,0
18930,0
18924,0
18922,0
18921,0
18917,0
18902,0
18872,0
18865,0
18861,0
18852,0
18849,0
18840,0
18795,0
18782,0
18774,0
18773,0
18768,0
18749,0
18746,0
18738,0
18736,0
18698,0
18689,0
18682,0
18676,0
18674,0
18667,0
18665,0
18638,0
18616,0
18567,0
18557,0
18549,0
18527,0
18519,0
18495,0
18493,0
18490,0
18488,0
18479,0
18472,0
18467,0
18466,0
18465,0
18463,0
18459,0
18443,0
18433,0
18430,0
18425,0
18423,0
18421,0
18415,0
18403,0
18402,0
18389,0
18387,0
18372,0
18371,0
18367,0
18362,0
18357,0
18356,0
18351,0
18339,0
18332,0
18321,0
18313,0
18302,0
18281,0
18277,0
18271,0
18257,0
18254,0
18239,0
18236,0
18234,0
18231,0
18228,0
18225,0
18217,0
18191,0
18186,0
18160,0
18135,0
18104,0
18101,0
18099,0
18095,0
18085,0
18080,0
18066,0
18061,0
18050,0
18040,0
18034,0
18017,0
18009,0
17986,0
17960,0
17957,0
17952,0
17916,0
17915,0
17899,0
17894,0
17892,0
17880,0
17878,0
17877,0
17875,0
17872,0
17870,0
17867,0
17864,0
17860,0
17857,0
17822,0
17813,0
17812,0
17780,0
17776,0
17766,0
17760,0
17759,0
17758,0
17752,0
17748,0
17731,0
17728,0
17723,0
17706,0
17686,0
17666,0
17652,0
17643,0
17619,0
17579,0
17573,0
17563,0
17562,0
17511,0
17499,0
17479,0
17473,0
17472,0
17455,0
17452,0
17449,0
17433,0
17431,0
17423,0
17422,0
17421,0
17419,0
17417,0
17416,0
17412,0
17411,0
17410,0
17406,0
17403,0
17399,0
17384,0
17365,0
17364,0
17361,0
17352,0
17349,0
17343,0
17342,0
17338,0
17335,0
17333,0
17316,0
17315,0
17314,0
17302,0
17301,0
17298,0
17285,0
17277,0
17275,0
17274,0
17269,0
17256,0
17248,0
17247,0
17245,0
17236,0
17221,0
17212,0
17201,0
17188,0
17187,0
17177,0
17174,0
17173,0
17169,0
17168,0
17164,0
17152,0
17151,0
17149,0
17142,0
17140,0
17137,0
17134,0
17128,0
17127,0
17125,0
17123,0
17117,0
17097,0
17095,0
17083,0
17077,0
17075,0
17074,0
17060,0
17059,0
17053,0
17039,0
17038,0
17036,0
17011,0
17007,0
17003,0
17000,0
16993,0
16991,0
16989,0
16987,0
16981,0
16979,0
16969,0
16967,0
16962,0
16961,0
16957,0
16955,0
16946,0
16939,0
16935,0
16926,0
16903,0
16897,0
16893,0
16875,0
16871,0
16851,0
16796,0
16794,0
16788,0
16777,0
16776,0
16774,0
16772,0
16759,0
16750,0
16749,0
16740,0
16734,0
16714,0
16708,0
16688,0
16676,0
16667,0
16656,0
16652,0
16651,0
16622,0
16607,0
16589,0
16581,0
16577,0
16538,0
16499,0
16495,0
16488,0
16429,0
16419,0
16369,0
16359,0
16357,0
16354,0
16332,0
16331,0
16318,0
16310,0
16304,0
16289,0
16279,0
16277,0
16274,0
16257,0
16256,0
16241,0
16238,0
16232,0
16216,0
16215,0
16214,0
16212,0
16211,0
16203,0
16196,0
16194,0
16179,0
16177,0
16171,0
16164,0
16159,0
16152,0
16150,0
16149,0
16146,0
16145,0
16139,0
16136,0
16125,0
16123,0
16120,0
16115,0
16110,0
16103,0
16098,0
16095,0
16093,0
16091,0
16086,0
16077,0
16074,0
15996,0
15993,0
15989,0
15988,0
15973,0
15961,0
15950,0
15932,0
15929,0
15914,0
15913,0
15908,0
15872,0
15859,0
15858,0
15855,0
15831,0
15810,0
15793,0
15767,0
15742,0
15736,0
15713,0
15672,18
2819,0
15666,0
2813,0
15643,0
15636,0
2783,0
2767,10
15620,0
15616,0
2763,0
15597,8
2744,0
15595,0
2742,0
15580,0
15578,0
2725,0
2720,8
15573,0
15565,0
15551,0
15543,0
2687,14
15540,0
2674,28
15527,0
15504,0
15503,32
2650,0
15484,0
2630,8
15483,0
15481,0
15478,0
15471,0
15467,0
2611,8
15464,0
15457,35
2604,0
15447,0
2594,0
15430,39
2577,0
2562,28
15415,0
15406,19
2553,0
15363,0
2504,1
15357,0
15352,0
2499,0
2492,30
15345,0
15306,0
15303,0
15292,0
15264,0
2411,0
15258,35
2405,0
15255,0
2393,16
15246,0
15237,0
15234,0
15230,0
15226,0
2366,20
15219,0
15204,0
2347,29
15200,0
15194,0
2303,30
15156,0
15096,0
15060,0
15052,0
15037,0
15012,29
2159,0
14987,0
14981,16
2128,0
14971,28
2118,0
14969,1
2116,0
14959,0
2079,8
14932,0
14928,0
14926,30
2073,0
14903,0
2033,4
14886,0
2029,17
14882,0
14877,0
2024,0
2020,16
14873,0
14865,15
2012,0
14844,0
14839,0
1965,39
14818,0
14783,0
14757,0
14736,0
1759,14
14612,0
1751,22
14604,0
1734,31
14587,0
14563,0
14549,29
1696,0
14545,29
1692,0
14544,0
14539,33
1686,0
1684,38
14537,0
14263,0
14199,0
14069,1
1216,0
13958,15
1105,0
13900,19
1047,0
13790,0
937,0
13757,0
904,0
13721,0
868,0
13702,0
849,0
13649,0
13559,0
706,0
13471,0
13458,0
13321,0
435,4
13288,0
13279,0
422,36
13275,0
13263,15
410,0
13256,0
13255,0
402,0
13245,0
13242,34
389,0
13224,29
371,0
13190,0
13175,6
322,0
13170,34
317,0
13163,0
13139,0
271,39
13124,0
13119,0
13096,0
13085,18
232,0
13077,0
13070,0
13064,13
211,0
186,6
13039,0
13021,37
168,0
13003,0
139,35
12992,0
12963,0
110,0
12933,6
80,0
12905,0
12861,0
12842,0
12836,0
12827,0
12818,0
12815,0
12799,0
12791,0
12788,0
12778,0
12775,0
12772,0
12763,0
12760,0
12755,0
12754,0
12751,0
12748,0
12743,0
12728,0
12725,0
12707,0
12706,0
12691,0
12690,0
12689,0
12687,0
12683,0
12672,0
12670,0
12668,0
12660,0
12657,0
12651,0
12647,0
12633,0
12627,0
12621,0
12611,0
12592,0
12579,0
12571,0
12564,0
12557,0
12531,0
12502,0
12492,0
12490,0
12489,0
12485,0
12483,0
12473,0
12466,0
12465,0
12461,0
12460,0
12457,0
12442,0
12432,0
12423,0
12404,0
12400,0
12399,0
12374,0
12345,0
12344,0
12339,0
12338,0
12336,0
12317,0
12313,0
12302,0
12298,0
12286,0
12281,0
12278,0
12276,0
12274,0
12259,0
12250,0
12249,0
12246,0
12235,0
12224,0
12223,0
12222,0
12215,0
12197,0
12195,0
12191,0
12147,0
12135,0
12125,0
12117,0
12112,0
12106,0
12102,0
12073,0
12054,0
12046,0
12040,0
12027,0
12011,0
12010,0
11989,0
11981,0
11970,0
11960,0
11957,0
11945,0
11940,0
11935,0
11934,0
11909,0
11907,0
11900,0
11888,0
11867,0
11866,0
11860,0
11854,0
11848,0
11841,0
11833,0
11826,0
11822,0
11812,0
11795,0
11793,0
11791,0
11789,0
11768,0
11765,0
11746,0
11728,0
11723,0
11706,0
11663,0
11639,0
11638,0
11627,0
11625,0
11617,0
11602,0
11587,0
11580,0
11579,0
11574,0
11559,0
11558,0
11551,0
11545,0
11541,0
11522,0
11519,0
11508,0
11490,0
11487,0
11484,0
11468,0
11466,0
11460,0
11459,0
11447,0
11446,0
11444,0
11440,0
11437,0
11431,0
11430,0
11425,0
11418,0
11406,0
11405,0
11403,0
11387,0
11374,0
11372,0
11371,0
11369,0
11357,0
11348,0
11344,0
11330,0
11327,0
11299,0
11292,0
11291,0
11287,0
11285,0
11279,0
11278,0
11273,0
11270,0
11265,0
11260,0
11255,0
11252,0
11249,0
11243,0
11236,0
11234,0
11211,0
11210,0
11205,0
11191,0
11185,0
11183,0
11181,0
11179,0
11175,0
11173,0
11144,0
11137,0
11123,0
11103,0
11101,0
11093,0
11088,0
11076,0
11074,0
11071,0
11064,0
11063,0
11056,0
11048,0
11039,0
10998,0
10989,0
10947,0
10941,0
10913,0
10905,0
10903,0
10901,0
10899,0
10887,0
10876,0
10864,0
10849,0
10847,0
10845,0
10834,0
10827,0
10817,0
10816,0
10811,0
10794,0
10788,0
10773,0
10743,0
10742,0
10738,0
10729,0
10721,0
10717,0
10714,0
10708,0
10704,0
10703,0
10695,0
10693,0
10665,0
10642,0
10638,0
10634,0
10619,0
10618,0
10608,0
10606,0
10559,0
10555,0
10545,0
10537,0
10530,0
10498,0
10470,0
10455,0
10445,0
10423,0
10404,0
10388,0
10371,0
10359,0
10348,0
10342,0
10334,0
10332,0
10328,0
10322,0
10318,0
10310,0
10306,0
10302,0
10299,0
10289,0
10265,0
10258,0
10245,0
10230,0
10158,0
10114,0
10110,0
10107,0
10100,0
10096,0
10062,0
10049,0
10042,0
10038,0
9988,0
9976,0
9971,0
9943,0
9940,0
9923,0
9915,0
9906,0
9905,0
9892,0
9866,0
9858,0
9847,0
9822,0
9814,0
9797,0
9795,0
9787,0
9771,0
9764,0
9755,0
9752,0
9746,0
9689,0
9681,0
9668,0
9657,0
9642,0
9641,0
9607,0
9603,0
9557,0
9544,0
9535,0
9509,0
9505,0
9489,0
9479,0
9473,0
9453,0
9450,0
9445,0
9432,0
9423,0
9413,0
9408,0
9393,0
9356,0
9352,0
9330,0
9326,0
9324,0
9314,0
9296,0
9290,0
9285,0
15694,0
9265,0
15674,0
9253,0
9252,0
2803,6
15656,0
2800,30
15653,0
9232,0
9207,0
9205,0
2771,29
15624,0
9203,0
9201,0
9197,0
9161,0
15581,0
2728,0
9156,0
9155,0
15568,0
9147,0
15563,0
9133,0
9124,0
9110,0
9107,0
9104,0
9100,0
9090,0
9075,0
9065,0
15485,0
9064,0
9053,0
9048,0
15468,0
9045,0
15454,0
9031,0
15424,0
15417,0
15389,0
8962,0
8948,0
2513,31
15366,0
8945,0
8944,0
2496,28
15349,0
8916,0
8914,0
15329,0
2476,0
15327,23
2474,0
8906,0
15314,0
2458,4
15311,0
15294,0
8873,0
8866,0
8857,0
2421,16
15274,0
8853,0
8845,0
8836,0
2391,35
15244,0
8823,0
2370,20
15223,0
8802,0
15220,0
8781,0
15198,0
8757,0
15171,0
8732,0
8713,0
2275,26
15128,0
8707,0
8705,0
8699,0
8688,0
21541,0
8685,0
21538,0
8684,0
15104,22
2251,0
8683,0
21536,0
8677,0
21519,39
8666,0
8663,0
8656,0
8654,0
8638,0
21491,0
21489,13
8636,0
2196,31
15049,0
8628,0
8613,0
21466,0
15028,16
2175,0
8606,0
21455,28
8602,0
2167,4
15020,0
21451,1
8598,0
15013,0
8585,0
21431,17
8578,0
8571,0
21416,17
8563,0
14983,13
2130,0
14974,39
2121,0
21406,26
8553,0
8546,0
8544,0
8543,0
14962,1
2109,0
8541,31
21394,0
8540,17
21393,0
8514,0
14933,30
2080,0
14930,0
21359,17
8506,0
2065,36
14918,0
21350,28
8497,0
8496,0
21346,13
8493,0
14912,0
14911,0
8490,35
21343,0
8489,31
21342,0
14909,0
2056,0
8480,0
21333,0
8479,0
8478,0
8453,0
14872,0
14859,15
2006,0
8438,0
21291,0
8435,0
8432,0
21285,0
8425,26
21278,0
8424,20
21277,0
14828,0
1975,0
21259,36
8406,0
14826,0
8405,0
21254,13
8401,0
21227,28
8374,0
14785,0
1932,0
21214,4
8361,0
8349,0
21202,0
8344,0
21197,0
21195,28
8342,0
21175,20
8322,0
8314,0
8309,0
8308,0
8276,0
21129,0
8275,36
21128,0
21117,17
8264,0
21112,20
8259,0
21105,17
8252,0
8246,0
8244,7
21097,0
8240,7
21093,0
21078,8
8225,0
14642,0
1789,0
21073,38
8220,0
8214,0
21067,0
8212,0
21065,0
8209,0
14626,6
1773,0
8205,0
8199,0
21050,6
8197,0
8193,0
21046,0
8178,0
21031,0
8177,0
21030,0
8176,0
8167,0
21016,17
8163,0
8138,0
8134,0
20984,28
8131,0
20983,17
8130,0
14547,29
1694,0
8126,0
20972,17
8119,0
8106,7
20959,0
1659,21
14512,0
8091,0
8089,0
1653,35
14506,0
20938,4
8085,0
8068,0
8056,22
20909,0
20904,36
8051,0
8050,0
8045,30
20898,0
8021,0
20865,7
8012,0
14418,0
20833,17
7980,0
7979,0
14395,0
20825,17
7972,0
1536,28
14389,0
7968,0
20814,28
7961,0
7952,0
7942,35
20795,0
7939,0
20792,0
7937,0
20790,0
7935,0
7930,0
7928,0
7912,0
7897,0
7896,0
7891,0
20744,0
7879,0
7874,0
1440,32
14293,0
7839,0
7831,0
7826,17
20679,0
7823,0
20671,17
7818,0
20669,4
7816,0
7814,0
20667,0
7813,38
20666,0
7809,0
20662,0
1359,8
14212,0
7767,0
14178,0
1293,16
14146,0
7710,0
14099,6
1246,0
7671,0
20523,28
7670,0
7669,0
7643,0
20496,0
7642,0
7639,0
20488,28
7635,0
20480,4
7627,0
20476,12
7623,0
7611,0
7606,39
20459,0
20457,38
7604,0
20453,22
7600,0
7596,0
7592,0
7576,0
7570,0
20419,20
7566,0
7557,0
7552,0
7534,0
20386,17
7533,0
20384,17
7531,0
20367,1
7514,0
20365,28
7512,0
20363,26
7510,0
20357,28
7504,0
7496,0
20334,17
7481,0
7477,0
20328,6
7475,0
20319,4
7466,0
7452,0
20300,1
7447,0
20286,17
7433,0
7427,0
13834,0
7408,0
20261,0
7406,34
20259,0
20247,39
7394,0
7391,0
7386,0
20223,17
7370,0
20220,1
7367,0
7363,33
20216,0
7357,0
20210,0
7355,0
7352,0
7337,0
20176,26
7323,0
7322,0
7314,0
20165,1
7312,0
7253,0
800,0
7220,0
780,23
13633,0
791,0
7209,0
758,26
13611,0
7177,0
7166,0
20019,0
7148,29
20001,0
725,0
7143,0
714,0
13532,15
679,0
7066,0
7064,0
7058,0
7047,0
7032,0
7030,0
7029,0
19882,0
7023,0
7014,9
19867,0
7013,0
19866,0
19865,28
7012,0
19854,12
7001,0
6976,0
13393,0
551,6
13404,0
19823,6
6970,0
6955,39
19808,0
6929,0
6928,38
19781,0
6922,0
19775,0
6913,0
19766,0
467,6
13320,0
13287,0
13286,0
13281,0
439,11
13292,0
13280,0
438,11
13291,0
377,0
19651,23
6798,0
19644,14
6791,0
13200,0
352,10
13205,0
13191,23
338,0
349,0
6770,0
13186,0
343,0
13196,0
6764,0
13184,0
331,0
342,7
13195,0
13168,0
315,0
13159,0
311,0
13151,0
6726,0
304,15
13157,0
19572,21
6719,0
290,0
281,0
13105,0
13103,0
6682,0
13113,23
260,0
6681,23
19534,0
242,34
13095,0
249,0
13089,0
236,0
247,0
6660,0
13078,0
225,0
19510,15
6657,0
6647,29
19500,0
13056,0
203,0
214,18
13067,0
13053,0
6632,0
6630,15
19483,0
201,16
13054,0
19475,28
6622,0
19448,38
6595,0
157,0
6578,0
6561,0
6537,0
6527,6
19380,0
6524,26
19377,0
6507,0
19360,0
71,35
12924,0
82,17
12935,0
64,30
12917,0
75,0
6494,0
42,0
6463,0
29,0
6450,0
13,36
12866,0
6445,0
6441,24
19294,0
6438,31
19291,0
12858,0
6437,36
19290,0
12857,0
6436,0
12848,0
19280,6
6427,0
12806,0
6385,39
19238,0
12803,0
12797,0
6375,0
6368,0
6361,0
12774,0
6350,0
12767,0
6346,0
19199,0
12761,0
6340,0
19193,0
6337,0
12732,0
12714,0
12703,0
6278,0
12698,0
6277,0
12694,0
12692,0
6267,0
6264,0
6248,22
19101,0
6244,23
19097,0
12655,0
6234,36
19087,0
12654,0
12648,0
6225,0
12644,0
12641,0
6220,30
19073,0
12639,0
6218,0
12636,0
6215,0
6214,0
6208,0
6189,0
19042,0
12608,0
12605,0
6184,0
19037,0
12602,0
12599,0
6178,0
6177,0
6169,0
19022,0
12559,0
12555,0
12546,0
6125,0
12524,0
6092,38
18945,0
12512,0
6091,0
18944,0
12509,0
12507,0
6086,0
6085,0
18938,0
6083,0
12503,0
6082,0
12488,0
6067,0
18920,0
6063,0
6058,0
12472,0
6051,26
18904,0
12468,0
6035,16
18888,0
6034,0
12454,0
6027,0
6025,0
12441,0
6020,0
18873,0
12435,0
6014,1
18867,0
5998,0
18851,0
5985,0
12394,0
12390,0
18811,6
5958,0
12355,0
5934,0
5930,28
18783,0
12340,0
12333,0
5912,13
18765,0
5901,13
18754,0
5900,0
12316,0
5889,0
12309,0
5888,0
5887,0
5886,0
18739,0
18732,28
5879,0
18721,28
5868,0
5858,0
5854,0
12270,0
5849,0
5842,0
12260,0
5835,0
18688,0
5830,0
5827,0
5826,0
5818,0
5810,7
18663,0
12229,0
5800,0
12213,0
5792,0
5789,0
5767,0
12171,0
5740,0
5739,0
18592,0
5727,0
5724,0
18577,0
5719,0
12138,0
5717,0
18570,0
5713,0
18566,0
5712,30
18565,0
12132,0
5711,0
18564,0
12131,0
5706,0
12122,0
5701,29
18554,0
5692,0
5690,0
5684,0
12101,0
5672,0
5667,0
18520,0
12084,0
5660,0
5659,0
5655,0
12068,0
5641,0
12050,0
12048,0
5617,26
18470,0
5611,0
18464,0
5609,6
18462,0
12024,0
5603,35
18456,0
5602,26
18455,0
12016,0
5595,26
18448,0
5592,26
18445,0
5585,0
18438,0
11997,0
5576,12
18429,0
11996,0
5567,0
18420,0
5566,12
18419,0
5565,14
18418,0
5564,0
11982,0
5561,0
5559,0
5558,0
5554,15
18407,0
5544,36
18397,0
11958,0
5537,8
18390,0
11953,0
5532,16
18385,0
5530,26
18383,0
5522,35
18375,0
11941,0
11920,0
5499,0
18352,0
11916,0
5495,28
18348,0
11913,0
5491,0
18334,38
5481,0
5477,0
5475,26
18328,0
18323,15
5470,0
5465,0
5453,0
18300,38
5447,0
5429,0
5423,30
18276,0
5421,0
11831,0
5400,0
18253,0
5398,0
11817,0
5394,0
5388,0
5363,0
11771,0
5350,0
11767,0
11763,0
18188,6
5335,0
18187,6
5334,0
11753,0
5332,0
11751,0
5330,0
5328,0
5323,15
18176,0
5309,0
5303,0
18152,13
5299,0
5296,33
18149,0
5288,0
5287,0
5286,0
5281,0
5272,0
5270,0
18109,39
5256,0
5255,15
18108,0
5253,0
11665,0
18096,36
5243,0
11661,0
5240,39
18093,0
5238,0
11658,0
5237,0
5235,0
5234,0
18079,6
5226,0
18075,15
5222,0
5220,0
5214,0
18065,13
5212,0
5205,0
5201,0
18048,17
5195,0
5194,0
5191,0
5190,0
5188,0
5183,0
18036,0
5177,0
11597,0
5176,0
18029,0
18028,13
5175,0
5172,0
5160,0
5148,0
18001,0
5141,0
5139,0
11555,0
5134,0
5126,30
17979,0
11546,0
17978,6
5125,0
5118,0
5117,0
17967,20
5114,0
11523,0
5102,0
5097,6
17950,0
5095,12
17948,0
5091,0
11507,0
11506,0
11498,0
5072,4
17925,0
11492,0
5070,0
17923,0
5060,0
5058,33
17911,0
5054,35
17907,0
5053,29
17906,0
5044,38
17897,0
11455,0
11450,0
5021,35
17874,0
11441,0
5020,0
17873,0
5013,23
17866,0
5002,0
4987,0
4983,0
11402,0
17834,28
4981,0
4965,0
11377,0
11373,0
4952,0
11362,0
4941,0
4933,0
4922,20
17775,0
17763,18
4910,0
11324,0
4903,0
11322,0
11315,0
11314,0
4893,38
17746,0
11271,0
17703,13
4850,0
4848,0
17701,0
17688,6
4835,0
17677,21
4824,0
11242,0
4821,29
17674,0
4816,0
11233,0
17651,18
4798,0
4796,0
4795,0
4785,0
11202,0
4781,0
4779,8
17632,0
4773,0
11177,0
4756,0
11166,0
11163,0
17595,6
4742,0
4733,0
4717,0
4714,0
4712,0
4711,0
4708,0
17545,28
4692,0
17543,28
4690,0
4689,0
17540,6
4687,0
11100,0
4679,0
4666,9
17519,0
17518,21
4665,0
4654,0
17507,0
11065,0
4640,0
11059,0
17491,6
4638,0
4625,0
17478,0
11043,0
4622,0
4621,0
4606,0
11025,0
4604,0
17457,0
4603,0
4600,0
17448,10
4595,0
4593,0
17446,0
4592,0
11007,0
4583,31
17436,0
4579,18
17432,0
4576,0
17429,0
4555,0
17408,0
4552,0
17405,0
4541,0
4536,0
17389,0
4524,0
4513,0
4510,0
4507,0
17346,32
4493,0
10902,0
4481,0
17334,0
4477,38
17330,0
4476,26
17329,0
4470,0
4465,0
17318,0
4458,0
17311,0
4453,0
17306,0
10873,0
4452,29
17305,0
4451,16
17304,0
10860,0
4439,29
17292,0
17289,5
4436,0
4425,0
4407,0
17260,0
4405,0
17258,0
4398,29
17251,0
4397,35
17250,0
10809,0
4388,35
17241,0
4386,0
17239,0
4371,21
17224,0
4366,0
4365,0
4364,0
10779,0
4353,23
17206,0
4349,0
10768,0
4346,22
17199,0
4345,0
4343,18
17196,0
4339,0
17186,30
4333,0
10744,0
4323,0
4318,14
17171,0
10734,0
4313,12
17166,0
4310,6
17163,0
4301,0
17154,0
4297,0
4286,0
4276,13
17129,0
10682,0
4259,0
10678,0
10674,0
4249,0
17102,0
4245,35
17098,0
10662,0
4238,39
17091,0
4231,0
17084,0
17082,6
4229,0
4228,35
17081,0
4215,0
4205,31
17058,0
10625,0
4204,0
4199,30
17052,0
4192,0
10596,0
4175,8
17028,0
10594,0
4173,0
4170,0
17023,0
10590,0
10581,0
4159,6
17012,0
4156,0
4153,0
4152,39
17005,0
10566,0
16992,6
4139,0
4129,0
4122,0
16975,0
10541,0
4117,0
16970,0
4115,39
16968,0
16966,15
4113,0
4103,0
4096,0
10515,0
10509,0
4088,9
16941,0
4081,0
4080,0
4075,0
4074,0
4067,0
4066,0
16918,22
4065,0
16916,14
4063,0
4061,0
4048,0
4041,0
16888,4
4035,0
16886,23
4033,0
4028,0
4026,0
10446,0
797,0
7218,0
20071,0
4015,22
16868,0
3999,18
16852,0
10418,0
16850,3
3997,0
10414,0
7192,13
20045,0
16838,29
3985,0
764,0
7185,8
20038,0
3980,10
16833,0
10394,0
16826,31
3973,0
7161,0
736,0
7155,31
20008,0
7136,6
19989,0
10354,0
3930,0
16783,0
7129,0
19982,0
10347,0
7119,0
3916,0
3912,0
690,29
13543,0
7111,0
19964,0
3908,1
16761,0
3892,0
16745,0
3886,31
16739,0
7087,0
16726,29
3873,0
7075,0
10291,0
3870,20
16723,0
7070,0
7068,0
7067,0
16717,29
3864,0
7060,8
19913,0
3853,26
16706,0
19902,18
7049,0
10264,0
3843,0
7041,0
3838,0
3830,0
7031,0
3828,31
16681,0
16678,29
3825,0
7024,0
10238,0
19864,6
7011,0
3801,20
16654,0
16653,29
3800,0
3797,38
16650,0
3796,0
16649,0
6998,0
10216,0
16648,6
3795,0
10214,0
3793,0
16646,0
6995,0
16645,16
3792,0
6993,0
10209,0
6985,0
3777,0
16630,0
16628,17
3775,0
10192,0
559,0
10183,0
16615,4
3762,0
3759,0
6961,0
16611,18
3758,0
6975,39
19828,0
3743,0
6939,0
518,0
3720,0
6920,15
19773,0
19788,17
6935,0
16570,15
3717,0
10122,0
16554,28
3701,0
6884,19
19737,0
478,0
470,0
6872,0
6887,0
10090,0
464,0
10088,0
13271,0
6850,26
19703,0
3640,0
16493,0
408,30
13261,0
405,8
13258,0
416,0
13269,0
6837,12
19690,0
10041,0
13251,0
409,30
13262,0
13244,0
6797,31
19650,0
10015,0
3594,0
3589,0
16442,0
6788,0
10000,0
16432,3
3579,0
374,0
3577,0
16430,0
366,0
13188,0
13199,31
346,0
16417,13
3564,0
356,0
3559,0
9975,0
3554,0
16407,0
9974,0
3553,0
16395,18
3542,0
16394,8
3541,0
6737,0
9954,0
13144,0
302,0
9941,0
3520,0
13116,0
3492,0
13115,0
6694,0
9912,0
3488,0
3463,0
16316,0
3461,0
16314,0
6659,0
19512,0
6655,0
246,0
3438,0
6653,17
19506,0
16288,8
3435,0
16278,39
3425,0
6623,0
9841,0
3420,0
19474,23
6621,0
6619,0
3415,0
191,0
6612,0
16262,8
3409,0
3389,0
6581,0
3378,0
13011,0
3372,0
16225,0
9792,0
3371,0
135,38
12988,0
6556,0
19409,0
16206,28
3353,0
3352,0
9763,0
3342,0
16195,0
124,0
3327,0
3309,0
66,16
12919,0
19351,18
6498,0
3295,6
16148,0
12910,0
68,0
3271,0
12900,0
47,0
58,0
12875,0
22,0
3251,0
12888,0
46,0
12853,0
19285,5
6432,0
6425,0
3222,0
16075,0
3211,0
12834,0
6413,0
16063,39
3210,0
9615,0
3194,0
16045,4
3192,0
3189,0
3184,6
16037,0
3157,0
3154,0
3153,18
16006,0
6352,0
9570,0
3149,0
9560,0
3139,0
15984,23
3131,0
6331,0
9549,0
15981,16
3128,0
3118,0
9532,0
3111,9
15964,0
3110,0
15963,0
12731,0
6310,26
19163,0
3107,0
15960,0
3105,0
3104,0
3100,0
15951,5
3098,0
3092,0
3086,0
15939,0
12697,0
6276,0
3073,0
12696,0
6275,35
19128,0
3072,0
15925,0
3071,0
15924,0
3069,0
9488,0
3062,0
3056,0
15909,0
3051,0
15900,6
3047,0
3040,0
15892,6
3039,0
3034,0
12652,0
15881,28
3028,0
3023,0
15876,0
3016,0
3013,0
3010,0
12632,0
3008,29
15861,0
3007,0
6202,0
2999,0
6201,0
15851,14
2998,0
2995,0
9414,0
2990,0
6188,0
19041,0
2985,0
15838,0
2983,0
9403,0
2982,0
6180,8
19033,0
9398,0
2971,0
12594,0
15823,28
2970,0
15821,36
2968,0
2965,0
2959,0
2955,0
15808,0
15807,20
2954,0
2950,18
15803,0
2930,0
9348,0
6119,0
9336,0
2915,35
15768,0
2907,0
2902,0
6090,0
6075,0
2872,0
9279,0
2858,0
12480,0
6059,0
15698,0
9277,0
6056,0
2853,0
6054,0
15704,16
2851,0
6042,23
18895,0
12462,0
15680,28
2827,0
9259,0
2838,0
15691,0
6030,0
6023,0
2818,0
2793,0
2792,0
12415,0
2791,0
9208,0
12407,0
5986,0
9204,0
5972,0
9190,0
2757,14
15610,0
2768,0
15621,0
2754,4
15607,0
2765,0
2764,7
15617,0
2752,28
15605,0
9184,0
12386,0
2762,0
9181,0
15613,16
2760,0
12375,0
5954,0
18807,0
15593,0
9172,0
15590,28
2737,0
2746,0
15584,0
15579,0
9158,0
5932,0
15560,0
9139,0
5898,28
18751,0
12315,0
2688,0
5875,0
18728,0
15501,0
2648,0
15494,0
2652,0
9069,0
18703,28
5850,0
2647,0
5848,0
2638,0
2635,0
15453,0
15451,0
2609,0
15462,0
18658,6
5805,0
15438,0
2585,0
5796,0
9014,0
2593,28
15446,0
9012,0
18646,36
5793,0
2579,35
15432,0
12209,0
15427,19
2574,0
12208,0
12201,0
5780,0
8998,0
8991,0
2570,0
2558,3
15411,0
15409,0
5765,0
2551,38
15404,0
8982,0
5762,0
2559,0
12179,0
15397,11
2544,0
12178,0
2543,38
15396,0
8975,0
2554,0
5756,0
2550,0
5751,0
18604,0
15386,0
5746,0
18599,0
12164,0
5743,0
5742,29
18595,0
5734,0
2531,39
15384,0
8951,0
2530,0
12152,0
2520,0
8933,0
5686,6
18539,0
5677,28
18530,0
8895,0
15310,0
15321,28
2468,0
8880,0
8861,0
2435,0
12053,0
8849,0
15263,0
2410,0
15253,0
8830,0
2386,14
15239,0
15227,30
2374,0
8806,0
5586,0
12003,0
5579,0
18432,0
2376,0
8778,0
8765,0
11961,0
15179,0
2326,0
8756,0
8747,0
5526,0
5523,39
18376,0
2310,0
11932,0
5511,0
2307,0
11915,0
8696,0
5474,0
8692,0
2271,0
18326,16
5473,0
2259,8
15112,0
8691,0
5472,0
5471,0
15110,0
2257,0
8689,0
2268,38
15121,0
5469,0
8686,0
21539,0
8681,0
2260,0
15095,0
18308,23
5455,0
15093,0
2240,0
11873,0
8670,5
21523,0
8668,19
21521,0
2247,0
2246,0
5443,31
18296,0
8661,0
11863,0
2239,0
11862,0
11861,0
11858,0
2231,0
2228,0
11837,0
2202,6
15055,0
8632,0
11830,0
5409,0
15048,0
2206,0
11829,0
15045,0
8624,39
21477,0
15038,0
10200,0
3779,0
5385,30
18238,0
15024,0
8603,0
10191,0
5376,0
18229,0
6968,0
562,0
5371,0
2168,0
6953,0
10171,0
10155,0
5340,0
21411,38
8558,0
2137,0
2108,0
486,0
3704,0
3694,0
8518,0
21371,0
5295,30
18148,0
8510,31
21363,0
5276,0
5268,0
14907,0
2054,0
3652,6
16505,0
11679,0
8475,0
13284,0
442,0
3645,0
436,0
16492,28
3639,0
6844,0
19697,0
3626,26
16479,0
16478,36
3625,0
2028,14
14881,0
2027,0
3622,0
16475,0
5228,0
14867,0
3609,0
14854,0
2001,0
378,11
13231,0
19663,6
6810,0
3607,0
16460,0
2010,0
16450,21
3597,0
14842,0
2000,0
3592,0
8416,0
1995,0
8415,0
1994,0
362,0
1983,0
9978,0
3545,12
16398,0
1948,0
6734,0
3531,0
1934,0
1933,0
323,0
3526,0
11553,0
5132,0
14771,15
1918,0
1929,0
5121,0
14755,1
1902,0
8334,0
21187,0
6712,0
3509,0
13142,0
17968,21
5115,0
6710,0
16360,1
3507,0
5113,0
8331,0
9907,0
5092,0
1889,0
16336,30
3483,0
1886,0
14739,0
259,0
3477,0
11504,0
3469,0
13090,6
237,0
6658,0
19511,0
1858,0
8269,35
21122,0
1836,38
14689,0
3442,0
1845,0
5042,0
1832,0
1815,0
1809,0
13024,0
6603,0
8222,0
1801,0
166,29
13019,0
3395,0
14629,0
1787,0
11393,0
3364,0
4970,0
17823,0
6573,26
19426,0
3332,0
16185,0
12980,21
127,0
6559,31
19412,0
17791,23
4938,0
134,6
12987,0
14573,0
1731,0
3320,24
16173,0
111,0
3329,0
1723,0
3313,0
16166,0
14558,0
8137,0
11335,0
1711,0
6506,35
19359,0
3303,0
6515,0
19368,0
6488,0
19341,0
9706,0
3285,0
8109,0
12912,0
59,0
8103,0
1682,0
3275,0
6502,0
20947,26
8094,0
1673,0
12898,13
45,0
3263,0
12878,0
9675,0
3254,33
16107,0
14499,0
1657,0
38,14
12891,0
49,0
17694,6
4841,0
6428,0
1628,0
3223,38
16076,0
17682,31
4829,0
12843,0
1,0
6422,0
3219,0
1622,0
12841,0
6420,23
19273,0
9638,0
3217,0
3216,0
8040,18
20893,0
1619,0
6410,0
19263,0
9628,0
3207,0
19283,6
6430,0
11230,0
4809,0
1606,0
12823,0
6402,0
19255,0
3199,0
16052,0
3198,0
11225,0
1601,0
6407,0
3204,0
11222,0
14440,0
1598,0
9604,0
3183,0
8007,0
14423,0
16029,18
3176,0
1579,0
11196,0
12790,0
3166,0
4772,18
17625,0
11192,0
16016,23
3163,0
11190,0
4769,0
17622,0
7987,17
20840,0
1563,0
4765,12
17618,0
20836,17
7983,0
1562,0
1550,0
7967,0
20817,16
7964,0
7962,0
4740,0
17593,0
1535,0
9538,0
15970,21
3117,0
1520,0
15956,6
3103,0
1506,0
12701,0
15930,35
3077,0
7901,0
1480,0
1478,0
1460,13
14313,0
3063,0
4664,0
4659,0
1445,36
14298,0
7877,0
7873,0
15899,28
3046,0
12667,0
6246,0
15896,11
3043,0
11070,0
4649,11
17502,0
7867,0
4648,0
7866,8
20719,0
1444,0
4641,39
17494,0
4637,0
1434,0
15879,6
3026,0
4632,0
15878,8
3025,0
14270,0
11051,0
4630,0
1427,0
4623,0
4617,0
17470,0
1412,0
1409,0
4610,19
17463,0
1407,0
3003,0
11030,0
4609,0
17462,0
1406,0
3001,9
15854,0
7825,0
1387,0
15832,1
2979,0
4585,0
4584,0
2976,15
15829,0
4581,26
17434,0
1367,12
14220,0
7796,0
2964,0
15817,0
2963,19
15816,0
9382,0
6163,0
2958,0
15811,0
1361,0
1360,0
2936,0
10944,0
4519,0
17372,0
1316,0
20586,13
7733,0
1312,0
1308,0
1300,0
1292,0
4488,0
17341,0
9302,0
2881,0
9294,0
20546,20
7693,0
9283,0
1260,0
1252,0
4454,0
20525,21
7672,0
10867,0
1243,0
4437,0
17284,9
4431,0
4429,0
17282,0
7647,0
1226,0
9234,0
9230,0
1212,0
7632,0
20485,0
1211,0
1210,0
4411,38
17264,0
7629,0
6000,0
15639,0
7621,3
20474,0
20471,28
7618,0
1197,0
9206,0
2785,0
7609,0
4385,3
17238,0
7603,0
4380,35
17233,0
1159,6
14012,0
4363,26
17216,0
5957,0
18810,0
15596,0
10781,0
7577,0
1156,0
7569,0
12368,0
5947,0
20421,16
7568,0
4341,26
17194,0
4340,0
7558,0
7555,0
5925,20
18778,0
10749,0
4328,0
1125,0
10748,0
17180,30
4327,0
13966,0
314,0
11544,0
5123,0
1920,0
15562,0
1123,0
1919,0
20392,36
7539,0
15556,0
13946,0
1104,0
1103,0
1897,0
4303,31
17156,0
20374,26
7521,0
1100,0
279,0
9903,0
8306,0
1885,0
1088,0
10709,0
1085,0
2681,0
1082,0
256,0
6677,0
3474,11
16327,0
5080,6
17933,0
14719,0
8298,0
2677,0
7501,0
20353,13
7500,0
1079,0
1077,0
1871,0
2671,0
4277,0
7495,12
20348,0
1074,0
1072,0
3460,0
16312,30
3459,0
1862,0
14715,0
10687,0
4266,0
16299,28
3446,0
5052,0
8270,13
21123,0
4255,0
1052,0
7468,23
20321,0
5040,0
14679,0
1036,0
4235,0
13874,0
1032,0
10648,0
4227,31
17080,0
199,0
13052,0
6620,28
19473,0
2620,0
1023,0
4223,30
17076,0
9834,0
1019,0
10640,0
7437,0
1015,0
1013,0
15448,0
7424,0
176,0
13045,0
20274,28
7421,0
1000,0
10622,0
4201,6
17054,0
194,0
10615,0
991,0
162,0
16233,6
3380,0
8204,0
15425,0
7407,0
16234,1
3381,0
3390,0
984,0
5783,0
2568,13
15421,0
982,0
978,0
11397,0
17829,6
4976,0
1771,0
4174,10
17027,0
971,0
2566,0
10593,0
17025,38
4172,0
969,0
5708,0
4111,0
16964,0
908,0
10521,0
7318,0
897,0
6493,0
3290,6
16143,0
8114,0
1693,0
4099,0
16952,0
896,0
7310,0
889,0
8102,0
884,0
9697,0
873,0
3264,0
16117,0
8088,0
12091,0
5670,0
18523,0
15309,0
4069,0
16922,0
20140,28
7287,0
857,0
20922,5
8069,0
4054,0
4052,0
4051,0
14476,0
1623,0
8055,0
3243,31
16096,0
6461,0
8855,0
7234,6
20087,0
16884,29
4031,0
11232,0
4811,0
8029,0
4000,4
16853,0
5593,0
2390,0
778,0
793,0
4791,28
17644,0
1588,0
5583,31
18436,0
768,0
11201,0
4780,35
17633,0
20838,28
7985,0
10391,0
3970,0
7168,6
20021,0
13615,13
762,0
7975,0
757,0
16810,28
3957,0
15995,6
3142,0
4748,0
17601,0
7966,0
733,0
7154,0
5545,23
18398,0
18394,6
5541,0
10358,0
718,0
20803,28
7950,0
11946,0
5525,31
18378,0
3928,0
19983,6
7130,0
20793,26
7940,0
7124,0
6312,0
3109,0
14354,0
2301,6
15154,0
2312,0
3918,0
5507,0
18360,0
15146,0
3909,36
16762,0
8722,8
21575,0
7110,0
19963,0
704,0
13530,0
677,0
688,0
15949,30
3096,0
1499,0
9515,0
3094,0
11121,0
2297,0
10324,0
19957,26
7104,0
15944,17
3091,0
11118,0
4697,0
697,0
9510,0
3089,0
3898,0
7099,0
17544,16
4691,0
7097,0
19950,0
10315,0
3894,26
16747,0
6283,13
19136,0
15933,29
3080,0
11107,0
3888,0
685,0
7090,0
19943,0
684,0
7088,0
682,0
7085,0
16202,17
3349,0
5755,0
15394,0
955,0
2952,0
5358,0
2155,0
543,0
6964,0
15391,11
2538,0
952,0
7771,7
20624,0
1350,0
16600,20
3747,0
11773,0
8569,0
19810,15
6957,0
7765,0
20618,0
6943,0
19796,0
7763,0
3748,0
14177,0
6944,0
15777,23
2924,0
2923,0
20600,14
7747,0
505,0
6926,0
3723,0
8547,0
6546,0
104,0
6525,0
19378,0
16175,19
3322,0
6534,28
19387,0
8943,0
925,0
19787,20
6934,0
4518,0
5318,0
14957,0
14156,21
1303,0
19767,6
6914,0
3711,0
12532,0
6111,0
16561,26
3708,0
504,0
10128,0
11734,0
14963,26
2110,0
6930,0
6101,0
2898,0
4504,4
17357,0
7722,0
8113,0
4098,0
12514,0
6093,0
3699,0
4494,13
17347,0
3688,0
13285,0
2064,0
6873,0
7684,0
1263,0
3660,0
16513,0
18514,19
5661,0
4064,0
16917,0
7679,6
20532,0
14485,0
20917,38
8064,0
13688,0
835,0
2843,0
19699,6
6846,0
14888,0
2046,0
3241,0
16094,0
27,28
12880,0
4038,0
6433,6
19286,0
13266,0
5620,0
10841,0
4420,23
17273,0
1217,0
12424,0
6003,0
1203,0
393,0
6807,0
13243,0
390,0
401,0
6384,0
3181,0
16843,39
3990,0
787,0
13232,39
379,0
6811,0
19664,0
15623,0
9202,0
10808,0
7605,0
20458,0
1184,0
387,0
15217,0
8796,0
2375,0
7184,3
20037,0
9196,0
6778,0
372,0
13225,0
12397,0
9194,0
13197,0
13206,38
353,0
369,0
3572,0
11599,0
5178,0
8396,0
16021,18
3168,0
2371,0
10398,0
12395,0
9192,0
5573,20
18426,0
1971,0
4372,28
17225,0
1966,0
16400,23
3547,0
9977,0
3556,0
16409,0
8370,0
1949,0
6758,0
5543,26
18396,0
8761,0
10367,0
16392,35
3539,0
13187,8
334,0
345,0
9550,0
4735,0
5535,16
18388,0
4338,0
17191,0
10355,0
3934,6
16787,0
6740,0
5127,0
17980,0
293,0
6714,0
3511,0
8730,0
14751,35
1898,0
12332,0
15550,0
13950,0
20382,34
7529,0
9926,0
3505,0
16367,30
3514,0
3095,0
14340,0
1498,0
4304,20
17157,0
1493,0
7102,0
19955,0
284,0
299,0
3472,0
1875,0
1078,0
6687,8
19540,0
5870,0
9088,0
3256,0
16909,29
4056,0
853,0
6471,0
50,0
9674,0
3253,0
1656,0
12886,0
6465,20
19318,0
441,0
6877,0
6665,0
1842,0
5833,0
18686,0
9051,0
16283,1
3430,0
1029,0
12243,0
5822,0
1022,0
3405,0
16258,0
1808,0
15450,0
10831,0
1207,0
13237,0
6816,0
5807,0
18660,0
9025,0
18062,28
5209,0
8427,0
1996,0
3396,0
3587,0
1990,0
14843,0
3387,0
4993,0
1790,0
1785,0
14805,0
1963,0
4963,0
17816,0
1760,0
3360,0
16213,0
21037,13
8184,0
13008,0
11385,0
1761,0
960,0
9573,0
3152,0
16005,0
16814,13
3961,0
2951,0
15804,0
3751,22
16604,0
5154,0
11775,0
9769,0
3348,0
16201,0
8172,0
3351,0
6746,0
1946,0
2542,0
945,0
9363,0
2942,0
3345,0
136,0
19410,23
6557,0
18590,6
5737,0
930,0
9760,0
3339,0
12969,0
10548,0
4127,0
924,0
8940,0
16978,9
4125,0
922,0
4525,0
525,0
524,0
17972,16
5119,0
1916,0
2517,0
7341,0
6520,4
19373,0
9738,0
3317,0
16170,0
123,0
10527,0
4106,0
903,0
19780,6
6927,0
5899,0
18752,0
2696,0
4302,17
17155,0
8117,0
2896,0
1299,0
14941,0
19761,1
6908,0
6511,0
19364,0
105,0
15416,0
977,0
16230,1
3377,0
12907,0
8098,0
3277,0
16130,0
1280,0
5283,0
14922,0
2480,0
7304,0
6492,0
1076,0
3473,0
6476,28
19329,0
3273,0
16126,0
7296,0
875,0
20949,22
8096,0
4474,0
3668,16
16521,0
272,0
12908,0
3269,33
16122,0
6481,0
19334,0
5162,0
1959,0
3356,0
8086,0
16950,39
4097,0
894,0
497,0
6453,0
10868,0
13274,0
5250,0
850,0
1741,0
3347,0
16200,0
144,0
12162,0
4144,29
16997,0
941,0
4544,0
6941,0
1044,0
16294,17
3441,0
10314,0
3893,0
9108,0
3287,30
16140,0
6499,0
14582,0
1729,0
1340,0
9761,0
3340,0
9861,0
3440,0
9554,0
3133,0
4739,0
6539,0
8160,0
1739,0
10563,0
4142,4
16995,0
939,0
20913,13
8060,0
7260,0
839,0
4045,0
7263,0
20116,0
842,0
6442,0
19295,0
4845,0
8063,0
2039,0
20557,1
7704,0
10151,0
8554,0
3630,0
14875,0
4039,0
3228,0
1631,0
834,0
15368,0
8947,0
2526,0
4132,0
16985,0
3735,0
16588,0
5732,6
18585,0
4135,0
16988,0
6541,0
1917,0
1220,0
8441,0
8044,0
1068,0
4071,0
4918,38
17771,0
1715,0
918,0
9736,0
3315,0
1718,0
1332,0
9374,0
2953,0
1356,0
18,0
9543,0
3122,0
10352,0
9146,0
10752,0
4331,29
17184,0
11752,0
5331,0
16555,6
3702,0
12426,0
6005,28
18858,0
20479,28
7626,0
3744,0
16597,0
7659,0
7698,0
17086,6
4233,0
1030,0
6639,0
19492,0
233,0
4107,0
19657,28
6804,0
6813,28
19666,0
10825,0
1201,0
6801,29
19654,0
9365,0
15797,26
2944,0
1347,0
550,0
3344,18
16197,0
6636,8
19489,0
3433,5
16286,0
2810,0
14055,0
11637,0
2013,0
7222,0
16872,38
4019,0
816,0
1616,0
2449,0
4055,0
16908,0
13694,0
16155,15
3302,0
3599,0
13247,0
7093,0
19946,0
10311,0
687,0
4290,0
20161,17
7308,0
2884,0
10464,0
4043,0
7261,4
20114,0
840,0
4220,29
17073,0
21413,1
21324,1
21322,1
21265,1
21081,1
21044,1
20931,1
20888,1
20776,1
20680,1
20639,1
20564,1
20533,1
20450,1
20415,1
20252,1
20174,1
19648,1
19424,1
19422,1
18648,1
18627,1
16735,1
16715,1
16698,1
16405,1
16374,1
16365,1
16311,1
15886,1
15729,1
15723,1
2787,35
15640,1
15211,1
15141,1
14504,31
1651,1
1327,28
14180,1
12616,1
12211,1
11528,1
11470,1
11283,1
11060,1
10529,1
10430,1
10225,1
9825,1
9115,1
9091,1
8997,1
15002,13
2149,1
8226,1
8048,1
7678,6
20531,1
7593,21
20446,1
7518,35
20371,1
7354,21
20207,1
7244,1
6789,6
19642,1
6094,1
5926,1
5410,1
5390,30
18243,1
11724,1
11481,1
11475,1
4357,1
4330,1
7157,1
3755,23
16608,1
3637,14
16490,1
9985,1
3422,38
16275,1
3416,38
16269,1
9682,1
19307,6
6454,1
9576,1
12664,1
12619,1
2887,1
15695,1
15570,1
12296,1
15489,1
15336,28
2483,1
8741,1
5415,1
15053,1
3770,7
16623,1
11721,1
11359,1
17787,6
4934,1
4472,1
12346,1
7484,6
20337,1
10532,1
74,1
4014,1
3996,1
1564,13
14417,1
5556,1
7083,1
4955,6
17808,1
8970,1
15001,21
2148,1
6115,1
20079,32
7226,1
8005,1
10411,1
6802,29
19655,1
1178,1
774,1
3571,10
16424,1
15207,1
5911,1
5501,23
18354,1
1070,1
6794,29
19647,1
8337,4
21190,1
3633,14
16486,1
2929,28
15782,1
14970,1
18071,2
17863,2
14885,2
2308,8
15161,2
14923,2
7240,2
6716,2
19560,10
6707,2
15149,2
2238,29
15091,2
19451,38
6598,2
5722,35
18575,2
21178,3
19304,3
18832,3
17975,3
17661,3
17558,3
16817,3
16808,3
15482,3
11687,3
11424,3
11317,3
11300,3
11018,3
10027,3
9965,3
9937,3
8297,3
8286,3
14540,3
7774,3
7755,3
20302,13
7449,3
7410,3
7302,3
19713,38
6860,3
6701,3
6670,3
6521,30
19374,3
6458,3
6227,3
6102,23
18955,3
5977,21
18830,3
5555,3
5316,3
10538,3
6018,3
15188,4
2335,3
21301,30
8448,3
8350,36
21203,3
6672,3
6540,3
14524,3
4775,3
1375,3
2825,3
13715,3
6299,3
5313,20
18166,3
10925,3
15259,3
5984,3
5976,3
13025,3
4361,3
2519,3
6931,35
19784,3
6529,3
2756,3
6325,4
19178,3
1328,3
2437,3
21447,4
21388,4
21308,4
21286,4
21106,4
21047,4
20804,4
20712,4
20646,4
20393,4
20381,4
19815,4
19790,4
18719,4
18606,4
16912,4
16848,4
16480,4
16342,4
15733,4
14394,38
1541,4
13032,4
12341,4
12244,4
12182,4
12169,4
12077,4
11990,4
11758,4
11754,4
11700,4
11683,4
11578,4
11128,4
11019,4
10963,4
10923,4
10856,4
9647,4
9399,4
9334,4
9003,4
8935,4
2212,12
15065,4
8607,5
21460,4
8579,4
8488,4
8487,4
8388,4
8335,4
21142,20
8289,4
8036,4
20883,20
8030,4
8017,4
7838,4
7739,4
20583,28
7730,4
7483,4
7455,23
20308,4
7439,4
7212,4
7080,9
19933,4
6859,28
19712,4
6747,4
13118,4
6668,4
6601,4
19375,20
6522,4
6496,4
6271,4
6257,4
6232,4
6078,4
12379,4
12079,4
12078,4
5654,4
11967,4
11904,4
11622,4
11588,4
17887,11
5034,4
5015,4
11354,4
17773,23
4920,4
4901,4
4745,4
11132,4
10973,4
10879,4
4258,4
7229,4
16865,17
4012,4
16811,6
3958,4
3952,4
16725,17
3872,4
10227,4
3771,4
361,21
13214,4
9839,4
212,4
6592,4
9605,4
6243,4
6211,4
9389,4
6149,4
2918,4
2834,4
2820,4
2691,4
12271,4
2645,4
15455,32
2602,4
2567,4
12163,4
18576,38
5723,4
8814,4
5538,4
2252,4
5454,30
18307,4
2227,4
2026,4
13165,4
21192,23
8339,4
13110,4
1872,4
5051,4
5050,4
8219,4
1716,29
14569,4
4914,4
41,4
20900,28
8047,4
11058,4
1433,4
1428,4
11036,4
17328,39
4475,4
15719,28
2866,4
2806,4
1157,4
1138,4
4337,4
1837,4
7444,4
1003,4
10598,4
11308,4
2479,4
837,4
11153,4
15145,4
3900,4
680,4
2276,4
6552,4
1355,4
3740,4
8530,4
10459,4
3977,4
7953,4
1101,4
2667,4
6679,4
1650,4
8074,15
20927,4
1007,4
10008,4
4554,4
6551,4
2877,4
17929,10
5076,4
10089,4
6880,4
10983,4
12115,4
7762,4
16533,36
3680,4
484,4
859,4
4404,4
4819,16
17672,4
20012,5
19556,5
17246,5
17103,5
15967,5
15122,6
2269,5
1457,9
14310,5
13023,5
11297,5
11174,5
11149,5
10702,5
10048,5
9853,5
9720,5
9712,5
9134,5
9072,5
8710,5
8641,5
21448,14
8595,5
7135,5
13270,5
6373,5
5210,5
5090,16
17943,5
5077,6
17930,5
5043,23
17896,5
4713,5
4662,5
10774,5
10661,5
4165,5
7196,5
3449,5
9799,5
9220,5
5787,5
8674,5
8658,5
21441,36
8588,5
21302,17
8449,5
354,5
9734,5
81,5
4218,19
17071,5
20771,28
7918,5
4401,6
17254,5
3563,5
3528,5
3917,35
16770,5
1951,5
9777,5
10156,5
21318,6
21261,6
21133,6
21060,6
21041,6
20982,6
20946,6
20641,6
19959,6
19935,6
19906,6
19895,6
19874,6
19860,6
19762,6
19383,6
19379,6
19297,6
19258,6
19208,6
19180,6
19155,6
18910,6
18906,6
18898,6
18882,6
18730,6
18654,6
18392,6
18342,6
17993,6
17973,6
17853,6
17847,6
17835,6
17810,6
17798,6
17782,6
17749,6
17738,6
17716,6
17687,6
17596,6
17589,6
17569,6
17559,6
17551,6
17538,6
17488,6
17340,6
17015,6
16983,6
16707,6
16695,6
16677,6
16675,6
16663,6
16563,6
16531,6
16523,6
16512,6
16463,6
16420,6
16404,6
16403,6
16287,6
16041,6
15918,6
15912,6
15885,6
15785,6
15778,6
15717,6
15591,6
2708,26
15561,6
15315,22
2462,6
15308,6
2357,8
15210,6
15197,29
2344,6
15144,28
2291,6
2266,13
15119,6
15004,6
2151,6
14978,6
1689,14
14542,6
14028,6
861,17
13714,6
12974,6
12937,6
12822,6
12717,6
12679,6
12529,6
12225,6
12205,6
12094,6
12087,6
12028,6
11983,6
11910,6
11743,6
11619,6
11550,6
11527,6
11477,6
11396,6
11378,6
11274,6
11268,6
11136,6
11126,6
11104,6
11102,6
11095,6
10985,6
10978,6
10971,6
10961,6
10960,6
10918,6
10848,6
10551,6
10508,6
10458,6
10219,6
10146,6
10098,6
10086,6
10071,6
9929,6
9920,6
9918,6
9891,6
9844,6
9833,6
9561,6
9497,6
9454,6
9443,6
9332,6
9258,6
9047,6
9033,6
9020,6
8996,6
8977,6
15365,39
2512,6
8748,6
8717,6
8711,6
21557,32
8704,6
14967,31
2114,6
21283,14
8430,6
21281,17
8428,6
8373,6
8287,6
21140,6
8198,7
21051,6
7895,6
14315,6
7872,18
20725,6
7847,6
7840,35
20693,6
20673,13
7820,6
7810,6
14091,13
1238,6
7583,6
7470,6
7344,6
20195,17
7342,6
13753,6
745,6
7065,6
7045,6
6888,6
19727,8
6874,6
13290,6
6866,32
19719,6
6849,38
19702,6
6818,6
6725,6
6702,6
6697,6
6594,23
19447,6
6562,6
12959,6
6538,6
6497,6
37,23
12890,6
6315,6
12688,6
6199,6
18988,38
6135,6
5919,6
5910,6
12236,6
12221,6
12219,6
12159,6
12127,6
5675,6
12093,6
11954,6
5533,6
5520,6
11891,6
18249,16
5396,6
5379,6
5349,6
11707,6
11598,6
5128,12
17981,6
11515,6
5094,6
5082,6
11464,6
11386,6
17751,28
4898,6
4890,6
17671,21
4818,6
4812,6
4806,6
17659,6
11133,6
11086,6
4605,6
4591,6
4586,6
10962,6
4537,6
10786,6
4246,10
17099,6
4237,6
17035,26
4182,6
4161,6
4145,6
3991,6
16779,39
3926,6
3884,31
16737,6
3879,6
3856,6
7046,6
3821,6
3790,6
498,6
10102,6
10052,6
376,6
6767,6
6695,6
3367,6
12981,6
128,6
16119,15
3266,6
9608,6
3180,6
12716,6
3067,9
15920,6
3038,6
9434,6
9392,6
2946,6
2933,6
2926,6
9288,6
2867,6
2847,6
15668,16
2815,6
15629,6
18828,26
5975,6
2769,6
9087,6
9059,6
2528,6
8909,6
2419,6
5608,6
15247,17
2394,6
5582,28
18435,6
11895,6
15111,6
18294,28
5441,6
15078,29
2225,6
547,6
532,6
2097,6
423,29
13276,6
6855,6
5258,32
18111,6
10066,6
19681,21
6828,6
21208,26
8355,6
9928,6
21146,17
8293,6
1847,6
3400,6
21077,19
8224,6
5001,6
1798,6
3384,6
4972,23
17825,6
152,35
13005,6
6491,13
19344,6
6478,8
19331,6
1678,6
12883,6
9644,6
1626,6
12851,6
9619,6
20837,36
7984,6
4744,39
17597,6
12727,6
4660,39
17513,6
3053,6
7865,6
14282,8
1429,6
1425,6
4615,6
12600,6
9381,6
9338,6
7737,6
1301,23
14154,6
7729,6
2897,6
1276,6
1228,6
1209,6
9102,6
9081,6
2660,6
9867,6
7453,6
1020,6
13037,6
6616,6
4212,6
6609,28
19462,6
183,28
13036,6
2583,6
185,6
8186,7
21039,6
3276,6
1679,6
2434,6
10435,6
5597,6
7199,6
767,6
16813,13
3960,6
11962,6
741,6
15175,28
2322,6
16792,8
3939,6
724,6
7128,17
19981,6
703,6
3910,6
1500,6
7109,6
19962,6
1497,6
553,6
18205,38
5352,6
1335,6
9345,6
10129,6
3707,6
5304,6
18157,6
15300,29
2447,6
424,6
820,6
3596,15
16449,6
10025,6
3604,13
16457,6
1584,6
4774,6
2365,6
3565,6
9984,6
1153,6
7149,6
17965,12
5112,6
9893,6
9677,6
16112,33
3259,6
6477,6
6604,6
8367,6
13787,6
3093,6
1099,6
7497,6
1676,6
1665,6
2491,6
10518,6
20168,36
7315,6
4447,6
6853,6
447,6
20215,13
7362,6
1740,6
11657,6
6836,6
20206,36
7353,6
2325,6
10442,6
6886,6
13060,6
12852,6
21275,36
8422,6
1039,6
1649,6
21391,7
20829,7
19433,7
18835,7
18744,7
18700,7
17279,7
16963,7
16932,7
16929,7
16856,7
16088,7
14904,7
12830,7
12604,7
12563,7
11390,7
11352,7
10623,7
10255,7
9982,7
9933,7
9704,7
9315,7
9076,7
2353,14
15206,7
8676,7
8662,7
21490,36
8637,7
21488,23
8635,7
8608,7
8599,7
8592,7
8151,7
8141,7
7907,7
5973,7
5908,7
5895,7
5546,35
18399,7
5297,28
18150,7
5057,7
11198,7
10767,7
4120,30
16973,7
10375,7
3078,7
12623,7
12609,7
9163,7
9015,7
15270,30
2417,7
5540,8
18393,7
8667,7
5408,7
2025,7
1848,7
1839,7
20655,26
7802,7
15715,36
2862,7
1863,7
13908,7
11461,7
8725,7
5506,7
18605,21
5752,7
14951,7
1680,7
1675,7
8080,7
18600,8
16568,8
16300,8
15959,8
15585,8
15569,8
14166,35
1313,8
12288,8
11933,8
11451,8
11282,8
11105,8
11090,8
11015,8
10894,8
10877,8
10547,8
10387,8
10237,8
10112,8
10085,8
10057,8
10002,8
9959,8
9618,8
9599,8
9438,8
9388,8
9284,8
2560,30
15413,8
8992,8
15280,8
8846,8
8784,8
15029,8
21415,36
8562,8
21173,13
8320,8
14729,8
8227,8
8221,8
7974,8
20746,26
7893,8
7864,8
7845,35
20698,8
7725,8
7707,8
7694,8
7687,8
20489,38
7636,8
20235,17
7382,8
7349,8
7158,8
555,8
6763,8
6577,8
12862,20
9,8
6222,8
5935,8
18497,19
5644,8
11730,8
11643,8
11087,8
11027,8
4551,8
4505,8
4498,8
4374,8
10790,8
17031,12
4178,8
7063,8
16684,38
3831,8
10222,8
10208,8
10180,8
10068,8
16473,29
3620,8
16458,28
3605,8
3578,8
9909,8
13062,8
6590,8
9437,8
9383,8
9371,8
12550,8
2920,8
9268,8
2700,23
15553,8
2664,8
12045,8
2398,8
8797,8
8768,8
15082,8
5440,8
2230,8
2221,8
2198,8
3785,16
16638,8
16625,28
3772,8
10181,8
5300,8
8513,8
407,8
406,8
404,8
11636,8
9904,8
11510,8
1794,8
6532,8
19272,37
6419,8
8023,8
20811,18
7958,8
1526,8
7848,8
1379,8
6120,8
10893,8
7690,8
2802,38
15655,8
7631,8
10805,8
12301,8
13041,8
12929,8
20170,17
7317,8
2470,8
7217,8
7189,8
732,8
1488,8
146,8
5351,8
14168,29
1315,8
113,8
83,8
6864,8
16496,31
3643,8
16428,13
3575,8
1571,8
8791,8
11156,8
7141,8
6862,8
3603,8
3382,8
3543,20
16396,8
11358,8
7358,8
1727,8
147,8
865,8
5694,8
8454,8
10054,8
3598,8
1747,8
17523,9
17089,9
16285,9
16251,9
16188,9
16133,9
15510,9
699,26
13552,9
12810,9
12785,9
12413,9
11794,9
11284,9
10796,9
10755,9
10737,9
10710,9
10416,9
10356,9
9745,9
9299,9
9217,9
8629,9
7100,9
19880,38
7027,9
6981,9
6483,9
12523,9
5909,9
5905,9
5819,9
11832,9
11798,9
5360,9
5269,9
11256,9
11228,9
4768,9
7020,9
16465,30
3612,9
330,9
16386,28
3533,9
12846,9
5945,9
8760,9
8728,9
8678,9
11864,9
6369,9
11193,9
9218,9
3482,9
15523,9
9880,9
2565,9
4100,19
16953,9
13739,9
10321,9
16437,35
3584,9
9781,9
5223,9
20469,10
20270,10
19998,10
19832,10
19559,10
19509,10
19499,10
18621,10
18280,10
17963,10
16658,10
13507,10
13046,10
9527,10
8610,10
8015,10
6348,10
6060,10
5278,10
5273,10
5244,10
5171,10
5167,10
4438,16
17291,10
6996,10
13236,10
3534,10
13126,29
273,10
3452,10
6301,10
15901,35
3048,10
9415,10
2973,10
9293,10
2383,10
8672,10
3455,10
248,10
1343,10
2522,10
5149,10
7366,10
16755,39
3902,10
3931,10
21553,11
21551,11
19571,11
19515,11
19053,11
19045,11
18481,11
17440,11
15575,15
2722,11
15547,11
14876,11
12829,11
12630,11
11802,11
11221,11
10715,11
10699,11
9744,11
9728,11
9707,11
9606,11
15528,11
7869,11
20650,28
7797,11
7757,11
7541,11
20112,13
7259,11
6972,11
6709,29
19562,11
6372,11
5815,11
11241,11
4644,11
10688,11
4105,11
3760,11
11787,11
8087,11
7686,11
7544,11
10644,11
6583,11
4085,11
381,11
1924,11
10338,11
21215,12
20237,12
19742,12
17795,12
16819,12
16815,12
16347,12
16221,12
16022,12
15834,12
12715,12
12624,12
12574,12
10980,12
10974,12
10855,12
9502,12
9486,12
9278,12
8860,12
8859,12
15205,12
8581,12
8394,12
20807,17
7954,12
7676,23
20529,12
6293,12
6181,12
6172,12
6073,12
5993,12
12240,12
5744,12
12110,12
5575,12
5438,12
5407,12
11685,12
11569,12
11549,12
11479,12
4292,12
715,12
19968,38
7115,12
3840,12
9963,12
6641,12
169,12
164,12
6213,12
6105,12
2548,12
8892,12
15233,36
2380,12
557,12
3734,35
16587,12
2112,12
10097,12
3676,12
449,12
6848,12
16410,28
3557,12
167,12
1638,12
1585,12
6179,12
1364,12
1245,12
1160,12
1137,12
4239,12
6597,31
19450,12
998,12
7272,12
1554,12
7735,12
1314,12
11733,12
1264,12
1198,12
1176,12
2750,12
3672,12
16591,15
3738,12
7465,12
2133,12
12153,12
21480,13
21474,13
21352,13
21266,13
21240,13
21237,13
21218,13
21136,13
21135,13
21032,13
20975,13
20735,13
20711,13
20695,13
20668,13
20640,13
20593,13
20558,13
20395,13
20385,13
20376,13
20314,13
20310,13
20228,13
20118,13
19915,13
19887,13
19369,13
18816,13
18120,13
17712,13
17655,13
17489,13
16825,13
16809,13
16800,13
16655,13
16551,13
16385,13
15819,13
2779,29
15632,13
15558,13
1769,29
14622,13
12645,13
12520,13
11320,13
11115,13
10924,13
10851,13
10099,13
9973,13
9405,13
9378,13
9364,13
9316,13
9273,13
2773,29
15626,13
2695,31
15548,13
9049,13
8946,13
8865,13
8793,13
8750,13
8740,13
8738,13
15062,13
2153,29
15006,13
15000,13
8577,26
21430,13
14900,30
2047,13
8409,13
21262,13
8399,22
21252,13
8313,36
21166,13
8311,31
21164,13
14314,31
1461,13
7752,22
20605,13
7723,13
7338,14
20191,13
20129,14
7276,13
7190,13
7079,13
19927,38
7074,13
6779,13
6738,13
6273,13
12596,13
6146,13
6048,13
6017,13
18870,13
5950,13
12231,13
5680,13
11976,13
11896,13
5464,13
5426,13
5314,13
11633,13
5029,13
17673,21
4820,13
4777,36
17630,13
4747,13
10897,13
4176,13
4141,13
19986,39
7133,13
3867,13
3784,13
3695,13
3681,13
3669,20
16522,13
3667,13
9810,13
9429,13
6129,13
5967,13
2751,13
5894,13
9066,13
2590,13
5757,38
18610,13
5749,16
18602,13
15312,30
2459,13
15221,13
2182,13
2042,13
3624,13
5215,39
18068,13
8353,21
21206,13
8236,13
6455,36
19308,13
1569,13
1543,13
1527,13
4729,13
1467,13
1452,13
1317,13
7734,13
7709,35
20562,13
18863,19
6010,13
4351,13
1134,13
21193,20
8340,13
1122,13
3413,18
16266,13
11977,13
3948,38
16801,13
4732,13
13539,15
686,13
1344,13
9333,13
6504,26
19357,13
6814,23
19667,13
3582,13
3946,23
16799,13
1135,13
1111,13
2693,13
456,13
7381,30
20234,13
9372,13
533,13
19386,30
6533,13
10946,13
7398,26
20251,13
13717,13
10564,13
16583,33
3730,13
3629,13
21191,28
8338,13
1128,13
818,13
9231,13
15326,13
21236,14
21222,14
21194,14
20455,14
20135,14
18708,14
16590,14
16441,14
15790,14
15601,28
2748,14
11878,14
11566,14
11416,14
11338,14
11301,14
10601,14
10253,14
9562,14
9346,14
15126,28
2273,14
7875,31
20728,14
12915,14
6104,14
5738,36
18591,14
5657,14
5417,14
4261,14
3806,14
202,14
8979,14
8965,14
2350,14
15189,14
5416,14
2107,18
14960,14
11649,14
6729,14
4788,14
14427,14
6084,14
9287,14
1251,14
1229,14
1080,14
4216,14
1010,14
1768,14
5600,14
4155,14
1258,14
728,14
1528,14
20767,28
7914,14
11630,14
399,14
4930,14
12860,14
10165,14
21571,15
20989,15
20379,15
20039,15
20013,15
18951,15
18504,15
17956,15
17876,15
17770,15
17148,15
17048,15
16680,15
16636,15
16176,15
16097,15
12759,15
12677,15
12449,15
12409,15
12049,15
11808,15
11801,15
11711,15
11413,15
11253,15
11251,15
10750,15
10361,15
10335,15
10272,15
10080,15
9850,15
9779,15
9742,15
9733,15
9661,15
9410,15
8835,15
8755,15
8618,15
8567,15
8234,15
8108,15
8016,35
20869,15
7922,28
20775,15
7789,15
20401,17
7548,15
7488,29
20341,15
13735,30
882,15
7221,15
6869,15
13282,15
6819,15
13185,15
6434,15
12469,15
12398,15
5808,15
5508,15
11872,15
5293,15
4867,15
11239,15
11237,15
10313,15
3491,15
16343,31
3490,15
220,15
16252,30
3399,15
3249,15
5965,15
5964,15
9182,15
5788,15
2578,15
2532,15
5678,28
18531,15
5643,15
8690,15
8623,15
8615,15
6982,15
5203,15
1880,15
11161,15
7899,15
1272,15
9210,15
9175,15
15410,15
87,29
12940,15
2467,15
3937,15
1519,15
489,15
15801,30
2948,15
502,15
8162,15
852,15
8905,15
21372,16
21257,16
21182,16
21181,16
21132,16
21100,16
21042,16
21038,16
20932,16
20926,16
20768,16
20606,16
20498,16
19704,16
19674,16
18158,16
17617,16
17547,16
16598,16
16592,16
16297,16
15985,16
15888,16
14985,16
14525,16
13092,16
13031,16
13026,16
12187,16
12063,16
11336,16
10921,16
10917,16
10885,16
10431,16
10174,16
9678,16
9572,16
9238,16
9103,16
8810,16
8565,16
21219,28
8366,16
7880,16
7843,16
7674,39
20527,16
13854,16
756,16
6743,16
6311,16
6279,16
6240,16
6175,16
6107,16
6055,16
5913,16
11980,16
5496,16
5451,16
5444,16
5355,16
5327,26
18180,16
4999,16
4827,16
4803,16
11111,16
10926,16
10891,16
4257,16
4169,16
10573,16
3922,16
7078,16
16635,17
3782,16
10196,16
494,16
6231,16
6041,16
2561,16
5716,16
12098,16
2409,16
2194,16
2101,28
14954,16
11666,16
6523,16
4911,16
1566,16
20801,17
7948,16
19159,21
6306,16
1384,16
1265,16
14093,16
15667,16
1177,16
5100,16
4219,16
1009,16
1765,16
8115,31
20968,16
1494,16
1532,16
6642,16
12995,38
142,16
2099,16
1677,16
483,16
13114,16
535,16
2836,16
6505,16
6696,16
8858,16
21436,17
21414,17
21403,17
21385,17
21378,17
21356,17
21336,17
21330,17
21315,17
21298,17
21264,17
21255,17
21248,17
21211,17
21179,17
21165,17
21113,17
21109,17
21103,17
21095,17
21055,17
21036,17
21014,17
20988,17
20974,17
20954,17
20937,17
20915,17
20826,17
20822,17
20791,17
20784,17
20715,17
20706,17
20654,17
20628,17
20569,17
20548,17
20545,17
20494,17
20490,17
20463,17
20448,17
20443,17
20442,17
20412,17
20391,17
20368,17
20364,17
20339,17
20332,17
20324,17
20309,17
20304,17
20299,17
20273,17
20269,17
20249,17
20233,17
20221,17
20213,17
20189,17
20187,17
20181,17
20166,17
20151,17
20138,17
19254,17
19174,17
18769,17
18052,17
17034,17
17032,17
16913,17
16664,17
16619,17
16585,17
16569,17
16546,17
16545,17
16315,17
16246,17
15833,17
15753,17
15515,17
15265,17
2173,30
15026,17
13014,17
12266,17
12005,17
10907,17
10130,17
8890,17
15023,17
8472,24
21325,17
8407,28
21260,17
7994,17
7836,17
7821,17
7726,17
7413,35
20266,17
7388,23
20241,17
7279,29
20132,17
7264,17
20117,17
6765,17
6586,17
5402,17
5055,17
3968,17
3860,17
16502,30
3649,17
6840,17
3634,26
16487,17
3585,17
196,17
160,17
6198,17
8972,17
15079,17
2236,17
2205,17
2089,17
2055,17
14752,17
1764,17
14,17
1381,17
7505,28
20358,17
7487,35
20340,17
986,17
7404,22
20257,17
976,17
1529,17
6297,17
6790,17
1108,17
7517,35
20370,17
7491,28
20344,17
2619,17
7520,35
20373,17
8520,28
21373,17
8294,17
1644,17
8868,17
93,17
12150,17
1205,17
1087,17
7438,26
20291,17
21376,18
19833,18
19831,18
19411,18
17612,18
17146,18
16443,18
16307,18
15682,18
15600,18
15387,19
2534,18
14982,18
14623,18
13072,18
12680,18
12443,18
12383,18
12237,18
11968,18
11514,18
11143,18
11041,18
10843,18
10432,18
10224,18
9804,18
9487,18
9343,18
2482,29
15335,18
8526,18
8512,18
21362,20
8509,18
7997,18
7791,18
14131,18
7482,18
7126,18
13210,18
6528,29
19381,18
6473,18
12629,18
12620,18
5750,18
11744,18
4369,18
4146,18
10213,18
6815,18
9526,18
9472,18
9431,18
6157,18
6070,18
2833,18
2546,18
2471,22
15324,18
2475,18
5671,18
14921,18
1735,18
9640,18
2917,18
6065,18
7650,18
9246,18
2797,18
11526,18
8258,18
12203,18
3085,18
1477,18
125,38
12978,18
12719,18
10895,18
2956,18
14201,18
7749,18
1213,18
21028,19
19769,19
18483,19
17964,19
17922,19
17900,19
16207,19
16141,19
15429,19
14860,19
12783,19
11855,19
11220,19
10612,19
10611,19
10609,19
10284,19
10282,19
10280,19
9417,19
9229,19
9187,19
9160,19
9127,19
8777,19
8644,19
8614,19
8611,19
8125,19
13435,19
7008,19
6817,19
6349,19
6341,19
5710,38
18563,19
11859,19
11850,19
5411,19
5264,19
11227,19
4776,19
11168,19
11134,19
4657,19
4574,19
4149,19
4094,19
4089,19
19856,21
7003,19
6999,19
3480,19
3456,19
6358,19
6356,19
2962,19
12463,19
9189,19
2666,19
8619,19
5257,19
6841,19
5219,19
1960,19
16339,31
3486,19
5048,23
17901,19
9741,19
1688,19
2961,19
2960,19
16370,38
3517,19
3468,19
10610,19
4092,19
10349,19
8702,19
2279,19
6708,30
19561,19
8155,19
4123,19
920,19
899,19
883,19
9177,19
4562,19
15380,19
541,19
887,19
21238,20
21199,20
21034,20
20976,20
20596,20
20256,20
18875,20
18303,20
18258,20
16644,20
16421,20
16363,20
15980,20
12705,20
11925,20
11407,20
11400,20
11333,20
11035,20
11028,20
10067,20
8799,20
21244,26
8391,20
14697,20
7970,20
6771,20
6138,20
5647,20
5359,20
10826,20
17223,39
4370,20
19491,39
6638,20
11,20
9339,20
15571,32
2718,20
5758,20
5679,20
15162,30
2309,20
15107,20
15118,29
2265,20
15067,20
2048,20
8447,23
21300,20
1706,20
11302,20
12831,20
1602,20
7673,20
1200,20
1192,20
1084,20
1877,20
1059,20
11395,20
7736,20
8296,20
3602,20
9894,20
12874,20
5741,20
1639,20
5321,20
21503,21
21462,21
21454,21
21134,21
21007,21
20467,21
19826,21
19645,21
19113,21
18963,21
18859,21
18842,21
18145,21
18038,21
18037,21
17719,21
17710,21
17529,21
16510,21
16210,21
15898,21
15664,21
15090,28
2237,21
13711,21
851,38
13704,21
12538,21
12350,21
11722,21
11623,21
11563,21
11435,21
11257,21
10892,21
10467,21
9809,21
15545,21
8919,21
2484,36
15337,21
8780,21
8734,21
15138,21
15031,21
8359,21
8351,21
8255,21
8217,21
7715,21
20497,36
7644,21
7464,21
1017,26
13870,21
6382,21
12685,21
12661,21
12504,21
5937,21
12321,21
5876,21
5873,21
12133,21
5615,21
5517,21
11923,21
5483,28
18336,21
11847,21
11465,21
17660,28
4807,21
10874,21
10787,21
712,21
3857,33
16710,21
3768,23
16621,21
3673,21
10058,21
12663,21
15780,29
2927,21
12540,21
2886,35
15739,21
9239,21
5949,21
2672,21
12226,21
12186,21
12172,21
2323,21
11892,21
15061,21
10018,21
1666,21
3252,21
3042,21
20708,26
7855,21
6166,21
4360,21
5105,23
17958,21
5902,21
15479,21
8987,21
10473,21
1512,21
558,21
12173,21
2126,21
2912,21
5974,21
735,21
6731,21
474,21
932,21
4408,21
10,21
2102,21
3684,21
21176,22
20910,22
20685,22
20651,22
20598,22
20517,22
20515,22
16602,22
16055,22
15295,22
12658,22
12649,22
12391,22
12382,22
12380,22
12362,22
12258,22
12154,22
12149,22
11978,22
11884,22
11713,22
11705,22
11614,22
11568,22
10943,22
10083,22
9869,22
9478,22
9237,22
2203,30
15056,22
21435,36
8582,22
8481,22
20885,36
8032,22
8026,22
20879,22
7790,22
13192,22
140,22
12506,22
12351,22
11898,22
5342,22
11567,22
4797,22
4755,22
11034,22
4184,28
17037,22
10447,22
10436,22
6787,22
6759,22
6414,32
19267,22
9610,22
6123,22
15709,29
2856,22
9032,22
8969,22
15354,22
2478,22
2429,22
12017,22
15094,22
5089,22
126,22
10840,22
9034,22
1608,22
11966,22
2342,22
2333,22
12176,22
6549,22
1658,22
8981,22
11570,22
15772,28
2919,22
11540,22
8995,22
2938,22
11644,22
21337,23
20432,23
19812,23
19466,23
19365,23
18997,23
18713,23
17848,23
16911,23
16719,23
16665,23
16337,23
16244,23
16219,23
15307,23
13138,23
12572,23
12569,23
12255,23
12035,23
12031,23
11750,23
11565,23
11452,23
11340,23
11306,23
10964,23
10870,23
10600,23
10500,23
10427,23
10032,23
9970,23
9896,23
9652,23
9475,23
15679,23
2826,23
9113,23
9101,23
9097,23
8893,23
8742,23
15153,23
21412,36
8559,23
8457,23
8317,23
8291,23
7817,38
20670,23
7462,23
7048,23
534,23
388,23
6809,23
6711,23
6187,23
5906,23
12239,23
5461,23
11690,23
10599,23
10597,23
3954,28
16807,23
16727,38
3874,23
10094,23
3631,23
10040,23
3569,36
16422,23
13203,23
6313,23
9525,23
6242,23
9428,23
2916,31
15769,23
5968,23
2761,23
2518,23
2488,23
8899,23
5624,23
2270,23
2234,23
3713,23
11689,23
6783,23
9930,23
13131,23
6680,23
13093,23
4892,23
8027,23
1449,23
1446,23
1438,23
11031,23
1288,23
1284,23
1225,23
2807,23
2613,23
12914,23
6288,23
7092,23
538,23
1643,23
10053,23
9994,23
7949,33
20802,23
5078,23
151,23
539,23
1271,23
739,23
10556,23
20552,24
19181,24
19050,24
17574,24
12156,24
10429,24
9872,24
7977,24
13904,24
6124,24
4167,24
7077,35
19930,24
2945,24
5955,24
2596,24
13265,24
10784,24
2699,24
10676,24
2637,24
3573,24
20005,25
11811,25
8850,25
3225,25
21295,26
21233,26
21196,26
20770,26
20657,26
20634,26
20567,26
20507,26
20380,26
19862,26
19639,26
19459,26
19440,26
17811,26
17788,26
17685,26
17607,26
16806,26
16348,26
15969,26
15703,30
2850,26
2606,34
15459,26
15130,26
12681,26
12659,26
12613,26
12516,26
12364,26
12166,26
11993,26
11696,26
11684,26
11529,26
11429,26
11145,26
11106,26
10999,26
10966,26
10884,26
10839,26
10561,26
9818,26
9807,26
9611,26
9566,26
9425,26
9301,26
8521,26
8300,26
14646,26
14630,26
7883,26
20736,26
14103,26
7516,26
7330,26
7191,26
6500,26
6485,26
24,26
6309,26
5991,26
12294,26
5669,26
5629,26
5084,26
11046,26
10919,26
4378,26
4358,26
4157,26
10534,26
10524,26
4029,26
734,26
16670,28
3817,26
12353,26
5931,26
15477,26
2539,26
2316,26
15152,26
5452,26
2249,26
2188,26
10185,26
14995,26
10046,26
2016,26
1861,26
5018,26
1655,26
1469,26
7887,26
1366,26
1285,26
1191,26
1117,26
14744,26
2663,26
210,26
8915,26
848,26
781,26
1752,26
5725,26
4517,26
5317,26
1311,26
98,26
8879,26
7193,26
731,26
6298,26
7432,26
5354,26
4954,26
8580,26
1633,26
490,26
5081,27
21479,28
21453,28
21405,28
21360,28
21272,28
21271,28
21256,28
21234,28
21232,28
21221,28
21209,28
21205,28
21189,28
21148,28
21114,28
21053,28
21049,28
21045,28
21022,28
21017,28
21012,28
20973,28
20969,28
20943,28
20930,28
20920,28
20896,28
20894,28
20813,28
20812,28
20800,28
20798,28
20779,28
20672,28
20660,28
20658,28
20652,28
20648,28
20630,28
20566,28
20561,28
20502,28
20499,28
20470,28
20468,28
20440,28
20407,28
20400,28
20388,28
20378,28
20284,28
20279,28
20278,28
20255,28
20105,28
19978,28
19850,28
19803,28
19745,28
19723,28
19710,28
19427,28
19171,28
18953,28
18718,28
18699,28
18283,28
18155,28
17988,28
17802,28
17616,28
17556,28
16921,28
16910,28
16818,28
16816,28
16803,28
16802,28
16705,28
16687,28
16672,28
16668,28
16662,28
16633,28
16461,28
16448,28
16388,28
16380,28
16377,28
16376,28
16371,28
16324,28
16317,28
16015,28
16013,28
15822,28
15757,28
15732,28
15559,28
15348,28
15136,28
14516,28
12721,28
12674,28
12631,28
12306,28
12207,28
12085,28
12061,28
12042,28
12022,28
11879,28
11736,28
11727,28
11667,28
11629,28
11621,28
11564,28
11543,28
11500,28
11494,28
11443,28
11307,28
11047,28
10853,28
10499,28
10478,28
10235,28
10119,28
10108,28
10037,28
9995,28
9961,28
9914,28
9558,28
9556,28
9441,28
9427,28
9263,28
9111,28
15521,28
15495,28
8956,28
15356,28
15157,29
2304,28
15109,28
15027,28
14998,28
8458,28
8364,28
8254,28
8001,28
1471,35
14324,28
7894,35
20747,28
7884,28
14300,28
14285,28
7728,28
7620,36
20473,28
7585,39
20438,28
7519,29
20372,28
7476,28
7472,28
7459,28
7331,28
7072,28
560,28
6865,28
13122,28
12904,28
6475,28
6323,28
6317,37
19170,28
6233,28
5969,28
5922,28
12334,28
5658,28
5492,28
5389,39
18242,28
5367,28
5308,28
11664,28
11503,28
11478,28
4900,29
17753,28
4814,28
4794,28
4792,28
10972,28
4521,28
4457,28
3989,28
698,28
10254,28
3788,35
16641,28
3697,28
466,28
19683,38
6830,28
48,39
12901,28
19127,34
6274,28
6254,28
3036,30
15889,28
9444,28
6186,28
6185,28
6173,28
9366,28
9274,28
15692,36
2839,28
9260,28
15669,28
5994,28
12352,28
5731,28
8925,28
2490,28
5632,28
8826,28
5594,28
15190,31
2337,28
8767,28
2320,28
8731,28
5494,28
5456,30
18309,28
5437,28
5356,28
8528,28
2092,28
6827,29
19680,28
3623,33
16476,28
1846,28
6669,28
1803,28
1610,28
4805,28
1524,28
7841,28
7830,28
1404,28
1320,28
12505,28
2873,28
9270,28
4419,28
1188,28
4307,28
8318,28
4288,28
8292,28
1063,28
1849,28
7441,28
4194,28
17042,39
4189,28
187,28
12204,28
2580,28
13027,28
8986,28
6495,28
5682,28
12014,28
783,28
15180,28
2338,28
3944,29
16797,28
7139,28
7113,36
19966,28
3903,28
1492,28
3895,28
11112,28
12704,28
2115,34
14968,28
1722,28
528,28
9311,28
846,28
12869,28
6799,28
6785,28
773,28
16824,31
3971,28
2298,28
11499,28
4273,28
6456,28
1033,28
9029,28
10023,28
1351,28
9964,28
15359,28
65,28
14517,28
3466,39
16319,28
5650,28
7096,28
1642,28
1283,28
1525,28
16874,38
4021,28
3601,29
16454,28
6147,28
7634,28
20514,29
20493,29
17554,29
16890,29
16858,29
16839,29
16836,29
16834,29
16795,29
16679,29
16471,29
16470,29
16469,29
16468,29
16401,29
16390,29
15934,29
15902,29
15759,29
15707,29
15702,29
2849,29
15637,29
15299,29
2340,35
15193,29
14402,29
12824,29
12580,29
12304,29
12184,29
12119,29
12114,29
11930,29
11572,29
11057,29
10542,29
10439,29
10402,29
10243,29
10076,29
10074,29
9936,29
9902,29
9875,29
9868,29
9827,29
9671,29
9612,29
9588,29
9577,29
9547,29
9313,29
9306,29
15496,29
9074,29
9044,29
8968,29
8928,29
8908,29
8898,29
15250,31
2397,29
8808,29
8785,29
2224,38
15077,29
21408,38
8555,29
8502,29
8378,29
14551,29
8028,29
7955,29
14316,29
7837,29
7746,29
7657,29
7385,29
7277,29
20119,36
7266,29
7250,29
7167,29
722,29
7132,29
508,29
6761,29
6733,29
6730,29
6684,29
6673,29
19482,38
6629,29
86,29
6235,29
6033,29
5938,29
12036,29
18355,31
5502,29
11756,29
11628,29
5085,29
11476,29
4998,29
4613,29
4560,29
4459,29
4440,29
4389,29
4344,29
4240,29
4193,29
10484,29
3982,38
16835,29
7076,29
3808,29
3807,29
3787,29
3774,29
3763,29
554,29
3757,29
3647,29
3619,31
16472,29
6683,29
9901,29
13059,29
19428,38
6575,29
153,38
13006,29
53,29
9613,29
9531,29
6295,29
9477,29
9354,29
2928,29
6130,29
9272,29
9271,29
2772,29
9116,29
2591,29
5707,29
5662,29
12064,29
2440,29
2385,29
15208,29
2348,29
2339,29
2213,29
2211,29
3765,29
2163,29
14934,29
420,29
13204,29
3580,29
5083,29
11433,29
5012,29
4990,29
1714,29
14550,29
1708,29
12889,30
36,29
4801,29
1586,29
9587,29
7990,29
1568,29
1567,29
7861,29
1420,29
9422,29
1382,29
1363,29
15708,29
7681,29
4446,29
1234,29
1182,29
5960,29
7498,29
1065,29
1797,29
1783,29
2494,29
89,29
1648,29
3984,31
16837,29
707,29
9530,29
692,29
8724,29
702,29
700,29
695,29
693,29
691,29
1483,29
7776,29
546,29
529,29
7346,29
513,29
2908,29
7732,29
512,29
509,29
10109,29
2781,29
6774,29
1169,29
2332,29
701,29
6572,29
1555,29
548,29
1345,29
10163,29
1322,29
5720,29
108,29
506,29
9117,29
7320,29
21354,36
8501,29
1873,29
12897,29
8912,29
1244,29
10565,29
1341,29
1239,29
5729,29
521,29
8426,29
1277,29
16527,30
3674,29
7768,29
18540,39
5687,29
21253,30
20682,30
18252,30
17849,30
17839,30
17317,30
16885,30
16481,30
16434,30
16399,30
15987,30
15296,30
15103,30
13174,30
13136,30
12956,30
12885,30
12625,30
12573,30
12521,30
12487,30
12318,30
12216,30
12202,30
12044,30
11883,30
11370,30
11272,30
11171,30
10992,30
10434,30
10292,30
10173,30
10140,30
9967,30
9927,30
9925,30
9242,30
9142,30
2658,36
15511,30
8932,30
8863,30
15281,31
2428,30
14984,30
20232,32
7379,30
7247,30
7225,30
6881,35
19734,30
13043,30
96,38
12949,30
6353,30
6335,30
6282,30
12646,30
12517,30
5946,30
5627,30
11714,30
5274,30
4347,30
4084,30
16718,31
3865,30
3858,35
16711,30
3721,36
16574,30
9884,30
3115,31
15968,30
12551,30
9328,30
15641,30
12389,30
5951,30
2729,30
8903,30
5596,30
5431,30
15005,30
19760,38
6907,30
6748,30
9952,30
6686,35
19539,30
6547,30
12962,35
109,30
4804,30
9484,30
3009,30
1339,30
1208,30
1193,30
1152,30
9135,30
9098,30
1024,30
1016,30
983,30
13708,30
10472,30
1634,30
9563,30
16804,36
3951,30
5500,30
11725,30
8467,30
6784,30
13709,30
56,30
7428,30
18210,38
5357,30
11575,30
8572,30
130,30
880,30
15598,30
21382,31
21297,31
20180,31
19453,31
17700,31
16986,31
16264,31
16023,31
15979,31
15841,31
15762,31
14672,31
12893,36
40,31
12702,31
12059,31
12033,31
11726,31
11381,31
11349,31
11049,31
10988,31
10922,31
10453,31
10419,31
10233,31
10197,31
9981,31
9956,31
9590,31
9280,31
8716,31
8039,31
8010,31
14393,31
7903,31
7902,31
7332,31
13656,31
7216,31
6894,31
6732,31
6674,31
6503,31
6217,31
6113,31
12515,31
5563,31
11979,31
5505,31
5345,31
11717,31
5291,31
11708,31
11674,31
11539,31
5071,31
4956,35
17809,31
4894,31
4810,31
4751,31
11113,31
4160,31
7073,31
3846,31
552,31
6762,31
13180,31
6752,31
6723,31
3261,31
9337,31
2711,31
2569,31
15325,31
12083,31
15240,31
5366,31
14949,31
6863,31
6721,31
14666,31
23,31
1620,31
8022,31
1572,31
1502,31
1466,31
7870,31
1414,31
1391,31
1269,31
10833,31
10832,31
12378,31
1816,31
4974,31
2505,31
4887,31
3205,31
7107,31
9373,31
2890,31
10822,31
15213,31
4376,31
743,31
3899,31
696,31
13141,31
4410,31
995,31
963,31
14993,31
145,31
3742,31
10544,31
11497,31
6699,31
4143,31
14975,31
1732,31
10095,31
10440,31
3890,31
10105,31
18222,32
18014,32
17707,32
17568,32
17359,32
10584,32
9953,32
9559,32
8978,32
14988,32
7071,32
6128,32
5598,32
5382,32
5192,32
10760,32
10613,32
10586,32
10505,32
10449,32
10403,32
13462,32
6757,32
9349,32
15400,32
8961,32
11893,32
11843,32
15017,32
5168,32
6689,32
1537,32
5880,32
10506,32
9582,32
6486,32
7311,32
9305,32
17927,33
17113,33
17067,33
16549,33
15840,33
10904,33
9874,33
9465,33
15278,33
15120,33
8545,33
7876,33
7696,33
7442,33
7245,33
6661,33
6635,33
6287,33
6106,33
6088,33
5689,33
4027,33
3841,33
6852,33
15602,33
9030,33
12155,33
2379,33
10115,33
8000,33
1456,33
14761,33
1071,33
811,33
8733,33
2549,33
3258,33
817,33
4023,33
1575,33
2775,33
1173,33
9040,33
2500,33
13333,39
480,33
1287,33
18860,34
17001,34
13201,34
10959,34
9654,34
4267,34
3187,34
3155,34
7888,34
1148,34
8105,34
754,34
9680,34
8206,34
6912,34
16518,35
16393,35
16003,35
15897,35
15283,35
14586,35
12227,35
12185,35
12067,35
12001,35
11908,35
11571,35
11428,35
11098,35
10240,35
10162,35
10092,35
9878,35
9580,35
9551,35
9503,35
9335,35
15688,35
9266,35
8930,35
8788,35
8736,35
15032,35
8556,35
8491,35
7851,35
7702,35
20535,36
7682,35
7474,35
7297,35
7275,35
7235,35
7146,35
6917,35
6861,35
6773,35
6741,35
6739,35
165,35
6509,35
6460,35
6324,35
6305,35
6252,35
6205,35
6043,35
5663,35
5604,35
5346,35
5086,35
4991,35
11154,35
4399,35
4253,35
4241,35
4025,35
3875,35
10242,35
517,35
514,35
10061,35
6777,35
12996,38
143,35
6474,35
9578,35
9255,35
9240,35
5914,35
9056,35
2584,35
5721,35
12128,35
2396,35
2346,35
5414,35
10186,35
3764,35
3750,35
531,35
3651,35
2049,35
6825,35
1824,35
1767,35
85,35
6457,35
1546,35
7956,35
6280,35
7850,35
7835,35
1378,35
9385,35
7782,35
4523,35
1298,35
2809,35
4412,35
4384,35
1170,35
6685,35
4285,35
1066,35
1820,35
4177,35
866,35
7278,35
828,35
1545,35
3905,35
20766,38
7913,35
6155,35
536,35
1342,35
1326,35
461,35
7267,35
13223,35
4387,35
776,35
6776,35
9993,35
9992,35
11994,35
6705,35
2608,35
4210,35
163,35
1763,35
6154,35
2154,35
9369,35
7766,35
1496,35
6875,35
6568,35
7286,35
1090,35
6514,35
7761,35
5528,35
7622,35
1814,35
21437,36
21386,36
21242,36
21224,36
20918,36
20794,36
20414,36
20226,36
20217,36
19142,36
19029,36
19009,36
16812,36
16798,36
16642,36
16584,36
16350,36
16346,36
16284,36
16263,36
16030,36
15800,36
15476,36
12562,36
11109,36
10393,36
9860,36
9312,36
9267,36
9250,36
9235,36
8794,36
8745,36
8708,36
8262,36
13890,36
7359,36
6134,36
6047,36
5339,36
11635,36
7061,36
10211,36
3786,36
9519,36
6165,36
12570,36
15594,36
2659,36
8999,36
8976,36
11877,36
2253,36
5422,36
138,36
6466,36
6447,36
9625,36
2789,36
1181,36
1124,36
6591,36
968,36
11305,36
3994,36
10381,36
530,36
5312,36
7120,36
1096,36
1853,36
8229,36
1011,36
2433,36
2005,36
21357,38
21287,38
21228,38
21071,38
21040,38
20945,38
20797,38
20396,38
20311,38
20298,38
19799,38
19751,38
19507,38
19441,38
19435,38
19343,38
19270,38
19241,38
18986,38
18223,38
18182,38
18138,38
17837,38
17785,38
17784,38
17777,38
17576,38
17506,38
17182,38
17178,38
17115,38
17004,38
16925,38
16923,38
16873,38
16700,38
16685,38
16459,38
16444,38
16427,38
16163,38
16026,38
15997,38
15894,38
13189,38
12676,38
12305,38
11449,38
11029,38
10950,38
10908,38
10883,38
8327,38
14619,38
8020,38
7963,38
7824,38
7494,38
7490,38
7469,38
7319,38
496,38
13212,38
13194,38
13182,38
12699,38
6223,38
12610,38
6103,38
6096,38
12356,38
12331,38
5516,38
5377,38
11755,38
11748,38
11505,38
4908,38
11078,38
10928,38
10872,38
10462,38
3993,38
3933,38
3920,38
3839,38
3833,38
544,38
3418,38
3229,38
9539,38
12722,38
15675,38
2799,38
2540,38
8771,38
5442,38
2219,38
1835,38
9637,38
1581,38
7993,38
10909,38
1118,38
2714,38
16270,39
3417,38
9027,38
3394,38
16247,38
4884,38
7305,38
1667,38
15276,38
1577,38
3161,38
748,38
2281,38
12973,38
2552,38
545,38
12146,38
11738,38
1291,38
3632,38
4787,39
17640,38
13211,38
7992,38
3129,38
10694,38
7443,38
4964,38
1354,38
4937,38
12965,38
3298,38
5665,38
844,38
6856,38
3336,38
3239,38
836,38
20352,39
19625,39
19198,39
19082,39
19081,39
19077,39
19044,39
18509,39
18487,39
18458,39
18454,39
18437,39
18374,39
18366,39
17442,39
17400,39
17062,39
16990,39
16940,39
16854,39
16767,39
16415,39
16282,39
16142,39
16134,39
16100,39
12814,39
12813,39
12628,39
11379,39
11276,39
11261,39
11170,39
10757,39
10756,39
10746,39
10632,39
10604,39
10385,39
10377,39
9829,39
9812,39
9700,39
9433,39
8829,39
8726,39
8706,39
8451,39
8363,39
8347,39
7584,39
7015,39
444,39
13238,39
13007,39
6576,39
100,39
6376,39
12758,39
6137,39
12534,39
12464,39
5839,39
5798,39
12080,39
5485,39
5392,39
5260,39
5207,39
5146,39
11197,39
4741,39
4634,39
10754,39
4091,39
4036,39
10285,39
13482,39
10262,39
10261,39
6965,39
13172,39
198,39
213,39
12752,39
2994,39
2993,39
2977,39
6121,39
2555,39
11894,39
6952,39
5245,39
5231,39
1913,39
1912,39
1910,39
8190,39
4881,39
4771,39
7591,39
9178,39
9165,39
1147,39
4306,39
1102,39
10724,39
1040,39
10633,39
5782,39
974,39
5769,39
1681,39
870,39
4700,39
4695,39
4686,39
6951,39
1306,39
895,39
3661,39
6371,39
1174,39
9171,39
1909,39
867,39
8211,39
1158,39
450,39
890,39
940,39
11160,39
5236,39
10553,39
929,39
2529,39
5216,39
