21480,0
21479,0
21474,0
21352,0
21298,0
21272,0
21266,0
21265,0
21256,0
21240,0
21237,0
21236,0
21234,0
21232,0
21218,0
21215,0
21211,0
21199,0
21194,0
21189,0
21136,0
21114,0
21095,0
21081,0
21055,0
21053,0
21049,0
21045,0
21044,0
21032,0
21022,0
21014,0
21012,0
20988,0
20975,0
20973,0
20937,0
20920,0
20896,0
20894,0
20813,0
20812,0
20800,0
20798,0
20784,0
20779,0
20776,0
20735,0
20711,0
20680,0
20672,0
20652,0
20648,0
20640,0
20630,0
20596,0
20593,0
20564,0
20561,0
20558,0
20548,0
20545,0
20502,0
20499,0
20470,0
20455,0
20450,0
20448,0
20442,0
20440,0
20414,0
20400,0
20395,0
20385,0
20378,0
20376,0
20339,0
20314,0
20310,0
20284,0
20278,0
20269,0
20255,0
20252,0
20228,0
20221,0
20217,0
20189,0
20166,0
20118,0
20105,0
19978,0
19887,0
19850,0
19745,0
19723,0
19710,0
19427,0
19171,0
19009,0
18953,0
18816,0
18699,0
18283,0
18155,0
18120,0
18052,0
17988,0
17802,0
17655,0
17489,0
17032,0
16910,0
16825,0
16819,0
16818,0
16812,0
16809,0
16800,0
16735,0
16715,0
16705,0
16672,0
16668,0
16655,0
16642,0
16584,0
16551,0
16461,0
16388,0
16385,0
16377,0
16376,0
16371,0
16297,0
16284,0
16263,0
15888,0
15790,0
2787,17
15640,0
2779,17
15632,0
15527,2
2674,0
15515,0
15476,0
15415,18
2562,0
2291,3
15144,0
15141,0
15136,0
15119,18
2266,0
1769,17
14622,0
14516,0
14504,15
1651,0
211,3
13064,0
13031,0
12721,0
12645,0
12631,0
12616,0
12520,0
12211,0
12207,0
12085,0
12061,0
12042,0
11879,0
11736,0
11727,0
11629,0
11621,0
11564,0
11543,0
11528,0
11500,0
11494,0
11470,0
11443,0
11307,0
11283,0
11115,0
11060,0
11047,0
10924,0
10917,0
10907,0
10851,0
10611,0
10499,0
10478,0
10431,0
10393,0
10225,0
10130,0
10099,0
10037,0
9973,0
9860,0
9441,0
9405,0
9364,0
9346,0
9267,0
9250,0
9235,0
2773,17
15626,0
2695,14
15548,0
9115,0
9111,0
9091,0
15495,0
9049,0
8956,0
8946,0
8865,0
8793,0
8750,0
8745,0
8740,0
8738,0
15157,17
2304,0
2273,8
15126,0
15109,0
8598,7
21451,0
2153,17
15006,0
2149,12
15002,0
15000,0
8577,4
21430,0
8563,2
21416,0
2109,12
14962,0
8506,11
21359,0
8493,11
21346,0
14900,3
2047,0
8458,0
8409,9
21262,0
8401,5
21254,0
8399,19
21252,0
8374,2
21227,0
8366,9
21219,0
8364,0
8342,2
21195,0
8320,10
21173,0
8264,5
21117,0
8254,0
8226,0
8131,7
20984,0
8119,11
20972,0
8048,0
8032,8
20885,0
8001,0
7972,2
20825,0
14389,2
1536,0
7961,6
20814,0
20775,18
7922,0
7894,17
20747,0
14314,14
1461,0
7884,0
7880,0
7875,14
20728,0
20679,3
7826,0
7818,16
20671,0
7797,18
20650,0
7752,13
20605,0
7730,4
20583,0
7682,17
20535,0
7678,18
20531,0
7670,3
20523,0
7644,3
20497,0
7635,3
20488,0
7623,1
20476,0
7620,19
20473,0
7593,7
20446,0
7585,1
20438,0
7514,3
20367,0
7512,2
20365,0
7504,15
20357,0
7472,0
13890,0
7459,0
7449,19
20302,0
7370,15
20223,0
7354,18
20207,0
7342,15
20195,0
7331,0
7312,7
20165,0
7279,17
20132,0
20129,8
7276,0
7259,13
20112,0
7244,0
19927,18
7074,0
7072,0
7012,11
19865,0
7001,11
19854,0
560,0
6865,0
6779,0
6622,5
19475,0
12915,0
6475,0
6317,7
19170,0
6279,0
6233,0
12596,0
6134,0
6094,0
6048,0
6017,0
18870,0
5969,0
5950,0
5926,0
5922,0
12334,0
5879,11
18732,0
12231,0
18591,4
5738,0
18418,2
5565,0
18348,11
5495,0
5492,0
18336,18
5483,0
11896,0
5464,0
5438,0
5426,0
5396,3
18249,0
5367,0
5327,4
18180,0
5314,0
5308,0
5299,11
18152,0
11664,0
11635,0
5212,11
18065,0
5195,7
18048,0
5175,7
18028,0
17943,7
5090,0
11503,0
11478,0
11475,0
4981,5
17834,0
4900,17
17753,0
4898,11
17751,0
4814,0
4794,0
4792,0
4755,0
4692,11
17545,0
11111,0
4690,7
17543,0
10897,0
10891,0
4357,0
4330,0
17129,2
4276,0
17037,8
4184,0
4178,18
17031,0
4063,7
16916,0
3989,0
7157,0
16807,19
3954,0
19986,1
7133,0
3922,0
698,0
3860,0
3784,0
3755,19
16608,0
3701,11
16554,0
3697,0
466,0
3669,4
16522,0
6840,0
9985,0
3533,2
16386,0
3422,15
16275,0
3416,15
16269,0
3353,16
16206,0
12919,1
66,0
19307,5
6454,0
48,16
12901,0
9576,0
9519,0
6254,0
12664,0
3028,2
15881,0
9444,0
6186,0
6185,0
6173,0
6165,0
12570,0
15695,0
15692,0
2839,0
9260,0
6018,0
5994,0
5967,0
2751,0
2737,2
15590,0
12352,0
15570,0
12296,0
2659,0
5850,6
18703,0
9066,0
15446,18
2593,0
5757,15
18610,0
2548,0
5749,9
18602,0
2490,0
2483,0
15336,0
18531,2
5678,0
18530,2
5677,0
5632,0
2409,0
8826,0
2380,9
15233,0
15221,0
8767,0
2320,0
8731,0
5494,0
2253,0
5441,3
18294,0
5415,0
15053,0
3772,10
16625,0
3770,6
16623,0
5356,0
14954,9
2101,0
8528,0
2107,15
14960,0
11721,0
11666,0
2042,0
3625,18
16478,0
6827,17
19680,0
3624,0
3623,10
16476,0
3557,9
16410,0
6729,0
1902,7
14755,0
1846,0
8236,0
17787,18
4934,0
6523,0
19344,18
6491,0
19308,9
6455,0
12891,15
38,0
8047,4
20900,0
4805,0
14427,0
1569,0
7983,15
20836,0
7948,8
20801,0
4729,0
1524,0
14313,2
1460,0
1467,0
3046,18
15899,0
1404,0
1381,0
1317,0
7734,0
7733,2
20586,0
7709,17
20562,0
12505,0
2873,0
2866,4
15719,0
4472,0
2862,6
15715,0
9270,0
1229,0
4419,0
18863,3
6010,0
1160,0
7568,2
20421,0
1137,0
1134,0
12346,0
1122,0
8318,0
4288,0
7505,9
20358,0
7500,2
20353,0
8292,0
7484,15
20337,0
1063,0
1059,0
3446,6
16299,0
21123,11
8270,0
1849,0
19473,3
6620,0
3413,11
16266,0
19462,15
6609,0
13036,5
183,0
10610,0
17042,11
4189,0
12204,0
2580,0
7404,19
20257,0
13027,0
15421,2
2568,0
6495,0
5682,0
7287,1
20140,0
4014,0
12014,0
3996,0
17644,11
4791,0
783,0
7985,15
20838,0
14417,12
1564,0
762,5
13615,0
3960,5
16813,0
11977,0
5556,0
15180,0
2338,0
2322,3
15175,0
7139,0
7113,0
19966,0
6297,0
7918,11
20771,0
3091,14
15944,0
13539,11
686,0
1492,0
3895,0
11112,0
19136,3
6283,0
2279,0
8970,0
15001,18
2148,0
1344,0
1722,0
19387,7
6534,0
528,0
6115,0
1314,0
5312,0
9311,0
846,0
12880,1
27,0
12869,0
6799,0
16457,3
3604,0
8005,0
10411,0
3575,10
16428,0
3582,0
774,0
3571,7
16424,0
16824,14
3971,0
3946,19
16799,0
1135,0
5911,0
1111,0
5501,19
18354,0
7914,4
20767,0
2693,0
7517,17
20370,0
11499,0
20344,13
7491,0
1070,0
4056,6
16909,0
456,0
9029,0
399,0
8184,1
21037,0
7381,14
20234,0
9372,0
1351,0
1727,0
533,0
19386,18
6533,0
10946,0
15359,0
8520,0
21373,0
7398,4
20251,0
3377,3
16230,0
65,0
1677,0
8501,17
21354,0
483,0
19329,15
6476,0
14517,0
1644,0
5650,0
8868,0
7362,18
20215,0
7096,0
10564,0
8060,2
20913,0
1642,0
2433,0
16486,9
3633,0
3629,0
21191,9
8338,0
15782,8
2929,0
1525,0
18858,11
6005,0
7626,6
20479,0
2005,0
818,0
6804,11
19657,0
3601,17
16454,0
1087,0
21532,1
19653,1
19625,1
19529,1
19082,1
19081,1
19077,1
18549,1
18509,1
18495,1
18488,1
18465,1
18463,1
18458,1
18454,1
18437,1
18433,1
18374,1
18366,1
18362,1
17442,1
17400,1
16990,1
16987,1
16967,1
16940,1
16854,1
16772,1
16767,1
16740,1
16429,1
16415,1
16310,1
16304,1
16282,1
16274,1
16164,1
16149,1
16142,1
16134,1
16125,1
16100,1
16074,1
2725,2
15578,1
14818,7
1965,1
435,3
13288,1
13070,1
12788,1
12592,1
12466,1
12336,1
12249,1
12147,1
12125,1
12102,1
12040,1
12010,1
11960,1
11795,1
11789,1
11765,1
11379,1
11291,1
11276,1
11261,1
11191,1
11170,1
10827,1
10757,1
10746,1
10737,1
10708,1
10604,1
10385,1
10377,1
10289,1
9829,1
9700,1
9489,1
9453,1
9433,1
9265,1
9107,1
2512,15
15365,1
8726,1
8706,1
8585,1
2121,2
14974,1
8543,1
2065,12
14918,1
8363,1
8347,1
1789,14
14642,1
8209,1
21031,2
8178,1
20527,9
7674,1
20459,7
7606,1
7584,1
7583,1
7557,1
7394,2
20247,1
7015,1
19867,2
7014,1
19866,15
7013,1
19808,5
6955,1
444,1
13282,1
13238,1
13007,1
100,1
19238,2
6385,1
6353,1
12758,1
12694,1
18920,3
6067,1
12464,1
18851,7
5998,1
18739,18
5886,1
5849,1
5839,1
5830,1
5798,1
5711,11
18564,1
12131,1
12080,1
12016,1
11941,1
5485,1
18300,18
5447,1
18242,9
5389,1
5260,1
18109,16
5256,1
5253,1
5238,1
5207,1
5205,1
5044,5
17897,1
11197,1
4741,1
4634,1
4370,4
17223,1
4238,16
17091,1
4199,14
17052,1
17005,2
4152,1
4091,1
4074,1
4036,1
3930,16
16783,1
19982,7
7129,1
3926,3
16779,1
7075,1
10285,1
10261,1
7031,1
6965,1
19828,2
6975,1
3720,1
19773,2
6920,1
16493,18
3640,1
13172,1
330,1
3461,2
16314,1
198,1
6619,1
213,1
124,1
3210,15
16063,1
12752,1
3092,1
3073,1
3016,1
12632,1
2995,1
2994,1
2990,1
12407,1
2757,8
15610,1
9182,1
15579,1
15560,1
5848,1
18658,3
5805,1
2555,1
5742,17
18595,1
15384,2
2531,1
15227,14
2374,1
5579,14
18432,1
18376,18
5523,1
11894,1
8661,1
11858,1
21477,2
8624,1
6982,1
13284,1
5245,1
5231,1
18068,9
5215,1
378,12
13231,1
1933,1
1918,3
14771,1
1912,1
1815,1
8190,1
9706,1
12912,1
59,1
8103,1
4881,1
3219,1
4771,1
11190,1
17597,5
4744,1
17513,15
4660,1
17494,7
4641,1
4637,1
11030,1
9294,1
4475,8
17328,1
6000,1
7591,1
9178,1
9165,1
1147,1
1102,1
10724,1
1079,1
5052,1
4255,1
1036,1
3417,18
16270,1
1023,1
5782,1
974,1
15410,1
4174,7
17027,1
5769,1
4099,5
16952,1
1681,1
870,1
14354,1
4700,1
4695,1
3898,1
4686,1
2952,1
6957,2
19810,1
19796,18
6943,1
6951,1
3723,1
16561,4
3708,1
895,1
3688,1
3661,1
2843,1
17640,15
4787,1
3990,3
16843,1
379,3
13232,1
9196,1
6371,1
1971,1
6758,1
4338,3
17191,1
15550,1
867,1
18660,15
5807,1
4993,1
8211,1
1158,1
9769,1
8172,1
480,10
13333,1
3902,6
16755,1
12908,1
4097,11
16950,1
13274,1
450,1
10314,1
940,1
11160,1
839,1
7263,2
20116,1
10553,1
16985,6
4132,1
929,1
2529,1
1068,1
16555,3
3702,1
233,1
3344,3
16197,1
7222,1
4290,1
5687,17
18540,1
21576,2
21568,2
21565,2
21556,2
21517,2
21512,2
21502,2
21473,2
21469,2
21369,2
21339,2
21293,2
21138,2
21076,2
21019,2
21018,2
20925,2
20907,2
20902,2
20834,2
20653,2
20465,2
20389,2
20377,2
20267,2
20058,2
20039,2
20034,2
20013,2
19993,2
19832,2
19658,2
19556,2
19507,2
19480,2
19478,2
19471,2
19433,2
19432,2
19371,2
19343,2
19191,2
18924,2
18860,2
18849,2
18835,2
18774,2
18744,2
18700,2
18676,2
18674,2
18616,2
18519,2
18490,2
18466,2
18443,2
18423,2
18415,2
18403,2
18389,2
18372,2
18332,2
18321,2
18302,2
18277,2
18271,2
18257,2
18228,2
18222,2
18160,2
18095,2
18014,2
17952,2
17915,2
17892,2
17877,2
17780,2
17758,2
17731,2
17707,2
17568,2
17499,2
17455,2
17433,2
17423,2
17417,2
17410,2
17403,2
17302,2
17301,2
17285,2
17248,2
17246,2
17188,2
17187,2
17177,2
17173,2
17149,2
17142,2
17140,2
17128,2
17117,2
17077,2
17039,2
17038,2
17036,2
16955,2
16903,2
16897,2
16871,2
16774,2
16759,2
16749,2
16734,2
16581,2
16499,2
16331,2
16318,2
16196,2
16179,2
16177,2
16171,2
16146,2
16120,2
16097,2
16077,2
15988,2
15979,2
15973,2
15932,2
15929,2
15872,2
15859,2
15855,2
15672,2
2819,2
2813,15
15666,2
2783,3
15636,2
2767,7
15620,2
15551,2
15543,2
2687,4
15540,2
2650,18
15503,2
2630,10
15483,2
15481,2
15471,2
15459,13
2606,2
15447,2
2594,2
15406,12
2553,2
2504,9
15357,2
15352,2
2499,2
15306,2
15303,2
15255,2
15234,2
2366,14
15219,2
2347,17
15200,2
15096,2
14987,2
14981,9
2128,2
14959,2
14926,11
2073,2
14885,2
14839,2
14757,2
14539,10
1686,2
14069,13
1216,2
1105,3
13958,2
13458,2
13321,2
13245,2
389,14
13242,2
13201,2
13190,2
13175,18
322,2
317,11
13170,2
13096,2
13072,2
13046,2
168,18
13021,2
12815,2
12775,2
12748,2
12728,2
12689,2
12670,2
12651,2
12502,2
12490,2
12489,2
12465,2
12461,2
12460,2
12443,2
12442,2
12423,2
12409,2
12404,2
12338,2
12278,2
12259,2
12197,2
12073,2
11970,2
11907,2
11812,2
11768,2
11746,2
11574,2
11460,2
11459,2
11447,2
11430,2
11425,2
11371,2
11344,2
11297,2
11292,2
11285,2
11278,2
11265,2
11251,2
11249,2
11234,2
11174,2
11102,2
10959,2
10864,2
10811,2
10773,2
10755,2
10750,2
10743,2
10729,2
10721,2
10717,2
10704,2
10693,2
10619,2
10618,2
10606,2
10559,2
10359,2
10332,2
10299,2
10100,2
10062,2
10049,2
10048,2
9988,2
9982,2
9933,2
9906,2
9866,2
9858,2
9764,2
9746,2
9733,2
9720,2
9603,2
9505,2
9479,2
9473,2
9450,2
9314,2
9290,2
15694,2
9253,2
2803,11
15656,2
9155,2
15568,2
9110,2
9065,2
15485,2
15454,2
2560,14
15413,2
8948,2
15366,5
2513,2
8906,2
8857,2
8802,2
15220,2
8755,2
8748,2
8713,2
8710,2
8707,2
21541,7
8688,2
15104,19
2251,2
8683,11
21536,2
8677,2
8638,5
21491,2
21490,13
8637,2
2196,14
15049,2
21460,4
8607,2
21431,8
8578,2
8546,2
14911,2
8489,14
21342,2
8478,2
8453,2
14859,15
2006,2
8432,15
21285,2
8424,19
21277,2
8405,2
1932,16
14785,2
8344,2
21197,2
8308,2
8246,2
21093,3
8240,2
8234,2
21051,5
8198,2
21050,14
8197,2
21046,15
8193,2
21030,15
8177,2
8176,2
20983,9
8130,2
8108,2
8091,2
8089,2
20938,8
8085,2
7952,2
20790,7
7937,2
7930,2
7839,2
7831,2
7814,3
20667,2
20662,5
7809,2
1359,10
14212,2
14178,2
7710,2
7669,2
7643,2
20496,2
7642,2
7592,2
7570,2
20419,4
7566,2
20386,9
7533,2
7496,2
13834,2
7408,14
20261,2
7406,18
20259,2
7379,14
20232,2
20220,13
7367,2
7355,2
20176,8
7323,2
7240,2
780,19
13633,2
7177,2
7143,2
7126,2
7071,2
7032,2
7029,16
19882,2
7023,2
6928,15
19781,2
6922,2
19775,2
467,5
13320,2
13200,2
13191,9
338,2
349,2
13185,2
6764,2
331,5
13184,2
315,14
13168,2
304,15
13157,2
6681,19
19534,2
249,2
13078,10
225,2
13056,11
203,2
214,10
13067,2
6632,2
6630,5
19483,2
6578,2
6576,2
6494,2
6483,2
6473,2
29,2
6436,2
12848,2
6373,2
6361,2
12774,2
12761,2
19193,10
6340,2
6337,2
12732,2
6244,19
19097,2
12654,2
6225,2
6169,6
19022,2
12559,2
6137,2
6128,2
12546,2
12534,2
12507,2
6086,2
6083,2
6058,2
6035,18
18888,2
12454,2
6020,15
18873,2
5985,2
12340,2
5900,2
12270,2
5827,2
5792,2
5789,2
5739,3
18592,2
5724,6
18577,2
5712,14
18565,2
18563,13
5710,2
12122,2
5690,2
5667,3
18520,2
5611,2
18464,2
5609,18
18462,2
5602,4
18455,2
5592,19
18445,2
5567,11
18420,2
5554,7
18407,2
5544,19
18397,2
5532,9
18385,2
5530,19
18383,2
5522,17
18375,2
18352,6
5499,2
5491,2
18334,3
5481,2
5470,12
18323,2
5453,2
5423,2
18276,2
5394,2
5392,2
11811,2
5382,2
18188,5
5335,2
11753,2
5330,2
5297,9
18150,2
5281,2
5270,2
11665,2
18093,3
5240,2
5237,2
5201,2
5192,2
5190,2
11597,2
18029,3
5176,2
5171,2
5139,2
5126,14
17979,2
11546,2
17978,15
5125,2
11523,2
5097,5
17950,2
5095,8
17948,2
5077,18
17930,2
5072,4
17925,2
17923,11
5070,2
5058,10
17911,2
5053,17
17906,2
5043,19
17896,2
11455,2
11450,2
4965,2
4941,2
4903,2
11322,2
11314,2
4867,2
11256,2
17677,15
4824,2
11242,2
4816,2
11228,2
4785,2
4781,2
11163,2
4713,2
4689,2
11087,2
4666,11
17519,2
4662,2
4640,2
17478,7
4625,2
11043,2
4622,2
17457,11
4604,2
4600,2
4595,6
17448,2
4583,14
17436,2
4576,10
17429,2
17408,7
4555,2
4481,10
17334,2
4477,7
17330,2
4470,2
4465,2
17318,2
4458,2
17311,2
4453,10
17306,2
4439,17
17292,2
17289,7
4436,2
17260,16
4407,2
4405,2
17258,2
4388,17
17241,2
4386,3
17239,2
4371,15
17224,2
10774,2
4353,8
17206,2
4349,2
4345,2
4343,2
17196,2
10760,2
10734,2
4301,15
17154,2
4297,2
4267,2
4246,7
17099,2
10662,2
10661,2
4215,2
4205,8
17058,2
10613,2
4170,6
17023,2
4165,2
4156,2
16992,15
4139,2
16975,5
4122,2
4096,2
10505,2
4061,2
4041,2
16888,4
4035,2
10449,2
7218,15
20071,2
10418,2
7196,2
7192,9
20045,2
7185,10
20038,2
10403,2
16835,17
3982,2
16826,14
3973,2
7161,2
7136,3
19989,2
10354,2
7119,2
7115,9
19968,2
690,17
13543,2
7111,5
19964,2
16745,6
3892,2
3886,15
16739,2
7070,2
7049,16
19902,2
13462,2
3828,14
16681,2
16649,7
3796,2
6998,2
16648,18
3795,2
6996,2
3793,18
16646,2
10192,2
16615,12
3762,2
518,2
10122,2
478,2
13271,2
405,10
13258,2
13236,2
13251,2
409,14
13262,2
13244,2
10015,2
3589,5
16442,2
3577,5
16430,2
13199,18
346,2
9975,2
16395,15
3542,2
3534,2
9954,2
13144,2
302,2
3520,2
3492,2
3463,11
16316,2
246,2
3449,2
6638,3
19491,2
16288,10
3435,2
6623,2
19474,19
6621,2
3378,2
3372,7
16225,2
3371,2
3352,2
9763,2
3295,18
16148,2
12900,18
47,2
46,2
3249,2
3222,2
16075,2
19267,4
6414,2
16045,4
3192,2
3187,2
3153,18
16006,2
3149,2
15984,19
3131,2
15981,9
3128,2
3111,2
15964,2
12731,2
3098,2
15951,2
15909,8
3056,2
15900,18
3047,2
3040,2
6202,2
2985,16
15838,2
2983,2
9398,2
2971,2
15823,9
2970,2
15821,8
2968,2
15808,18
2955,2
15803,3
2950,2
2930,2
9336,2
2853,2
2793,2
2792,2
12415,2
9208,2
2768,7
15621,2
2762,2
15613,9
2760,2
12375,2
18807,6
5954,2
9163,2
2688,2
9069,2
2647,2
2635,2
15453,2
2602,4
15455,2
5796,2
2579,17
15432,2
5788,2
15400,2
2554,2
5756,2
2550,2
5751,18
18604,2
8961,2
12152,2
2520,2
8933,2
8895,2
5643,2
8850,2
15270,15
2417,2
15253,2
8806,2
5540,10
18393,2
15179,2
2326,2
2310,2
8696,2
2259,10
15112,2
5472,2
8686,6
21539,2
15095,2
8670,6
21523,2
11863,2
11861,2
8658,2
2228,2
11830,2
8623,2
3779,2
6968,2
2168,2
3694,2
8518,15
21371,2
14921,2
3652,18
16505,2
18111,5
5258,2
3645,2
14867,2
2001,11
14854,2
2010,2
2000,2
8416,2
8415,2
1983,2
5168,2
1960,2
3526,2
8334,3
21187,2
5113,2
9907,2
1889,2
16336,14
3483,2
1880,2
13090,3
237,2
6658,2
19511,2
1858,2
8269,17
21122,2
3442,2
248,2
6603,2
4970,15
17823,2
16185,18
3332,2
6559,14
19412,2
3329,2
8137,2
12962,17
109,2
3285,2
81,2
9675,2
6428,2
3225,2
3223,15
16076,2
17682,15
4829,2
12843,2
9640,2
6420,19
19273,2
9638,2
8040,7
20893,2
19283,5
6430,2
4809,2
12823,2
6407,2
14440,2
9604,2
1563,2
4765,9
17618,2
1550,2
7962,2
4740,7
17593,2
1535,2
15956,3
3103,2
7901,2
7899,2
7888,2
7877,2
7873,2
14270,2
4617,7
17470,2
3003,2
4609,7
17462,2
15832,12
2979,2
15829,3
2976,2
4581,4
17434,2
2964,11
15817,2
15811,3
2958,2
1361,2
17341,3
4488,2
2881,2
20525,15
7672,2
17284,3
4431,2
20485,7
7632,2
9218,2
7621,19
20474,2
2785,2
7609,2
4380,17
17233,2
1159,18
14012,2
18810,10
5957,2
7569,2
4340,2
1125,2
11544,2
5123,2
1920,2
15562,2
20392,13
7539,2
5902,2
4303,7
17156,2
2681,2
1082,2
256,2
6677,2
14719,2
5880,2
7501,2
7495,8
20348,2
1072,2
10687,2
5040,2
8258,2
1040,2
9834,2
4218,13
17071,2
10622,2
3390,2
5783,2
982,2
10593,2
969,2
3290,18
16143,2
8114,2
7310,2
889,2
884,2
10506,2
16117,18
3264,2
12091,2
16922,18
4069,2
8069,7
20922,2
4052,2
6461,2
2390,2
16837,17
3984,2
10391,2
7168,15
20021,2
757,2
7154,2
718,2
20803,9
7950,2
11946,2
1519,2
3109,2
3918,2
5506,2
704,2
13530,16
677,2
688,2
19957,4
7104,2
697,2
17544,9
4691,2
19950,11
7097,2
7088,2
7085,2
15394,2
955,2
2155,2
15391,12
2538,2
20618,3
7765,2
3748,2
6546,2
8943,2
19787,8
6934,2
5318,2
14957,2
19767,14
6914,2
3711,2
11734,2
14963,4
2110,2
6101,2
4504,4
17357,2
8113,2
2064,2
7684,2
16513,7
3660,2
7679,5
20532,2
20917,15
8064,2
13688,2
835,2
19699,5
6846,2
4038,2
6433,3
19286,2
7226,13
20079,2
4420,19
17273,2
390,11
13243,2
16437,17
3584,2
7605,7
20458,2
12397,2
3572,2
5573,8
18426,2
4372,8
17225,2
1949,2
5543,4
18396,2
16392,17
3539,2
345,2
4735,2
3934,15
16787,2
3528,2
6740,2
17980,7
5127,2
3917,17
16770,2
14751,17
1898,2
12332,2
7529,7
20382,2
16367,14
3514,2
14340,2
3472,2
1078,2
5870,2
3256,2
20927,4
8074,2
9680,2
853,2
3253,2
6465,5
19318,2
15450,2
8427,2
8206,2
1785,2
3360,2
16213,2
13008,2
11385,2
2951,2
15804,2
5154,2
11775,2
3348,16
16201,2
3351,2
2542,2
136,2
3339,2
12969,2
4127,2
16978,11
4125,2
525,2
9738,2
903,2
19780,18
6927,2
1299,2
19364,3
6511,2
15416,2
8098,2
14922,2
2480,2
7304,2
6492,2
3473,2
1675,2
16200,6
3347,2
4144,17
16997,2
1044,2
3440,2
3133,2
8160,2
10563,2
4142,4
16995,2
7260,2
4845,2
8063,2
10156,2
16588,7
3735,2
4135,3
16988,2
6541,2
4071,2
4918,15
17771,2
1715,2
918,2
3315,2
8080,2
3122,2
7659,2
15797,4
2944,2
1347,2
6636,10
19489,2
16286,15
3433,2
2013,2
13247,2
20161,12
7308,2
4220,9
17073,2
21462,3
21454,3
21429,3
21382,3
21376,3
21358,3
21318,3
21251,3
21210,3
21000,3
20919,3
20734,3
20710,3
20142,3
19984,3
19959,3
19870,3
19751,3
19744,3
19731,3
19256,3
18963,3
18962,3
18951,3
18930,3
18921,3
18861,3
18859,3
18773,3
18689,3
18682,3
18638,3
18504,3
18254,3
18217,3
18182,3
18138,3
18135,3
18017,3
17993,3
17973,3
17960,3
17876,3
17872,3
17860,3
17857,3
17849,3
17839,3
17812,3
17776,3
17749,3
17723,3
17710,3
17700,3
17612,3
17596,3
17574,3
17573,3
17538,3
17506,3
17361,3
17349,3
17317,3
17212,3
17174,3
17164,3
17125,3
17095,3
17053,3
17048,3
17003,3
16983,3
16875,3
16700,3
16652,3
16622,3
16443,3
16403,3
16307,3
16287,3
16241,3
16238,3
16203,3
16163,3
16093,3
16041,3
15997,3
15993,3
15961,3
15918,3
15912,3
15767,3
15736,3
2763,15
15616,3
2744,16
15597,3
15585,3
2722,13
15575,3
15569,3
15484,3
15387,13
2534,3
15308,3
15292,3
15230,3
15226,3
2357,14
15210,3
2303,14
15156,3
2269,11
15122,3
2151,18
15004,3
14978,3
2079,10
14932,3
14903,3
14736,3
1734,8
14587,3
14544,3
1689,8
14542,3
14263,3
13757,18
904,3
849,15
13702,3
410,19
13263,3
13224,17
371,3
271,16
13124,3
13077,3
13023,3
13003,3
139,17
12992,3
12963,18
110,3
12937,3
12861,3
12717,3
12707,3
12702,3
12677,3
12647,3
12627,3
12611,3
12557,3
12529,3
12487,3
12449,3
12298,3
11981,3
11925,3
11841,3
11808,3
11793,3
11743,3
11663,3
11563,3
11514,3
11468,3
11466,3
11451,3
11440,3
11431,3
11374,3
11370,3
11274,3
11105,3
11074,3
11029,3
11015,3
10913,3
10887,3
10849,3
10794,3
10555,3
10508,3
10498,3
10470,3
10361,3
10348,3
10335,3
10219,3
10197,3
10114,3
10110,3
10096,3
10071,3
10067,3
10038,3
10002,3
9971,3
9915,3
9874,3
9872,3
9850,3
9833,3
9809,3
9742,3
9668,3
9618,3
9561,3
9487,3
9443,3
9388,3
9330,3
9242,3
9232,3
9156,3
2658,8
15511,3
9072,3
9064,3
9047,3
8996,3
8945,3
2496,13
15349,3
2482,17
15335,3
8914,3
15294,3
8866,3
8863,3
8853,3
8717,3
8711,3
2275,4
15128,3
21557,7
8704,3
21538,18
8685,3
2167,19
15020,3
14967,14
2114,3
8541,14
21394,3
8526,3
14933,14
2080,3
21325,13
8472,3
21259,13
8406,3
21175,4
8322,3
21129,11
8276,3
8225,18
21078,3
8205,3
7997,3
14395,3
7928,3
7897,3
7896,3
20746,19
7893,3
7891,18
20744,3
7876,3
7872,3
20725,3
7845,17
20698,3
7813,18
20666,3
7810,3
7791,3
7671,3
7639,3
20457,15
7604,3
13904,3
20334,12
7481,3
20328,5
7475,3
7363,10
20216,3
7357,7
20210,3
13753,3
7220,3
7209,3
758,4
13611,3
13404,7
551,3
496,3
6913,5
19766,3
19702,5
6849,3
377,3
352,7
13205,3
6726,3
281,3
6657,7
19510,3
13043,3
201,9
13054,3
96,15
12949,3
6528,17
19381,3
19380,5
6527,3
6507,12
19360,3
6503,3
64,14
12917,3
75,3
6463,3
37,4
12890,3
19294,16
6441,3
6438,14
19291,3
12857,3
12797,3
6282,3
12641,3
6220,14
19073,3
12620,3
12608,3
18988,15
6135,3
12517,3
18945,11
6092,3
12512,3
12503,3
6082,3
6027,3
18830,4
5977,3
5958,18
18811,3
5946,3
5934,3
5919,3
12309,3
5835,11
18688,3
12219,3
12159,3
18566,15
5713,3
12127,3
5689,3
5659,3
5641,3
12048,3
5585,3
18438,3
5537,10
18390,3
5517,3
11891,3
5465,3
11872,3
11847,3
11832,3
18253,15
5400,3
18243,9
5390,3
5379,3
5377,3
11763,3
5309,3
11717,3
11708,3
5286,3
18096,12
5243,3
5234,3
5222,11
18075,3
5183,6
18036,3
5177,3
5102,3
5094,3
5091,3
11506,3
5020,3
17873,3
11373,3
4910,18
17763,3
4893,14
17746,3
4890,3
11271,3
17701,15
4848,3
17659,18
4806,3
17651,15
4798,3
17632,7
4779,3
4733,3
4708,3
4687,3
17540,3
11100,3
4654,6
17507,3
17432,7
4579,3
17389,7
4536,3
10872,3
10826,3
10787,3
10786,3
4365,3
4237,3
4228,17
17081,3
4204,3
4167,3
17012,18
4159,3
4153,3
4146,3
4075,3
16886,19
4033,3
16850,19
3997,3
3916,3
7073,3
10291,3
3858,17
16711,3
19913,15
7060,3
3857,10
16710,3
7041,3
7011,6
19864,3
16650,16
3797,3
544,3
3759,3
3758,3
16611,3
498,3
6887,3
10041,3
6830,9
19683,3
16465,18
3612,3
10000,3
6767,3
356,3
6737,3
6752,3
3491,3
13011,3
6498,3
19351,3
3266,3
16119,3
12888,3
12834,3
3154,3
9549,3
9526,3
3104,3
6276,3
15925,11
3072,3
15924,14
3071,3
9488,3
3062,3
3038,3
9437,3
9434,3
3013,3
3008,17
15861,3
6157,3
12550,3
2886,17
15739,3
6070,3
15698,3
6042,19
18895,3
2799,3
2791,3
5986,3
15602,3
5955,3
9172,3
15584,3
2718,8
15571,3
5898,9
18751,3
9087,3
15494,3
2638,3
18646,13
5793,3
2570,3
2543,18
15396,3
5723,4
18576,3
5671,3
12083,3
8880,3
2419,3
8830,3
5596,3
2309,4
15162,3
2271,3
15118,17
2265,3
18307,4
5454,3
5442,3
11837,3
5409,3
11829,3
18238,18
5385,3
5376,6
18229,3
547,3
5366,3
532,3
10171,3
5340,3
6907,3
19760,3
2097,3
8513,3
442,3
436,3
13265,3
1994,3
5115,6
17968,3
8331,3
6689,3
3486,13
16339,3
14739,6
1886,3
21077,13
8224,3
1801,3
14629,3
1735,3
1723,3
3275,3
6502,3
12883,3
17694,15
4841,3
9644,3
1622,3
6419,10
19272,3
9637,3
3216,3
19263,15
6410,3
8023,3
14423,3
4772,3
17625,3
3063,3
1456,3
12667,3
4649,13
17502,3
4648,3
7865,3
11051,3
1427,3
4615,3
1391,3
4585,3
7796,3
9381,3
9338,3
2917,3
7737,3
1316,3
2897,3
1300,3
1276,3
20546,8
7693,3
1252,3
7650,3
1228,3
15655,10
2802,3
2797,3
20471,9
7618,3
7603,3
12368,3
5947,3
13966,3
5105,19
17958,3
1103,3
2699,3
1077,3
4277,3
1052,3
7468,19
20321,3
1032,3
1015,3
16247,15
3394,3
1000,3
162,3
15425,3
4976,18
17829,3
11395,3
1771,3
7318,3
3276,3
10472,3
3205,3
7217,3
768,3
9563,3
15995,5
3142,3
4748,3
17601,3
741,3
18378,7
5525,3
7128,8
19981,3
7109,18
19962,3
3094,3
7107,3
7090,10
19943,3
15777,19
2924,3
8547,3
12146,3
14156,18
1303,3
6930,3
3699,3
4494,8
17347,3
14888,3
8467,3
5620,3
10841,3
393,3
787,3
381,3
6811,5
19664,3
1575,3
13225,11
372,3
3573,3
6784,3
7149,3
743,3
6731,3
19561,13
6708,3
7102,11
19955,3
696,3
9088,3
9677,3
6877,3
12243,3
9025,3
1996,3
995,3
3587,3
1790,3
4963,5
17816,3
960,3
16814,9
3961,3
15801,7
2948,3
3742,3
18590,15
5737,3
10548,3
7341,3
12965,3
2696,3
7296,3
474,3
1741,3
9108,3
16140,11
3287,3
14582,15
1729,3
4143,3
1340,3
3340,3
3336,3
1739,3
2039,3
6836,3
1332,3
18,3
4331,17
17184,3
7749,3
16597,5
3744,3
6639,6
19492,3
4107,3
10,3
1213,3
7093,3
19946,3
21447,4
21295,4
21286,4
21242,4
21233,4
21224,4
21178,4
21176,4
21106,4
21047,4
21034,4
20976,4
20804,4
20712,4
20567,4
20515,4
20507,4
20432,4
20381,4
20380,4
20135,4
19862,4
19815,4
19790,4
19639,4
19459,4
18719,4
18606,4
17811,4
17788,4
17685,4
17607,4
16912,4
16848,4
16806,4
16480,4
16441,4
16348,4
16346,4
16342,4
16244,4
15733,4
15703,14
2850,4
15561,18
2708,4
15482,4
2462,18
15315,4
15130,4
14612,16
1759,4
14394,15
1541,4
13552,11
699,4
13032,4
12705,4
12659,4
12613,4
12562,4
12516,4
12182,4
12169,4
11993,4
11878,4
11758,4
11754,4
11696,4
11684,4
11683,4
11578,4
11529,4
11429,4
11407,4
11338,4
11300,4
11128,4
11028,4
11019,4
10966,4
10964,4
10923,4
10856,4
10561,4
10253,4
10027,4
9807,4
9647,4
9611,4
9566,4
9562,4
9425,4
9399,4
9334,4
9312,4
9003,4
8935,4
15337,15
2484,4
8742,4
8553,11
21406,4
8521,4
8488,4
8487,4
8430,15
21283,4
21278,18
8425,4
8388,4
8361,15
21214,4
8335,4
8300,4
21142,12
8289,4
8259,18
21112,4
14630,4
8036,4
8026,19
20879,4
7883,4
20736,4
7820,11
20673,4
7816,5
20669,4
7739,4
14103,4
7627,18
20480,4
7516,4
7483,4
7455,8
20308,4
13870,11
1017,4
7439,4
7410,4
7330,4
7302,4
7191,4
6859,9
19712,4
6747,4
6711,4
6668,4
19377,6
6524,4
6521,15
19374,4
6500,4
6496,4
12866,5
13,4
24,4
6271,4
6257,4
6232,4
6187,4
6138,4
6078,4
18904,14
6051,4
5991,4
12379,4
12294,4
5669,4
12079,4
12078,4
5657,4
5654,4
5629,4
18470,18
5617,4
18448,7
5595,4
5555,4
11967,4
18328,6
5475,4
11622,4
11588,4
5114,14
17967,4
5084,4
17887,12
5034,4
5015,4
17773,19
4920,4
4901,4
4745,4
11132,4
11046,4
10973,4
10879,4
4378,4
4358,4
17199,11
4346,4
4261,4
4258,4
4182,5
17035,4
4157,4
10534,4
10524,4
4029,4
734,4
16725,12
3872,4
16723,6
3870,4
16670,12
3817,4
10227,4
3806,4
16654,9
3801,4
3771,4
19703,15
6850,4
16487,12
3634,4
10040,4
202,4
9839,4
19163,6
6310,4
6243,4
6242,4
6211,4
9389,4
6149,4
6123,4
2918,4
2834,4
2820,4
5975,15
18828,4
15607,11
2754,4
5931,4
12271,4
2645,4
15477,4
2567,4
5758,4
8965,4
12163,4
2539,4
15354,4
5679,4
8814,4
2335,19
15188,4
5538,4
15152,4
11877,4
2252,4
2249,4
2227,4
5416,4
2188,4
10185,4
14995,4
16479,18
3626,4
8447,19
21300,4
2016,4
8355,18
21208,4
21192,19
8339,4
13110,4
5051,4
5050,4
5018,4
19426,15
6573,4
138,4
4914,4
4892,4
1655,4
9625,4
1469,4
7887,4
14298,11
1445,4
11058,4
7855,5
20708,4
11036,4
7802,6
20655,4
1192,4
1191,4
17216,6
4363,4
1157,4
17194,6
4341,4
1138,4
4337,4
8340,9
21193,4
1117,4
14744,4
7521,6
20374,4
1877,4
1837,4
7444,4
210,4
1003,4
1768,4
8915,4
11305,4
11308,4
2479,4
848,4
5600,4
16853,11
4000,4
781,4
11153,4
7940,7
20793,4
15145,4
16762,7
3909,4
16747,7
3894,4
680,4
2276,4
6552,4
1752,4
1355,4
3740,4
7747,5
20600,4
5725,4
5317,4
1311,4
18166,19
5313,4
8530,4
19357,9
6504,4
98,4
8879,4
1258,4
10459,4
7193,4
3977,4
1528,4
731,4
8296,4
2667,4
6679,4
7432,4
1007,4
11630,4
10008,4
5354,4
6551,4
4954,4
4930,4
21190,9
8337,4
19373,11
6520,4
2877,4
17929,7
5076,4
9894,4
10089,4
10983,4
7762,4
1639,4
16533,13
3680,4
484,4
859,4
19178,19
6325,4
10165,4
4404,4
4819,9
17672,4
20114,15
7261,4
20291,13
7438,4
21550,5
21401,5
21201,5
21133,5
21007,5
20982,5
20946,5
20467,5
19975,5
19895,5
19839,5
19830,5
19802,5
19762,5
19645,5
19379,5
19312,5
19262,5
19208,5
19092,5
18922,5
18906,5
18882,5
18852,5
18842,5
18667,5
18402,5
18387,5
18234,5
18225,5
18145,5
18080,5
18040,5
18037,5
17878,5
17867,5
17847,5
17782,5
17759,5
17719,5
17706,5
17589,5
17563,5
17529,5
17488,5
17472,5
17421,5
17399,5
17342,5
17314,5
17137,5
16963,5
16707,5
16523,5
16510,5
16354,5
16277,5
16210,5
15898,5
15580,5
15467,5
15345,7
2492,5
15197,17
2344,5
15052,5
14865,18
2012,5
14563,5
1684,15
14537,5
1457,11
14310,5
14028,5
13711,5
12822,5
12683,5
12679,5
12485,5
12400,5
12345,5
12225,5
12191,5
12117,5
12094,5
11833,5
11822,5
11403,5
11268,5
11126,5
11104,5
11071,5
11056,5
11039,5
10985,5
10941,5
10908,5
10904,5
10847,5
10834,5
10467,5
10432,5
10388,5
10371,5
10224,5
10086,5
9976,5
9752,5
9607,5
9332,5
9205,5
9104,5
8978,5
8916,5
15329,7
2476,5
15327,19
2474,5
2458,13
15311,5
2391,17
15244,5
8780,5
8734,5
8705,5
8613,11
21466,5
1975,11
14828,5
8217,5
7968,5
14315,5
7874,5
1293,9
14146,5
7715,5
1246,7
14099,5
7534,5
7488,17
20341,5
7470,5
7452,5
7352,5
7045,5
6888,5
6881,17
19734,5
6874,5
19727,5
6819,5
13194,5
6725,5
236,7
13089,5
247,5
6594,19
19447,5
12959,5
6537,5
12767,5
12692,5
12644,5
12599,5
12515,5
12441,5
5930,9
18783,5
12333,5
12321,5
5888,5
12236,5
12133,5
12132,5
5675,5
5627,5
11996,5
11982,5
11954,5
5533,5
11923,5
11920,5
5334,11
18187,5
5296,10
18149,5
5291,5
11707,5
5191,5
11507,5
11464,5
4922,14
17775,5
4835,6
17688,5
17595,15
4742,5
11134,5
4621,5
4592,5
10962,5
4510,5
10790,5
4339,5
17186,16
4333,5
4323,5
17102,7
4249,5
17084,6
4231,5
10515,5
4015,13
16868,5
3991,5
764,5
7087,5
3853,19
16706,5
3846,5
3830,5
6995,5
16628,13
3775,5
19737,18
6884,5
10102,5
6762,5
3438,5
16262,10
3409,5
3367,5
128,18
12981,5
68,5
3251,5
15963,18
3110,5
15960,11
3107,5
12716,5
6274,8
19127,5
3069,5
3067,18
15920,5
2999,5
19041,11
6188,5
9392,5
15704,9
2851,5
15668,9
2815,5
5949,5
18728,10
5875,5
2672,5
15462,11
2609,5
12226,5
9014,5
15427,13
2574,5
2578,5
12186,5
2551,15
15404,5
5762,5
8951,5
2530,5
8909,5
18539,11
5686,5
11915,5
11895,5
11873,5
2246,5
11862,5
15078,17
2225,5
8632,5
6953,5
18148,6
5295,5
6841,5
5203,5
9952,5
11553,5
6712,5
6710,5
3469,5
1835,5
1832,5
13024,5
3395,5
11393,5
6478,10
19331,5
3263,5
3252,5
1626,5
1,5
6422,5
9619,5
3183,5
16016,19
3163,5
7987,9
20840,5
20837,12
7984,5
7967,5
1506,5
1480,5
14282,10
1429,5
1434,5
3009,5
4610,13
17463,5
1406,5
12600,5
1301,19
14154,5
1260,5
9234,5
1211,5
4411,15
17264,5
15596,5
1156,5
10748,5
3517,13
16370,5
8306,5
9102,5
3474,13
16327,5
8298,5
2671,5
9081,5
14679,5
13874,5
7453,5
17054,7
4201,5
10615,5
3380,11
16233,5
185,5
8186,6
21039,5
87,17
12940,5
10473,5
4051,5
2434,5
20087,7
7234,5
5597,5
703,5
15154,6
2301,5
15146,5
19963,15
7110,5
11121,5
1497,5
4697,5
11107,5
685,5
16202,8
3349,5
5755,5
12173,5
1350,5
10129,5
3707,5
1263,5
15300,17
2447,5
820,5
1217,5
17254,7
4401,5
15623,5
7184,19
20037,5
6778,5
9194,5
7992,5
5535,9
18388,5
735,5
6714,5
12886,5
3405,14
16258,5
10831,5
3387,5
945,5
930,5
5722,17
18575,5
8940,5
5899,18
18752,5
1099,5
1676,5
10895,5
3668,9
16521,5
272,5
20168,8
7315,5
4739,5
19295,11
6442,5
10151,5
3228,5
4408,5
6886,5
2102,5
16155,11
3302,5
687,5
21501,6
21391,6
21303,6
21131,6
21023,6
20989,6
20829,6
20787,6
20632,6
20469,6
20439,6
20409,6
20186,6
19557,6
19546,6
19293,6
18992,6
18472,6
18421,6
18357,6
18231,6
18104,6
17511,6
17452,6
17449,6
17352,6
17335,6
17316,6
17279,6
17277,6
17274,6
17269,6
17256,6
17245,6
17201,6
17083,6
17075,6
17074,6
16957,6
16946,6
16935,6
16932,6
16929,6
16926,6
16856,6
16794,6
16788,6
16357,6
16257,6
16256,6
16214,6
16139,6
16088,6
15840,6
14904,6
14199,6
13649,6
186,15
13039,6
12842,6
12830,6
12791,6
12755,6
12754,6
12690,6
12604,6
12564,6
12563,6
12473,6
12457,6
12028,6
11860,6
11706,6
11587,6
11580,6
11558,6
11551,6
11545,6
11519,6
11487,6
11446,6
11444,6
11390,6
11357,6
11352,6
11287,6
11260,6
11175,6
11103,6
11093,6
11076,6
10905,6
10876,6
10695,6
10665,6
10642,6
10623,6
10608,6
10530,6
10455,6
10302,6
10265,6
10255,6
10230,6
10107,6
9923,6
9847,6
9797,6
9755,6
9712,6
9704,6
9689,6
9681,6
9657,6
9535,6
9315,6
9147,6
9134,6
9076,6
2370,14
15223,6
2353,8
15206,6
15198,6
15171,6
2308,10
15161,6
8699,6
8676,6
8663,6
8641,6
21488,19
8635,6
8608,6
21455,9
8602,6
14912,6
2056,15
14909,6
8480,7
21333,6
21281,9
8428,6
14826,6
8349,7
21202,6
21105,9
8252,6
21097,15
8244,6
8212,16
21065,6
8151,6
8141,6
20959,7
8106,6
1659,15
14512,6
8056,8
20909,6
8012,10
20865,6
7942,17
20795,6
7907,6
1440,11
14293,6
20453,19
7600,6
7477,6
7314,6
7148,17
20001,6
7135,6
13270,6
13195,15
342,6
6716,6
71,17
12924,6
12806,6
19199,7
6346,6
12602,6
6091,7
18944,6
12472,6
6014,13
18867,6
5973,6
5908,6
5895,6
5858,6
18663,15
5810,6
5808,6
5655,6
5561,6
5546,17
18399,6
5288,6
18108,7
5255,6
11658,6
5160,6
11555,6
11498,6
5057,6
11198,6
4717,6
4712,6
17518,18
4665,6
11065,6
17405,7
4552,6
4513,6
4452,17
17305,6
4451,9
17304,6
10809,6
10779,6
10767,6
4313,9
17166,6
4192,6
4120,11
16973,6
4117,11
16970,6
4048,6
4026,6
3999,18
16852,6
10375,6
10347,6
10264,6
10209,6
3777,14
16630,6
408,15
13261,6
6788,6
6757,6
3553,6
6425,6
3157,6
9532,6
3078,6
3010,6
12623,6
9415,6
12609,6
6180,18
19033,6
12594,6
9348,6
6119,6
9279,6
9220,6
9184,6
5964,6
15501,15
2648,6
9015,6
8982,6
2559,6
12179,6
12178,6
15386,6
15310,6
8692,6
8674,6
8668,13
21521,6
8667,6
5408,6
21441,13
8588,6
2028,8
14881,6
2025,6
354,6
5132,6
1848,6
1845,6
1839,6
1809,6
1731,6
8109,6
49,6
9628,6
16052,14
3199,6
11225,6
1579,6
7866,10
20719,6
4632,6
1367,8
14220,6
2936,6
4429,7
17282,6
1226,6
10781,6
1148,6
1897,6
10709,6
1085,6
1871,6
1863,6
13908,6
11461,6
2620,6
13045,6
991,6
11397,6
17025,18
4172,6
4111,8
16964,6
8102,6
9697,6
16884,17
4031,6
5583,14
18436,6
5507,7
18360,6
1499,6
9515,6
18605,15
5752,6
7771,6
20624,6
6926,6
104,6
925,6
14951,6
3241,14
16094,6
10355,6
1656,6
1022,6
1963,6
1951,6
2942,6
1680,6
9777,6
894,6
6941,6
16294,12
3441,6
9554,6
8044,6
1356,6
10352,6
3931,6
1201,6
16908,16
4055,6
21574,7
21567,7
21419,7
21228,7
20878,7
20824,7
20769,7
20396,7
20230,7
20159,7
20095,7
20089,7
20080,7
20048,7
20012,7
20005,7
19844,7
19807,7
19758,7
19559,7
19551,7
19505,7
19499,7
19411,7
19241,7
19223,7
19167,7
19083,7
19069,7
19065,7
18975,7
18917,7
18865,7
18746,7
18621,7
18567,7
18557,7
18367,7
18280,7
18186,7
18099,7
18085,7
18071,7
18066,7
18050,7
18009,7
17986,7
17963,7
17899,7
17864,7
17863,7
17813,7
17760,7
17686,7
17473,7
17431,7
17422,7
17419,7
17411,7
17406,7
17365,7
17359,7
17338,7
17298,7
17247,7
17236,7
17152,7
17097,7
17067,7
16993,7
16991,7
16989,7
16981,7
16979,7
16962,7
16777,7
16680,7
16658,7
16656,7
16651,7
16636,7
16607,7
16589,7
16577,7
16216,7
16215,7
16176,7
16103,7
16095,7
16023,7
15913,7
15810,7
15363,7
2393,8
15246,7
15237,7
14982,7
14971,9
2118,7
2024,15
14877,7
14844,7
14545,17
1692,7
13279,7
422,8
13275,7
13255,16
402,7
13189,7
13085,15
232,7
12905,7
12836,7
12827,7
12778,7
12760,7
12725,7
12691,7
12680,7
12676,7
12633,7
12399,7
12317,7
12302,7
12281,7
12195,7
12135,7
12054,7
12011,7
11900,7
11888,7
11866,7
11848,7
11826,7
11791,7
11723,7
11639,7
11559,7
11541,7
11490,7
11437,7
11387,7
11372,7
11327,7
11183,7
11149,7
11144,7
11123,7
11048,7
11041,7
10903,7
10584,7
10545,7
10445,7
10306,7
10258,7
10080,7
9953,7
9943,7
9891,7
9853,7
9804,7
9795,7
9661,7
9654,7
9559,7
9544,7
9527,7
9509,7
9465,7
9445,7
9423,7
9356,7
9352,7
2800,14
15653,7
9207,7
2771,17
15624,7
9203,7
9197,7
9075,7
15424,7
8962,7
8944,7
15314,7
8873,7
8845,7
8835,7
21519,16
8666,7
8662,7
8628,7
8610,7
15028,9
2175,7
8606,7
8599,7
15013,7
8592,7
14983,9
2130,7
14923,7
8490,17
21343,7
21291,11
8438,7
8359,7
21067,10
8214,7
8167,7
8134,7
8016,17
20869,7
7840,17
20693,7
7611,7
7552,7
20363,8
7510,7
7391,7
791,7
714,7
7030,7
13290,7
13281,7
19644,9
6791,7
13210,7
311,7
19572,14
6719,7
290,7
13095,18
242,7
19448,18
6595,7
42,7
12803,7
6382,7
6350,7
6348,7
6267,7
6264,7
12655,7
6215,7
6214,7
6208,7
19037,11
6184,7
6177,7
6125,7
6085,7
18938,7
12468,7
6034,7
18721,9
5868,7
12213,7
5727,7
5719,7
18570,18
5717,7
5706,7
12084,7
5603,17
18456,7
5598,7
11916,7
11831,7
11817,7
5363,7
5345,7
5278,7
5273,7
5244,7
11661,7
18079,15
5226,7
5194,7
5172,7
5167,7
5148,11
18001,7
5134,7
5118,7
5117,7
11492,7
5002,7
4983,7
4821,17
17674,7
11233,7
4714,7
4711,7
11025,7
4603,7
17446,18
4593,7
11007,7
4524,7
4507,7
4493,15
17346,7
10902,7
4476,8
17329,7
4438,9
17291,7
4425,7
4369,7
4310,18
17163,7
4259,7
10678,7
10625,7
10590,7
10586,7
4129,7
4115,16
16968,7
10462,7
4028,7
4027,7
3980,11
16833,7
736,7
7155,14
20008,7
3912,7
16717,17
3864,7
3843,7
3838,7
7024,7
16653,17
3800,7
10213,7
6993,7
6985,7
6961,7
416,16
13269,7
6815,7
3594,7
9941,7
13115,7
9912,7
3488,7
19512,16
6659,7
3452,7
6653,8
19506,7
3425,14
16278,7
9799,7
3271,7
6432,7
19285,7
6413,7
3155,7
6352,7
15968,15
3115,7
3086,7
15939,7
12696,7
6275,17
19128,7
3051,7
15901,17
3048,7
3034,7
15876,13
3023,7
15851,8
2998,7
9403,7
2973,7
6090,7
9293,7
6056,7
15691,14
2838,7
2833,7
6023,7
9204,7
2764,7
15617,7
2746,7
2652,7
2596,7
12209,7
12208,7
12201,7
5780,7
8991,7
15409,7
2546,7
5746,7
18599,7
5734,7
2475,7
2386,8
15239,7
2383,7
2376,7
8765,7
8756,7
8747,7
15149,7
5474,7
18326,9
5473,7
5471,7
2257,11
15110,7
8689,7
15121,18
2268,7
8681,7
8672,7
2238,17
15091,7
2247,7
11843,7
2219,7
2202,11
15055,7
15038,7
8615,7
562,7
2108,7
486,7
21363,10
8510,7
5276,7
5268,7
423,17
13276,7
19697,18
6844,7
3622,15
16475,7
3609,7
3592,7
362,7
9978,7
1948,7
1934,7
3509,7
11504,7
3455,7
14689,11
1836,7
5042,7
8222,7
19451,15
6598,7
3364,7
12980,11
127,7
3313,14
16166,7
1711,7
19368,18
6515,7
1682,7
20947,8
8094,7
12898,9
45,7
3254,10
16107,7
1619,7
6402,15
19255,7
3198,7
3204,7
1598,7
8000,7
12790,7
3166,7
4769,11
17622,7
1562,7
1520,7
12701,7
1478,7
4664,7
1444,7
1414,7
1387,7
6163,7
1312,7
1292,7
1212,7
1210,7
15639,7
1197,7
10749,7
13946,7
1088,7
16312,14
3459,7
14715,18
1862,7
4266,7
10676,7
4227,18
17080,7
199,18
13052,7
10640,7
10633,7
176,7
8204,7
12203,7
908,7
6493,7
8105,7
873,7
8088,7
5670,7
18523,7
2467,7
857,7
4054,7
8055,7
8029,7
9582,7
16810,9
3957,7
754,7
7966,7
748,7
3928,7
7124,7
8725,7
11118,7
684,7
1477,7
952,7
8569,7
7763,7
6944,7
14968,9
2115,7
6525,11
19378,7
4518,7
504,7
1306,7
6093,7
489,7
3181,7
10808,7
8796,7
2375,7
2775,7
13206,15
353,7
8396,7
16021,15
3168,7
2371,7
3563,7
1966,7
16409,18
3556,7
10367,7
1909,7
13950,7
4304,8
17157,7
6687,10
19540,7
3259,15
16112,7
9674,7
6665,7
18686,18
5833,7
9051,7
16283,13
3430,7
1808,7
1207,7
1990,11
14843,7
4964,7
16005,11
3152,7
3751,13
16604,7
11575,7
6746,7
5149,7
7366,7
4525,7
17972,9
5119,7
1916,7
2517,7
6912,7
4302,8
17155,7
8117,7
14941,7
502,7
977,7
3277,11
16130,7
1076,7
875,7
16319,9
3466,7
5162,7
8086,7
6453,7
144,7
941,7
7311,7
842,7
8554,7
4039,7
1631,7
834,7
8441,7
1718,7
9374,7
10752,7
17086,15
4233,7
13060,7
14055,7
11637,7
1616,7
2449,7
10311,7
10464,7
4043,7
21336,8
21324,8
21322,8
21248,8
21238,8
21209,8
21179,8
21103,8
21028,8
20931,8
20910,8
20822,8
20794,8
20770,8
20685,8
20668,8
20639,8
20634,8
20533,8
20517,8
20468,8
20443,8
20407,8
20332,8
20324,8
20299,8
20279,8
20237,8
20187,8
20180,8
20174,8
20138,8
19742,8
19648,8
19424,8
19422,8
18875,8
18769,8
18258,8
17795,8
16619,8
16602,8
16590,8
16405,8
16365,8
15908,8
15834,8
15729,8
15601,9
2748,8
15558,8
2116,14
14969,8
14886,18
2033,8
1327,9
14180,8
12715,8
12681,8
12624,8
12391,8
12364,8
12341,8
12306,8
12266,8
12166,8
12033,8
11990,8
11713,8
11705,8
11667,8
11566,8
11416,8
11320,8
11301,8
11145,8
10999,8
10980,8
10839,8
10430,8
9914,8
9556,8
9502,8
9316,8
9301,8
9097,8
8890,8
8860,8
15274,11
2421,8
8708,8
15065,8
2212,8
8595,14
21448,8
8581,8
8579,8
8559,19
21412,8
8407,9
21260,8
8394,8
8391,8
21244,8
21128,11
8275,8
8262,8
20883,13
8030,8
8017,8
20807,12
7954,8
7838,8
7790,8
7723,8
7676,19
20529,8
7531,16
20384,8
7466,19
20319,8
7388,19
20241,8
7359,8
7338,9
20191,8
20117,13
7264,8
7212,8
7080,11
19933,8
13192,8
6738,8
6586,8
19290,15
6437,8
6309,8
6293,8
19087,15
6234,8
6146,8
6104,8
6047,8
5993,8
5744,8
5680,8
5575,8
11904,8
11898,8
5417,8
5359,8
5342,8
5339,8
11690,8
11685,8
11633,8
11569,8
11549,8
17981,18
5128,8
11377,8
4850,18
17703,8
4827,8
17630,9
4777,8
10926,8
10919,8
7229,8
10447,8
10436,8
16865,13
4012,8
3952,8
715,8
16761,15
3908,8
7061,8
3840,8
10211,8
16621,15
3768,8
494,8
3681,8
19690,18
6837,8
6787,8
361,18
13214,8
6592,8
9810,8
160,8
164,8
9429,8
9339,8
2887,8
15709,17
2856,8
5894,8
2691,8
15489,8
8999,8
8979,8
8976,8
15324,15
2471,8
2350,8
2337,9
15190,8
15189,8
8741,8
2316,8
15094,8
5452,8
2236,8
5437,8
2221,8
5422,8
2194,8
3734,17
16587,8
2048,8
3639,11
16492,8
8449,16
21302,8
2026,8
11649,8
16398,18
3545,8
3507,16
16360,8
1861,8
167,8
1764,8
11359,8
1716,17
14569,8
11302,8
6447,8
1602,8
4788,8
1585,8
1433,8
7841,8
7830,8
11031,8
6179,8
1366,8
1285,8
1251,8
1245,8
2806,8
1200,8
2789,8
1182,8
18778,15
5925,8
4307,8
1084,8
1080,8
2663,8
7487,17
20340,8
7441,8
1010,8
998,8
187,8
6591,8
4974,8
10598,8
1765,8
74,8
13715,8
837,8
10381,8
4732,8
1658,8
1198,8
6802,17
19655,8
1176,8
4376,8
2750,8
7120,8
1101,8
1650,8
8229,8
10023,8
3602,8
6794,17
19647,8
16396,10
3543,8
15772,9
2919,8
6908,15
19761,8
8294,8
12115,8
12874,8
7465,8
93,8
1283,8
12150,8
12153,8
5321,8
1128,8
19666,15
6813,8
8422,15
21275,8
9231,8
490,8
21453,9
21405,9
21271,9
21257,9
21255,9
21221,9
21205,9
21182,9
21181,9
21165,9
21148,9
21135,9
21132,9
21100,9
21042,9
21038,9
21036,9
21017,9
20974,9
20969,9
20943,9
20932,9
20930,9
20926,9
20888,9
20768,9
20695,9
20660,9
20658,9
20654,9
20606,9
20566,9
20498,9
20493,9
20490,9
20415,9
20388,9
20364,9
19915,9
19803,9
19704,9
19674,9
19369,9
18718,9
18648,9
18303,9
18158,9
17712,9
17617,9
17616,9
17556,9
17547,9
16921,9
16890,9
16858,9
16816,9
16815,9
16803,9
16802,9
16795,9
16708,9
16687,9
16633,9
16598,9
16592,9
16538,9
16448,9
16374,9
16347,9
16317,9
16221,9
16022,9
16015,9
16013,9
15985,9
15886,9
15819,9
15757,9
15732,9
15559,9
15265,9
15211,9
2237,18
15090,9
14985,9
14873,11
2020,9
14525,9
13092,9
13026,9
12674,9
12672,9
12187,9
12063,9
12022,9
11336,9
10974,9
10921,9
10885,9
10855,9
10853,9
10609,9
10601,9
10174,9
10119,9
10108,9
9995,9
9961,9
9678,9
9606,9
9572,9
9558,9
9486,9
9427,9
9378,9
9278,9
9273,9
9263,9
9238,9
9103,9
15521,9
8859,9
8810,9
15205,9
15062,9
8636,18
21489,9
15027,9
15023,9
14998,9
8565,9
8497,15
21350,9
8313,13
21166,9
8311,14
21164,9
14300,9
14285,9
7843,9
7728,9
1238,15
14091,9
7548,11
20401,9
7519,17
20372,9
7518,17
20371,9
7476,9
13854,9
7190,9
756,9
7079,9
13435,9
6743,9
13122,9
12904,9
6323,9
6311,9
6273,9
6240,9
6181,9
6175,9
6172,9
6107,9
6073,9
6055,9
5913,9
18754,10
5901,9
12240,9
12110,9
5658,9
18429,11
5576,9
18419,11
5566,9
11980,9
11976,9
5496,9
5451,9
5444,9
5407,9
5355,9
11479,9
5055,9
5029,9
4999,9
17673,18
4820,9
4807,11
17660,9
4803,9
4747,9
10972,9
4521,9
4457,9
4292,9
4257,9
4176,9
4169,9
10573,9
4141,9
7078,9
10254,9
3792,11
16645,9
16635,13
3782,9
10196,9
3695,9
3667,9
16490,13
3637,9
3605,10
16458,9
3564,11
16417,9
9963,9
6641,9
169,9
9682,9
3036,14
15889,9
6231,9
6213,9
2954,11
15807,9
9366,9
6130,9
6129,9
6105,9
9274,9
6041,9
15669,9
15605,15
2752,9
2590,9
2561,9
5731,9
5716,9
8925,9
12098,9
8892,9
15312,18
2459,9
18435,14
5582,9
5456,11
18309,9
15067,9
16638,10
3785,9
2182,9
557,9
2112,9
2092,9
10097,9
3676,9
449,9
6848,9
420,9
8353,18
21206,9
6669,9
1803,9
4911,9
1638,9
1610,9
1566,9
7964,14
20817,9
1543,9
1527,9
19159,18
6306,9
1452,9
3043,15
15896,9
1384,9
1364,9
1320,9
6084,9
1265,9
14093,9
15667,9
1188,9
1177,9
4351,9
5100,9
4239,9
4219,9
4216,9
1009,9
6597,14
19450,9
7421,16
20274,9
4194,9
3381,15
16234,9
2566,9
8986,9
8115,15
20968,9
7272,9
778,9
1554,9
3948,15
16801,9
3944,17
16797,9
3903,9
1494,9
12704,9
4155,9
9333,9
7735,9
11733,9
1264,9
6814,19
19667,9
6785,9
773,9
15207,9
728,9
1532,9
2298,9
4273,9
6456,9
1033,9
6642,9
5209,18
18062,9
9964,9
12995,15
142,9
7520,17
20373,9
2099,9
13717,9
3672,9
13114,9
535,9
16591,18
3738,9
2836,9
16583,15
3730,9
14970,9
16874,15
4021,9
6147,9
7634,9
6505,9
7508,9
6696,9
8858,9
21267,10
20936,10
20721,10
20709,10
20420,10
20406,10
18840,10
18795,10
18738,10
18736,10
18698,10
17880,10
17113,10
16568,10
16549,10
16300,10
15959,10
15573,16
2720,10
15464,15
2611,10
14166,17
1313,10
12824,10
12579,10
12574,10
12288,10
12237,10
12046,10
11935,10
11728,10
11625,10
11400,10
11282,10
11090,10
11088,10
10894,10
10877,10
10547,10
10387,10
10237,10
10112,10
10085,10
9959,10
9599,10
9438,10
9326,10
9284,10
15528,10
8992,10
15280,10
15278,10
8846,10
8784,10
15120,10
15029,10
21415,13
8562,10
8545,10
8479,10
14729,10
8227,10
8221,10
1653,17
14506,10
7979,10
7974,10
7864,10
7725,10
7707,10
7696,10
7694,10
20489,11
7636,10
7349,10
7245,10
7158,10
7064,10
555,10
6894,10
13196,18
343,10
6763,10
6661,10
6635,10
6577,10
12862,13
9,10
6287,10
12698,10
6222,10
6106,10
5912,13
18765,10
11958,10
11730,10
11643,10
4818,11
17671,10
4796,10
4613,10
11027,10
4551,10
4505,10
4498,10
4374,10
17028,15
4175,10
10566,10
10509,10
16838,17
3985,10
7063,10
3841,10
16684,15
3831,10
10222,10
10180,10
6852,10
10068,10
16473,17
3620,10
3578,10
3541,16
16394,10
13062,10
191,10
3389,10
6590,10
16195,11
3342,10
3194,10
3189,10
9383,10
9371,10
2920,10
9268,10
15593,10
2700,19
15553,10
2664,10
9030,10
15438,11
2585,10
12155,10
12045,10
2398,10
2379,10
8797,10
8768,10
5469,10
5440,10
2230,10
2198,10
10181,10
10115,10
5300,10
407,10
406,10
404,10
11636,10
6734,10
9904,10
11510,10
1794,10
6532,10
3303,10
23,10
8007,10
20811,18
7958,10
1526,10
3025,18
15878,10
4584,10
1379,10
1360,10
6120,10
7690,10
4437,10
7631,10
10833,10
10805,10
14761,10
1071,10
194,10
12929,10
20170,12
7317,10
811,10
7189,10
7975,10
3939,15
16792,10
6312,10
8733,10
21575,11
8722,10
1488,10
146,10
2549,10
5351,10
113,10
83,10
2890,10
6864,10
3258,10
2046,10
817,10
1571,10
8791,10
1173,10
11156,10
7141,10
20802,19
7949,10
1875,10
50,10
6862,10
9040,10
3603,10
3382,10
11358,10
7358,10
4474,10
865,10
5694,10
6499,10
8454,10
10054,10
3598,10
1747,10
1287,10
21423,11
21321,11
21130,11
20778,11
20270,11
20262,11
20090,11
20025,11
19998,11
19890,11
19786,11
19509,11
19122,11
19017,11
19006,11
18995,11
18994,11
18902,11
18872,11
18493,11
18467,11
18459,11
18392,11
17894,11
17752,11
17748,11
17416,11
17384,11
17364,11
17333,11
17275,11
17148,11
17123,11
17103,11
17059,11
17011,11
16961,11
16750,11
16359,11
16332,11
16251,11
16212,11
16188,11
16133,11
16115,11
16098,11
16091,11
15914,11
15858,11
15742,11
15643,11
15595,15
2742,11
15504,11
15478,11
15194,11
2029,13
14882,11
14783,11
14549,17
1696,11
13900,13
1047,11
13721,14
868,11
706,15
13559,11
13507,11
13256,11
13119,11
12818,11
12814,11
12813,11
12799,11
12763,11
12759,11
12743,11
12432,11
12413,11
12224,11
12027,11
11794,11
11330,11
11284,11
11279,11
11273,11
11270,11
11252,11
11243,11
11236,11
11210,11
11205,11
11181,11
11179,11
11173,11
11171,11
11064,11
10992,11
10796,11
10742,11
10738,11
10710,11
10703,11
10702,11
10632,11
10537,11
10416,11
10356,11
10342,11
10322,11
10318,11
10310,11
10272,11
9927,11
9892,11
9812,11
9771,11
9745,11
9641,11
9408,11
9393,11
9296,11
9201,11
2728,15
15581,11
9142,11
9124,11
9048,11
15389,11
8757,11
8684,11
8656,11
8654,11
8629,11
14988,11
8544,11
14930,11
8451,11
8314,11
8309,11
14626,14
1773,11
21016,12
8163,11
8138,11
8068,11
14418,11
7879,11
7767,11
7596,11
7576,11
20300,13
7447,11
7344,11
800,11
7166,18
20019,11
725,11
7066,11
19880,15
7027,11
6981,11
6929,11
6869,11
13286,11
439,12
13292,11
13280,11
438,12
13291,11
6770,11
6707,15
19560,11
13113,19
260,11
6647,17
19500,11
13053,11
6450,11
6434,11
19280,18
6427,11
6376,11
6368,11
6278,11
6248,19
19101,11
12639,11
6189,11
19042,11
12555,11
12524,11
12488,11
6060,11
12469,11
6025,11
12398,11
12394,11
12355,11
5909,11
5905,11
5887,11
5826,11
5819,11
5800,11
11953,11
5388,11
11798,11
5328,11
18176,15
5323,11
5272,11
5235,11
5214,11
5210,11
5071,11
5054,17
17907,11
11324,11
11315,11
4795,11
11202,11
11177,11
4756,11
4679,11
17491,18
4638,11
4541,11
4364,11
10768,11
10744,11
4286,11
10682,11
4173,11
4113,11
16966,11
4103,11
16941,14
4088,11
4081,11
4080,11
4067,11
7020,11
19788,12
6935,11
16570,18
3717,11
6872,11
374,11
9974,11
13116,11
13126,17
273,11
16343,14
3490,11
220,11
9841,11
6581,11
9792,11
3309,11
3211,11
6201,11
2977,11
2965,11
9349,11
6075,11
6054,11
9259,11
15675,11
5972,11
2765,11
9181,11
5945,11
2729,11
15451,11
5787,11
8861,11
2435,11
11961,11
11932,11
8728,11
11893,11
8678,11
15045,11
10200,11
15024,11
8603,11
15017,11
10191,11
14907,18
2054,11
16450,15
3597,11
1995,11
3531,11
1929,11
1910,11
6686,17
19539,11
259,11
134,15
12987,11
3320,18
16173,11
9734,11
12878,11
3207,11
11230,11
6369,11
11192,11
1537,11
4630,11
1407,11
3001,11
15854,11
7825,11
10944,11
4519,16
17372,11
9302,11
1272,11
1269,11
9206,11
4385,19
17238,11
9175,11
7577,11
7558,11
4328,11
314,11
1919,11
15556,11
4306,11
9903,11
3482,11
1885,11
15523,11
9880,11
10648,11
1019,11
971,11
2565,11
13739,11
1693,11
14476,15
1623,11
3243,15
16096,11
8855,11
11232,11
793,11
1588,11
4780,17
17633,11
5541,18
18394,11
10358,11
10324,11
10321,11
3747,15
16600,11
11773,11
2923,11
2522,11
4098,11
13266,11
12424,11
6384,11
9202,11
1184,11
15217,11
5178,11
15213,11
10398,11
12395,11
9192,11
9977,11
8761,11
293,11
9926,11
3505,11
1498,11
10694,11
6471,11
13237,11
6816,11
3396,11
1761,11
8572,11
1946,11
19410,19
6557,11
9760,11
16170,18
3317,11
4106,11
105,11
12907,11
6486,11
11497,11
16126,16
3273,11
20949,19
8096,11
19334,18
6481,11
1959,11
2956,11
5250,11
9761,11
939,11
3630,11
14875,11
1220,11
5223,11
9543,11
11752,11
1030,11
10825,11
816,11
9305,11
3684,11
21553,12
21551,12
21403,12
21388,12
21378,12
21356,12
21113,12
21109,12
20954,12
20918,12
20826,12
20791,12
20569,12
20494,12
20412,12
20393,12
20309,12
20273,12
20249,12
20233,12
20151,12
19571,12
19515,12
19053,12
19045,12
18481,12
17619,12
17440,12
17034,12
16913,12
16698,12
16664,12
16585,12
16546,12
16545,12
16380,12
16324,12
16315,12
16246,12
15969,12
15833,12
15822,12
15800,12
15753,12
15723,12
15429,12
15348,12
2173,14
15026,12
12630,12
11802,12
11413,12
11221,12
10699,12
9728,12
9707,12
9417,12
15356,12
8777,12
7994,12
7869,12
7757,12
7541,12
6972,12
6709,17
19562,12
6601,12
12935,14
82,12
6335,12
5815,12
5402,12
11241,12
4773,12
4644,12
10688,12
16918,19
4065,12
3867,12
196,12
2827,14
15680,12
9158,12
2544,14
15397,12
8972,12
2468,16
15321,12
2394,15
15247,12
3760,12
11787,12
8475,12
8293,15
21146,12
8087,12
1124,12
7544,12
6583,12
1529,12
1924,12
1108,12
2619,12
15326,12
21437,13
21436,13
21414,13
21413,13
21386,13
21385,13
21360,13
21330,13
21315,13
21308,13
21264,13
20915,13
20715,13
20706,13
20628,13
20463,13
20391,13
20368,13
20304,13
20256,13
20226,13
20213,13
20181,13
19254,13
19174,13
19029,13
18627,13
18483,13
17964,13
17922,13
17900,13
16662,13
16569,13
16421,13
16363,13
16350,13
16311,13
16207,13
16141,13
15980,13
14876,13
14860,13
13714,15
861,13
13014,13
40,16
12893,13
12783,13
12005,13
11957,13
11855,13
11333,13
11220,13
11109,13
10612,13
10529,13
10284,13
10282,13
10280,13
10235,13
9825,13
9818,13
9744,13
9478,13
9229,13
9187,13
9160,13
9127,13
8997,13
8644,13
8614,13
8611,13
8582,19
21435,13
21393,15
8540,13
8509,14
21362,13
8125,13
8051,14
20904,13
7980,16
20833,13
7970,13
7836,13
7821,13
7726,13
7433,15
20286,13
7413,17
20266,13
7382,15
20235,13
7266,17
20119,13
7008,13
6789,18
19642,13
6771,13
6765,13
6485,13
6372,13
6349,13
6341,13
5644,18
18497,13
11859,13
11850,13
11724,13
5264,13
5188,13
11481,13
11227,13
4776,13
11168,13
4657,13
4574,13
17171,18
4318,13
4149,13
4105,13
4094,13
4089,13
3968,13
19856,18
7003,13
6999,13
3788,17
16641,13
3786,13
16574,14
3721,13
16502,14
3649,13
3585,13
16432,19
3579,13
16422,19
3569,13
3480,13
3456,13
11,13
6358,13
6356,13
12619,13
6198,13
2962,13
12463,13
9189,13
15594,13
2666,13
5594,13
15079,13
2205,13
8619,13
2137,13
2089,13
2055,13
5257,13
5219,13
21203,19
8350,13
14752,13
5048,19
17901,13
9741,13
126,13
1688,13
6466,13
14,13
1428,13
15816,14
2963,13
2961,13
2960,13
7686,13
1181,13
17180,16
4327,13
3468,13
10644,13
1013,13
986,13
976,13
968,13
10532,13
16953,18
4100,13
4092,13
4085,13
3994,13
2333,13
10349,13
8702,13
7083,13
4955,18
17808,13
530,13
3322,18
16175,13
5661,18
18514,13
1178,13
6790,13
10338,13
5112,18
17965,13
1096,13
299,13
1853,13
8155,13
4123,13
920,13
899,13
883,13
6880,13
9177,13
4562,13
15380,13
7704,15
20557,13
2133,13
7353,18
20206,13
1205,13
541,13
8905,13
887,13
21503,14
21297,14
21143,14
21060,14
20682,14
20398,14
19297,14
19050,14
18430,14
18339,14
18281,14
18252,14
17927,14
17875,14
17822,14
17666,14
17643,14
17559,14
17015,14
17007,14
16986,14
16885,14
16644,14
16495,14
16481,14
16434,14
16399,14
16369,14
16159,14
16152,14
16086,14
15987,14
15967,14
15841,14
15762,14
15591,14
15547,14
15296,14
15258,17
2405,14
15103,14
14928,14
14672,14
14604,18
1751,14
13790,15
937,14
13136,14
12974,14
12885,14
12829,14
12772,14
12621,14
12573,14
12531,14
12521,14
12383,14
12318,14
12313,14
12286,14
12216,14
12202,14
12059,14
12044,14
11883,14
11711,14
11617,14
11418,14
11381,14
11272,14
11255,14
11137,14
11049,14
10989,14
10988,14
10947,14
10922,14
10845,14
10551,14
10453,14
10434,14
10419,14
10328,14
10292,14
10233,14
9981,14
9967,14
9940,14
9869,14
9590,14
15674,14
15468,14
8932,14
15281,14
2428,14
2397,17
15250,14
8799,14
15056,19
2203,14
14984,14
14872,14
8435,14
8373,14
14697,14
14547,17
1694,14
8050,14
20898,15
8045,14
8039,14
8015,14
8010,14
14393,14
7912,14
7903,14
7902,14
7442,14
7332,14
7322,14
882,18
13735,14
13656,14
7216,14
7065,14
19719,18
6866,14
19651,19
6798,14
6732,14
13151,14
6674,14
6561,14
6277,14
6217,14
6113,14
6063,14
12171,14
5660,14
5647,14
12050,14
5563,14
11979,14
5520,14
5502,17
18355,14
5429,14
11767,14
11714,14
4894,14
4810,14
4751,14
11113,14
4605,14
10873,14
10860,14
4366,14
4161,14
4160,14
4145,14
10394,14
16737,15
3884,14
7077,17
19930,14
3865,14
16718,14
3790,14
552,14
3743,14
6939,14
16472,17
3619,14
6797,18
19650,14
6723,14
9909,14
9884,14
3420,14
6612,14
3399,18
16252,14
6556,15
19409,14
3261,14
3180,14
9560,14
3118,14
6301,14
2982,14
12551,14
9337,14
15769,19
2916,14
9328,14
2818,14
15641,14
12389,14
5951,14
9139,14
2711,14
12315,14
9059,14
9032,14
2569,14
15325,14
8903,14
2410,15
15263,14
5608,14
15240,14
5586,14
2307,14
15107,14
18296,16
5443,14
2231,14
5431,14
6863,14
6748,14
13142,14
6721,14
5092,14
14666,14
4972,19
17825,14
6547,14
36,17
12889,14
12831,14
8022,14
1572,14
15970,18
3117,14
1502,14
9484,14
1466,14
7870,14
11070,14
4623,14
1339,14
7729,14
7673,14
7647,14
10832,14
1208,14
1193,14
12378,14
1152,14
1123,14
9135,14
9098,14
9867,14
1024,14
17076,15
4223,14
13037,14
1016,14
4212,14
983,14
2505,14
4887,14
13708,14
16804,19
3951,14
3937,14
3910,14
3096,15
15949,14
5500,14
9373,14
543,14
1343,14
14168,17
1315,14
7736,14
6111,14
7722,14
13285,14
3643,15
16496,14
16449,15
3596,14
4774,14
13187,14
334,14
9550,14
3899,14
13709,14
56,14
1842,14
5822,14
4410,14
7428,14
963,14
5357,15
18210,14
14993,14
130,14
145,14
922,14
10544,14
123,14
16122,18
3269,14
15598,14
6853,14
447,14
8162,14
3893,14
6699,14
9861,14
6539,14
14975,14
1732,14
9736,14
5331,14
3674,17
16527,14
10440,14
16872,15
4019,14
852,14
3890,14
10105,14
21571,15
21387,15
21357,15
21319,15
21292,15
21287,15
21261,15
21177,15
21134,15
21071,15
21041,15
21040,15
20945,15
20797,15
20773,15
20552,15
20379,15
20311,15
20298,15
20137,15
20035,15
19935,15
19912,15
19906,15
19892,15
19874,15
19833,15
19799,15
19769,15
19732,15
19649,15
19470,15
19464,15
19453,15
19435,15
19419,15
19325,15
19270,15
19258,15
19180,15
19155,15
19137,15
18986,15
18952,15
18932,15
18768,15
18654,15
18600,15
18479,15
18223,15
17957,15
17956,15
17837,15
17835,15
17810,15
17798,15
17785,15
17784,15
17777,15
17766,15
17687,15
17652,15
17576,15
17562,15
17479,15
17343,15
17340,15
17182,15
17178,15
17168,15
17146,15
17134,15
17004,15
16873,15
16695,15
16688,15
16685,15
16677,15
16675,15
16663,15
16512,15
16459,15
16444,15
16427,15
16420,15
16419,15
16289,15
16232,15
16211,15
16145,15
16136,15
16110,15
15885,15
15831,15
15778,15
15713,15
15682,15
15664,15
15600,15
15430,16
2577,15
15204,15
15060,15
15037,15
15012,17
2159,15
14623,15
13704,18
851,15
13174,15
12956,15
80,16
12933,15
12687,15
12571,15
12492,15
12483,15
12344,15
12305,15
12274,15
12235,15
12223,15
12222,15
12215,15
12112,15
11989,15
11983,15
11945,15
11940,15
11934,15
11867,15
11602,15
11508,15
11484,15
11369,15
11299,15
11257,15
11253,15
11211,15
11143,15
11101,15
11063,15
10998,15
10960,15
10918,15
10899,15
10892,15
10817,15
10788,15
10714,15
10458,15
10423,15
10404,15
10245,15
10173,15
10140,15
9925,15
9920,15
9918,15
9779,15
9642,15
9557,15
9432,15
9413,15
9410,15
9343,15
9285,15
9252,15
15563,15
15545,15
9100,15
9053,15
9031,15
8977,15
8836,15
8823,15
15138,15
8716,15
15077,17
2224,15
8555,17
21408,15
8496,15
8327,15
8287,18
21140,15
8255,15
8220,15
21073,15
8126,15
8020,15
7977,15
7935,15
7847,15
7824,15
7789,15
14131,15
7494,15
7490,15
7482,15
7469,15
7319,15
7253,15
7247,15
13532,18
679,15
13393,15
6818,15
6817,15
13212,15
13186,15
13182,15
6702,15
6697,15
13105,15
6629,17
19482,15
6538,15
12858,15
12699,15
12685,15
12646,15
6223,15
12636,15
12629,15
12610,15
6103,15
6096,15
12509,15
12390,15
12331,15
5889,15
5854,15
12260,15
12229,15
5750,15
12138,15
12101,15
12024,15
5516,15
5505,15
11913,15
5477,15
5421,15
5411,15
11755,15
11744,15
5303,15
5293,15
11674,15
11441,15
5013,19
17866,15
11386,15
4952,15
4933,15
4908,15
11239,15
11086,15
11078,15
4606,15
4591,15
10874,15
10674,15
4245,17
17098,15
10596,15
10541,15
797,15
3993,15
3958,19
16811,15
3933,15
3920,15
3874,19
16727,15
16726,17
3873,15
7068,15
7046,15
3839,15
3833,15
3821,15
10238,15
10208,15
559,15
10088,15
366,15
3554,16
16407,15
13180,15
6695,15
6694,15
3418,15
3415,15
6575,17
19428,15
12988,18
135,15
12910,15
12875,16
22,15
12853,15
3184,18
16037,15
9570,15
3139,15
6331,15
9539,15
12722,15
12652,15
9431,15
3007,15
9414,15
2933,15
2926,15
2907,15
9288,15
6059,15
9277,15
6030,15
15629,15
12386,15
2558,19
15411,15
2540,15
2532,15
8778,15
8771,15
8691,15
15111,15
18308,19
5455,15
2239,15
15005,15
8558,15
21411,15
11679,15
10066,15
19681,18
6828,15
2027,15
6810,18
19663,15
5001,15
14558,15
6506,17
19359,15
14499,15
1628,15
1620,15
12851,15
1606,15
4804,15
1601,15
3176,15
16029,15
7993,15
11161,15
3053,15
4659,15
7867,15
6166,15
6065,15
1243,15
9230,15
1209,15
9210,15
10784,15
1118,15
2714,15
2677,15
2660,15
4235,15
6616,15
1816,15
9027,15
4884,15
1679,15
1667,15
1634,15
15276,15
7199,15
1577,15
3161,15
733,15
5545,19
18398,15
11962,15
724,15
1512,15
2312,15
1500,15
9510,15
7913,17
20766,15
3085,15
15933,17
3080,15
2281,15
682,15
12973,15
2552,15
5352,15
18205,15
545,15
1335,15
125,15
12978,15
2912,15
11738,15
12532,15
10128,15
2898,15
11725,15
12514,15
1291,15
6873,15
4064,15
16917,15
14485,15
3632,15
424,15
4023,15
6807,15
401,15
13211,15
369,15
3565,15
9984,15
3129,15
12719,15
3095,15
13141,15
6477,15
7443,15
6604,15
14805,15
1760,15
1354,15
13787,15
9363,15
3345,15
4937,15
2500,15
2896,15
3298,15
1280,15
14201,15
5665,15
1665,15
497,15
844,15
6856,15
850,15
3239,15
836,15
15368,15
8947,15
2526,15
5732,15
18585,15
932,15
2325,15
10442,15
7698,15
10095,15
6801,17
19654,15
9365,15
1039,15
13694,15
3599,15
21562,16
21096,16
20757,16
20264,16
19418,16
19198,16
19062,16
19044,16
18749,16
18665,16
18527,16
18487,16
18425,16
18061,16
17169,16
17062,16
17000,16
16969,16
16939,16
16893,16
16264,16
15996,16
15989,16
15950,16
15793,16
13471,16
12706,16
12628,16
10756,16
10715,16
10634,16
9956,16
9905,16
9822,16
9787,16
9133,16
8829,16
8199,16
7427,16
7221,16
6976,16
19823,18
6970,16
13159,16
12714,16
12703,16
12435,16
5842,16
5767,16
5692,16
5684,16
5508,16
5410,16
11771,16
5274,16
5220,16
5146,16
5060,16
4987,16
11059,16
4398,17
17251,16
10754,16
10594,16
4084,16
13482,16
10262,16
10183,16
58,16
3105,16
2993,16
2915,17
15768,16
2872,16
2858,16
12480,16
9012,16
5765,16
2260,16
2240,18
15093,16
5371,16
6952,16
10155,16
323,16
1913,16
166,17
13019,16
17791,19
4938,16
14573,16
111,16
12841,16
1308,16
7555,16
1100,16
279,16
5080,18
17933,16
7437,16
897,16
896,16
4811,16
7099,16
10315,16
6964,16
1174,16
9171,16
284,16
924,16
524,16
880,16
4544,16
890,16
4045,16
5236,16
1917,16
9146,16
5216,16
21372,17
20514,17
17554,17
16839,17
16836,17
16834,17
16679,17
16518,17
16471,17
16470,17
16469,17
16468,17
16401,17
16393,17
16390,17
16003,17
15934,17
15902,17
15897,17
15759,17
15708,17
15707,17
15702,17
2849,17
15637,17
2604,18
15457,17
15299,17
15283,17
15193,17
2340,17
14586,17
14402,17
12580,17
12304,17
12227,17
12185,17
12184,17
12119,17
12114,17
12067,17
12001,17
11930,17
11908,17
11572,17
11571,17
11428,17
11098,17
11057,17
10542,17
10439,17
10402,17
10243,17
10240,17
10162,17
10092,17
10076,17
10074,17
9936,17
9902,17
9878,17
9875,17
9868,17
9827,17
9671,17
9612,17
9588,17
9580,17
9577,17
9551,17
9547,17
9503,17
9335,17
9313,17
9306,17
15688,17
9266,17
15496,17
9074,17
9044,17
8968,17
8930,17
8928,17
8908,17
8898,17
8808,17
8788,17
8785,17
8736,17
15032,17
8556,17
8502,17
8491,17
8378,17
14551,17
8028,17
7955,17
14324,18
1471,17
14316,17
7851,17
7837,17
7746,17
7702,17
7657,17
7474,17
7385,17
7297,17
7277,17
7275,17
7250,17
7235,17
7167,17
7146,17
722,17
7132,17
508,17
6917,17
6861,17
6773,17
6761,17
6741,17
6739,17
6733,17
6730,17
6684,17
6673,17
165,17
6509,17
86,17
6460,17
6324,17
6305,17
6252,17
6235,17
6205,17
6088,17
6043,17
6033,17
5938,17
18554,18
5701,17
5663,17
12036,17
5604,17
5346,17
11756,17
11628,17
5086,17
5085,17
11476,17
17874,18
5021,17
4998,17
4991,17
17809,18
4956,17
11154,17
4560,17
4459,17
4440,17
4399,17
17250,18
4397,17
4389,17
4344,17
4253,17
4241,17
4240,17
4193,17
10484,17
4025,17
3875,17
7076,17
3825,18
16678,17
10242,17
3808,17
3807,17
3787,17
3774,17
3763,17
554,17
3757,17
517,17
514,17
470,17
464,17
3647,17
10061,17
6777,17
6683,17
9901,17
13059,17
12996,18
143,17
153,18
13006,17
53,17
6474,17
9613,17
9578,17
9531,17
6295,17
9477,17
9354,17
2928,17
2927,18
15780,17
9272,17
9271,17
9255,17
9240,17
2772,17
5914,17
9116,17
9056,17
2591,17
2584,17
12164,17
5721,17
12128,17
5707,17
5662,17
12064,17
2440,17
2396,17
2385,17
15208,17
2348,17
2346,17
2339,17
15082,17
2213,17
5414,17
2211,17
10186,17
3765,17
3764,17
2163,17
3750,17
531,17
14934,17
3651,17
2049,17
6825,17
13204,17
3580,17
5083,17
1824,17
11433,17
5012,17
4990,17
1767,17
13005,18
152,17
1714,17
14550,17
1708,17
85,17
6457,17
4801,17
1586,17
9587,17
7990,17
1568,17
1567,17
1546,17
7956,17
6280,17
3077,18
15930,17
7861,17
7850,17
1420,17
7835,17
9422,17
1382,17
1378,17
9385,17
1363,17
7782,17
4523,17
1298,17
7681,17
4454,17
4446,17
1234,17
2809,17
4412,17
4384,17
1170,17
5960,17
6685,17
4285,17
12301,17
7498,17
1066,17
1065,17
1820,17
1797,17
1783,17
4177,17
2494,17
89,17
866,17
7278,17
1648,17
828,17
5593,17
1545,17
707,17
9530,17
692,17
8724,17
3905,17
702,17
700,17
695,17
693,17
691,17
1483,17
6155,17
7776,17
536,17
546,17
1342,17
1326,17
529,17
7346,17
513,17
2908,17
7732,17
512,17
509,17
10109,17
461,17
7267,17
13223,17
2781,17
4387,17
776,17
6776,17
9993,17
6774,17
9992,17
11994,17
1169,17
2332,17
701,17
6705,17
2608,17
4210,17
163,17
1763,17
6572,17
1555,17
6154,17
548,17
2154,17
9369,17
7766,17
1345,17
10163,17
1322,17
19784,19
6931,17
5720,17
108,17
506,17
1496,17
9117,17
7320,17
1873,17
12897,17
6875,17
6568,17
7286,17
8912,17
1244,17
12162,17
10565,17
1341,17
1090,17
6514,17
7761,17
1239,17
5729,17
521,17
5528,17
8426,17
1277,17
7622,17
7768,17
1814,17
21404,18
21253,18
20905,18
20887,18
20835,18
20699,18
20641,18
20584,18
20352,18
20031,18
19860,18
19837,18
19831,18
19826,18
19763,18
19711,18
19692,18
19679,18
19635,18
19441,18
19420,18
19383,18
19181,18
19113,18
18910,18
18898,18
18782,18
18730,18
18371,18
18356,18
18351,18
18342,18
18313,18
18239,18
18236,18
18191,18
18101,18
18038,18
18034,18
17916,18
17870,18
17853,18
17770,18
17738,18
17728,18
17716,18
17579,18
17569,18
17551,18
17523,18
17412,18
17315,18
17221,18
17151,18
17127,18
17115,18
17089,18
17060,18
17001,18
16925,18
16923,18
16851,18
16796,18
16776,18
16714,18
16676,18
16667,18
16563,18
16531,18
16488,18
16463,18
16404,18
16285,18
16279,18
16194,18
16150,18
16123,18
16026,18
15894,18
15785,18
15717,18
15565,18
15510,18
15264,18
2411,18
13163,18
13139,18
12810,18
12785,18
12751,18
12668,18
12660,18
12657,18
12625,18
12538,18
12374,18
12350,18
12339,18
12276,18
12250,18
12246,18
12205,18
12156,18
12106,18
12087,18
12049,18
11968,18
11933,18
11910,18
11909,18
11854,18
11801,18
11726,18
11722,18
11638,18
11627,18
11623,18
11619,18
11579,18
11550,18
11527,18
11522,18
11477,18
11449,18
11435,18
11406,18
11405,18
11396,18
11378,18
11349,18
11348,18
11185,18
11136,18
11095,18
11035,18
10978,18
10971,18
10961,18
10950,18
10901,18
10883,18
10848,18
10843,18
10816,18
10638,18
10429,18
10334,18
10158,18
10146,18
10098,18
10057,18
10042,18
9929,18
9844,18
9814,18
9497,18
9454,18
9324,18
9299,18
9280,18
9258,18
9217,18
9161,18
9090,18
9045,18
9033,18
9020,18
15417,18
8919,18
8781,18
8732,18
8618,18
15031,18
8571,18
8567,18
8514,18
8512,18
8351,18
14619,18
8021,18
7963,18
7939,18
20792,18
7895,18
7823,18
20670,19
7817,18
7687,18
7464,18
7386,18
7337,18
7225,18
745,18
7100,18
7058,18
7047,18
13287,18
6860,19
19713,18
13103,18
6682,18
6660,18
157,18
6562,18
6497,18
6445,18
6375,18
6315,18
12688,18
12661,18
12648,18
6218,18
6199,18
12605,18
6178,18
6124,18
12523,18
12504,18
5937,18
12356,18
5935,18
5910,18
12316,18
5876,18
5873,18
5818,18
12221,18
5740,18
12093,18
5672,18
12068,18
5615,18
11997,18
5564,18
5559,18
5558,18
5398,18
5360,18
5350,18
5349,18
5332,18
11751,18
11748,18
5287,18
5269,18
11598,18
5141,18
11539,18
11515,18
11505,18
5082,18
5081,18
11465,18
11402,18
11362,18
11237,18
4812,18
4768,18
11166,18
11133,18
4586,18
4537,18
10928,18
4347,18
4229,18
17082,18
10581,18
4066,18
10446,18
10414,18
712,18
10313,18
3879,18
7067,18
3856,18
10216,18
10214,18
3673,18
10090,18
10058,18
10052,18
376,18
13188,18
3559,18
6655,18
3327,18
3229,18
12846,18
9615,18
9608,18
3100,18
12697,18
9472,18
12663,18
3039,18
15892,18
2959,18
2946,18
2945,18
6121,18
12540,18
2902,18
2867,18
2847,18
12462,18
9239,18
9190,18
2769,18
5965,18
5932,18
8998,18
8975,18
12172,18
5743,18
2528,18
12053,18
8849,18
12003,18
8760,18
5526,18
2323,18
5511,18
8690,18
11892,18
11864,18
15061,18
15048,18
2206,18
3704,18
14949,18
6855,18
8448,19
21301,18
5228,18
3607,18
16460,18
10018,18
14842,18
5121,18
9928,18
3477,18
1847,18
3400,18
1798,18
3384,18
1787,18
11335,18
6488,18
19341,18
1678,18
1673,18
1666,18
1657,18
3217,18
11222,18
1581,18
11196,18
11193,18
9538,18
12727,18
6246,18
3042,18
3026,18
15879,18
7848,18
1425,18
1412,18
1409,18
9382,18
10909,18
10893,18
9283,18
10867,18
9246,18
7629,18
4360,18
11526,18
1104,18
1074,18
3460,18
15479,18
2637,18
13041,18
1020,18
15448,18
7424,18
2583,18
7407,18
984,18
978,18
8987,18
5708,18
10521,18
7305,18
2470,18
15309,18
10435,18
11201,18
3970,18
767,18
732,18
7130,18
19983,18
2297,18
3089,18
3888,18
5358,18
558,18
553,18
14177,18
9345,18
505,18
2126,18
5304,18
18157,18
6003,18
1203,18
10822,18
10025,18
1584,18
387,18
13197,18
11599,18
5974,18
2365,18
1153,18
16400,19
3547,18
8370,18
3511,18
8730,18
1493,18
9893,18
441,18
1029,18
9781,18
9573,18
8367,18
10527,18
3093,18
5283,18
7497,18
3356,18
147,18
2491,18
10518,18
10868,18
4447,18
1740,18
11657,18
2953,18
12426,18
12852,18
550,18
2810,18
1649,18
2884,18
840,18
21337,19
21222,19
21196,19
20753,19
20657,19
20651,19
20646,19
20598,19
19812,19
19466,19
19440,19
19365,19
19304,19
19142,19
18997,19
18832,19
18713,19
18708,19
17975,19
17848,19
17661,19
17558,19
16911,19
16817,19
16808,19
16798,19
16719,19
16665,19
16337,19
16219,19
16055,19
16030,19
15307,19
15295,19
13138,19
12658,19
12649,19
12572,19
12569,19
12382,19
12380,19
12362,19
12258,19
12255,19
12244,19
12154,19
12149,19
12077,19
12035,19
12031,19
11978,19
11884,19
11750,19
11700,19
11687,19
11614,19
11568,19
11565,19
11452,19
11424,19
11340,19
11317,19
11306,19
11106,19
11018,19
10963,19
10943,19
10884,19
10870,19
10600,19
10500,19
10427,19
10083,19
10032,19
9970,19
9965,19
9937,19
9896,19
9652,19
9475,19
15679,19
2826,19
9237,19
9113,19
9101,19
8893,19
8794,19
15153,19
8481,19
8457,19
8317,19
8297,19
8291,19
8286,19
14646,19
14540,19
7774,19
7755,19
7462,19
7048,19
534,19
388,19
6809,19
6701,19
13118,19
6670,19
140,19
6522,19
19375,19
6458,19
6227,19
6102,19
18955,19
12506,19
12351,19
5906,19
12239,19
5461,19
5316,19
11567,19
11354,19
4797,19
11034,19
10599,19
10597,19
10538,19
10094,19
3631,19
13203,19
6759,19
212,19
9610,19
9605,19
6313,19
9525,19
9428,19
5968,19
2761,19
12353,19
8969,19
2518,19
2488,19
8899,19
2478,19
2429,19
5624,19
12017,19
2270,19
2234,19
3713,19
11689,19
10046,19
6783,19
13165,19
9930,19
13131,19
5089,19
6680,19
13093,19
6672,19
1872,19
8219,19
6540,19
1706,19
14524,19
41,19
8027,19
4775,19
1449,19
1446,19
1438,19
1375,19
1288,19
1284,19
9287,19
2825,19
1225,19
10840,19
2807,19
9034,19
2613,19
12914,19
1608,19
11966,19
2342,19
6299,19
3900,19
6288,19
7092,19
12176,19
538,19
6549,19
4517,19
10925,19
1643,19
10053,19
15259,19
5984,19
5976,19
9994,19
7953,19
6298,19
5078,19
1011,19
13025,19
151,19
8981,19
4361,19
4554,19
11570,19
539,19
2519,19
11540,19
6529,19
8995,19
1271,19
2756,19
8580,19
5741,19
2938,19
739,19
1633,19
10556,19
11644,19
12860,19
1328,19
2437,19
