20432,0
20389,0
20267,0
20058,0
20034,0
19812,0
19466,0
19440,0
19365,0
19293,0
19092,0
18832,0
18225,0
17975,0
17899,0
17880,0
17848,0
17661,0
17558,0
17472,0
17343,0
17338,0
17314,0
17221,0
17137,0
17003,0
16989,0
16981,0
16962,0
16911,0
16817,0
16749,0
16719,0
16337,0
16194,0
16149,0
15580,0
15504,0
15482,0
2611,17
15464,0
15447,13
2594,0
14865,3
2012,0
14069,5
1216,0
13458,0
13255,28
402,0
389,13
13242,0
13190,0
13163,0
12683,0
12633,0
12572,0
12489,0
12255,0
12117,0
12035,0
11970,0
11935,0
11900,0
11750,0
11687,0
11565,0
11424,0
11371,0
11340,0
11317,0
11306,0
11211,0
11018,0
10884,0
10870,0
10600,0
10500,0
10427,0
10388,0
10334,0
10032,0
10027,0
9970,0
9965,0
9937,0
9896,0
9652,0
9473,0
9314,0
15694,0
15679,0
2826,0
2771,22
15624,0
15568,0
9104,0
8906,0
8893,0
2391,27
15244,0
15153,0
8705,0
21491,38
8638,0
8635,23
21488,0
15028,2
2175,0
21412,7
8559,0
8544,0
21254,4
8401,0
8317,0
8297,0
8291,0
8286,0
21067,8
8214,0
21050,15
8197,0
21030,9
8177,0
8167,0
14540,0
8068,0
1536,2
14389,0
7930,0
7817,14
20670,0
7774,0
20529,37
7676,0
7642,0
7576,0
7462,0
20302,4
7449,0
20286,7
7433,0
7408,9
20261,0
20259,13
7406,0
20241,26
7388,0
20220,35
7367,0
13633,38
780,0
7166,9
20019,0
7023,0
551,9
13404,0
534,0
19713,14
6860,0
6809,0
6798,8
19651,0
349,0
290,0
260,38
13113,0
249,0
6670,0
6647,22
19500,0
203,24
13056,0
214,17
13067,0
6632,0
75,0
42,0
6458,0
6450,0
6346,13
19199,0
12761,0
12692,0
6227,0
6102,0
18955,0
18811,12
5958,0
5906,0
12270,0
5826,0
12239,0
12132,0
11958,0
5530,21
18383,0
5491,0
5461,0
5316,0
18152,4
5299,0
5191,0
5126,20
17979,0
17896,31
5043,0
17866,3
5013,0
4965,0
11315,0
17595,9
4742,0
4711,0
4465,13
17318,0
4245,27
17098,0
10597,0
4122,24
16975,0
10538,0
4096,0
3997,1
16850,0
3954,7
16807,0
16727,14
3874,0
7031,0
16649,38
3796,0
518,0
10094,0
13271,0
3631,0
10040,0
10015,0
3569,7
16422,0
13203,0
9912,0
16314,8
3461,0
6621,28
19474,0
3378,0
3131,32
15984,0
6313,0
15951,20
3098,0
15900,12
3047,0
9428,0
15823,2
2970,0
15808,39
2955,0
2853,0
18895,9
6042,0
12415,0
5968,0
2761,0
15584,0
5932,0
2593,2
15446,0
15411,23
2558,0
5746,39
18599,0
12164,0
2530,0
12152,0
2488,0
8850,0
5624,0
8806,0
15188,33
2335,0
11932,0
8696,0
2270,0
5469,0
5455,9
18308,0
8670,13
21523,0
3713,0
486,0
11689,0
10046,0
21301,15
8448,0
8415,0
6783,0
3526,0
8350,7
21203,0
8339,30
21192,0
13131,0
6680,0
6672,0
11393,0
17825,15
4972,0
12912,29
59,0
14524,0
3225,0
6410,39
19263,0
12823,0
3166,0
17593,32
4740,0
7888,0
1446,0
4641,38
17494,0
17470,38
4617,0
1406,0
1300,0
1288,0
1284,0
2825,0
17284,32
4431,0
1225,0
2807,0
20474,28
7621,0
7609,0
17238,38
4385,0
4328,0
2677,0
20321,36
7468,0
5040,0
2613,0
13045,0
4054,0
10391,0
3970,0
754,0
3109,0
3894,21
16747,0
2952,0
19810,3
6957,0
2924,14
15777,0
5313,21
18166,0
18514,25
5661,0
10053,0
15259,0
17273,13
4420,0
6807,0
5984,0
20037,1
7184,0
5976,0
9994,0
3572,0
1971,0
1966,0
3547,3
16400,0
4338,3
17191,0
7949,17
20802,0
18354,35
5501,0
5078,0
4361,0
11775,0
539,0
136,0
6557,38
19410,0
2519,0
6931,22
19784,0
3473,0
7296,0
272,0
12162,0
4739,0
739,0
4845,0
3228,0
10556,0
1332,0
6325,30
19178,0
1328,0
1030,0
9365,0
2437,0
21387,1
20379,1
19807,1
18768,1
18186,1
17892,1
17728,1
17574,1
17563,1
17411,1
17302,1
17117,1
17097,1
17000,1
16979,1
16656,1
15810,1
15459,21
2606,1
15363,1
15122,39
2269,1
14969,5
2116,1
14926,3
2073,1
13096,1
12647,1
12579,1
12485,1
12442,1
12298,1
11808,1
11602,1
11101,1
11088,1
9850,1
9746,1
9661,1
9509,1
9423,1
8944,1
15294,1
8802,1
15171,1
8732,1
2275,21
15128,1
8656,1
8610,1
2056,12
14909,1
14859,3
2006,1
8432,9
21285,1
8425,21
21278,1
14828,36
1975,1
8089,1
7809,39
20662,1
20223,35
7370,1
20210,9
7357,1
7253,1
7064,1
6528,22
19381,1
6507,7
19360,1
71,27
12924,1
64,20
12917,1
6445,1
12858,1
12644,1
6092,14
18945,1
6085,1
18938,1
6051,21
18904,1
18721,2
5868,1
5739,9
18592,1
5566,37
18419,1
5303,1
5020,36
17873,1
11233,1
4477,14
17330,1
4153,1
16886,18
4033,1
3912,1
6998,1
478,1
416,34
13269,1
366,1
3492,1
3013,1
6157,1
15807,5
2954,1
15698,1
6056,1
2609,3
15462,1
12179,1
2386,37
15239,1
15149,1
2259,16
15112,1
8672,1
5385,26
18238,1
3545,37
16398,1
5121,1
11504,1
14689,36
1836,1
16166,6
3313,1
12898,4
45,1
3263,1
49,1
3223,14
16076,1
6402,36
19255,1
9604,1
20836,35
7983,1
7867,1
15878,17
3025,1
2963,25
15816,1
1260,1
10784,1
13946,1
1771,1
1588,1
768,1
15995,12
3142,1
7966,1
15394,1
3660,28
16513,1
12424,1
4735,1
6665,1
5807,28
18660,1
1761,1
16814,4
3961,1
13787,1
5737,9
18590,1
6520,30
19373,1
5899,9
18752,1
2896,1
977,1
12907,1
1741,1
3893,1
6499,1
20116,38
7263,1
16988,38
4135,1
8441,1
10752,1
4331,22
17184,1
14055,1
21479,2
21453,2
21405,2
21272,2
21271,2
21257,2
21256,2
21255,2
21236,2
21234,2
21232,2
21221,2
21209,2
21205,2
21194,2
21189,2
21182,2
21181,2
21148,2
21132,2
21114,2
21100,2
21053,2
21049,2
21045,2
21042,2
21022,2
21017,2
21012,2
20974,2
20969,2
20943,2
20932,2
20930,2
20926,2
20920,2
20894,2
20812,2
20800,2
20798,2
20779,2
20768,2
20672,2
20660,2
20658,2
20654,2
20652,2
20648,2
20606,2
20596,2
20566,2
20561,2
20502,2
20499,2
20498,2
20470,2
20468,2
20440,2
20407,2
20400,2
20388,2
20364,2
20284,2
20278,2
20255,2
20105,2
19978,2
19850,2
19803,2
19745,2
19723,2
19710,2
19704,2
19427,2
19171,2
19009,2
18953,2
18718,2
18699,2
18283,2
18158,2
18155,2
17988,2
17802,2
17617,2
17616,2
17556,2
17547,2
16921,2
16910,2
16818,2
16816,2
16803,2
16802,2
16708,2
16705,2
16687,2
16672,2
16668,2
16633,2
16598,2
16592,2
16461,2
16448,2
16388,2
16377,2
16376,2
16371,2
16317,2
16297,2
16015,2
16013,2
15985,2
15888,2
15790,2
15757,2
15732,2
2748,21
15601,2
15559,2
15476,2
15415,23
2562,2
15246,13
2393,2
2291,12
15144,2
15136,2
2237,20
15090,2
14985,2
2128,13
14981,2
2118,14
14971,2
14873,13
2020,2
14525,2
14516,2
14180,26
1327,2
13031,2
13026,2
12721,2
12674,2
12672,2
12631,2
12306,2
12207,2
12187,2
12085,2
12063,2
12061,2
12042,2
12022,2
11879,2
11736,2
11727,2
11629,2
11621,2
11564,2
11543,2
11500,2
11494,2
11443,2
11336,2
11307,2
11047,2
10921,2
10917,2
10885,2
10853,2
10609,2
10499,2
10478,2
10431,2
10174,2
10119,2
10108,2
10037,2
9995,2
9961,2
9914,2
9678,2
9572,2
9558,2
9441,2
9427,2
9346,2
9263,2
9250,2
9238,2
9235,2
9111,2
9103,2
15521,2
15495,2
8956,2
15349,3
2496,2
8810,2
15157,22
2304,2
2273,4
15126,2
15109,2
15027,2
8602,13
21455,2
8595,20
21448,2
8581,2
14998,2
8497,6
21350,2
21260,26
8407,2
8374,12
21227,2
8366,2
21219,2
8364,2
8342,3
21195,2
8254,2
8252,23
21105,2
8131,11
20984,2
8130,34
20983,2
8001,2
7961,13
20814,2
20775,9
7922,2
1471,27
14324,2
7894,27
20747,2
7884,2
7880,2
14300,2
14285,2
7797,38
20650,2
7730,30
20583,2
7728,2
14146,23
1293,2
7674,38
20527,2
7670,12
20523,2
7635,39
20488,2
7623,38
20476,2
7620,18
20473,2
7585,38
20438,2
7548,3
20401,2
7533,31
20386,2
7519,22
20372,2
7512,13
20365,2
7504,9
20357,2
7476,2
7472,2
13854,2
7331,2
756,2
7072,2
7012,6
19865,2
560,2
6865,2
19712,33
6859,2
6743,2
13122,2
13054,9
201,2
6622,20
19475,2
12915,2
12904,2
6475,2
6323,2
6317,8
19170,2
6311,2
6279,2
6240,2
6233,2
6107,2
6104,2
6055,2
18888,8
6035,2
5969,2
18783,34
5930,2
5922,2
12334,2
5913,2
5879,32
18732,2
18591,33
5738,2
5658,2
18418,24
5565,2
11980,2
18385,24
5532,2
5496,2
18348,3
5495,2
5492,2
18336,12
5483,2
5451,2
5444,2
5389,38
18242,2
5367,2
5355,2
5327,21
18180,2
5308,2
18150,13
5297,2
11664,2
17943,24
5090,2
11503,2
11478,2
4999,2
4981,9
17834,2
4900,22
17753,2
4898,31
17751,2
4814,2
4807,39
17660,2
4803,2
4794,2
4792,2
4692,9
17545,2
4690,9
17543,2
10972,2
4521,2
10926,2
10891,2
4457,2
17291,38
4438,2
17166,13
4313,2
4257,2
17037,21
4184,2
4169,2
10573,2
4063,28
16916,2
3989,2
3922,2
698,2
7078,2
10254,2
3801,21
16654,2
3792,28
16645,2
16635,7
3782,2
10196,2
3697,2
466,2
19683,14
6830,2
3605,17
16458,2
3533,32
16386,2
3353,38
16206,2
48,31
12901,2
3128,32
15981,2
19127,20
6274,2
6254,2
3036,13
15889,2
6231,2
3028,6
15881,2
9444,2
6185,2
6173,2
9366,2
9274,2
15692,7
2839,2
9260,2
15669,2
5994,2
15605,12
2752,2
2760,12
15613,2
2737,12
15590,2
12352,2
18751,16
5898,2
5850,13
18703,2
2561,2
18602,4
5749,2
5731,2
5716,2
8925,2
2490,2
2483,35
15336,2
12098,2
18530,38
5677,2
5632,2
2409,2
8826,2
2380,37
15233,2
18435,39
5582,2
15190,26
2337,2
8767,2
2320,2
8731,2
5494,2
5473,13
18326,2
5456,13
18309,2
5441,9
18294,2
5437,2
16638,22
3785,2
3772,16
16625,2
5356,2
14954,2
2101,2
8528,2
2107,36
14960,2
2092,2
3639,38
16492,2
11666,2
6827,22
19680,2
3623,17
16476,2
3557,37
16410,2
6729,2
6669,2
1803,2
6523,2
4911,2
19308,4
6455,2
8047,33
20900,2
1610,2
4805,2
14427,2
1566,2
7964,15
20817,2
20801,7
7948,2
1524,2
19159,12
6306,2
3046,12
15899,2
3043,32
15896,2
7841,2
7830,2
1404,2
1384,2
1320,2
12505,2
2873,2
2866,30
15719,2
1265,2
9270,2
1229,2
15667,2
4419,2
7618,12
20471,2
1188,2
7568,24
20421,2
4307,2
5100,2
8318,2
4288,2
20358,7
7505,2
8292,2
1063,2
3446,13
16299,2
19473,12
6620,2
4219,2
1009,2
19462,12
6609,2
7421,31
20274,2
13036,29
183,2
4194,2
17042,38
4189,2
187,2
12204,2
2580,2
13027,2
8986,2
8115,15
20968,2
6495,2
5682,2
7287,28
20140,2
12014,2
17644,15
4791,2
783,2
7985,9
20838,2
3957,38
16810,2
15180,2
2338,2
3944,22
16797,2
2322,12
15175,2
7139,2
7950,13
20803,2
7113,35
19966,2
7918,20
20771,2
3903,2
1494,2
1492,2
3895,2
11112,2
4691,38
17544,2
12704,2
530,2
2115,28
14968,2
19387,13
6534,2
528,2
9311,2
846,2
12880,29
27,2
12869,2
6799,2
6785,2
773,2
17225,13
4372,2
16824,20
3971,2
728,2
1532,2
18388,9
5535,2
2298,2
7914,19
20767,2
11499,2
4273,2
20344,7
7491,2
6456,2
1033,2
6642,2
9029,2
5209,9
18062,2
10023,2
1351,2
9964,2
12995,14
142,2
2919,18
15772,2
5119,20
17972,2
15359,2
7520,22
20373,2
21373,7
8520,2
2099,2
65,2
483,2
19329,9
6476,2
14517,2
16521,12
3668,2
3466,31
16319,2
13114,2
5650,2
535,2
7096,2
1642,2
1283,2
16486,5
3633,2
8338,4
21191,2
1525,2
18858,28
6005,2
7626,13
20479,2
2005,2
16874,14
4021,2
6804,13
19657,2
3601,27
16454,2
6147,2
7634,2
17672,30
4819,2
6505,2
7508,2
6696,2
8858,2
21576,3
20835,3
20769,3
20039,3
20013,3
19830,3
19786,3
19769,3
19464,3
18504,3
18467,3
18222,3
18217,3
18017,3
17916,3
17857,3
17619,3
17568,3
17285,3
17148,3
17053,3
17048,3
16772,3
16740,3
16216,3
16176,3
16098,3
16086,3
15672,14
2819,3
15666,24
2813,3
2722,8
15575,3
15478,3
14549,22
1696,3
706,39
13559,3
13170,24
317,3
12775,3
12759,3
12751,3
12728,3
12691,3
12660,3
12628,3
12557,3
11854,3
11437,3
11253,3
11251,3
11210,3
11063,3
11048,3
10892,3
10742,3
10738,3
10702,3
10545,3
10371,3
10335,3
9976,3
9779,3
9352,3
15468,3
2513,20
15366,3
8835,3
8757,3
8726,3
8688,13
21541,3
8685,9
21538,3
15104,18
2251,3
8676,3
8608,3
2167,30
15020,3
21406,21
8553,3
8478,3
8453,3
14872,3
8234,3
21078,9
8225,3
8126,3
8108,3
20744,39
7891,3
7879,3
7839,3
20669,30
7816,3
7636,16
20489,3
7596,3
7355,3
13735,20
882,3
679,12
13532,3
19854,37
7001,3
13282,3
13157,24
304,3
6681,19
19534,3
6353,3
6350,3
6348,3
6244,19
19097,3
19022,8
6169,3
12555,3
18920,9
6067,3
6060,3
12469,3
12441,3
12398,3
5900,3
5789,3
18462,38
5609,3
5603,27
18456,3
18438,20
5585,3
18407,28
5554,3
5470,10
18323,3
18300,14
5447,3
5429,3
11847,3
5281,3
5256,31
18109,3
5222,12
18075,3
18065,4
5212,3
17978,12
5125,3
5118,3
5095,37
17948,3
5072,33
17925,3
4867,3
4821,22
17674,3
4708,3
4634,3
4425,3
4371,12
17224,3
4259,3
10674,3
10581,3
16973,13
4120,3
4113,24
16966,3
4075,3
4074,3
4066,3
10403,3
7129,31
19982,3
3908,5
16761,3
16646,23
3793,3
3768,5
16621,3
19773,12
6920,3
220,3
3266,9
16119,3
3249,3
3187,3
15924,8
3071,3
15909,7
3056,3
3051,3
2983,3
6119,3
6075,3
9277,3
15691,20
2838,3
2791,3
9190,3
15617,23
2764,3
5964,3
9014,3
5788,3
2578,3
2543,14
15396,3
18604,38
5751,3
5742,22
18595,3
5734,3
2520,3
5678,7
18531,3
2475,3
2376,3
15055,39
2202,3
8623,3
6982,3
442,3
378,8
13231,3
5203,3
14842,3
1918,36
14771,3
16185,39
3332,3
1711,3
17682,26
4829,3
4765,37
17618,3
11161,3
1520,3
7899,3
3063,3
4648,3
4623,3
7825,3
15829,9
2976,3
7796,3
7632,24
20485,3
4411,14
17264,3
6000,3
4380,27
17233,3
1156,3
314,3
5123,3
1920,3
5105,33
17958,3
279,3
4277,3
1023,3
16234,5
3381,3
2568,4
15421,3
87,22
12940,3
7310,3
4748,9
17601,3
19983,12
7130,3
3918,3
11121,3
686,4
13539,3
697,3
15391,10
2538,3
16600,26
3747,3
14177,3
1263,3
7679,12
20532,3
15217,3
13206,14
353,3
6758,3
1493,3
7102,28
19955,3
9088,3
1207,3
9025,3
3587,3
16005,13
3152,3
5149,3
524,3
2517,3
2480,3
3269,26
16122,3
5250,3
8162,3
10314,3
842,3
3630,3
14875,3
1917,3
6639,13
19492,3
3302,12
16155,3
8905,3
21480,4
21474,4
21352,4
21266,4
21240,4
21237,4
21218,4
21136,4
21135,4
21038,4
21032,4
20975,4
20735,4
20711,4
20695,4
20668,4
20640,4
20593,4
20558,4
20395,4
20385,4
20376,4
20314,4
20310,4
20228,4
20118,4
19915,4
19887,4
19369,4
18816,4
18120,4
17712,4
17655,4
17489,4
16825,4
16809,4
16800,4
16655,4
16551,4
16385,4
15819,4
2779,27
15632,4
15558,4
15119,12
2266,4
1769,22
14622,4
13092,4
211,36
13064,4
12645,4
12520,4
11320,4
11115,4
10924,4
10851,4
10099,4
9973,4
9405,4
9378,4
9364,4
9316,4
9273,4
2773,27
15626,4
2695,20
15548,4
9049,4
8946,4
8865,4
8859,4
8793,4
8750,4
8740,4
8738,4
15062,4
8636,24
21489,4
2153,27
15006,4
2149,10
15002,4
15000,4
8577,21
21430,4
8565,4
2130,31
14983,4
8493,6
21346,4
14900,13
2047,4
8409,4
21262,4
8399,18
21252,4
8320,16
21173,4
8313,7
21166,4
8032,18
20885,4
14314,26
1461,4
7843,4
7752,18
20605,4
1238,12
14091,4
7338,37
20191,4
20129,7
7276,4
7259,9
20112,4
7190,4
7079,4
19927,14
7074,4
6779,4
6273,4
12596,4
6175,4
6146,4
6048,4
6017,4
18870,4
5950,4
18765,8
5912,4
18754,8
5901,4
12231,4
5680,4
11976,4
11896,4
5464,4
5426,4
5417,4
5314,4
11633,4
5175,24
18028,4
5029,4
4850,38
17703,4
17673,12
4820,4
4777,26
17630,4
4747,4
10897,4
17304,13
4451,4
17171,14
4318,4
17129,28
4276,4
4176,4
4141,4
20045,15
7192,4
19986,31
7133,4
3867,4
3784,4
3755,30
16608,4
3695,4
3669,21
16522,4
3667,4
3564,38
16417,4
9810,4
9429,4
6165,4
6129,4
6041,4
5967,4
2751,4
5894,4
9066,4
2590,4
5757,14
18610,4
15312,34
2459,4
15221,4
2182,4
2042,4
3624,4
5215,38
18068,4
8353,12
21206,4
8236,4
19344,15
6491,4
1569,4
1543,4
1527,4
4729,4
14313,38
1460,4
1467,4
1452,4
1317,4
7734,4
7733,36
20586,4
7709,27
20562,4
14093,4
18863,9
6010,4
1177,4
4351,4
1134,4
8340,4
21193,4
1122,4
7500,13
20353,4
21123,13
8270,4
3413,14
16266,4
14417,10
1564,4
762,9
13615,4
3960,12
16813,4
11977,4
3948,14
16801,4
4732,4
19136,39
6283,4
1344,4
9333,4
6504,21
19357,4
17347,12
4494,4
1264,4
6814,19
19667,4
16457,12
3604,4
3575,16
16428,4
3582,4
3946,19
16799,4
1135,4
1111,4
2693,4
456,4
8184,11
21037,4
7381,15
20234,4
9372,4
533,4
19386,9
6533,4
10946,4
7398,21
20251,4
13717,4
7362,9
20215,4
10564,4
8060,36
20913,4
16583,9
3730,4
3629,4
818,4
15326,4
21322,5
20931,5
20443,5
20415,5
20279,5
19648,5
19424,5
19422,5
18648,5
18303,5
16405,5
16374,5
16365,5
15729,5
15357,36
2504,5
11301,5
10612,5
2212,37
15065,5
7755,5
6341,5
6335,5
6138,5
18397,23
5544,5
5410,5
5390,34
18243,5
5339,5
7229,5
7061,5
3681,5
464,5
6358,5
2968,23
15821,5
9339,5
2887,5
6018,5
15610,29
2757,5
8741,5
2221,5
5422,5
11302,5
1602,5
1200,5
16964,13
4111,5
11305,5
6549,5
6802,22
19655,5
6774,5
15207,5
6708,26
19561,5
1101,5
2667,5
8229,5
6794,22
19647,5
16604,20
3751,5
16396,17
3543,5
8337,33
21190,5
6908,39
19761,5
2756,5
2836,5
14970,5
19832,6
18865,6
18367,6
17894,6
17810,6
17766,6
17149,6
17142,6
17140,6
17127,6
17077,6
16961,6
16095,6
2366,26
15219,6
14885,6
14839,6
271,31
13124,6
13003,6
139,27
12992,6
12905,6
11826,6
11812,6
11558,6
10750,6
10584,6
10423,6
10348,6
9527,6
9207,6
15220,6
14988,6
14923,6
14911,6
14293,13
1440,6
20496,23
7643,6
7611,6
6437,7
19290,6
6385,38
19238,6
19193,9
6340,6
6234,19
19087,6
6225,6
6091,38
18944,6
12454,6
5998,13
18851,6
18520,24
5667,6
5148,38
18001,6
17763,9
4910,6
4848,36
17701,6
4604,28
17457,6
4595,13
17448,6
4593,32
17446,6
4493,12
17346,6
4365,6
10625,6
4173,6
4129,6
4081,6
7119,6
16678,22
3825,6
3372,28
16225,6
15960,31
3107,6
15851,37
2998,6
2971,6
9349,6
2652,6
11893,6
2257,28
15110,6
15017,6
1934,6
16336,26
3483,6
3329,6
3217,6
11222,6
12790,6
1537,6
1480,6
4610,25
17463,6
9234,6
10749,6
5783,6
7124,6
15146,6
7085,6
6525,39
19378,6
14957,6
10808,6
3511,6
20382,38
7529,6
19364,36
6511,6
6486,6
19295,24
6442,6
4039,6
9305,6
4043,6
21436,7
21414,7
21385,7
21378,7
21356,7
21336,7
21330,7
21298,7
21264,7
21211,7
21179,7
21165,7
21109,7
21095,7
21036,7
20896,7
20822,7
20715,7
20706,7
20630,7
20569,7
20490,7
20463,7
20391,7
20332,7
20324,7
20309,7
20299,7
20273,7
20269,7
20249,7
20233,7
20217,7
20213,7
20189,7
20187,7
20166,7
19254,7
19174,7
15908,7
15800,7
15527,13
2674,7
15515,7
15265,7
14882,28
2029,7
13714,12
861,7
13275,39
422,7
13014,7
40,31
12893,7
12266,7
11667,7
10393,7
9115,7
8890,7
15274,9
2421,7
8745,7
8637,23
21490,7
15023,7
8582,18
21435,7
8578,32
21431,7
8563,11
21416,7
14962,35
2109,7
21393,36
8540,7
8506,38
21359,7
8472,9
21325,7
8458,7
8428,9
21281,7
8406,9
21259,7
8264,12
21117,7
8262,7
7994,7
7980,31
20833,7
7875,26
20728,7
7836,7
7821,7
7726,7
7682,27
20535,7
7531,31
20384,7
7459,7
7413,27
20266,7
7382,16
20235,7
7342,9
20195,7
7279,22
20132,7
7264,7
20117,7
6738,7
6586,7
6047,7
5402,7
5396,9
18249,7
11635,7
5055,7
4773,7
11111,7
4012,33
16865,7
3968,7
3860,7
3786,7
3775,39
16628,7
6935,23
19788,7
494,7
16502,20
3649,7
6840,7
3585,7
16432,19
3579,7
196,7
12919,29
66,7
9519,7
6198,7
6186,7
12570,7
15594,7
5793,31
18646,7
8976,7
8972,7
2394,12
15247,7
2253,7
15079,7
2236,7
2205,7
2055,7
8449,28
21302,7
14752,7
1764,7
6466,7
12891,32
38,7
6447,7
20840,12
7987,7
1381,7
6084,7
2862,23
15715,7
7539,38
20392,7
7441,7
986,7
7404,18
20257,7
976,7
1529,7
19981,9
7128,7
3091,20
15944,7
3349,23
16202,7
6790,7
4376,7
7120,7
1108,7
1096,7
2619,7
399,7
1727,7
17155,24
4302,7
1677,7
8294,7
93,7
2433,7
12150,7
7353,12
20206,7
1205,7
19666,9
6813,7
8422,15
21275,7
7308,38
20161,7
7438,21
20291,7
21292,8
21267,8
20936,8
20919,8
20721,8
20709,8
20420,8
20406,8
20159,8
19837,8
18952,8
18840,8
18795,8
18746,8
18738,8
18736,8
18698,8
18689,8
18549,8
18488,8
18465,8
18430,8
18362,8
18228,8
17963,8
17878,8
17875,8
17433,8
16304,8
16289,8
16150,8
16110,8
15831,8
15767,8
15547,8
14876,8
13321,8
12687,8
12657,8
12630,8
12627,8
12592,8
12571,8
12483,8
12336,8
12286,8
12274,8
12246,8
12235,8
12223,8
12215,8
12147,8
12112,8
12102,8
11960,8
11945,8
11940,8
11934,8
11907,8
11802,8
11579,8
10947,8
10715,8
10699,8
15563,8
15528,8
9065,8
8873,8
8684,8
8543,8
21140,12
8287,8
1789,20
14642,8
8021,8
8016,22
20869,8
7869,8
13105,8
82,10
12935,8
12694,8
12509,8
12316,8
12229,8
5711,20
18564,8
12131,8
12101,8
12024,8
11997,8
11913,8
11767,8
17429,38
4576,8
17389,23
4536,8
17334,36
4481,8
17311,11
4458,8
17306,32
4453,8
10860,8
4199,13
17052,8
16838,22
3985,8
690,27
13543,8
7060,16
19913,8
409,20
13262,8
3554,38
16407,8
191,8
3389,8
16195,38
3342,8
12910,8
12875,38
22,8
3189,8
12731,8
12632,8
9293,8
12315,8
5875,13
18728,8
15438,9
2585,8
2544,20
15397,8
5523,38
18376,8
2231,8
8510,26
21363,8
5268,8
2027,8
12980,28
127,8
3303,8
14499,8
15930,27
3077,8
11070,8
17502,36
4649,8
1387,8
4584,8
5957,36
18810,8
176,8
194,8
12091,8
1623,36
14476,8
3243,26
16096,8
12514,8
2046,8
6811,9
19664,8
12397,8
1875,8
14805,8
5076,30
17929,8
4474,8
16200,24
3347,8
4918,14
17771,8
9374,8
16555,9
3702,8
13694,8
21429,9
21419,9
21401,9
21376,9
21297,9
21251,9
21134,9
20773,9
20734,9
20710,9
20699,9
20398,9
20137,9
19912,9
19895,9
19892,9
19870,9
19762,9
19744,9
19731,9
19692,9
19312,9
19208,9
19180,9
18963,9
18951,9
18932,9
18930,9
18910,9
18898,9
18872,9
18861,9
18773,9
18682,9
18638,9
18402,9
18387,9
18280,9
18254,9
18239,9
18191,9
18145,9
18135,9
17973,9
17960,9
17956,9
17752,9
17749,9
17723,9
17612,9
17596,9
17573,9
17538,9
17488,9
17349,9
17340,9
17317,9
17315,9
17125,9
17095,9
17011,9
16986,9
16875,9
16688,9
16652,9
16510,9
16369,9
16238,9
16211,9
16203,9
16093,9
15993,9
15918,9
15736,9
2763,12
15616,9
15569,9
15345,34
2492,9
15308,9
15306,9
2303,20
15156,9
15012,27
2159,9
14978,9
2079,16
14932,9
14877,23
2024,9
1734,26
14587,9
1689,37
14542,9
1457,32
14310,9
13900,25
1047,9
849,12
13702,9
13288,32
435,9
13224,22
371,9
13174,9
13023,9
12885,9
12717,9
12707,9
12677,9
12625,9
12621,9
12611,9
12574,9
12531,9
12529,9
12487,9
12374,9
12345,9
12344,9
12313,9
12276,9
12125,9
12049,9
12046,9
11983,9
11743,9
11638,9
11627,9
11625,9
11550,9
11484,9
11451,9
11440,9
11413,9
11405,9
11403,9
11400,9
11396,9
11105,9
11104,9
11039,9
10998,9
10992,9
10985,9
10978,9
10901,9
10887,9
10817,9
10816,9
10498,9
10432,9
10404,9
10219,9
10197,9
10114,9
10110,9
10096,9
10086,9
10038,9
9971,9
9929,9
9918,9
9915,9
9906,9
9844,9
9668,9
9641,9
9618,9
9590,9
9561,9
9544,9
9489,9
9453,9
9443,9
9413,9
9388,9
9232,9
9161,9
2658,33
15511,9
9072,9
9033,9
9031,9
8996,9
8948,9
8945,9
8916,9
8914,9
15329,23
2476,9
8863,9
8716,9
8707,9
21519,28
8666,9
8628,9
8571,9
21415,18
8562,9
14930,9
8438,39
21291,9
21175,10
8322,9
8240,24
21093,9
8198,15
21051,9
21016,10
8163,9
14395,9
7963,9
7935,9
7928,9
7895,9
7874,9
7872,14
20725,9
7845,27
20698,9
7823,9
20667,15
7814,9
7687,9
7671,9
7570,9
20367,35
7514,9
7488,22
20341,9
20334,10
7481,9
7386,9
7209,9
758,21
13611,9
7013,38
19866,9
19766,15
6913,9
6869,9
6849,14
19702,9
6818,9
236,37
13089,9
6660,9
225,38
13078,9
13043,9
157,9
6561,9
19380,12
6527,9
6278,9
6218,9
12636,9
12559,9
12515,9
12512,9
5889,9
5886,38
18739,9
5810,28
18663,9
18566,39
5713,9
12127,9
5701,22
18554,9
5689,9
5641,9
11996,9
18420,38
5567,9
5558,9
5537,16
18390,9
5517,9
11916,9
11891,9
5465,9
11872,9
5421,9
5411,9
5398,9
5379,9
11751,9
5296,17
18149,9
5240,38
18093,9
5234,9
5183,13
18036,9
5094,9
5091,9
11505,9
5081,9
5071,9
11386,9
11373,9
4952,9
4893,20
17746,9
4890,9
17651,14
4798,9
4733,9
4687,28
17540,9
4638,38
17491,9
4510,9
17239,28
4386,9
4345,9
10744,9
4237,9
17084,13
4231,9
17082,15
4229,9
17012,31
4159,9
10566,9
10515,9
10509,9
10446,9
4015,18
16868,9
16779,31
3926,9
19964,11
7111,9
7073,9
7067,9
3857,17
16710,9
7049,32
19902,9
7041,9
3830,9
7024,9
7011,23
19864,9
10222,9
16630,13
3777,9
544,9
3759,9
3758,28
16611,9
6884,9
19737,9
6850,21
19703,9
10041,9
3612,32
16465,9
6797,26
19650,9
16442,28
3589,9
16430,39
3577,9
16316,13
3463,9
6612,9
16262,16
3409,9
13011,9
128,16
12981,9
12888,9
6425,9
3139,9
3118,9
15968,12
3115,9
3110,24
15963,9
15939,13
3086,9
6276,9
3069,9
9488,9
3067,32
15920,9
9437,9
9431,9
3008,22
15861,9
9392,9
2950,24
15803,9
2930,9
6121,9
9259,9
15668,37
2815,9
2762,9
15602,9
15494,9
2638,9
5805,39
18658,9
2570,9
2551,14
15404,9
5756,9
2435,9
18393,34
5540,9
8691,9
8690,9
2268,14
15121,9
15118,27
2265,9
18307,30
5454,9
2240,34
15093,9
11873,9
15078,22
2225,9
5409,9
15024,9
5376,13
18229,9
547,9
5366,9
5340,9
18148,13
5295,9
5276,9
6810,12
19663,9
3592,9
6734,9
9952,9
6710,9
8331,9
14739,13
1886,9
1832,9
1801,9
3395,9
5001,9
1798,9
14629,9
12987,36
134,9
17694,39
4841,9
1628,9
9644,9
3183,9
14423,9
8000,9
16016,19
3163,9
9538,9
3103,32
15956,9
1445,21
14298,9
1456,9
12667,9
7865,9
1434,9
15879,20
3026,9
1427,9
2958,23
15811,9
9338,9
1316,9
2897,9
10867,9
4437,9
7629,9
2785,9
15596,9
12368,9
1123,9
1103,9
1077,9
1052,9
1032,9
199,12
13052,9
4223,31
17076,9
1015,9
1000,9
3380,12
16233,9
984,9
17829,12
4976,9
5708,9
10521,9
10472,9
6461,9
11232,9
10435,9
5597,9
5545,19
18398,9
11962,9
18394,31
5541,9
741,9
18378,13
5525,9
7110,16
19963,9
19962,39
7109,9
15949,13
3096,9
11107,9
685,9
7090,16
19943,9
553,9
6944,9
20600,33
7747,9
2912,9
6111,9
6101,9
8113,9
8467,9
6433,9
19286,9
820,9
10841,9
1203,9
401,9
1575,9
6784,9
3556,13
16409,9
8761,9
6731,9
17980,13
5127,9
9677,9
1996,9
995,9
1790,9
17816,24
4963,9
1760,9
8572,9
5722,27
18575,9
8940,9
1099,9
16130,36
3277,9
4144,27
16997,9
3738,37
16591,9
9108,9
16140,13
3287,9
1729,39
14582,9
4143,9
9861,9
6539,9
7260,9
2039,9
11657,9
6836,9
15368,9
8947,9
9146,9
4408,9
16597,34
3744,9
10095,9
10,9
3433,13
16286,9
19946,15
7093,9
2884,9
21553,10
21551,10
21403,10
21388,10
21248,10
21176,10
21113,10
21103,10
21028,10
20954,10
20918,10
20826,10
20791,10
20494,10
20412,10
20393,10
20304,10
20226,10
20151,10
19571,10
19515,10
19053,10
19045,10
18481,10
17440,10
17034,10
16913,10
16698,10
16664,10
16642,10
16619,10
16585,10
16546,10
16545,10
16380,10
16324,10
16315,10
16246,10
15969,10
15833,10
15822,10
15753,10
15723,10
15348,10
2173,34
15026,10
12830,10
11705,10
10282,10
10280,10
9728,10
9707,10
9417,10
15356,10
8777,10
14918,28
2065,10
8289,33
21142,10
7954,37
20807,10
20736,21
7883,10
7757,10
7541,10
6972,10
13292,38
439,10
13291,28
438,10
6709,27
19562,10
6601,10
5815,10
5243,36
18096,10
5188,10
5034,33
17887,10
11241,10
4657,10
4644,10
10688,10
3872,30
16725,10
3817,21
16670,10
3762,28
16615,10
3634,21
16487,10
2827,28
15680,10
9158,10
2468,31
15321,10
2194,10
11787,10
8475,10
8293,12
21146,10
8087,10
7984,12
20837,10
1469,10
2979,13
15832,10
1210,10
1124,10
7544,10
16327,23
3474,10
7487,27
20340,10
10644,10
6583,10
7317,17
20170,10
1924,10
3441,23
16294,10
7704,36
20557,10
541,10
21574,11
20824,11
19083,11
18995,11
18994,11
18066,11
17870,11
16991,11
16146,11
2411,36
15264,11
2347,27
15200,11
14928,11
14545,22
1692,11
12861,11
11541,11
11387,11
10708,11
15365,36
2512,11
8683,28
21536,11
21202,13
8349,11
14418,11
20792,16
7939,11
7496,11
791,11
12857,11
6375,11
12608,11
19037,13
6184,11
5888,11
12213,11
5706,11
5255,13
18108,11
5021,27
17874,11
4816,11
4756,11
11007,11
10678,11
4249,12
17102,11
4192,11
4028,11
797,11
3594,11
3452,11
9615,11
6188,16
19041,11
2959,11
9204,11
2754,33
15607,11
2765,11
2635,11
18432,28
5579,11
15179,24
2326,11
15038,11
562,11
3645,11
3609,11
1960,11
3364,11
14558,11
8103,11
1682,11
17462,23
4609,11
9302,11
15639,11
15410,11
8088,11
4051,11
704,11
3181,11
8396,11
2542,11
2696,11
834,11
18,11
233,11
2449,11
21502,12
21253,12
21133,12
21041,12
21019,12
21018,12
21007,12
20641,12
20584,12
20552,12
20467,12
20031,12
19935,12
19906,12
19874,12
19860,12
19826,12
19802,12
19763,12
19732,12
19711,12
19645,12
19635,12
19453,12
19420,12
19379,12
19371,12
19297,12
19258,12
19137,12
19113,12
18962,12
18922,12
18921,12
18906,12
18882,12
18859,12
18842,12
18730,12
18654,12
18600,12
18234,12
18080,12
18038,12
18037,12
17993,12
17957,12
17860,12
17853,12
17847,12
17835,12
17798,12
17782,12
17770,12
17738,12
17719,12
17710,12
17687,12
17652,12
17562,12
17551,12
17412,12
17361,12
17174,12
17168,12
17015,12
16796,12
16707,12
16677,12
16675,12
16523,12
16499,12
16459,12
16404,12
16403,12
16210,12
15988,12
15961,12
15932,12
15912,12
15898,12
15778,12
15717,12
15713,12
15664,12
15591,12
15585,12
2708,21
15561,12
15457,27
2604,12
15430,28
2577,12
15315,21
2462,12
15204,12
15197,22
2344,12
15052,12
15037,12
15004,12
2151,12
1751,18
14604,12
14563,12
1684,14
14537,12
14263,12
14028,12
937,32
13790,12
322,24
13175,12
13139,12
13021,36
168,12
12974,12
110,36
12963,12
12956,12
12937,12
80,31
12933,12
12822,12
12679,12
12668,12
12651,12
12538,12
12350,12
12225,12
12222,12
12191,12
12094,12
12087,12
11989,12
11867,12
11722,12
11623,12
11563,12
11559,12
11527,12
11435,12
11378,12
11370,12
11348,12
11274,12
11268,12
11257,12
11126,12
11093,12
10971,12
10961,12
10960,12
10941,12
10918,12
10899,12
10849,12
10847,12
10788,12
10508,12
10467,12
10458,12
10310,12
10245,12
10158,12
10042,12
9925,12
9920,12
9891,12
9833,12
9814,12
9809,12
9642,12
9497,12
9454,12
9332,12
9326,12
9296,12
15653,28
2800,12
9090,12
9045,12
8919,12
2484,21
15337,12
2458,18
15311,12
8853,12
8780,12
8755,12
8748,12
15138,12
8717,12
15031,12
8546,12
8514,12
8479,12
21283,33
8430,12
21214,30
8361,12
8351,12
8276,24
21129,12
8217,12
8205,12
14512,13
1659,12
20825,35
7972,12
7968,12
7952,12
7897,12
7896,12
14315,12
7840,27
20693,12
7715,12
1246,39
14099,12
20531,35
7678,12
7464,12
1017,21
13870,12
20207,35
7354,12
7344,12
745,12
725,12
7065,12
7045,12
6955,31
19808,12
6888,12
6874,15
19727,12
6866,15
19719,12
6817,12
352,38
13205,12
343,23
13196,12
342,13
13195,12
13151,12
6725,12
6719,13
19572,12
6702,12
6697,12
6682,12
12959,12
6315,12
12688,12
12685,12
12661,12
12641,12
18988,14
6135,12
12504,12
18873,39
6020,12
18830,21
5977,12
5937,12
5919,12
12321,12
12309,12
5876,12
5873,12
12260,12
12236,12
12221,12
12219,12
12171,12
12133,12
5675,12
5672,12
5659,12
5615,12
11982,12
5559,12
11954,12
5533,12
11923,12
11920,12
5477,12
5400,13
18253,12
5350,12
5334,38
18187,12
5309,12
5293,12
5291,12
5226,36
18079,12
11598,12
5128,37
17981,12
5082,12
17930,38
5077,12
11464,12
11441,12
4824,38
17677,12
4818,15
17671,12
4812,12
4806,39
17659,12
4796,12
11134,12
11133,12
11100,12
4665,13
17518,12
4622,12
4605,12
4592,12
4586,12
10962,12
10874,12
10790,12
10787,12
10786,12
4228,27
17081,12
4161,12
4145,12
764,12
3980,28
16833,12
3958,33
16811,12
19989,13
7136,12
712,12
3879,12
3853,21
16706,12
7046,12
3821,12
7003,25
19856,12
559,12
10102,12
3673,12
6887,12
10090,12
10088,12
3640,38
16493,12
10058,12
376,12
6767,12
13214,33
361,12
6695,12
135,14
12988,12
19409,34
6556,12
3309,12
19351,14
6498,12
16148,28
3295,12
68,12
47,36
12900,12
6454,35
19307,12
3251,12
12853,12
16063,38
3210,12
9608,12
3154,12
9570,12
3100,12
12716,12
12663,12
15892,20
3039,12
3038,12
12652,12
9434,12
2946,12
2926,12
12540,12
2886,27
15739,12
9288,12
2867,12
9279,12
6059,12
15704,37
2851,12
9239,12
15629,12
5986,12
18828,21
5975,12
2769,12
12386,12
5949,12
2672,12
9087,12
12226,12
12186,12
5762,12
12172,12
5743,12
2528,12
8909,12
8880,12
15263,26
2410,12
5608,12
2271,12
15111,12
11892,12
15061,12
15005,12
532,12
10171,12
6855,12
16505,28
3652,12
11679,12
5258,24
18111,12
10066,12
436,12
6844,13
19697,12
3626,21
16479,12
19681,15
6828,12
16475,13
3622,12
5228,12
10018,12
3597,28
16450,12
1994,12
11553,12
3486,25
16339,12
237,13
13090,12
1847,12
3400,12
3384,12
17823,13
4970,12
4934,35
17787,12
11335,12
6506,27
19359,12
6515,38
19368,12
6478,17
19331,12
1678,12
1673,12
1666,12
3252,12
1619,12
1606,12
9619,12
16029,14
3176,12
4772,14
17625,12
7967,12
4744,38
17597,12
3117,15
15970,12
12727,12
1506,12
4660,38
17513,12
3053,12
3042,12
14282,16
1429,12
20708,21
7855,12
11051,12
1425,12
6166,12
9381,12
7737,12
1301,19
14154,12
1276,12
7672,12
20525,12
1243,12
1228,12
9230,12
4360,12
5925,21
18778,12
9102,12
2671,12
9081,12
9867,12
14679,12
13874,12
7453,12
6616,12
8204,12
2583,12
185,12
978,12
8987,12
8186,13
21039,12
884,12
3276,12
1679,12
2434,12
20087,24
7234,12
7199,12
767,12
20021,24
7168,12
724,12
6312,12
1512,12
15154,13
2301,12
2312,12
1500,12
1497,12
9510,12
3089,12
684,12
682,12
558,12
12173,12
5752,13
18605,12
2148,35
15001,12
9345,12
2126,12
10128,12
3707,12
4064,39
16917,12
14485,12
6846,12
19699,12
5620,12
1217,12
6003,12
3596,15
16449,12
1584,12
787,12
369,12
2371,12
5974,12
3565,12
9984,12
8370,12
7149,12
6714,12
17965,37
5112,12
13141,12
16112,13
3259,12
6477,12
441,12
6877,12
1029,12
12243,12
9573,12
18210,14
5357,12
8367,12
9363,12
3742,12
7341,12
1280,12
7497,12
1676,12
10895,12
1665,12
20168,26
7315,12
497,12
10868,12
447,12
850,12
1740,12
1340,12
10151,12
3735,13
16588,12
5732,15
18585,12
1220,12
2325,12
5331,12
7698,12
6886,12
4233,23
17086,12
4107,12
6801,22
19654,12
1039,12
1649,12
2102,12
3599,12
687,12
7261,33
20114,12
840,12
21567,13
21556,13
21512,13
21391,13
21358,13
21138,13
21131,13
21076,13
21023,13
20907,13
20787,13
20653,13
20469,13
20186,13
20005,13
19998,13
19658,13
19653,13
19557,13
19556,13
19546,13
19471,13
19433,13
19432,13
19223,13
19191,13
18992,13
18975,13
18782,13
18676,13
18674,13
18519,13
18472,13
18459,13
18443,13
18421,13
18357,13
18302,13
18281,13
18277,13
18271,13
18236,13
18231,13
18104,13
17780,13
17758,13
17686,13
17452,13
17449,13
17421,13
17410,13
17406,13
17364,13
17359,13
17352,13
17279,13
17274,13
17269,13
17245,13
17201,13
17103,13
17083,13
17074,13
17039,13
17007,13
16993,13
16957,13
16935,13
16932,13
16926,13
16903,13
16794,13
16788,13
16777,13
16774,13
16680,13
16636,13
16581,13
16359,13
16357,13
16331,13
16307,13
16256,13
16241,13
16214,13
16179,13
16139,13
16103,13
15973,13
15929,13
15914,13
15872,13
15859,13
15858,13
15855,13
15840,13
2850,21
15703,13
15643,13
15551,13
2499,23
15352,13
15303,13
15237,13
15234,13
15096,13
14904,13
14199,13
13077,13
13046,13
186,15
13039,13
12842,13
12836,13
12799,13
12791,13
12564,13
12502,13
12409,13
12404,13
12338,13
12278,13
12028,13
12011,13
11860,13
11841,13
11833,13
11801,13
11793,13
11723,13
11706,13
11617,13
11587,13
11574,13
11551,13
11487,13
11447,13
11446,13
11425,13
11390,13
11357,13
11330,13
11279,13
11270,13
11265,13
11260,13
11252,13
11249,13
11175,13
11149,13
11103,13
11102,13
11071,13
11064,13
10913,13
10905,13
10876,13
10864,13
10695,13
10665,13
10642,13
10537,13
10332,13
10306,13
10302,13
10299,13
10265,13
10255,13
10230,13
10080,13
10048,13
9988,13
9943,13
9923,13
9892,13
9866,13
9853,13
9797,13
9720,13
9689,13
9681,13
9657,13
9432,13
9408,13
9315,13
9290,13
2803,15
15656,13
9147,13
9110,13
9076,13
15389,13
2353,37
15206,13
2308,16
15161,13
8699,13
8663,13
8662,13
8641,13
8592,13
8541,20
21394,13
14912,13
8490,27
21343,13
8489,26
21342,13
8480,15
21333,13
8424,19
21277,13
14826,13
21197,23
8344,13
8309,13
21097,39
8244,13
8212,28
21065,13
8178,31
21031,13
8141,13
8106,13
20959,13
8056,18
20909,13
8015,13
8012,34
20865,13
7831,13
20673,21
7820,13
7669,13
20453,19
7600,13
7477,13
7391,13
7337,13
7314,13
20165,35
7312,13
7240,13
7148,22
20001,13
7135,13
6970,38
19823,13
19775,23
6922,13
467,15
13320,13
13270,13
13191,19
338,13
6764,13
315,36
13168,13
242,24
13095,13
19510,32
6657,13
6630,39
19483,13
19448,14
6595,13
6594,19
19447,13
6578,13
6562,13
6524,21
19377,13
6438,20
19291,13
12806,13
6337,13
6248,18
19101,13
12602,13
6125,13
12503,13
6058,13
12472,13
6014,35
18867,13
5973,13
12355,13
12340,13
5908,13
5895,13
5887,13
5858,13
18688,15
5835,13
5830,13
5808,13
5724,13
18577,13
5712,34
18565,13
5690,13
12048,13
18464,24
5611,13
5561,13
5499,38
18352,13
5475,21
18328,13
5423,34
18276,13
5394,13
5382,13
11753,13
18176,34
5323,13
5288,13
5278,13
5201,13
18029,39
5176,13
5160,13
11507,13
11498,13
17923,31
5070,13
5057,13
11455,13
11362,13
4941,13
11198,13
11163,13
4712,13
11065,13
17478,31
4625,13
11043,13
4555,24
17408,13
17405,24
4552,13
4513,13
4507,13
10902,13
4476,21
17329,13
4436,28
17289,13
17260,24
4407,13
10779,13
4343,13
17196,13
4170,13
17023,13
4152,38
17005,13
4146,13
4117,38
16970,13
4048,13
7218,36
20071,13
3999,14
16852,13
10418,13
7185,16
20038,13
16835,27
3982,13
16826,20
3973,13
3930,31
16783,13
3892,13
16745,13
3870,26
16723,13
10264,13
16648,20
3795,13
10209,13
10192,13
408,20
13261,13
6788,13
3534,13
9954,13
13116,13
6623,13
9799,13
9792,13
46,13
3222,32
16075,13
16045,33
3192,13
3157,13
3149,13
3104,13
3072,39
15925,13
3023,20
15876,13
3010,13
12623,13
12609,13
2985,28
15838,13
6180,16
19033,13
2977,13
12594,13
9348,13
6090,13
5972,13
9184,13
9182,13
12375,13
18807,16
5954,13
9069,13
2647,13
15453,13
15451,13
2602,33
15455,13
9015,13
5796,13
8991,13
8982,13
15400,13
15310,13
5643,13
8861,13
15270,34
2417,13
2419,13
15227,28
2374,13
8765,13
8692,13
5471,13
21539,34
8686,13
8674,13
8668,25
21521,13
11863,13
11829,13
5408,13
16623,35
3770,13
6968,13
5371,13
21441,35
8588,13
14921,13
14907,36
2054,13
2028,21
14881,13
2025,13
14854,28
2001,13
5132,13
1929,13
5115,13
17968,13
259,13
3469,13
1848,13
1839,13
1815,13
9734,13
8109,13
3275,13
20947,21
8094,13
12883,13
6428,13
1,13
8040,14
20893,13
9628,13
19283,39
6430,13
4809,13
11225,13
1579,13
7962,13
12701,13
1478,13
7866,17
20719,13
4632,13
1409,13
3003,13
3001,32
15854,13
20655,21
7802,13
1367,37
14220,13
1361,13
2917,13
17341,39
4488,13
4429,36
17282,13
10781,13
1148,13
4341,21
17194,13
1125,13
1897,13
4303,39
17156,13
20374,21
7521,13
1088,13
1085,13
7501,13
1079,13
1871,13
13908,13
11461,13
2620,13
1019,13
10633,13
991,13
11397,13
5670,13
18523,13
8855,13
16884,22
4031,13
2390,13
757,13
7154,13
718,13
14354,13
5507,13
18360,13
13530,24
677,13
1499,13
11118,13
3888,13
2155,13
543,13
7771,13
20624,13
1350,13
6926,13
104,13
925,13
3711,13
14951,13
1306,13
3241,20
16094,13
4401,15
17254,13
16843,38
3990,13
2775,13
9192,13
5573,21
18426,13
3563,13
345,13
9550,13
3934,39
16787,13
12332,13
13950,13
14340,13
1078,13
16909,22
4056,13
6471,13
3253,13
1656,13
9051,13
16283,35
3430,13
1022,13
1808,13
15450,13
6604,13
1990,28
14843,13
1785,13
1963,13
2951,39
15804,13
15801,34
2948,13
2942,13
930,13
3339,13
16170,38
3317,13
903,13
16755,31
3902,13
14941,13
105,13
8098,13
16126,24
3273,13
875,13
1675,13
474,13
19334,15
6481,13
16950,38
4097,13
894,13
6941,13
3340,13
9554,13
10563,13
8063,13
8554,13
1631,13
4071,13
1715,13
3315,13
1718,13
1356,13
9543,13
10352,13
3931,13
6636,16
19489,13
16908,31
4055,13
13247,13
10311,13
3684,13
10464,13
21357,14
21287,14
21228,14
21071,14
21040,14
20945,14
20905,14
20797,14
20396,14
20311,14
20298,14
20035,14
19833,14
19831,14
19799,14
19751,14
19507,14
19441,14
19435,14
19411,14
19343,14
19270,14
19241,14
18986,14
18223,14
18182,14
18138,14
17837,14
17785,14
17784,14
17777,14
17576,14
17182,14
17178,14
17146,14
17115,14
17004,14
16925,14
16923,14
16873,14
16700,14
16685,14
16444,14
16427,14
16145,14
16136,14
16091,14
16026,14
15997,14
15894,14
15682,14
15600,14
2742,24
15595,14
15387,25
2534,14
15194,14
14982,14
14623,14
1541,33
14394,14
13704,15
851,14
13189,14
13085,14
232,14
12827,14
12676,14
12443,14
12305,14
12237,14
11968,14
11449,14
11143,14
11041,14
11029,14
10950,14
10908,14
10883,14
10843,14
10224,14
9487,14
9343,14
15077,27
2224,14
8555,22
21408,14
21362,25
8509,14
8327,14
8220,16
21073,14
14619,14
8020,14
7997,14
7824,14
20666,36
7813,14
14131,14
7604,39
20457,14
7494,14
7490,14
7482,14
7469,14
7319,14
7027,32
19880,14
19781,23
6928,14
13212,14
13210,14
13194,14
13182,14
6629,22
19482,14
12949,34
96,14
6473,14
12699,14
6223,14
12629,14
12620,14
12610,14
6103,14
6096,14
12356,14
12331,14
5750,14
18563,25
5710,14
5655,14
5516,14
5481,23
18334,14
5377,14
11755,14
11748,14
11744,14
17897,38
5044,14
4908,14
11078,14
17432,24
4579,14
10928,14
10872,14
4369,14
4067,14
10462,14
3993,14
3933,14
3920,14
7115,37
19968,14
3839,14
3833,14
3831,16
16684,14
16650,31
3797,14
10213,14
6815,14
3542,24
16395,14
16275,35
3422,14
3418,14
16269,35
3416,14
143,27
12996,14
6575,27
19428,14
13006,22
153,14
3229,14
9539,14
9526,14
12722,14
9472,14
6070,14
2799,14
15621,34
2768,14
2540,14
5723,33
18576,14
2471,18
15324,14
5671,14
8771,14
2310,14
2247,14
5442,14
2219,14
8558,14
21411,14
6907,34
19760,14
6712,14
1835,14
6598,23
19451,14
9640,14
1601,14
1581,14
7993,14
7958,17
20811,14
10909,14
6065,14
7650,14
9246,14
15655,17
2802,14
10748,14
3517,25
16370,14
1118,14
2714,14
8298,14
8258,14
16270,31
3417,14
9027,14
3394,14
16247,14
12203,14
4172,23
17025,14
4884,14
7305,14
1667,14
15276,14
1577,14
9582,14
3161,14
748,14
7913,27
20766,14
3085,14
2281,14
1477,14
12973,14
2552,14
5352,39
18205,14
545,14
125,14
12978,14
12146,14
11738,14
1291,14
6873,14
8064,36
20917,14
3632,14
4787,38
17640,14
13211,14
3168,15
16021,14
7992,14
3129,14
12719,14
853,14
7443,14
4964,14
1354,14
4937,14
12965,14
1299,14
3298,14
1959,14
14201,14
5665,14
844,14
6856,14
1044,14
3336,14
3239,14
836,14
7749,14
1213,14
2013,14
4019,39
16872,14
21565,15
21462,15
21454,15
21318,15
21261,15
21143,15
19839,15
19383,15
19325,15
19006,15
18917,15
18667,15
18557,15
18351,15
18342,15
18252,15
18101,15
17863,15
17839,15
17776,15
17706,15
17666,15
17569,15
17559,15
17529,15
17499,15
17164,15
16983,15
16663,15
16563,15
16531,15
16429,15
16354,15
15987,15
15503,34
2650,15
904,39
13757,15
13711,15
12755,15
12205,15
12106,15
11910,15
11619,15
11519,15
11477,15
11243,15
11136,15
11095,15
10989,15
10848,15
10834,15
10551,15
10445,15
10071,15
9874,15
9804,15
9607,15
9557,15
9505,15
9053,15
8977,15
8962,15
2370,26
15223,15
21557,24
8704,15
8567,15
8373,15
8359,15
8255,15
1773,39
14626,15
7912,15
20497,37
7644,15
20419,20
7566,15
7475,36
20328,15
7058,15
13184,20
331,15
6726,15
6497,15
6427,31
19280,15
6220,34
19073,15
6214,15
6177,15
6124,15
5910,15
12159,15
5727,15
12093,15
11717,15
11707,15
5270,15
11539,15
17950,32
5097,15
11465,15
4922,26
17775,15
11271,15
4835,24
17688,15
4781,15
11086,15
4654,24
17507,15
4537,15
4310,31
17163,15
17035,21
4182,15
4139,24
16992,15
7196,15
3884,26
16737,15
7077,27
19930,15
498,15
16554,35
3701,15
356,15
6737,15
3438,15
3425,20
16278,15
3415,15
3367,15
16037,39
3184,15
3180,15
9560,15
6331,15
3111,32
15964,15
12697,15
3062,15
9403,15
2933,15
15780,22
2927,15
9328,15
2847,15
2833,15
6030,15
2818,15
2792,15
5965,15
9172,15
9139,15
5787,15
2569,15
8951,15
2323,15
2307,15
11895,15
16460,39
3607,15
21208,21
8355,15
14755,35
1902,15
9928,15
21077,35
8224,15
1787,15
6547,15
12962,22
109,15
19341,16
6488,15
12878,15
1626,15
6422,15
9638,15
12851,15
4615,15
10944,15
4519,31
17372,15
7729,15
1252,15
2797,15
9206,15
5947,15
13966,15
20337,35
7484,15
15479,15
1020,15
4212,15
17054,23
4201,15
983,15
982,15
2505,15
6493,15
16143,24
3290,15
4887,15
16792,16
3939,15
20793,21
7940,15
703,15
19950,31
7097,15
15933,22
3080,15
17808,35
4955,15
8569,15
14156,20
1303,15
10129,15
504,15
5304,15
18157,15
15300,22
2447,15
10025,15
390,20
13243,15
6778,15
4774,15
2365,15
16392,27
3539,15
735,15
6740,15
9893,15
6687,16
19540,15
9680,15
5833,24
18686,15
7428,15
3387,15
10518,15
6853,15
8080,15
10442,15
12852,15
15797,21
2944,15
21210,16
20142,16
17134,16
16714,16
16676,16
16488,16
16300,16
16232,16
15573,28
2720,16
15483,34
2630,16
15060,16
1686,23
14539,16
14166,27
1313,16
12824,16
12492,16
12288,16
11282,16
11056,16
11015,16
10894,16
10547,16
10387,16
10237,16
10098,16
10002,16
9858,16
9324,16
9284,16
9258,16
15581,38
2728,16
2560,20
15413,16
15278,16
8846,16
8836,16
8784,16
15029,16
8221,16
1653,27
14506,16
7974,16
7864,16
14212,20
1359,16
7707,16
7694,16
7452,16
7363,17
20216,16
7158,16
555,16
6763,16
6577,16
12862,25
9,16
12698,16
6222,16
12599,16
5935,16
11643,16
5102,16
17632,36
4779,16
11087,16
11027,16
4606,16
4498,16
17028,23
4175,16
3916,16
10208,16
10180,16
16473,27
3620,16
3578,16
3435,36
16288,16
9383,16
9371,16
2920,16
9268,16
15593,16
2700,19
15553,16
2532,16
8797,16
8768,16
11915,16
5440,16
2230,16
2198,16
5300,16
406,16
404,16
9904,16
1794,16
19272,31
6419,16
8023,16
1526,16
4585,16
6120,16
10893,16
7690,16
10805,16
12301,16
14715,34
1862,16
13041,16
12929,16
2470,16
16117,39
3264,16
7217,16
732,16
21575,28
8722,16
1488,16
146,16
5351,16
6943,31
19796,16
16496,26
3643,16
4023,16
15623,16
1571,16
3603,16
2500,16
8454,16
3598,16
16197,31
3344,16
1747,16
19419,17
18071,17
17113,17
16568,17
16549,17
16495,17
16041,17
15959,17
2744,31
15597,17
12670,17
12054,17
11933,17
11273,17
11181,17
11090,17
10904,17
10877,17
10146,17
10112,17
10085,17
10057,17
9959,17
9599,17
9438,17
15674,17
8992,17
15280,17
15120,17
8545,17
14729,17
8227,17
7979,17
7725,17
7696,17
7349,17
7245,17
6661,17
6635,17
6287,17
6106,17
6088,17
18497,25
5644,17
11730,17
17911,36
5058,17
4551,17
4505,17
4374,17
17031,35
4178,17
7063,17
6852,17
10068,17
13258,38
405,17
3541,34
16394,17
6694,17
13062,17
6590,17
3153,39
16006,17
9414,17
12550,17
2907,17
2664,17
9030,17
12155,17
12045,17
2398,17
2379,17
10181,17
10115,17
8513,17
407,17
11636,17
11510,17
6532,17
16107,28
3254,17
1657,17
8007,17
1563,17
1379,17
1360,17
7631,17
10833,17
14761,17
1071,17
811,17
7189,17
7975,17
8733,17
2549,17
113,17
83,17
6864,17
3258,17
14888,17
817,17
2375,17
8791,17
1173,17
11156,17
7141,17
8730,17
50,17
6862,17
9040,17
3382,17
11358,17
7358,17
13333,38
480,17
147,17
865,17
5694,17
10054,17
1287,17
21337,18
21308,18
20910,18
20685,18
20651,18
20598,18
20517,18
20515,18
19142,18
19029,18
18708,18
16602,18
16055,18
15295,18
12658,18
12649,18
12391,18
12382,18
12380,18
12362,18
12341,18
12258,18
12154,18
12149,18
12077,18
11978,18
11884,18
11713,18
11614,18
11568,18
10943,18
10083,18
9818,18
9478,18
9399,18
9237,18
9101,18
8708,18
2203,20
15056,18
8579,18
8085,36
20938,18
8030,33
20883,18
20879,21
8026,18
7838,18
7790,18
7266,22
20119,18
140,18
12351,18
11898,18
5342,18
11724,18
11567,18
4797,18
11034,18
16918,19
4065,18
10447,18
10436,18
6787,18
6759,18
6414,23
19267,18
9610,18
6123,18
15709,22
2856,18
8969,18
2478,18
12017,18
15094,18
11649,18
5089,18
126,18
1433,18
17328,36
4475,18
9287,18
10840,18
1837,18
9034,18
1013,18
6591,18
1608,18
11966,18
2342,18
12176,18
1658,18
1650,18
13025,18
8981,18
11570,18
8995,18
8096,39
20949,18
6880,18
2938,18
11644,18
21222,19
18997,19
18713,19
16798,19
16665,19
16590,19
16219,19
16030,19
15307,19
13263,39
410,19
13138,19
12569,19
12166,19
12031,19
11452,19
11333,19
9475,19
9113,19
9097,19
2474,20
15327,19
8794,19
8481,19
8457,19
21244,21
8391,19
14646,19
20319,33
7466,19
20308,33
7455,19
7048,19
388,19
6701,19
6522,33
19375,19
6368,19
12506,19
18445,24
5592,19
4920,30
17773,19
17206,28
4353,19
10599,19
9525,19
2916,20
15769,19
2518,19
8899,19
2429,19
2048,19
21300,33
8447,19
9930,19
13093,19
17901,25
5048,19
4938,31
17791,19
6540,19
1706,19
19273,28
6420,19
8027,19
1449,19
1438,19
11031,19
7693,23
20546,19
12914,19
6299,19
6288,19
7092,19
538,19
10925,19
1643,19
7953,19
151,19
11540,19
6529,19
1271,19
8580,19
12874,19
12860,19
21503,20
21382,20
20946,20
20887,20
20753,20
20682,20
19975,20
18356,20
18332,20
17822,20
17760,20
17716,20
17643,20
17589,20
16589,20
16577,20
16512,20
16332,20
16159,20
16152,20
16123,20
16097,20
15967,20
15885,20
15785,20
15636,34
2783,20
15296,20
15103,20
14672,20
13721,39
868,20
13136,20
12573,20
12383,20
12044,20
11711,20
11522,20
11349,20
11236,20
10988,20
10453,20
10434,20
10419,20
10328,20
10272,20
9981,20
9927,20
9410,20
9156,20
9048,20
15281,26
2428,20
14967,20
2114,20
21112,21
8259,20
8138,20
8039,20
7470,20
7332,20
7225,20
7220,20
13192,20
6361,20
6277,20
6199,20
5627,20
5335,39
18188,20
5287,20
5272,20
5141,20
11492,20
4956,27
17809,20
4894,20
11177,20
11113,20
4621,20
4160,20
10541,20
16968,23
4115,20
4088,32
16941,20
10414,20
3865,34
16718,20
3856,20
16681,31
3828,20
3790,20
10052,20
16472,27
3619,20
10000,20
346,36
13199,20
9884,20
6655,20
3420,20
6581,20
2915,27
15768,20
2729,20
9059,20
9032,20
15325,20
8903,20
12083,20
8830,20
5596,20
5586,20
2238,27
15091,20
18296,31
5443,20
14949,20
2097,20
6841,20
6748,20
6689,20
1620,20
1572,20
11192,20
7870,20
6246,20
1428,20
12600,20
1339,20
12378,20
9175,20
1104,20
17933,31
5080,20
9098,20
3459,39
16312,20
1024,20
13037,20
1816,20
8055,20
3205,20
16837,22
3984,20
16804,21
3951,20
3937,20
3910,20
2297,20
14168,27
1315,20
8943,20
6914,36
19767,20
12532,20
13232,38
379,20
372,36
13225,20
13197,20
9977,20
13187,26
334,20
9926,20
299,20
16258,34
3405,20
4410,20
963,20
130,20
3345,20
922,20
15598,20
4447,20
2810,20
852,20
21295,21
21242,21
21233,21
21224,21
21196,21
21178,21
21034,21
20976,21
20770,21
20657,21
20634,21
20567,21
20507,21
20380,21
19862,21
19639,21
19459,21
17811,21
17788,21
17685,21
17607,21
16806,21
16441,21
16348,21
16346,21
15540,23
2687,21
15130,21
14612,38
1759,21
13552,32
699,21
12705,21
12681,21
12659,21
12613,21
12562,21
12516,21
12364,21
11993,21
11696,21
11684,21
11566,21
11529,21
11429,21
11416,21
11407,21
11338,21
11145,21
11106,21
11028,21
10999,21
10966,21
10839,21
10561,21
9807,21
9611,21
9566,21
9425,21
9312,21
9301,21
8742,21
8521,21
8300,21
21128,23
8275,21
14630,21
7893,26
20746,21
14103,21
7516,21
7510,28
20363,21
7410,21
7330,21
7323,38
20176,21
7302,21
7191,21
6521,34
19374,21
6500,21
6485,21
24,21
6309,21
5991,21
12294,21
5669,21
5657,21
5629,21
18470,31
5617,21
18455,28
5602,21
18448,24
5595,21
5575,21
5555,21
5359,21
5114,26
17967,21
5084,21
11046,21
10919,21
4378,21
17223,38
4370,21
4358,21
17199,38
4346,21
4261,21
4157,21
10534,21
10524,21
4029,21
734,21
19163,24
6310,21
12353,21
5931,21
15477,21
5758,21
8965,21
2539,21
15354,21
5679,21
2350,21
15189,21
15162,34
2309,21
2316,21
15152,21
5452,21
2249,21
2188,21
10185,21
14995,21
2016,21
1861,21
5018,21
19426,36
6573,21
138,21
1655,21
9625,21
4775,21
7887,21
17434,24
4581,21
1366,21
1285,21
2789,21
1191,21
17216,38
4363,21
1117,21
14744,21
1877,21
1080,21
2663,21
7444,21
210,21
1010,21
1768,21
8915,21
13715,21
848,21
5600,21
781,21
2333,21
7104,23
19957,21
1752,21
5725,21
4517,21
5317,21
1311,21
3708,38
16561,21
2110,38
14963,21
98,21
8879,21
7193,21
18396,36
5543,21
731,21
6298,21
8296,21
7432,21
11630,21
5354,21
4954,21
9894,21
5741,21
1639,21
1633,21
5321,21
490,21
21372,22
20514,22
20493,22
16890,22
16858,22
16836,22
16795,22
16679,22
16401,22
15934,22
15902,22
15759,22
15708,22
15707,22
2849,27
15702,22
15299,22
15283,22
2405,39
15258,22
2340,27
15193,22
12580,22
12304,22
12185,22
12184,22
11930,22
11572,22
11428,22
11057,22
10611,22
10542,22
10439,22
10402,22
10243,22
10162,22
9936,22
9902,22
9878,22
9868,22
9827,22
9588,22
9580,22
9577,22
9551,22
9547,22
9313,22
9306,22
15496,22
9074,22
9044,22
8968,22
8928,22
15335,26
2482,22
8898,22
15250,26
2397,22
8808,22
8785,22
8502,22
8378,22
14551,22
8028,22
7955,22
7746,22
7657,22
20371,35
7518,22
7385,22
7297,22
7277,22
7250,22
7235,22
7167,22
7146,22
722,22
7132,22
6861,22
6761,22
6730,22
6673,22
6460,22
6235,22
5938,22
18355,26
5502,22
11756,22
11628,22
11476,22
17907,36
5054,22
17906,28
5053,22
4613,22
4459,22
17305,23
4452,22
17292,23
4439,22
17251,28
4398,22
4389,22
4344,22
4240,22
4193,22
10484,22
3873,39
16726,22
3864,39
16717,22
3800,28
16653,22
3787,22
3763,22
554,22
3647,22
6683,22
13059,22
53,22
9613,22
9578,22
9477,22
9354,22
2928,22
6130,22
9272,22
9271,22
9240,22
9116,22
5721,22
2440,22
15208,22
2348,22
15082,22
14934,22
13276,31
423,22
420,22
13204,22
3580,22
11433,22
5012,22
13019,31
166,22
14569,33
1716,22
14550,22
4801,22
9587,22
7861,22
9422,22
1382,22
4523,22
7681,22
4454,22
4446,22
1234,22
7498,22
1065,22
1820,22
1797,22
10610,22
828,22
5593,22
17633,28
4780,22
9530,22
8724,22
1483,22
7776,22
1342,22
2908,22
7732,22
10109,22
2781,22
1169,22
1898,24
14751,22
20370,35
7517,22
6705,22
6572,22
1345,22
5720,22
9117,22
7320,22
21354,35
8501,22
12897,22
7286,22
8912,22
1341,22
5729,22
8426,22
1277,22
16527,34
3674,22
7768,22
18540,38
5687,22
17073,24
4220,22
21517,23
21501,23
21369,23
21177,23
20989,23
20902,23
20632,23
20439,23
19844,23
18835,23
18700,23
18466,23
18257,23
18160,23
18099,23
17915,23
17759,23
17748,23
17511,23
17473,23
17455,23
17399,23
17342,23
17335,23
17256,23
17177,23
17173,23
16946,23
16929,23
16856,23
16776,23
16212,23
16088,23
15481,23
15471,23
15406,25
2553,23
2033,33
14886,23
12815,23
12604,23
12473,23
12465,23
12457,23
12249,23
11580,23
11545,23
11430,23
11287,23
11179,23
11076,23
10638,23
10623,23
10608,23
10606,23
10530,23
10455,23
10107,23
9982,23
9933,23
9795,23
9559,23
9535,23
9064,23
8978,23
8713,23
8176,23
8151,23
7942,27
20795,23
7557,23
13834,23
7379,34
20232,23
7029,38
19882,23
13185,23
6716,23
6025,23
18570,32
5717,23
5546,27
18399,23
5192,23
11555,23
11450,23
11324,23
11025,23
4583,26
17436,23
10767,23
4301,39
17154,23
4156,23
16888,33
4035,23
10449,23
4026,23
10216,23
10214,23
6985,23
6975,38
19828,23
10122,23
3553,23
13144,23
9941,23
6638,26
19491,23
9532,23
3078,23
3040,23
9415,23
12462,23
2793,23
9163,23
12208,23
2383,23
12003,23
8667,23
2246,23
11862,23
2206,23
14867,23
8416,23
5168,23
354,23
1948,23
13142,23
19511,24
6658,23
3455,23
1845,23
1809,23
1731,23
12843,23
16052,28
3199,23
2964,38
15817,23
2936,23
1197,23
8306,23
969,23
8029,23
1519,23
5506,23
688,23
9515,23
4697,23
7088,23
20618,39
7765,23
3748,23
489,23
13285,23
7605,24
20458,23
10367,23
1951,23
6746,23
502,23
8044,23
21339,24
21303,24
21130,24
20982,24
20090,24
20089,24
20080,24
20048,24
20025,24
20012,24
19993,24
19480,24
19478,24
18744,24
18423,24
18371,24
18095,24
18014,24
17952,24
17877,24
17813,24
17707,24
17423,24
17419,24
17403,24
17365,24
17316,24
17298,24
17247,24
17236,24
17187,24
17128,24
17060,24
16955,24
16658,24
16279,24
16177,24
15913,24
15620,38
2767,24
14959,24
13245,24
12788,24
12748,24
12461,24
12399,24
12027,24
11848,24
11460,24
11406,24
11352,24
11297,24
11291,24
11285,24
10903,24
10693,24
10634,24
10618,24
10049,24
9953,24
9764,24
9712,24
9704,24
9654,24
9450,24
9356,24
9253,24
9197,24
9134,24
15454,24
8710,24
21460,33
8607,24
8599,24
8246,24
8134,24
20972,35
8119,24
7907,24
7710,24
7030,24
13200,24
247,24
6576,24
6436,24
12848,24
6264,24
12655,24
12654,24
6208,24
6189,28
19042,24
6034,24
5719,24
5598,24
5576,37
18429,24
5453,24
11817,24
5273,24
11658,24
5167,24
5134,24
11523,24
5002,24
11402,24
4903,24
11322,24
11314,24
4717,24
4405,38
17258,24
10809,24
4364,24
10774,24
10661,24
4205,26
17058,24
10590,24
4103,24
13462,24
6996,24
6993,24
6961,24
13244,24
3559,24
9974,24
3520,24
6659,34
19512,24
3449,24
9398,24
2965,24
9336,24
6054,24
6023,24
9220,24
2688,24
15501,39
2648,24
5780,24
2554,24
15095,24
11861,24
8658,24
8624,38
21477,24
8334,26
21187,24
8137,24
6407,24
3204,24
17622,36
4769,24
4630,24
2881,24
1212,24
10709,24
2681,24
5880,24
1863,24
10687,24
4218,25
17071,24
10622,24
1693,24
889,24
8102,24
8105,24
10506,24
8069,31
20922,24
10358,24
11946,24
3928,24
8725,24
3909,33
16762,24
955,24
11734,24
835,36
13688,24
2843,24
4038,24
387,24
16424,35
3571,24
1949,24
3528,24
3917,27
16770,24
1909,24
1498,24
3472,24
3256,24
20927,30
8074,24
6816,24
9738,24
6912,24
5283,24
1076,24
2956,24
9777,24
144,24
3440,24
4132,28
16985,24
918,24
21386,25
21360,25
21199,25
20973,25
20378,25
20256,25
19674,25
18483,25
17964,25
17922,25
17900,25
16662,25
16421,25
16363,25
16311,25
16207,25
16141,25
15980,25
14860,25
12829,25
12783,25
11855,25
11221,25
11220,25
10284,25
10235,25
9744,25
9229,25
9187,25
9160,25
9127,25
8644,25
8614,25
8611,25
8125,25
7970,25
7008,25
6771,25
6372,25
6349,25
11859,25
11850,25
5264,25
4827,25
11227,25
4776,25
11168,25
4574,25
4149,25
4105,25
4094,25
4089,25
6999,25
3788,27
16641,25
3637,37
16490,25
3480,25
3456,25
11,25
6356,25
2962,25
12463,25
9189,25
2666,25
2574,36
15427,25
5594,25
8619,25
3760,25
2137,25
5257,25
5219,25
9741,25
2961,25
2960,25
7686,25
3468,25
1059,25
16953,32
4100,25
4092,25
4085,25
10349,25
8702,25
3322,34
16175,25
10338,25
8155,25
4123,25
920,25
899,25
883,25
9177,25
4562,25
15380,25
887,25
21238,26
20180,26
20174,26
20138,26
18875,26
16644,26
15979,26
15841,26
15762,26
15292,26
15210,39
2357,26
13958,34
1105,26
12521,26
12059,26
12033,26
11925,26
11726,26
11418,26
11381,26
11123,26
11049,26
11035,26
10233,26
10140,26
10067,26
9967,26
9869,26
9556,26
9465,26
8799,26
15049,38
2196,26
8526,26
21164,37
8311,26
14697,26
20898,39
8045,26
7903,26
7902,26
7876,26
20480,30
7627,26
7442,26
13656,26
6894,26
6503,26
6217,26
6113,26
5660,26
5647,26
11979,26
5345,26
11708,26
11674,26
11506,26
4810,26
4751,26
10826,26
4347,26
20008,28
7155,26
3841,26
13180,26
6752,26
3490,32
16343,26
19506,31
6653,26
6592,26
164,26
3261,26
12696,26
9337,26
15641,26
15571,39
2718,26
2711,26
8999,26
15240,26
15107,26
3734,27
16587,26
6863,26
3625,38
16478,26
6721,26
19412,29
6559,26
23,26
12831,26
8022,26
1502,26
1466,26
1414,26
1391,26
1269,26
7673,26
7647,26
1208,26
1084,26
19450,37
6597,26
11395,26
4974,26
1765,26
15309,26
18436,34
5583,26
7107,26
9373,26
7763,26
8547,26
6934,38
19787,26
7736,26
11725,26
2890,26
10822,26
743,26
17157,36
4304,26
3899,26
696,26
56,26
19318,38
6465,26
3602,26
14993,26
145,26
10544,26
6699,26
14975,26
1732,26
11637,26
10440,26
3890,26
10105,26
17554,27
16839,27
16834,27
16518,27
16471,27
16470,27
16469,27
16468,27
16393,27
16390,27
16003,27
15897,27
15640,35
2787,27
15637,27
14586,27
14402,27
12227,27
12119,27
12114,27
12067,27
12001,27
11908,27
11571,27
11098,27
10240,27
10092,27
10076,27
10074,27
9875,27
9671,27
9612,27
9503,27
9335,27
15688,27
9266,27
8930,27
8908,27
8788,27
8736,27
15032,27
8556,27
8491,27
1694,39
14547,27
14316,27
7851,27
7837,27
7702,27
7474,27
7275,27
508,27
6917,27
19734,31
6881,27
6773,27
6741,27
6739,27
6733,27
6684,27
165,27
6509,27
86,27
6324,27
6305,27
6252,27
6205,27
6043,27
6033,27
5663,27
12036,27
5604,27
18375,28
5522,27
5346,27
5086,27
5085,27
4998,27
4991,27
11154,27
4560,27
4440,27
4399,27
17250,32
4397,27
17241,38
4388,27
4253,27
4241,27
4025,27
3875,27
7076,27
16711,34
3858,27
10242,27
3808,27
3807,27
3774,27
3757,27
517,27
514,27
10061,27
6777,27
273,38
13126,27
9901,27
6474,27
9531,27
6295,27
19128,31
6275,27
3048,38
15901,27
9255,27
2772,27
5914,27
9056,27
2591,27
15432,34
2579,27
2584,27
12128,27
5707,27
5662,27
12064,27
2396,27
2385,27
2346,27
2339,27
2213,27
5414,27
2211,27
10186,27
3765,27
3764,27
2163,27
3750,27
531,27
3651,27
2049,27
6825,27
19539,31
6686,27
5083,27
21122,34
8269,27
1824,27
4990,27
1767,27
13005,39
152,27
1714,27
1708,27
85,27
12889,34
36,27
6457,27
1586,27
7990,27
1568,27
1567,27
1546,27
7956,27
6280,27
7850,27
1420,27
7835,27
1378,27
9385,27
1363,27
7782,27
1298,27
2809,27
4412,27
4384,27
1170,27
5960,27
6685,27
4285,27
1066,27
1783,27
4177,27
2494,27
89,27
866,27
7278,27
1648,27
1545,27
707,27
692,27
3905,27
702,27
700,27
695,27
693,27
691,27
6155,27
536,27
546,27
1326,27
529,27
7346,27
513,27
512,27
509,27
461,27
7267,27
13223,27
3584,32
16437,27
4387,27
776,27
6776,27
9993,27
9992,27
11994,27
2332,27
701,27
2608,27
4210,27
163,27
1763,27
1555,27
6154,27
548,27
2154,27
9369,27
7766,27
10163,27
1322,27
108,27
506,27
1496,27
1873,27
6875,27
6568,27
1244,27
10565,27
1090,27
6514,27
7761,27
1239,27
521,27
5528,27
7622,27
1814,27
21532,28
21423,28
21096,28
20878,28
20829,28
20270,28
19625,28
19499,28
19122,28
19077,28
18902,28
18860,28
18493,28
18490,28
18374,28
18085,28
18034,28
17442,28
17188,28
17075,28
17059,28
17038,28
17001,28
16987,28
16897,28
16871,28
16481,28
16434,28
16399,28
16277,28
16196,28
16171,28
16125,28
15742,28
14903,28
14783,28
14544,28
13279,28
13256,28
12490,28
12318,28
12224,28
12073,28
11795,28
11768,28
11466,28
11459,28
11444,28
11278,28
11191,28
11185,28
11183,28
11174,28
11173,28
11171,28
10827,28
10729,28
10717,28
10289,28
9445,28
9201,28
15198,28
21451,35
8598,28
14984,28
14974,36
2121,28
8451,28
14785,32
1932,28
8314,28
7606,38
20459,28
7552,28
7143,28
7126,28
7066,28
7047,28
7032,28
13280,28
13238,28
6494,28
5842,28
5692,28
5684,28
12084,28
5508,28
11831,28
5330,28
5253,28
5244,28
5220,28
5214,28
5210,28
5171,28
5146,28
11546,28
4987,28
4795,28
4679,28
4666,32
17519,28
4600,28
4366,28
10613,28
4061,28
10394,28
7075,28
10291,28
13482,28
10262,28
3838,28
6872,28
6757,28
13172,28
246,28
19285,31
6432,28
6301,28
12389,28
2555,28
15386,28
5472,28
8681,28
10200,28
8603,28
1995,28
323,28
1913,28
16360,35
3507,28
13024,28
6603,28
9706,28
9675,28
1550,28
1535,28
7877,28
4637,28
1193,28
9178,28
1152,28
15556,28
9903,28
256,28
14719,28
5052,28
4255,28
10648,28
908,28
897,28
3898,28
1343,28
4504,33
17357,28
7684,28
13266,28
6384,28
8796,28
9196,28
9194,28
5178,28
10398,28
1174,28
10355,28
293,28
13237,28
8427,28
4993,28
9769,28
3348,31
16201,28
8172,28
3351,28
9760,28
4525,28
8117,28
15416,28
1680,28
8086,28
13274,28
890,28
9761,28
10156,28
6541,28
10825,28
5216,28
1616,28
17867,29
16274,29
16074,29
2725,32
15578,29
15467,29
12040,29
12010,29
11374,29
9606,29
8734,29
12774,29
6178,29
12016,29
11941,29
15579,29
15560,29
5113,29
3009,29
16213,32
3360,29
13008,29
10527,29
12908,29
2953,29
21286,30
21047,30
20712,30
20381,30
19790,30
18719,30
18606,30
16912,30
16244,30
15733,30
15429,30
12244,30
12169,30
11683,30
11578,30
11128,30
11019,30
10964,30
10923,30
10856,30
9647,30
9003,30
8935,30
8488,30
8335,30
13435,30
6747,30
6668,30
6257,30
6078,30
12079,30
12078,30
11622,30
11588,30
10879,30
4258,30
10227,30
3771,30
6243,30
6211,30
9389,30
2834,30
2820,30
2645,30
8814,30
5538,30
2252,30
2234,30
2227,30
13110,30
5051,30
8219,30
4914,30
11058,30
11036,30
1192,30
1157,30
4337,30
1003,30
971,30
2479,30
11153,30
680,30
2276,30
8530,30
10459,30
4554,30
10089,30
7762,30
16533,35
3680,30
21562,31
20757,31
20095,31
19559,31
19509,31
19418,31
19198,31
19082,31
19062,31
19044,31
19017,31
18665,31
18621,31
18509,31
18487,31
18437,31
18425,31
18392,31
18061,31
18009,31
17849,31
17731,31
17431,31
17422,31
17169,31
17062,31
16990,31
16939,31
16893,31
16759,31
16651,31
16264,31
16257,31
16134,31
15996,31
15989,31
15950,31
15793,31
15543,31
15226,31
14818,34
1965,31
13649,31
13119,31
13070,31
12706,31
12432,31
11981,31
11957,31
11170,31
10845,31
10773,31
10757,31
10756,31
10746,31
10703,31
10632,31
10377,31
10322,31
10292,31
9956,31
9905,31
9787,31
9700,31
9603,31
9265,31
9205,31
9133,31
9124,31
8829,31
8706,31
20671,35
7818,31
7592,31
7583,31
20300,35
7447,31
7216,31
6976,31
13290,31
13281,31
6770,31
13159,31
6441,39
19294,31
6376,31
12758,31
12714,31
12703,31
6215,31
12488,31
6063,31
5849,31
5818,31
5798,31
5767,31
11811,31
5388,31
11771,31
5274,31
11661,31
5207,31
5205,31
5172,31
5060,31
11059,31
4541,31
10873,31
10754,31
4333,36
17186,31
10734,31
4297,31
4238,38
17091,31
10594,31
4165,31
4084,31
10375,31
10285,31
10261,31
10183,31
6939,31
3488,31
198,31
213,31
3371,31
124,31
58,31
3105,31
6201,31
2994,31
2993,31
2990,31
2872,31
2858,31
9181,31
5848,31
9012,31
5765,31
15384,32
2531,31
2260,31
15045,31
6952,31
10155,31
13284,31
1983,31
3531,31
1912,31
1910,31
1880,31
1858,31
14573,31
111,31
11030,31
1308,31
1272,31
1226,31
4327,35
17180,31
1100,31
1082,31
1072,31
4266,31
7437,31
162,31
5769,31
896,31
9697,31
873,31
2467,31
4811,31
10324,31
4695,31
7099,31
10315,31
4686,31
5755,31
6964,31
952,31
4098,31
895,31
6371,31
9171,31
3505,31
867,31
1946,31
924,31
123,31
880,31
6453,31
4544,31
940,31
4045,31
1068,31
9736,31
4290,31
21293,32
20262,32
19529,32
19167,32
19069,32
18749,32
18050,32
17523,32
17417,32
17248,32
17089,32
16622,32
16285,32
16251,32
16188,32
16133,32
16120,32
15510,32
15230,32
12810,32
12785,32
12460,32
12413,32
12339,32
12197,32
11794,32
11284,32
11205,32
11074,32
10796,32
10755,32
10737,32
10710,32
10416,32
10359,32
10356,32
9822,32
9755,32
9745,32
9299,32
9217,32
8629,32
7100,32
19933,33
7080,32
7014,32
19867,32
6981,32
19644,37
6791,32
6483,32
6382,32
12767,32
12732,32
12648,32
12639,32
12523,32
12435,32
5909,32
5905,32
5819,32
12068,32
11832,32
11798,32
5360,32
5269,32
5237,32
11256,32
11228,32
4768,32
11166,32
4689,32
4339,32
10354,32
7020,32
9975,32
330,32
6619,32
12846,32
6352,32
3092,32
3016,32
3007,32
2999,32
12480,32
5945,32
15409,32
12053,32
8760,32
8756,32
8728,32
8678,32
11864,32
2228,32
11837,32
8632,32
10191,32
3442,32
3320,39
16173,32
3219,32
6369,32
11193,32
1444,32
9382,32
9283,32
9218,32
7558,32
3482,32
15523,32
9880,32
2565,32
13739,32
4052,32
4000,33
16853,32
11201,32
10321,32
2064,32
15550,32
5822,32
9781,32
4127,32
4125,38
16978,32
1916,32
3133,32
939,32
5223,32
3122,32
21447,33
21106,33
20804,33
20646,33
20135,33
19815,33
19304,33
16848,33
16808,33
16480,33
16342,33
13032,33
12182,33
11990,33
11878,33
11758,33
11754,33
11700,33
11300,33
11109,33
10963,33
10253,33
9562,33
9334,33
8487,33
8388,33
8036,33
8017,33
7739,33
7483,33
7439,33
7359,33
7212,33
6711,33
13118,33
6496,33
12890,39
37,33
12866,34
13,33
6271,33
6232,33
6187,33
12379,33
5654,33
11967,33
11904,33
11690,33
5015,33
11354,33
4901,33
4745,33
11132,33
10973,33
3952,33
3806,33
10211,33
202,33
9839,33
212,33
9605,33
6242,33
6149,33
2918,33
2691,33
12271,33
2567,33
12163,33
11877,33
5416,33
2026,33
13165,33
1872,33
5050,33
4892,33
41,33
1375,33
2806,33
1181,33
1138,33
10598,33
11308,33
837,33
15145,33
3900,33
6552,33
1355,33
3740,33
1258,33
3977,33
1528,33
6679,33
1011,33
1007,33
10008,33
6551,33
4930,33
2877,33
10983,33
12115,33
16995,36
4142,33
484,33
859,33
10165,33
4404,33
21404,34
21201,34
20925,34
20778,34
20377,34
19758,34
19262,34
18415,34
17579,34
17479,34
17333,34
16969,34
16885,34
16734,34
15255,34
14987,34
14757,34
12754,34
12690,34
12302,34
12216,34
12202,34
11883,34
11822,34
11728,34
11514,34
11490,34
11468,34
11431,34
11372,34
11272,34
10922,34
10721,34
10470,34
10342,34
10173,34
9847,34
9330,34
9280,34
9242,34
9203,34
9142,34
9020,34
15417,34
8845,34
2080,36
14933,34
8435,34
8405,34
8199,34
20904,35
8051,34
8050,34
14393,34
7937,38
20790,34
7322,34
7247,34
13186,34
311,34
6732,34
19560,38
6707,34
6674,34
6538,34
6537,34
12803,34
12646,34
12517,34
5946,34
5740,34
5563,34
5505,34
11714,34
4524,34
10596,34
3846,34
552,34
3721,35
16574,34
6762,34
6723,34
3399,39
16252,34
3327,34
12551,34
5951,34
12201,34
2559,34
18539,36
5686,34
5431,34
11843,34
15048,34
9907,34
5092,34
5042,34
1622,34
4804,34
11196,34
9484,34
10832,34
1159,39
14012,34
15562,34
11526,34
7495,37
20348,34
2660,34
1016,34
15448,34
10615,34
8114,34
16922,38
4069,34
13708,34
5500,34
4518,34
13709,34
5870,34
9674,34
11385,34
11575,34
19780,39
6927,34
21437,35
21413,35
21324,35
21315,35
21265,35
21081,35
21055,35
21044,35
21014,35
20988,35
20937,35
20915,35
20888,35
20813,35
20784,35
20776,35
20680,35
20639,35
20628,35
20564,35
20548,35
20545,35
20533,35
20455,35
20450,35
20448,35
20442,35
20414,35
20368,35
20339,35
20252,35
20221,35
20181,35
19742,35
18769,35
18627,35
18052,35
17032,35
16735,35
16715,35
16584,35
16569,35
16350,35
16263,35
15886,35
15211,35
15141,35
14504,39
1651,35
12616,35
12211,35
12005,35
11528,35
11470,35
11283,35
11060,35
10907,35
10529,35
10430,35
10225,35
10130,35
9860,35
9825,35
9267,35
9091,35
8997,35
8226,35
8048,35
20679,39
7826,35
7593,39
20446,35
13890,35
7244,35
6789,39
19642,35
6765,35
6134,35
6094,35
5926,35
5195,36
18048,35
11481,35
11475,35
4755,35
4357,35
4330,35
7157,35
9985,35
160,35
9682,35
9576,35
12664,35
12619,35
15695,35
15570,35
12296,35
2659,35
15489,35
8979,35
5415,35
15053,35
11721,35
2089,35
1846,35
11359,35
1688,35
14,35
4472,35
12346,35
1849,35
968,35
10532,35
74,35
4014,35
3996,35
5556,35
6297,35
2279,35
7083,35
5358,35
8970,35
1722,35
6115,35
5312,35
20079,36
7226,35
8005,35
10411,35
1178,35
774,35
5911,35
1070,35
1853,35
3377,39
16230,35
1644,35
8868,35
2133,35
2929,35
15782,35
1087,35
21469,36
21319,36
21060,36
20409,36
20352,36
20230,36
19984,36
19890,36
19679,36
19505,36
18852,36
18567,36
18339,36
18040,36
17416,36
17275,36
17152,36
17151,36
17067,36
16963,36
16851,36
16750,36
16695,36
16463,36
16287,36
16215,36
16163,36
16100,36
16077,36
12689,36
12563,36
12423,36
12259,36
12250,36
12195,36
11909,36
11791,36
11663,36
11508,36
11344,36
11327,36
11292,36
11276,36
10794,36
10619,36
10258,36
9252,36
15424,36
8857,36
8781,36
8711,36
8606,36
8585,36
8496,36
8308,36
8193,38
21046,36
8091,36
7810,36
7791,36
714,36
281,36
13103,36
6373,36
6282,36
6128,36
12546,36
6086,36
5934,36
12333,36
5827,36
5800,36
5392,36
5349,36
11763,36
11665,36
5235,36
5139,36
4983,36
4785,36
10768,36
10760,36
4286,36
4204,36
10586,36
4091,36
10505,36
4036,36
10347,36
7087,36
3843,36
3717,38
16570,36
13251,36
302,36
3352,36
3155,36
2902,36
15675,36
9208,36
2746,36
12209,36
2546,36
8961,36
8689,36
8661,36
11830,36
3779,36
2168,36
6953,36
362,36
9978,36
1735,36
1723,36
81,36
9637,36
3216,36
14440,36
7873,36
1407,36
1292,36
4340,36
4306,36
5902,36
2699,36
6677,36
1074,36
4227,39
17080,36
10640,36
15425,36
7407,36
10473,36
2923,36
505,36
6930,36
2898,36
381,36
9202,36
11599,36
1153,36
1842,36
3396,36
8206,36
5154,36
945,36
12969,36
10548,36
4106,36
7304,36
7311,36
1739,36
1347,36
550,36
21215,37
20794,37
20465,37
20237,37
19065,37
18924,37
18258,37
17795,37
16819,37
16815,37
16812,37
16538,37
16347,37
16284,37
16221,37
16022,37
15834,37
12715,37
12624,37
10980,37
10974,37
10855,37
10601,37
9502,37
9486,37
9278,37
8860,37
15205,37
8394,37
7723,37
6293,37
6181,37
6172,37
6073,37
5993,37
12240,37
5744,37
12110,37
5438,37
5407,37
11685,37
11569,37
11549,37
11479,37
4292,37
715,37
3840,37
470,37
19690,39
6837,37
9963,37
6641,37
169,37
6213,37
6105,37
2548,37
8933,37
8892,37
15067,37
557,37
2112,37
10097,37
3676,37
449,37
6848,37
167,37
1638,37
4788,37
1585,37
6179,37
1364,37
1251,37
1245,37
1160,37
1137,37
4239,37
4216,37
998,37
2566,37
7272,37
778,37
3994,37
1554,37
10381,37
4155,37
7735,37
1314,37
11733,37
1198,37
1176,37
2750,37
3672,37
7465,37
12153,37
1128,37
9231,37
21473,38
21321,38
20834,38
20264,38
19551,38
19081,38
18849,38
18616,38
18527,38
18495,38
18463,38
18458,38
18454,38
18403,38
18389,38
18372,38
18366,38
18321,38
17864,38
17400,38
17384,38
17277,38
17123,38
17036,38
16967,38
16940,38
16854,38
16767,38
16667,38
16607,38
16415,38
16318,38
16310,38
16282,38
16164,38
16142,38
16115,38
15484,38
14844,38
13471,38
13201,38
13072,38
12818,38
12814,38
12813,38
12778,38
12743,38
12725,38
12680,38
12466,38
12400,38
12135,38
11789,38
11765,38
11746,38
11639,38
11379,38
11261,38
11234,38
11137,38
10959,38
10811,38
10704,38
10604,38
10385,38
10100,38
10062,38
9940,38
9829,38
9812,38
9479,38
9433,38
9393,38
9155,38
9107,38
15485,38
8866,38
8654,38
21466,39
8613,38
15013,38
8363,38
8347,38
8209,38
7767,38
14178,38
7584,38
7534,38
7427,38
7394,38
20247,38
800,38
7221,38
7177,38
7071,38
7015,38
6929,38
13287,38
13286,38
444,38
377,38
13053,38
13007,38
100,38
29,38
6267,38
12605,38
6137,38
12534,38
12507,38
6083,38
12468,38
12464,38
5985,38
12394,38
5839,38
5792,38
12122,38
12080,38
5564,38
11953,38
5520,38
5485,38
5363,38
5328,38
5260,38
5238,38
5194,38
5190,38
11597,38
11242,38
11202,38
11197,38
4741,38
4714,38
4713,38
4662,38
4603,38
4470,38
4349,38
4267,38
10682,38
17099,39
4246,38
10662,38
4215,38
4080,38
4041,38
4027,38
7161,38
3886,39
16739,38
7070,38
6995,38
6965,38
3720,38
13236,38
13115,38
9841,38
9763,38
3211,38
6413,38
12752,38
3073,38
2995,38
2973,38
12407,38
15253,38
8747,38
5526,38
5511,38
11894,38
3704,38
8518,39
21371,38
5245,38
5231,38
2010,38
2000,38
1933,38
3509,38
1889,38
248,38
8190,38
6502,38
4881,38
12841,38
3207,38
11230,38
4771,38
11190,38
7901,38
4664,38
6163,38
1312,38
9294,38
1211,38
7591,38
7577,38
7569,38
9165,38
1147,38
7555,38
11544,38
1919,38
9135,38
1102,38
10724,38
3460,38
1040,38
1036,38
9834,38
7424,38
3390,38
5782,38
974,38
4174,39
17027,38
10593,38
7318,38
4099,39
16952,38
1681,38
870,38
857,38
793,38
9563,38
4700,38
11773,38
6951,38
3723,38
6546,38
2522,38
5318,38
3661,38
1184,38
3514,38
16367,38
284,38
8211,38
1158,38
525,38
14922,38
6492,38
11497,38
450,38
11160,38
8160,38
839,38
5236,38
10553,38
929,38
2529,38
11752,38
12426,38
13060,38
1201,38
7222,38
816,38
21571,39
21568,39
21550,39
21000,39
19959,39
19649,39
19470,39
19256,39
19181,39
19155,39
19050,39
18774,39
18479,39
18433,39
18313,39
17986,39
17927,39
17876,39
17872,39
17812,39
17700,39
17506,39
17301,39
17246,39
17212,39
16443,39
16420,39
16419,39
16023,39
15565,39
14736,39
13507,39
12772,39
12763,39
12760,39
12702,39
12449,39
12317,39
12281,39
12156,39
11888,39
11866,39
11369,39
11299,39
11255,39
11144,39
10743,39
10714,39
10559,39
10555,39
10429,39
10361,39
10318,39
9872,39
9771,39
9752,39
9742,39
9733,39
9285,39
15545,39
9100,39
9075,39
9047,39
8932,39
15314,39
8823,39
8677,39
8618,39
8512,39
8010,39
7977,39
7847,39
7789,39
7639,39
13904,39
7352,39
13753,39
13393,39
496,39
6819,39
6463,39
6434,39
12797,39
12524,39
6082,39
6027,39
12390,39
5854,39
12138,39
12050,39
5332,39
5286,39
5177,39
5117,39
11515,39
11377,39
4933,39
11239,39
11237,39
4640,39
4591,39
4323,39
4167,39
3991,39
736,39
10313,39
7068,39
10238,39
3743,39
374,39
13188,39
3491,39
9909,39
3271,39
12834,39
3194,39
9549,39
3034,39
6202,39
2982,39
2945,39
5955,39
2596,39
8998,39
12178,39
8975,39
2550,39
8895,39
8849,39
8778,39
11961,39
5474,39
2239,39
11858,39
8615,39
2108,39
3694,39
13265,39
3477,39
14666,39
8222,39
3285,39
3198,39
1598,39
1562,39
4659,39
14270,39
7848,39
1412,39
1209,39
9210,39
7603,39
1182,39
1885,39
10676,39
2637,39
4235,39
1634,39
733,39
3094,39
1335,39
7722,39
6093,39
3699,39
3688,39
424,39
393,39
3573,39
15213,39
12395,39
3095,39
10694,39
12886,39
10831,39
960,39
7366,39
3093,39
5162,39
3356,39
2491,39
941,39
2526,39
932,39
7659,39
