21556,0
21512,0
21358,0
21303,0
21138,0
21131,0
21130,0
21076,0
21023,0
20907,0
20778,0
20653,0
20439,0
20377,0
20267,0
20186,0
20089,0
20080,0
20058,0
20039,0
19998,0
19993,0
19653,0
19557,0
19546,0
19471,0
19433,0
19432,0
19262,0
19223,0
19191,0
19167,0
19122,0
19092,0
18782,0
18676,0
18674,0
18567,0
18519,0
18472,0
18459,0
18421,0
18357,0
18302,0
18281,0
18277,0
18236,0
18104,0
18099,0
18095,0
18034,0
17986,0
17952,0
17899,0
17894,0
17878,0
17877,0
17758,0
17731,0
17686,0
17523,0
17472,0
17421,0
17417,0
17410,0
17406,0
17364,0
17359,0
17352,0
17316,0
17314,0
17301,0
17279,0
17274,0
17248,0
17245,0
17137,0
17089,0
17077,0
17074,0
17039,0
17007,0
17003,0
16993,0
16989,0
16981,0
16957,0
16935,0
16932,0
16903,0
16788,0
16777,0
16776,0
16774,0
16749,0
16680,0
16636,0
16581,0
16359,0
16331,0
16307,0
16285,0
16274,0
16256,0
16251,0
16241,0
16214,0
16188,0
16179,0
16177,0
16149,0
16146,0
16139,0
16133,0
16103,0
16095,0
15973,0
15929,0
15914,0
15913,0
15859,0
15858,0
15855,0
15643,0
2783,15
15636,0
15580,0
2725,16
15578,0
15551,0
2687,6
15540,0
2674,2
15527,0
2650,15
15503,0
15481,0
15471,0
15447,0
2594,0
2499,16
15352,0
15303,0
15234,0
15230,0
15194,0
15096,0
14959,0
14904,0
2020,5
14873,0
1965,19
14818,0
14539,15
1686,0
14310,18
1457,0
14199,0
904,14
13757,0
699,6
13552,0
13458,0
13242,16
389,0
13175,15
322,0
13163,0
13077,0
186,15
13039,0
13003,0
139,13
12992,0
12861,0
12842,0
12836,0
12830,0
12799,0
12791,0
12755,0
12683,0
12670,0
12633,0
12564,0
12489,0
12413,0
12404,0
12338,0
12278,0
12117,0
12040,0
12028,0
12010,0
11970,0
11935,0
11900,0
11860,0
11841,0
11833,0
11812,0
11801,0
11794,0
11793,0
11791,0
11723,0
11706,0
11638,0
11627,0
11617,0
11587,0
11519,0
11447,0
11446,0
11425,0
11406,0
11390,0
11371,0
11330,0
11297,0
11284,0
11279,0
11273,0
11270,0
11265,0
11260,0
11252,0
11249,0
11103,0
11102,0
11071,0
11064,0
10913,0
10905,0
10876,0
10864,0
10796,0
10755,0
10729,0
10710,0
10642,0
10638,0
10537,0
10416,0
10388,0
10356,0
10334,0
10332,0
10306,0
10302,0
10299,0
10255,0
10080,0
10048,0
9988,0
9943,0
9923,0
9906,0
9892,0
9866,0
9797,0
9764,0
9745,0
9742,0
9720,0
9712,0
9689,0
9681,0
9657,0
9473,0
9432,0
9423,0
9408,0
9299,0
9290,0
9217,0
2771,13
15624,0
15568,0
9134,0
9110,0
9104,0
9076,0
15389,0
8845,0
2353,5
15206,0
15198,0
2308,1
15161,0
8713,0
8710,0
8705,0
21541,18
8688,0
8677,0
8663,0
8662,0
8641,0
21491,16
8638,0
21488,11
8635,0
8629,0
21466,9
8613,0
15028,5
2175,0
21460,17
8607,0
21455,5
8602,0
8592,0
14988,0
21416,2
8563,0
8541,3
21394,0
14912,0
8489,3
21342,0
2047,5
14900,0
8424,11
21277,0
14826,0
21254,5
8401,0
8349,14
21202,0
21197,4
8344,0
8309,0
21078,18
8225,0
21067,8
8214,0
8212,7
21065,0
8178,19
21031,0
8167,0
8106,4
20959,0
1659,15
14512,0
20938,10
8085,0
8068,0
8056,10
20909,0
14418,0
20814,5
7961,0
7930,0
14293,0
1440,0
20673,6
7820,0
7814,18
20667,0
20662,12
7809,0
14178,0
7669,0
7642,0
20453,10
7600,0
7592,0
7570,0
20386,5
7533,0
20365,2
7512,0
7477,0
20286,2
7433,0
13834,0
7408,18
20261,0
7406,12
20259,0
20247,19
7394,0
7391,0
20220,2
7367,0
7337,0
13735,3
882,0
7314,0
20165,2
7312,0
7240,0
7166,18
20019,0
7135,0
7100,0
19933,17
7080,0
19880,14
7027,0
7023,0
7014,19
19867,0
6981,0
551,18
13404,0
6970,16
19823,0
6928,14
19781,0
19775,12
6922,0
467,15
13320,0
13270,0
6764,0
13195,15
342,0
315,15
13168,0
304,9
13157,0
19572,15
6719,0
242,16
13095,0
19510,9
6657,0
203,7
13056,0
6630,9
19483,0
6594,11
19447,0
6562,0
6483,0
6438,3
19291,0
12857,0
12806,0
6385,19
19238,0
19199,12
6346,0
6337,0
12692,0
6248,10
19101,0
12648,0
6184,8
19037,0
12602,0
12523,0
12503,0
6058,0
6014,2
18867,0
18851,12
5998,0
5973,0
18811,15
5958,0
12355,0
12340,0
12333,0
5909,0
5908,0
5905,0
5895,0
5887,0
5858,0
12270,0
5819,0
5808,0
5727,0
5724,0
18577,0
5717,4
18570,0
5712,3
18565,0
12122,0
12084,0
12048,0
18464,16
5611,0
18462,4
5609,0
12016,0
5564,0
11958,0
5530,6
18383,0
11941,0
5499,16
18352,0
5495,5
18348,0
5491,0
5475,6
18328,0
5423,18
18276,0
11832,0
18253,15
5400,0
5394,0
11798,0
5360,0
18176,18
5323,0
5288,0
5278,0
5269,0
18108,8
5255,0
5201,0
18036,18
5183,0
18029,14
5176,0
5160,0
5148,16
18001,0
11507,0
11498,0
17923,12
5070,0
11455,0
11362,0
4941,0
4848,9
17701,0
11256,0
11228,0
4795,0
4781,0
4779,1
17632,0
11198,0
11163,0
17595,18
4742,0
4717,0
4712,0
17540,18
4687,0
11100,0
4679,0
17519,8
4666,0
17518,15
4665,0
17507,15
4654,0
11065,0
11043,0
4595,0
17448,0
4593,12
17446,0
4583,3
17436,0
4579,14
17432,0
17405,12
4552,0
4513,0
4507,0
10902,0
4476,6
17329,0
4465,0
17318,0
4453,8
17306,0
4439,13
17292,0
17260,12
4407,0
4405,8
17258,0
10779,0
4345,0
4343,0
17196,0
4313,5
17166,0
4231,18
17084,0
4192,0
4170,0
17023,0
4159,18
17012,0
4152,19
17005,0
16992,15
4139,0
4122,12
16975,0
4117,16
16970,0
4088,0
16941,0
4067,0
4066,0
4048,0
7218,9
20071,0
3999,14
16852,0
10418,0
7192,5
20045,0
7185,1
20038,0
16835,13
3982,0
16826,3
3973,0
7136,15
19989,0
3892,0
16745,0
3870,3
16723,0
10264,0
7031,0
7020,0
16649,16
3796,0
10216,0
16648,18
3795,0
10214,0
16646,9
3793,0
10192,0
518,0
405,1
13258,0
16465,18
3612,0
3589,18
16442,0
6788,0
3559,0
16395,14
3542,0
3534,0
9954,0
16386,5
3533,0
13116,0
3463,18
16316,0
16314,8
3461,0
6659,15
19512,0
6623,0
9792,0
3352,0
66,5
12919,0
46,0
3222,12
16075,0
16045,17
3192,0
3149,0
15963,18
3110,0
3104,0
3086,18
15939,0
3072,14
15925,0
15920,18
3067,0
15909,2
3056,0
15900,15
3047,0
3040,0
3034,0
3023,3
15876,0
3010,0
12623,0
12609,0
6180,1
19033,0
2977,0
12594,0
15821,2
2968,0
15808,9
2955,0
15803,18
2950,0
9349,0
9348,0
6090,0
15675,0
9220,0
5972,0
2757,5
15610,0
2765,0
9184,0
9182,0
12375,0
18807,1
5954,0
5945,0
15584,0
15579,0
5932,0
15560,0
18728,8
5875,0
9069,0
18703,5
5850,0
2647,0
2635,0
15453,0
2609,9
15462,0
2602,17
15455,0
5796,0
12209,0
12208,0
8991,0
2558,11
15411,0
8982,0
15400,0
12164,0
2520,0
8933,0
2475,0
15310,0
5643,0
8861,0
2419,0
15227,3
2374,0
8765,0
8760,0
5526,0
2310,0
11932,0
8728,0
8696,0
18326,5
5473,0
11893,0
5469,0
21539,7
8686,0
8678,0
18309,5
5456,0
8674,0
8670,0
21523,0
8668,2
21521,0
8667,0
11863,0
11862,0
8658,0
2228,0
15048,0
11829,0
5408,0
15017,0
10191,0
5371,0
2168,0
21441,2
8588,0
5295,18
18148,0
14907,9
2054,0
3652,15
16505,0
19697,15
6844,0
2028,6
14881,0
3622,15
16475,0
2025,0
14854,8
2001,0
8416,0
3526,0
5132,0
1929,0
8334,3
21187,0
5115,4
17968,0
1886,18
14739,0
259,0
3469,0
13090,15
237,0
19511,12
6658,0
8269,13
21122,0
1848,0
3442,0
1839,0
1815,0
13024,0
3364,0
4970,9
17823,0
3320,14
16173,0
9734,0
8109,0
59,15
12912,0
8103,0
3275,0
20947,6
8094,0
12883,0
6428,0
3223,14
16076,0
12843,0
1,0
3217,0
8040,14
20893,0
9628,0
4809,0
11225,0
11222,0
9604,0
1579,0
11196,0
6369,0
3166,0
11193,0
4769,12
17622,0
7962,0
1537,0
1460,5
14313,0
7877,0
4632,0
1409,0
4610,2
17463,0
3003,0
1406,0
3001,0
15854,0
20655,6
7802,0
1367,5
14220,0
15811,18
2958,0
1361,0
2917,0
20586,2
7733,0
1272,0
4431,12
17284,0
4429,7
17282,0
9234,0
1210,0
9218,0
7603,0
4380,13
17233,0
1148,0
4328,0
1125,0
15556,0
5105,11
17958,0
1897,0
20374,6
7521,0
3482,0
1088,0
1085,0
15523,0
7501,0
20353,5
7500,0
1079,0
4277,0
9880,0
16299,5
3446,0
8270,5
21123,0
5040,0
2620,0
1019,0
15448,0
7424,0
176,0
10622,0
991,0
11397,0
2565,0
4111,10
16964,0
908,0
13739,0
1693,0
873,0
5670,0
18523,0
16922,16
4069,0
7234,15
20087,0
16884,13
4031,0
2390,0
10391,0
757,0
7154,0
10358,0
718,0
20803,5
7950,0
14354,0
5507,4
18360,0
704,0
13530,0
677,0
11118,0
10321,0
3888,0
2952,0
2155,0
18605,15
5752,0
15391,2
2538,0
952,0
7771,0
20624,0
1350,0
6957,0
19810,0
14177,0
2923,0
6926,0
104,0
19378,9
6525,0
6534,5
19387,0
925,0
19787,3
6934,0
19767,18
6914,0
3711,0
14951,0
1306,0
4504,17
17357,0
8113,0
7684,0
18514,2
5661,0
20917,14
8064,0
19699,15
6846,0
27,5
12880,0
4038,0
4420,11
17273,0
6807,0
390,3
13243,0
16843,19
3990,0
16437,13
3584,0
7605,12
20458,0
2775,0
3572,0
9192,0
5573,6
18426,0
1971,0
4372,5
17225,0
3563,0
9977,0
345,0
9550,0
4735,0
4338,9
17191,0
3934,15
16787,0
5127,4
17980,0
12332,0
13950,0
9926,0
14340,0
1078,0
5870,0
3256,0
3253,0
1656,0
16283,2
3430,0
1022,0
1808,0
8427,0
6604,0
1990,8
14843,0
1785,0
1963,0
9781,0
3360,19
16213,0
21037,5
8184,0
3152,9
16005,0
2951,0
15804,0
15801,15
2948,0
3348,7
16201,0
2942,0
930,0
3339,0
4125,16
16978,0
4525,0
16170,16
3317,0
903,0
14941,0
105,0
6486,0
8098,0
5283,0
3473,0
16126,12
3273,0
7296,0
1675,0
474,0
272,0
12908,0
19334,15
6481,0
9777,0
16950,19
4097,0
894,0
12162,0
6941,0
3287,18
16140,0
3340,0
9554,0
4739,0
10563,0
8063,0
8554,0
3630,0
14875,0
3228,0
1631,0
16588,12
3735,0
5223,0
8441,0
4071,0
1715,0
3315,0
1718,0
1356,0
9543,0
12426,0
20479,5
7626,0
17086,15
4233,0
1030,0
19492,9
6639,0
19657,5
6804,0
15797,6
2944,0
6636,1
19489,0
16286,9
3433,0
14055,0
13247,0
10311,0
9305,0
3684,0
10464,0
20142,1
17134,1
17113,1
16714,1
16676,1
16568,1
16549,1
16300,1
16232,1
16041,1
15959,1
15573,7
2720,1
15483,12
2630,1
15464,15
2611,1
15060,1
14932,18
2079,1
14166,13
1313,1
12824,1
12579,1
12492,1
12317,1
12288,1
11282,1
11090,1
11056,1
11015,1
10894,1
10877,1
10547,1
10387,1
10237,1
10146,1
10112,1
10085,1
10002,1
9959,1
9858,1
9599,1
9438,1
9324,1
9284,1
9258,1
15581,16
2728,1
8992,1
15280,1
15278,1
8846,1
8836,1
8784,1
15120,1
15029,1
8545,1
21173,5
8320,1
14729,1
8227,1
8221,1
1653,13
14506,1
20865,4
8012,1
7979,1
7974,1
7939,3
20792,1
7864,1
14212,7
1359,1
7725,1
7707,1
7696,1
7694,1
20489,9
7636,1
20488,5
7635,1
7452,1
20235,2
7382,1
20216,9
7363,1
7349,1
7245,1
7158,1
555,1
6894,1
6763,1
6661,1
13067,4
214,1
6635,1
6577,1
12862,2
9,1
6287,1
12698,1
6222,1
12599,1
5935,1
18497,2
5644,1
18390,18
5537,1
11730,1
18149,18
5296,1
11643,1
5102,1
17911,9
5058,1
11087,1
11027,1
4606,1
4551,1
4505,1
4498,1
4374,1
17031,2
4178,1
17028,9
4175,1
3916,1
7063,1
19913,9
7060,1
16710,18
3857,1
16684,14
3831,1
10208,1
10180,1
470,1
6852,1
10068,1
16473,13
3620,1
16458,5
3605,1
3578,1
3541,7
16394,1
6694,1
13062,1
3435,16
16288,1
6590,1
19041,16
6188,1
9383,1
9371,1
12550,1
2920,1
2907,1
9268,1
15593,1
2700,11
15553,1
2664,1
2532,1
12155,1
12045,1
2398,1
2379,1
8797,1
8768,1
11915,1
15112,12
2259,1
5440,1
2230,1
2198,1
3785,5
16638,1
16625,5
3772,1
10181,1
10115,1
5300,1
8513,1
442,1
407,1
406,1
16476,5
3623,1
404,1
11636,1
9904,1
11510,1
1794,1
6532,1
6488,15
19341,1
19331,15
6478,1
16107,16
3254,1
1657,1
23,1
19272,7
6419,1
8023,1
8007,1
1563,1
20811,14
7958,1
1526,1
20719,4
7866,1
1429,15
14282,1
3025,9
15878,1
4585,1
1379,1
1360,1
6120,1
10893,1
7690,1
2802,14
15655,1
7631,1
10833,1
10805,1
14761,1
12301,1
1071,1
14715,9
1862,1
13041,1
12929,1
20170,10
7317,1
2470,1
16117,14
3264,1
811,1
7189,1
7975,1
3939,18
16792,1
732,1
8733,1
21575,19
8722,1
1488,1
19943,18
7090,1
146,1
2549,1
5351,1
6943,19
19796,1
113,1
83,1
6864,1
3258,1
16496,3
3643,1
817,1
4023,1
16428,5
3575,1
1571,1
8791,1
1173,1
11156,1
7141,1
20802,11
7949,1
8730,1
19540,9
6687,1
6862,1
9040,1
3603,1
3382,1
3543,6
16396,1
11358,1
7358,1
2500,1
13333,19
480,1
147,1
865,1
5694,1
8454,1
10054,1
3598,1
16197,19
3344,1
1747,1
1287,1
21553,2
21551,2
21437,2
21436,2
21414,2
21413,2
21403,2
21386,2
21385,2
21378,2
21360,2
21356,2
21330,2
21324,2
21322,2
21315,2
21298,2
21266,2
21264,2
21248,2
21218,2
21211,2
21199,2
21179,2
21165,2
21113,2
21109,2
21103,2
21095,2
21081,2
21055,2
21044,2
21036,2
21028,2
21014,2
20988,2
20954,2
20937,2
20918,2
20915,2
20896,2
20826,2
20822,2
20784,2
20776,2
20715,2
20706,2
20668,2
20639,2
20630,2
20628,2
20569,2
20548,2
20533,2
20463,2
20455,2
20450,2
20448,2
20443,2
20442,2
20414,2
20412,2
20393,2
20391,2
20378,2
20368,2
20339,2
20332,2
20324,2
20309,2
20304,2
20299,2
20273,2
20269,2
20256,2
20252,2
20249,2
20233,2
20221,2
20217,2
20213,2
20189,2
20187,2
20181,2
20166,2
20151,2
19742,2
19674,2
19571,2
19515,2
19424,2
19254,2
19174,2
19053,2
19045,2
18769,2
18627,2
18483,2
18481,2
18052,2
17964,2
17922,2
17900,2
17440,2
17034,2
17032,2
16913,2
16735,2
16698,2
16664,2
16662,2
16642,2
16619,2
16585,2
16584,2
16569,2
16546,2
16545,2
16421,2
16365,2
16363,2
16350,2
16315,2
16311,2
16263,2
16246,2
16207,2
16141,2
15980,2
15908,2
15886,2
15833,2
15800,2
15753,2
15723,2
2787,13
15640,2
15515,2
2534,14
15387,2
15265,2
15211,2
15141,2
2173,3
15026,2
14882,19
2029,2
14860,2
14504,14
1651,2
1216,16
14069,2
1047,18
13900,2
13714,15
861,2
13014,2
40,7
12893,2
12829,2
12783,2
12266,2
12211,2
12005,2
11855,2
11667,2
11528,2
11470,2
11320,2
11283,2
11221,2
11220,2
11060,2
10907,2
10529,2
10430,2
10393,2
10284,2
10235,2
10130,2
9860,2
9825,2
9744,2
9728,2
9707,2
9417,2
9316,2
9229,2
2773,13
15626,2
9187,2
9160,2
9127,2
9115,2
9091,2
8997,2
8946,2
8890,2
15274,18
2421,2
8793,2
8777,2
8745,2
8644,2
8637,4
21490,2
8614,2
8611,2
15023,2
8598,12
21451,2
8582,10
21435,2
15002,5
2149,2
8578,16
21431,2
8559,11
21412,2
2109,3
14962,2
21393,9
8540,2
8509,14
21362,2
8506,16
21359,2
14918,19
2065,2
8472,18
21325,2
8458,2
8428,18
21281,2
8406,18
21259,2
21166,5
8313,2
8264,15
21117,2
8262,2
8226,2
8163,18
21016,2
8125,2
8051,8
20904,2
8048,2
8032,10
20885,2
7994,2
7980,7
20833,2
7972,9
20825,2
7970,2
7954,5
20807,2
7875,9
20728,2
7836,2
20679,14
7826,2
7821,2
7818,7
20671,2
7757,2
7726,2
7682,13
20535,2
7676,11
20529,2
7644,15
20497,2
7593,12
20446,2
7541,2
7531,7
20384,2
7514,18
20367,2
7481,18
20334,2
13890,2
7459,2
7447,7
20300,2
7413,13
20266,2
7370,15
20223,2
7354,15
20207,2
7342,18
20195,2
7279,13
20132,2
7264,2
20117,2
7244,2
13435,2
7008,2
7001,7
19854,2
6972,2
13291,8
438,2
6789,15
19642,2
6771,2
6765,2
6738,2
6586,2
12935,8
82,2
12866,15
13,2
19290,9
6437,2
6372,2
6349,2
6134,2
6094,2
6073,2
6047,2
5926,2
18765,8
5912,2
5815,2
5710,14
18563,2
11896,2
11859,2
11850,2
5402,2
5396,18
18249,2
5299,12
18152,2
5264,2
5243,16
18096,2
11635,2
11633,2
5195,16
18048,2
5188,2
11481,2
11475,2
5034,17
17887,2
4850,16
17703,2
4827,2
11241,2
11227,2
4755,2
11168,2
11111,2
4644,2
4574,2
17171,9
4318,2
10688,2
4149,2
4105,2
4094,2
4089,2
4012,17
16865,2
3968,2
16807,11
3954,2
3872,17
16725,2
3867,2
3860,2
19856,15
7003,2
6999,2
3788,13
16641,2
3786,2
3782,5
16635,2
3775,14
16628,2
3762,9
16615,2
16574,18
3721,2
6935,16
19788,2
3701,16
16554,2
494,2
3681,2
16502,3
3649,2
6840,2
3637,5
16490,2
3634,6
16487,2
3585,2
16422,11
3569,2
9985,2
3480,2
3456,2
3422,14
16275,2
3416,14
16269,2
196,2
160,2
19307,15
6454,2
11,2
9576,2
6356,2
9519,2
12664,2
2998,16
15851,2
12619,2
6198,2
6186,2
6165,2
2962,2
12570,2
15695,2
2839,5
15692,2
12463,2
9189,2
5967,2
15594,2
15570,2
12296,2
2666,2
2659,2
15489,2
5793,9
18646,2
2574,9
15427,2
8979,2
8976,2
8972,2
15336,5
2483,2
18531,16
5678,2
2394,18
15247,2
5594,2
2253,2
15079,2
2236,2
2221,2
15053,2
2205,2
8619,2
3770,4
16623,2
3760,2
11787,2
2137,2
11721,2
2089,2
2055,2
5257,2
8475,2
2048,2
8449,8
21302,2
3624,2
5219,2
21203,11
8350,2
1902,7
14755,2
3507,7
16360,2
14752,2
16339,15
3486,2
5048,11
17901,2
8224,15
21077,2
1764,2
11359,2
9741,2
1688,2
6466,2
8087,2
12891,9
38,2
6447,2
14,2
20840,9
7987,2
7984,15
20837,2
7983,9
20836,2
7948,2
20801,2
2979,16
15832,2
1381,2
15816,3
2963,2
2961,2
2960,2
4472,2
2862,4
15715,2
7686,2
12346,2
1124,2
16370,14
3517,2
7544,2
8340,5
21193,2
7539,16
20392,2
7505,5
20358,2
16327,16
3474,2
3468,2
20348,16
7495,2
7487,13
20340,2
7484,15
20337,2
1059,2
7441,2
17071,12
4218,2
6583,2
986,2
7404,10
20257,2
976,2
968,2
10532,2
16953,9
4100,2
74,2
4092,2
4085,2
4014,2
3996,2
3994,2
1564,5
14417,2
5556,2
1529,2
10349,2
19981,18
7128,2
19966,5
7113,2
6297,2
3091,3
15944,2
8702,2
2279,2
7083,2
3349,4
16202,2
4955,15
17808,2
5358,2
8970,2
3322,18
16175,2
6115,2
1314,2
6504,6
19357,2
20079,16
7226,2
8005,2
10411,2
1178,2
6790,2
774,2
3571,16
16424,2
4376,2
3946,11
16799,2
10338,2
5112,15
17965,2
1108,2
5501,11
18354,2
2693,2
7517,13
20370,2
1096,2
7491,5
20344,2
1070,2
1853,2
2619,2
399,2
9372,2
8155,2
1727,2
4123,2
920,2
17155,16
4302,2
899,2
8520,5
21373,2
6908,14
19761,2
7398,6
20251,2
3377,15
16230,2
1677,2
8501,13
21354,2
883,2
8294,2
9177,2
4562,2
1644,2
8868,2
15380,2
7362,18
20215,2
3441,4
16294,2
93,2
2836,2
7704,12
20557,2
3680,17
16533,2
2133,2
2433,2
12150,2
7353,15
20206,2
2929,5
15782,2
1128,2
1205,2
541,2
818,2
19666,18
6813,2
8422,15
21275,2
1087,2
7308,16
20161,2
7438,6
20291,2
21503,3
21336,3
21238,3
20887,3
20794,3
20237,3
20180,3
20174,3
20138,3
19975,3
18875,3
18258,3
18252,3
17870,3
17822,3
17795,3
17700,3
16885,3
16644,3
16589,3
16512,3
16332,3
16159,3
16152,3
16123,3
16023,3
15979,3
15885,3
15841,3
15785,3
15762,3
2492,18
15345,3
15296,3
15292,3
15219,16
2366,3
15210,14
2357,3
14672,3
14587,18
1734,3
1327,5
14180,3
13958,4
1105,3
13275,16
422,3
13136,3
12521,3
12383,3
12059,3
12044,3
12033,3
11925,3
11728,3
11726,3
11711,3
11418,3
11381,3
11349,3
11272,3
11123,3
11049,3
11035,3
10988,3
10551,3
10453,3
10434,3
10233,3
10140,3
10067,3
9981,3
9967,3
9927,3
9869,3
9556,3
9465,3
15548,5
2695,3
15366,9
2513,3
2482,13
15335,3
15327,11
2474,3
15314,3
2428,7
15281,3
2397,13
15250,3
15223,4
2370,3
8799,3
15049,16
2196,3
2114,18
14967,3
8526,3
8407,5
21260,3
21164,5
8311,3
8289,17
21142,3
14697,3
21112,6
8259,3
20898,15
8045,3
8039,3
8010,3
7902,3
1461,5
14314,3
20746,6
7893,3
7876,3
7442,3
7388,11
20241,3
7332,3
13656,3
13292,19
439,3
13192,3
13186,3
19360,9
6507,3
6503,3
12917,9
64,3
6361,3
6277,3
19073,14
6220,3
6217,3
6113,3
6106,3
6051,6
18904,3
18564,9
5711,3
5660,3
5647,3
5627,3
5563,3
11979,3
5502,13
18355,3
18323,9
5470,3
5345,3
11708,3
5287,3
5272,3
11674,3
5141,3
11539,3
17967,6
5114,3
11506,3
5021,13
17874,3
17775,15
4922,3
4894,3
17746,18
4893,3
4810,3
17630,5
4777,3
4773,3
4751,3
11113,3
10826,3
4347,3
17058,12
4205,3
4160,3
10541,3
10414,3
20008,16
7155,3
16737,15
3884,3
3856,3
3846,3
3841,3
16681,7
3828,3
3790,3
19650,18
6797,3
16432,11
3579,3
346,9
13199,3
6762,3
13180,3
6752,3
3490,8
16343,3
9884,3
19491,8
6638,3
19506,16
6653,3
3425,15
16278,3
3420,3
3399,14
16252,3
6592,3
164,3
3261,3
9560,3
6274,5
19127,3
3039,15
15892,3
9337,3
15769,11
2916,3
9328,3
15641,3
12389,3
15571,18
2718,3
2729,3
2711,3
9032,3
8999,3
15325,3
2417,12
15270,3
2410,15
15263,3
15240,3
5586,3
18432,7
5579,3
2337,5
15190,3
2309,6
15162,3
15107,3
18296,7
5443,3
2194,3
18238,9
5385,3
3734,13
16587,3
2108,3
14949,3
21363,8
8510,3
6863,3
6841,3
6748,3
6721,3
6689,3
14666,3
19412,15
6559,3
4829,16
17682,3
1620,3
12831,3
8022,3
1572,3
11192,3
1502,3
1466,3
7870,3
6246,3
1414,3
1391,3
12600,3
1339,3
7673,3
7647,3
1208,3
12378,3
1104,3
17156,7
4303,3
1084,3
17080,7
4227,3
1024,3
10644,3
1015,3
19450,5
6597,3
983,3
11395,3
4974,3
1765,3
2505,3
15309,3
16096,9
3243,3
3205,3
18436,12
5583,3
16837,13
3984,3
3937,3
3910,3
9373,3
3747,9
16600,3
7763,3
8547,3
7736,3
12532,3
2890,3
10822,3
372,9
13225,3
12397,3
13197,3
15213,3
3971,5
16824,3
2750,3
743,3
16392,13
3539,3
334,15
13187,3
7120,3
19561,8
6708,3
17157,7
4304,3
3899,3
696,3
299,3
19318,16
6465,3
16258,15
3405,3
4410,3
3602,3
963,3
20234,5
7381,3
3751,10
16604,3
14993,3
130,3
145,3
3345,3
17972,5
5119,3
10544,3
16122,9
3269,3
15598,3
10518,3
7315,15
20168,3
6699,3
14975,3
1732,3
2953,3
18,3
2810,3
11637,3
10440,3
16872,14
4019,3
852,3
3890,3
21517,4
21501,4
21391,4
21369,4
20925,4
20902,4
20829,4
20787,4
20632,4
20469,4
20005,4
19807,4
19658,4
19478,4
18992,4
18860,4
18835,4
18700,4
18467,4
18271,4
18257,4
18231,4
18160,4
17915,4
17780,4
17759,4
17748,4
17511,4
17452,4
17449,4
17399,4
17335,4
17302,4
17256,4
17083,4
16963,4
16946,4
16929,4
16926,4
16856,4
16794,4
16357,4
16088,4
15363,4
15237,4
14987,4
14757,4
13649,4
13046,4
168,15
13021,4
12815,4
12775,4
12690,4
12473,4
12457,4
11580,4
11558,4
11551,4
11545,4
11487,4
11430,4
11357,4
11287,4
11175,4
11076,4
10695,4
10665,4
10623,4
10608,4
10606,4
10530,4
10455,4
10265,4
10049,4
9982,4
9933,4
9847,4
9795,4
9535,4
9315,4
9065,4
15171,4
8676,4
8608,4
2056,15
14909,4
8478,4
8359,4
8275,6
21128,4
21105,5
8252,4
21093,18
8240,4
21051,18
8198,4
1536,5
14389,4
7942,13
20795,4
7643,12
20496,4
7611,4
7557,4
7379,18
20232,4
7029,16
19882,4
13185,4
6716,4
6524,6
19377,4
12848,4
6244,11
19097,4
12639,4
6125,4
12472,4
5561,4
5546,13
18399,4
11753,4
11555,4
5057,4
11450,4
11324,4
11025,4
4576,8
17429,4
4481,8
17334,4
4452,13
17305,4
4451,5
17304,4
10767,4
4156,4
4120,7
16973,4
4026,4
19864,18
7011,4
10209,4
3777,18
16630,4
6975,19
19828,4
3553,4
13144,4
3438,4
3372,7
16225,4
9532,4
3078,4
9415,4
2965,4
2768,14
15621,4
2764,12
15617,4
5964,4
9015,4
18229,18
5376,4
562,4
354,4
1845,4
1809,4
19451,14
6598,4
6573,6
19426,4
1731,4
6410,9
19263,4
16052,7
3199,4
4609,12
17462,4
6163,4
2936,4
17341,14
4488,4
20546,10
7693,4
1226,4
1197,4
10781,4
4341,6
17194,4
4340,4
1871,4
13908,4
11461,4
3390,4
17025,14
4172,4
21039,15
8186,4
8102,4
8088,4
8029,4
2301,15
15154,4
688,4
1499,4
9515,4
19957,6
7104,4
4697,4
17544,5
4691,4
5755,4
489,4
13285,4
3241,7
16094,4
8396,4
20382,16
7529,4
16909,13
4056,4
9674,4
9051,4
15450,4
1951,4
16755,19
3902,4
502,4
1680,4
1044,4
8044,4
8080,4
10352,4
3931,4
1201,4
16908,7
4055,4
21480,5
21479,5
21474,5
21453,5
21405,5
21352,5
21272,5
21271,5
21265,5
21257,5
21256,5
21255,5
21240,5
21237,5
21236,5
21234,5
21232,5
21221,5
21215,5
21209,5
21205,5
21194,5
21189,5
21182,5
21181,5
21148,5
21136,5
21135,5
21132,5
21114,5
21100,5
21053,5
21049,5
21045,5
21042,5
21038,5
21032,5
21022,5
21017,5
21012,5
20975,5
20974,5
20973,5
20969,5
20943,5
20932,5
20931,5
20930,5
20926,5
20920,5
20894,5
20888,5
20813,5
20812,5
20800,5
20798,5
20791,5
20779,5
20768,5
20735,5
20711,5
20695,5
20680,5
20672,5
20660,5
20658,5
20654,5
20652,5
20648,5
20640,5
20606,5
20596,5
20593,5
20566,5
20564,5
20561,5
20558,5
20545,5
20502,5
20499,5
20498,5
20494,5
20490,5
20470,5
20468,5
20440,5
20415,5
20407,5
20400,5
20395,5
20388,5
20385,5
20376,5
20364,5
20314,5
20310,5
20284,5
20279,5
20278,5
20255,5
20228,5
20118,5
20105,5
19978,5
19915,5
19887,5
19850,5
19803,5
19745,5
19723,5
19710,5
19704,5
19648,5
19427,5
19422,5
19369,5
19171,5
19009,5
18953,5
18816,5
18718,5
18699,5
18648,5
18283,5
18158,5
18155,5
18120,5
17988,5
17802,5
17712,5
17655,5
17617,5
17616,5
17556,5
17547,5
17489,5
16921,5
16910,5
16825,5
16819,5
16818,5
16816,5
16815,5
16812,5
16809,5
16803,5
16802,5
16800,5
16715,5
16708,5
16705,5
16687,5
16672,5
16668,5
16655,5
16633,5
16598,5
16592,5
16551,5
16538,5
16461,5
16448,5
16405,5
16388,5
16385,5
16380,5
16377,5
16376,5
16374,5
16371,5
16347,5
16324,5
16317,5
16297,5
16284,5
16221,5
16022,5
16015,5
16013,5
15985,5
15888,5
15834,5
15822,5
15819,5
15790,5
15757,5
15732,5
15729,5
2779,13
15632,5
2748,6
15601,5
15559,5
15558,5
15476,5
15415,12
2562,5
15357,12
2504,5
15348,5
15246,12
2393,5
2291,18
15144,5
15136,5
15119,15
2266,5
2237,15
15090,5
14985,5
2128,19
14981,5
2118,14
14971,5
2116,9
14969,5
1769,13
14622,5
14542,18
1689,5
14525,5
14516,5
13092,5
211,9
13064,5
13031,5
13026,5
12721,5
12715,5
12674,5
12672,5
12645,5
12631,5
12624,5
12616,5
12520,5
12306,5
12207,5
12187,5
12085,5
12063,5
12061,5
12042,5
12022,5
11879,5
11736,5
11727,5
11629,5
11621,5
11564,5
11543,5
11500,5
11494,5
11443,5
11336,5
11307,5
11301,5
11115,5
11047,5
10980,5
10974,5
10924,5
10921,5
10917,5
10885,5
10855,5
10853,5
10851,5
10609,5
10601,5
10499,5
10478,5
10431,5
10225,5
10174,5
10119,5
10108,5
10099,5
10037,5
9995,5
9973,5
9961,5
9914,5
9678,5
9572,5
9558,5
9502,5
9486,5
9441,5
9427,5
9405,5
9378,5
9364,5
9346,5
9278,5
9273,5
9267,5
9263,5
9250,5
9238,5
9235,5
9111,5
9103,5
15521,5
15495,5
9049,5
8956,5
15356,5
15349,9
2496,5
8865,5
8860,5
8859,5
8810,5
15205,5
8750,5
8740,5
8738,5
15157,13
2304,5
15126,5
2273,5
15109,5
15065,17
2212,5
15062,5
8636,12
21489,5
15027,5
8595,7
21448,5
2153,13
15006,5
8581,5
15000,5
14998,5
8577,6
21430,5
8565,5
2130,8
14983,5
8497,9
21350,5
8493,16
21346,5
8409,5
21262,5
8399,10
21252,5
8394,5
8374,15
21227,5
8366,5
21219,5
8364,5
8342,9
21195,5
8254,5
8131,16
20984,5
8130,9
20983,5
8119,12
20972,5
8001,5
20775,18
7922,5
1471,13
14324,5
7894,13
20747,5
7884,5
7880,5
14300,5
14285,5
7843,5
7797,16
20650,5
7752,10
20605,5
7730,17
20583,5
7728,5
14146,16
1293,5
7723,5
7678,15
20531,5
7674,19
20527,5
1238,18
14091,5
7670,9
20523,5
7623,19
20476,5
7620,10
20473,5
7585,19
20438,5
7548,9
20401,5
7519,13
20372,5
7518,13
20371,5
7504,9
20357,5
7476,5
7472,5
7449,11
20302,5
13854,5
7338,5
20191,5
7331,5
7276,5
20129,5
7259,19
20112,5
7190,5
756,5
722,5
7079,5
19927,14
7074,5
7072,5
7012,19
19865,5
560,5
6865,5
19712,17
6859,5
6791,16
19644,5
6779,5
338,16
13191,5
6743,5
13122,5
13054,18
201,5
6622,18
19475,5
12915,5
12904,5
6475,5
6323,5
6317,12
19170,5
6311,5
6293,5
6279,5
6273,5
6240,5
6233,5
6181,5
12596,5
6175,5
6172,5
6146,5
6107,5
6104,5
6088,5
6055,5
6048,5
18888,9
6035,5
6017,5
18870,5
5993,5
5969,5
5950,5
18783,9
5930,5
5922,5
12334,5
5913,5
18754,8
5901,5
5879,8
18732,5
5868,12
18721,5
12240,5
12231,5
5744,5
18591,10
5738,5
12110,5
5680,5
5658,5
18429,12
5576,5
18419,12
5566,5
18418,12
5565,5
11980,5
11976,5
18385,9
5532,5
5496,5
5492,5
18336,15
5483,5
5464,5
5451,5
5444,5
5438,5
5426,5
5417,5
5407,5
5390,18
18243,5
5389,19
18242,5
5367,5
5355,5
5327,6
18180,5
5314,5
5308,5
18150,16
5297,5
11685,5
11664,5
5212,9
18065,5
5175,12
18028,5
11569,5
11549,5
17981,15
5128,5
17948,19
5095,5
17943,16
5090,5
11503,5
11479,5
11478,5
5055,5
5029,5
4999,5
4981,18
17834,5
4900,13
17753,5
4898,16
17751,5
17673,15
4820,5
4814,5
4807,12
17660,5
4803,5
4794,5
4792,5
4747,5
4692,9
17545,5
4690,12
17543,5
10972,5
4521,5
10926,5
10897,5
10891,5
4457,5
17291,8
4438,5
4357,5
4330,5
4292,5
17129,8
4276,5
4257,5
17037,6
4184,5
4176,5
4169,5
10573,5
4141,5
4063,8
16916,5
3989,5
7157,5
715,5
19986,19
7133,5
3922,5
698,5
19968,9
7115,5
16761,15
3908,5
7078,5
3840,5
10254,5
3817,6
16670,5
3801,6
16654,5
3792,16
16645,5
3784,5
10196,5
3755,11
16608,5
3697,5
3695,5
466,5
3669,6
16522,5
3667,5
19690,14
6837,5
19683,14
6830,5
3564,16
16417,5
9963,5
6641,5
9810,5
169,5
3353,7
16206,5
9682,5
48,7
12901,5
3128,9
15981,5
6254,5
3036,7
15889,5
6231,5
3028,12
15881,5
9444,5
9429,5
6185,5
6173,5
2970,16
15823,5
2954,12
15807,5
9366,5
6129,5
6105,5
2887,5
9274,5
2851,19
15704,5
9260,5
6041,5
2827,7
15680,5
15669,5
2815,18
15668,5
5994,5
15605,15
2752,5
2760,9
15613,5
2751,5
2737,9
15590,5
12352,5
18751,9
5898,5
5894,5
9066,5
15446,16
2593,5
2590,5
2561,5
5757,14
18610,5
2548,5
5749,5
18602,5
5731,5
5716,5
8925,5
2490,5
12098,5
18530,16
5677,5
8892,5
2468,7
15321,5
15312,15
2459,5
5632,5
2409,5
8826,5
15233,5
2380,5
15239,12
2386,5
18435,15
5582,5
15221,5
8767,5
2320,5
8731,5
5494,5
5441,18
18294,5
5437,5
15067,5
5415,5
2182,5
557,5
5356,5
14954,5
2101,5
2112,5
8528,5
2107,18
14960,5
2092,5
10097,5
3676,5
449,5
6848,5
3639,16
16492,5
11666,5
2042,5
3625,16
16478,5
6827,13
19680,5
5215,19
18068,5
3557,5
16410,5
16398,9
3545,5
8353,15
21206,5
6729,5
1846,5
6669,5
8236,5
1803,5
167,5
17787,15
4934,5
6523,5
4911,5
19344,15
6491,5
45,9
12898,5
6455,5
19308,5
1638,5
8047,17
20900,5
1610,5
4805,5
4788,5
14427,5
1585,5
1569,5
1566,5
17618,16
4765,5
7964,15
20817,5
1543,5
1527,5
4729,5
1524,5
19159,18
6306,5
1467,5
1452,5
3046,15
15899,5
3043,9
15896,5
7841,5
7830,5
1404,5
1384,5
6179,5
1364,5
1320,5
1317,5
7734,5
7709,13
20562,5
12505,5
6084,5
2873,5
2866,17
15719,5
1265,5
9270,5
14093,5
1251,5
1245,5
1229,5
15667,5
4419,5
18863,18
6010,5
7618,18
20471,5
1188,5
1177,5
1160,5
4351,5
7568,16
20421,5
1137,5
1134,5
1122,5
4307,5
5100,5
8318,5
4288,5
8292,5
1063,5
1849,5
4239,5
19473,15
6620,5
3413,14
16266,5
4219,5
4216,5
1009,5
19462,15
6609,5
7421,7
20274,5
998,5
13036,15
183,5
4194,5
17042,19
4189,5
3381,9
16234,5
187,5
12204,5
2580,5
13027,5
15421,9
2568,5
2566,5
8986,5
8115,9
20968,5
6495,5
5682,5
7287,8
20140,5
7272,5
12014,5
778,5
17644,9
4791,5
783,5
7985,18
20838,5
762,18
13615,5
1554,5
10381,5
3960,15
16813,5
11977,5
3957,18
16810,5
3948,14
16801,5
15180,5
2338,5
3944,13
16797,5
2322,18
15175,5
7139,5
4732,5
7918,8
20771,5
3903,5
1494,5
13539,9
686,5
1492,5
3895,5
11112,5
12704,5
19136,18
6283,5
4155,5
15001,15
2148,5
1344,5
530,5
2115,12
14968,5
1722,5
528,5
9333,5
7735,5
11733,5
5312,5
9311,5
17347,9
4494,5
1264,5
846,5
12869,5
6799,5
6814,11
19667,5
1198,5
16457,15
3604,5
6802,13
19655,5
1176,5
6785,5
3582,5
773,5
15207,5
728,5
1532,5
18388,18
5535,5
1135,5
5911,5
1111,5
2298,5
7914,6
20767,5
11499,5
4273,5
6456,5
456,5
1033,5
6642,5
9029,5
5209,12
18062,5
10023,5
6794,13
19647,5
3961,15
16814,5
1351,5
9964,5
12995,14
142,5
533,5
19386,18
6533,5
2919,10
15772,5
10946,5
8337,17
21190,5
15359,5
7520,13
20373,5
2099,5
65,5
483,5
19329,18
6476,5
13717,5
3672,5
14517,5
16521,15
3668,5
3466,19
16319,5
13114,5
5650,5
535,5
16591,9
3738,5
7465,5
7096,5
10564,5
8060,16
20913,5
1642,5
1283,5
16583,18
3730,5
3633,5
16486,5
12153,5
3629,5
8338,5
21191,5
1525,5
14970,5
18858,16
6005,5
2005,5
16874,14
4021,5
3601,13
16454,5
6147,5
9231,5
7634,5
17672,17
4819,5
6505,5
7508,5
6696,5
15326,5
8858,5
21295,6
21242,6
21233,6
21224,6
21196,6
21178,6
21034,6
20976,6
20770,6
20634,6
20567,6
20507,6
20380,6
20135,6
19862,6
19639,6
19459,6
18303,6
17811,6
17788,6
17685,6
17607,6
16806,6
16441,6
16348,6
16346,6
15969,6
15703,7
2850,6
15561,15
2708,6
2606,16
15459,6
2462,15
15315,6
15130,6
14612,7
1759,6
12705,6
12681,6
12659,6
12613,6
12562,6
12516,6
12364,6
12166,6
11993,6
11696,6
11684,6
11566,6
11529,6
11429,6
11416,6
11407,6
11338,6
11145,6
11106,6
11028,6
10999,6
10966,6
10839,6
10561,6
10253,6
9807,6
9611,6
9566,6
9425,6
9312,6
9301,6
15337,15
2484,6
15128,9
2275,6
8553,15
21406,6
8521,6
21278,9
8425,6
8391,10
21244,6
8300,6
14646,6
14630,6
8026,10
20879,6
7883,6
20736,6
14103,6
7566,7
20419,6
7516,6
7510,16
20363,6
7466,10
20319,6
13870,18
1017,6
7410,6
7330,6
7323,16
20176,6
7302,6
7191,6
13611,18
758,6
6521,15
19374,6
6500,6
6485,6
24,6
6309,6
19087,16
6234,6
5991,6
5977,18
18830,6
12294,6
5669,6
5657,6
5629,6
18470,12
5617,6
18455,19
5602,6
18448,12
5595,6
18445,16
5592,6
5575,6
5555,6
5359,6
5339,6
11690,6
5084,6
11046,6
10919,6
4378,6
17223,19
4370,6
4358,6
17199,16
4346,6
4261,6
4182,18
17035,6
4157,6
10534,6
10524,6
4029,6
734,6
16706,15
3853,6
3806,6
16621,9
3768,6
19703,18
6850,6
19163,12
6310,6
5975,15
18828,6
12353,6
5931,6
15477,6
5758,6
8965,6
2539,6
15354,6
5679,6
2350,6
15189,6
8741,6
2316,6
15152,6
5452,6
2249,6
5422,6
2188,6
10185,6
14995,6
16479,15
3626,6
2016,6
8355,15
21208,6
1861,6
5018,6
138,6
6540,6
4892,6
1655,6
1602,6
9625,6
4775,6
1469,6
7887,6
14298,18
1445,6
7855,15
20708,6
17434,19
4581,6
1366,6
1285,6
1200,6
2789,6
1191,6
17216,16
4363,6
18778,15
5925,6
1117,6
14744,6
1877,6
1080,6
2663,6
7444,6
210,6
1010,6
1768,6
8915,6
11305,6
13715,6
848,6
5600,6
781,6
3951,18
16804,6
2333,6
7940,9
20793,6
16747,8
3894,6
1752,6
5725,6
4517,6
5317,6
1311,6
3708,19
16561,6
18166,11
5313,6
2110,16
14963,6
98,6
8879,6
7193,6
18396,12
5543,6
731,6
6298,6
8296,6
8229,6
7432,6
11630,6
5354,6
4954,6
9894,6
8580,6
5741,6
1639,6
1633,6
5321,6
10165,6
490,6
21562,7
21473,7
21096,7
20757,7
20682,7
20095,7
19418,7
19198,7
19062,7
19044,7
19017,7
18749,7
18665,7
18616,7
18490,7
18425,7
18356,7
18339,7
18332,7
18061,7
18009,7
17916,7
17643,7
17589,7
17431,7
17173,7
17169,7
17152,7
17075,7
17062,7
17036,7
17000,7
16979,7
16969,7
16939,7
16893,7
16871,7
16759,7
16651,7
16577,7
16481,7
16434,7
16399,7
16277,7
16264,7
16194,7
16125,7
16115,7
16097,7
16074,7
15996,7
15989,7
15987,7
15950,7
15840,7
15793,7
15597,18
2744,7
2577,15
15430,7
15258,13
2405,7
15156,18
2303,7
15103,7
13790,18
937,7
13721,15
868,7
402,16
13255,7
13124,9
271,7
13070,7
12933,15
80,7
12706,7
12628,7
12318,7
12224,7
12202,7
11981,7
11957,7
11574,7
11508,7
11181,7
11171,7
11137,7
10845,7
10811,7
10757,7
10756,7
10703,7
10632,7
10292,7
10272,7
9956,7
9905,7
9822,7
9787,7
9603,7
9201,7
9161,7
9142,7
9133,7
9124,7
15485,7
9048,7
15413,9
2560,7
8829,7
8699,7
21536,19
8683,7
8666,7
21519,7
15056,10
2203,7
8628,7
8314,7
14642,9
1789,7
8138,7
7903,7
14099,15
1246,7
7576,7
7496,7
7216,7
7047,7
6976,7
6881,13
19734,7
19719,15
6866,7
6770,7
13159,7
6441,18
19294,7
19280,15
6427,7
6353,7
12714,7
12703,7
6215,7
12507,7
12488,7
6063,7
12435,7
12394,7
18663,18
5810,7
5767,7
5692,7
5684,7
5520,7
11811,7
11771,7
5335,14
18188,7
18187,18
5334,7
11714,7
5274,7
5270,7
5256,19
18109,7
5253,7
11665,7
11661,7
5235,7
5220,7
5146,7
17979,16
5126,7
5060,7
4987,7
4983,7
11059,7
17478,16
4625,7
4621,7
4541,7
10873,7
17289,8
4436,7
4398,13
17251,7
4366,7
10754,7
4333,9
17186,7
17163,9
4310,7
10682,7
10662,7
17091,19
4238,7
17052,9
4199,7
10594,7
16968,12
4115,7
16966,9
4113,7
4084,7
16833,9
3980,7
10394,7
10375,7
16783,19
3930,7
19982,16
7129,7
10291,7
7070,7
13482,7
19902,18
7049,7
10262,7
3797,14
16650,7
10183,7
16611,18
3758,7
13269,12
416,7
13262,9
409,7
3594,7
6757,7
13115,7
3488,7
3415,7
6581,7
3371,7
124,7
12900,15
47,7
58,7
3107,16
15960,7
3105,7
6301,7
3098,16
15951,7
3062,7
15901,13
3048,7
2994,7
2993,7
15838,12
2985,7
2973,7
2915,13
15768,7
2872,7
2858,7
12480,7
9139,7
9012,7
5765,7
2554,7
15386,7
8903,7
8850,7
11961,7
2307,7
8692,7
2260,7
6952,7
10155,7
3609,7
16450,9
3597,7
2000,7
1983,7
1960,7
323,7
1913,7
6686,13
19539,7
3483,7
16336,7
1880,7
1836,9
14689,7
166,13
13019,7
16185,14
3332,7
17791,11
4938,7
14573,7
111,7
6547,7
12962,13
109,7
9706,7
81,7
3225,7
9637,7
4637,7
11030,7
17372,16
4519,7
1308,7
1292,7
1252,7
1193,7
9206,7
9175,7
1152,7
4327,10
17180,7
1919,7
9135,7
1100,7
5080,15
17933,7
3459,12
16312,7
17076,18
4223,7
9834,7
10640,7
7437,7
162,7
15425,7
896,7
9697,7
2467,7
20922,16
8069,7
8055,7
4811,7
11946,7
3096,18
15949,7
7099,7
4686,7
6964,7
1343,7
12424,7
8796,7
9194,7
5178,7
1174,7
16409,18
3556,7
1924,7
293,7
3505,7
3514,16
16367,7
13237,7
7428,7
3396,7
9573,7
9760,7
924,7
922,7
6520,17
19373,7
123,7
880,7
4544,7
890,7
940,7
9761,7
4045,7
4845,7
5236,7
9736,7
11752,7
10825,7
5216,7
21293,8
21267,8
20936,8
20919,8
20878,8
20721,8
20709,8
20420,8
20406,8
19844,8
19559,8
19556,8
19509,8
18840,8
18795,8
18746,8
18738,8
18698,8
18689,8
18493,8
18085,8
18066,8
17963,8
17892,8
17875,8
17246,8
17188,8
17103,8
16961,8
16897,8
16110,8
15742,8
15226,8
15122,14
2269,8
14903,8
14865,9
2012,8
14545,13
1692,8
14544,8
13256,8
12286,8
12073,8
11459,8
11327,8
11179,8
11174,8
11149,8
10947,8
10743,8
10342,8
10282,8
10280,8
9853,8
9771,8
9527,8
9445,8
15528,8
2391,13
15244,8
8610,8
8199,8
8050,8
7879,8
13290,8
13281,8
13280,8
19651,11
6798,8
13205,15
352,8
349,8
6707,9
19560,8
13089,18
236,8
6373,8
6348,8
6341,8
6335,8
6208,8
6177,8
5706,8
5522,13
18375,8
5410,8
11767,8
5273,8
5244,8
5210,8
5171,8
5167,8
5118,8
5043,11
17896,8
17677,15
4824,8
4776,8
4714,8
4555,9
17408,8
10809,8
4297,8
4286,8
4165,8
4129,8
4074,8
4028,8
16838,13
3985,8
7075,8
6996,8
3520,8
3452,8
3449,8
19474,11
6621,8
191,8
3389,8
9799,8
16195,19
3342,8
3295,15
16148,8
3249,8
6432,16
19285,8
3189,8
6358,8
6275,13
19128,8
6201,8
9293,8
9158,8
15438,9
2585,8
5787,8
12201,8
2530,8
8672,8
2231,8
10200,8
5268,8
423,13
13276,8
3455,8
1858,8
248,8
5042,8
12980,12
127,8
14558,8
1711,8
3303,8
4664,8
7873,8
11070,8
1387,8
4584,8
5957,8
18810,8
1082,8
1072,8
194,8
10615,8
4780,13
17633,8
3909,17
16762,8
10315,8
3748,8
2522,8
2046,8
13266,8
4401,15
17254,8
9196,8
13206,14
353,8
10355,8
3528,8
3472,8
1875,8
6471,8
5822,8
3351,8
5076,17
17929,8
4474,8
8162,8
4039,8
10156,8
10752,8
1616,8
2449,8
21576,9
21574,9
21571,9
21550,9
21469,9
21404,9
21401,9
21387,9
21292,9
21210,9
21201,9
21019,9
20905,9
20824,9
20769,9
20379,9
20352,9
20159,9
20035,9
20013,9
19984,9
19906,9
19890,9
19839,9
19837,9
19830,9
19786,9
19769,9
19679,9
19464,9
19419,9
19325,9
19256,9
19006,9
18975,9
18952,9
18924,9
18768,9
18549,9
18504,9
18488,9
18479,9
18465,9
18430,9
18392,9
18367,9
18362,9
18313,9
18280,9
18234,9
18186,9
18071,9
18017,9
17876,9
17849,9
17839,9
17776,9
17766,9
17728,9
17619,9
17579,9
17574,9
17563,9
17479,9
17455,9
17285,9
17212,9
17164,9
17067,9
17053,9
17048,9
16851,9
16734,9
16656,9
16495,9
16488,9
16419,9
16304,9
16216,9
16215,9
16212,9
16196,9
16176,9
16163,9
16150,9
16098,9
16086,9
15831,9
15810,9
15666,12
2813,9
15616,18
2763,9
2742,12
15595,9
2722,10
15575,9
15264,16
2411,9
15255,9
13321,9
410,11
13263,9
12963,15
110,9
12905,9
12810,9
12759,9
12751,9
12728,9
12691,9
12660,9
12657,9
12647,9
12627,9
12592,9
12557,9
12485,9
12483,9
12460,9
12449,9
12336,9
12298,9
12281,9
12274,9
12259,9
12250,9
12246,9
12235,9
12223,9
12215,9
12195,9
12156,9
12147,9
12112,9
12102,9
12054,9
11960,9
11940,9
11934,9
11907,9
11888,9
11854,9
11663,9
11602,9
11579,9
11490,9
11468,9
11344,9
11292,9
11255,9
11253,9
11243,9
11236,9
11210,9
11144,9
11101,9
11088,9
11074,9
11063,9
11048,9
10901,9
10849,9
10794,9
10742,9
10738,9
10721,9
10714,9
10470,9
10445,9
10371,9
10361,9
10348,9
10335,9
10258,9
9976,9
9850,9
9814,9
9779,9
9755,9
9733,9
9668,9
9661,9
9607,9
9505,9
9352,9
15674,9
15656,12
2803,9
9205,9
9156,9
15545,9
9064,9
15468,9
8962,9
8944,9
15294,9
8873,9
8853,9
8835,9
8823,9
8781,9
8755,9
8732,9
8685,18
21538,9
15104,10
2251,9
8618,9
2167,11
15020,9
8571,9
8543,9
8496,9
14911,9
8480,12
21333,9
2006,12
14859,9
21291,18
8438,9
1975,16
14828,9
21129,15
8276,9
8244,12
21097,9
8234,9
8126,9
8108,9
8091,9
8015,9
7952,9
7891,15
20744,9
7839,9
7831,9
20669,17
7816,9
7813,14
20666,9
20480,17
7627,9
7596,9
20328,15
7475,9
7253,9
791,9
714,9
679,18
13532,9
7064,9
13393,9
6913,9
19766,9
6874,15
19727,9
6819,9
13184,18
331,9
13105,9
13103,9
157,9
6537,9
6528,13
19381,9
6463,9
6450,9
6445,9
12858,9
6434,9
12767,9
19193,18
6340,9
12732,9
12694,9
6214,9
6178,9
6169,16
19022,9
12555,9
12546,9
12509,9
6085,9
18938,9
12469,9
12441,9
12398,9
5900,9
12316,9
5854,9
5835,16
18688,9
12229,9
12213,9
5739,18
18592,9
5719,9
5713,18
18566,9
12132,9
12131,9
5701,13
18554,9
5690,9
12101,9
18520,12
5667,9
5585,9
18438,9
11997,9
18407,16
5554,9
11913,9
18334,14
5481,9
5429,9
11847,9
5349,9
11763,9
5332,9
11751,9
5303,9
11717,9
5281,9
18079,18
5226,9
5222,15
18075,9
5192,9
17978,18
5125,9
5117,9
11523,9
5072,17
17925,9
11492,9
5020,16
17873,9
5013,11
17866,9
11402,9
4933,9
11315,9
11271,9
11239,9
17671,15
4818,9
11237,9
11233,9
4785,9
11202,9
11177,9
11166,9
4622,9
4604,9
17457,9
4600,9
4458,9
17311,9
4397,13
17250,9
4371,15
17224,9
4365,9
10768,9
4339,9
10744,9
4323,9
4259,9
10678,9
10674,9
10596,9
4173,9
4153,9
16886,10
4033,9
16850,11
3997,9
690,13
13543,9
7111,18
19964,9
10313,9
7077,13
19930,9
3874,11
16727,9
16678,13
3825,9
10238,9
478,9
10090,9
6815,9
13251,9
366,9
356,9
9975,9
3554,16
16407,9
6737,9
302,9
3491,9
3309,9
3266,18
16119,9
12875,16
22,9
12846,9
3187,9
3184,15
16037,9
3157,9
15984,11
3131,9
3111,9
15964,9
12731,9
3092,9
3013,9
12632,9
3007,9
2999,9
2983,9
9403,9
6157,9
9336,9
2902,9
6075,9
15698,9
9277,9
15691,18
2838,9
2833,9
2818,9
2799,9
2792,9
9204,9
9190,9
5965,9
5955,9
9172,9
9014,9
5788,9
2578,9
2559,9
12178,9
2543,14
15396,9
5743,9
5734,9
2531,19
15384,9
8880,9
2376,9
8756,9
5523,19
18376,9
15149,9
11861,9
11837,9
15055,14
2202,9
8632,9
8623,9
21411,14
8558,9
14921,9
13265,9
19681,15
6828,9
2027,9
378,10
13231,9
5203,9
14842,9
5168,9
14771,19
1918,9
5121,9
9907,9
3477,9
11504,9
11393,9
1735,9
1723,9
16166,16
3313,9
3285,9
6502,9
1673,9
3263,9
12878,9
14499,9
3219,9
3216,9
14440,9
11161,9
1520,9
15930,13
3077,9
7899,9
4659,9
7867,9
7848,9
4623,9
1412,9
7825,9
9382,9
10944,9
9302,9
2881,9
1269,9
9283,9
1260,9
20525,15
7672,9
7632,12
20485,9
4411,14
17264,9
9210,9
10784,9
5947,9
7558,9
13966,9
5123,9
1920,9
5902,9
2699,9
14719,9
2677,9
1074,9
4266,9
10676,9
7468,11
20321,9
10648,9
1016,9
16233,18
3380,9
8204,9
1771,9
15410,9
87,13
12940,9
7310,9
12091,9
10473,9
4052,9
1623,16
14476,9
768,9
11201,9
9582,9
3970,9
7168,15
20021,9
15995,15
3142,9
4748,18
17601,9
7966,9
5541,18
18394,9
3094,9
11121,9
697,9
19950,16
7097,9
684,9
7085,9
11773,9
7765,12
20618,9
15777,11
2924,9
505,9
8943,9
2912,9
4518,9
504,9
3660,12
16513,9
16917,15
4064,9
14888,9
381,9
6811,18
19664,9
15623,9
9202,9
15217,9
2375,9
7184,11
20037,9
6778,9
369,9
11599,9
2371,9
6740,9
15550,9
1493,9
7102,19
19955,9
13141,9
9088,9
10694,9
20927,17
8074,9
50,9
441,9
6877,9
6665,9
10831,9
5807,19
18660,9
9025,9
14805,9
4963,18
17816,9
11575,9
5149,9
945,9
5737,18
18590,9
12969,9
10548,9
4127,9
1916,9
2517,9
5899,18
18752,9
2896,9
6511,9
19364,9
15416,9
3277,12
16130,9
20949,10
8096,9
2956,9
10868,9
1741,9
941,9
6499,9
14582,18
1729,9
3133,9
1739,9
4142,17
16995,9
939,9
19295,12
6442,9
16985,12
4132,9
16988,16
4135,9
4331,13
17184,9
16555,18
3702,9
3744,18
16597,9
233,9
4107,9
550,9
2013,9
13694,9
3302,9
16155,9
7093,18
19946,9
8905,9
840,9
21388,10
21337,10
21308,10
21176,10
20910,10
20753,10
20685,10
20651,10
20598,10
20517,10
20515,10
20226,10
19142,10
19029,10
18713,10
18708,10
16602,10
16030,10
2553,12
15406,10
15295,10
14876,10
14604,15
1751,10
12658,10
12649,10
12630,10
12391,10
12382,10
12380,10
12362,10
12341,10
12258,10
12154,10
12149,10
12077,10
11978,10
11884,10
11802,10
11713,10
11705,10
11700,10
11614,10
11568,10
11452,10
11333,10
11109,10
10943,10
10699,10
10083,10
9818,10
9478,10
9399,10
9237,10
9101,10
15511,18
2658,10
15311,15
2458,10
8794,10
8708,10
8579,10
8562,18
21415,10
8030,17
20883,10
7869,10
7838,10
7790,10
7455,17
20308,10
7266,13
20119,10
140,10
12351,10
11898,10
5342,10
11724,10
11567,10
4797,10
4657,10
11034,10
16918,11
4065,10
10447,10
10436,10
16868,18
4015,10
16811,15
3958,10
7061,10
6787,10
6759,10
9839,10
6414,16
19267,10
9610,10
6123,10
15709,13
2856,10
6018,10
2544,18
15397,10
8969,10
15324,14
2471,10
12017,10
15094,10
11649,10
5089,10
126,10
11302,10
17502,18
4649,10
1438,10
1433,10
1428,10
17328,19
4475,10
9287,10
10840,10
1181,10
1837,10
9034,10
1013,10
6591,10
1608,10
11966,10
2342,10
12176,10
6549,10
1658,10
1650,10
13025,10
8981,10
11570,10
11540,10
8995,10
6880,10
2938,10
11644,10
887,10
21222,11
20657,11
20432,11
19812,11
19466,11
19440,11
19365,11
18997,11
18832,11
17975,11
17848,11
17661,11
17558,11
16911,11
16817,11
16798,11
16719,11
16665,11
16590,11
16337,11
16244,11
16219,11
16055,11
15482,11
15307,11
13138,11
12572,11
12569,11
12255,11
12035,11
12031,11
11750,11
11687,11
11565,11
11424,11
11340,11
11317,11
11306,11
11018,11
10964,11
10884,11
10870,11
10600,11
10500,11
10427,11
10032,11
10027,11
9970,11
9965,11
9937,11
9896,11
9652,11
9475,11
15679,11
2826,11
9113,11
9097,11
8893,11
15153,11
8481,11
8457,11
8317,11
8297,11
8291,11
8286,11
14540,11
7817,14
20670,11
7774,11
7755,11
7462,11
13633,16
780,11
7048,11
534,11
19713,14
6860,11
388,11
6809,11
6701,11
260,16
13113,11
19534,16
6681,11
6670,11
6522,11
19375,11
6458,11
6227,11
6187,11
6102,11
18955,11
12506,11
5906,11
12239,11
18397,16
5544,11
5461,11
5316,11
4920,17
17773,11
17206,16
4353,11
10599,11
10597,11
10538,11
10094,11
3631,11
10040,11
13203,11
6313,11
9525,11
9428,11
9339,11
18895,18
6042,11
5968,11
2761,11
2518,11
2488,11
8899,11
2478,11
2429,11
5624,11
15188,17
2335,11
2270,11
5455,18
18308,11
3713,11
11689,11
10046,11
21301,15
8448,11
21300,17
8447,11
6783,11
13165,11
8339,17
21192,11
9930,11
13131,11
6680,11
13093,11
6672,11
8219,11
17825,18
4972,11
1706,11
14524,11
19273,16
6420,11
8027,11
3163,18
16016,11
1449,11
1446,11
11031,11
14154,15
1301,11
1288,11
1284,11
2825,11
1225,11
2807,11
20474,16
7621,11
17238,19
4385,11
2613,11
12914,11
18398,18
5545,11
6299,11
6288,11
7092,11
538,11
10925,11
1643,11
10053,11
15259,11
5984,11
5976,11
9994,11
3547,18
16400,11
5078,11
151,11
4361,11
539,11
6557,16
19410,11
2519,11
6931,13
19784,11
6529,11
1271,11
2756,11
12874,11
739,11
10556,11
12860,11
6325,17
19178,11
1328,11
2437,11
20989,12
20409,12
20090,12
20048,12
20025,12
20012,12
19832,12
19480,12
19293,12
19065,12
18865,12
18774,12
18744,12
18621,12
18372,12
18228,12
18225,12
17927,12
17813,12
17499,12
17423,12
17419,12
17411,12
17403,12
17365,12
17298,12
17269,12
17247,12
17236,12
17201,12
17187,12
17177,12
17149,12
17148,12
17142,12
17128,12
17117,12
17097,12
17060,12
16987,12
16658,12
16279,12
16093,12
15872,12
15672,14
2819,12
15620,16
2767,12
14926,18
2073,12
13096,12
12748,12
12680,12
12651,12
12604,12
12563,12
12442,12
12409,12
12399,12
12197,12
12135,12
12027,12
11848,12
11808,12
11768,12
11639,12
11466,12
11460,12
11444,12
11285,12
11211,12
11183,12
10773,12
10750,12
10693,12
10618,12
9704,12
9654,12
9479,12
9356,12
9314,12
9253,12
9197,12
9147,12
2476,18
15329,12
8704,18
21557,12
8599,12
8432,18
21285,12
8246,12
21030,18
8177,12
8151,12
8141,12
8134,12
8089,12
8016,13
20869,12
7937,16
20790,12
7907,12
7791,12
7710,12
7427,12
20210,18
7357,12
7148,13
20001,12
7066,12
7030,12
6869,12
13200,12
311,12
6632,12
6578,12
6576,12
6436,12
6382,12
6375,12
12774,12
6264,12
12641,12
6189,19
19042,12
12605,12
6092,14
18945,12
12468,12
6034,12
12454,12
6020,15
18873,12
5888,12
5800,12
5789,12
18300,14
5447,12
5398,12
11817,12
11658,12
5134,12
5054,13
17907,12
5002,12
11377,12
4903,12
11322,12
11314,12
4867,12
4821,13
17674,12
4816,12
4756,12
4711,12
4689,12
4524,12
4425,12
4388,13
17241,12
4364,12
10774,12
10734,12
4301,15
17154,12
10661,12
10590,12
4103,12
4081,12
4061,12
7196,12
736,12
7119,12
3912,12
7024,12
6993,12
6985,12
6961,12
13244,12
3492,12
9841,12
9763,12
3153,15
16006,12
15968,15
3115,12
12696,12
3051,12
2971,12
2853,12
6054,12
6023,12
9181,12
2688,12
15501,15
2648,12
2579,13
15432,12
5780,12
5742,13
18595,12
8806,12
2383,12
15179,12
2326,12
5471,12
8689,12
2238,13
15091,12
2247,12
6968,12
6953,12
486,12
1995,12
1948,12
13142,12
5092,12
1889,12
3329,12
19283,18
6430,12
6402,18
19255,12
3204,12
17593,16
4740,12
7888,12
1444,12
17470,16
4617,12
1300,12
1212,12
15639,12
7609,12
1159,18
14012,12
13946,12
10709,12
2681,12
1863,12
10687,12
982,12
971,12
969,12
3290,15
16143,12
8114,12
8105,12
8855,12
1588,12
8725,12
5506,12
7088,12
6944,12
4098,12
3688,12
13688,12
835,12
387,12
1966,12
1949,12
3917,13
16770,12
14751,13
1898,12
1909,12
1498,12
9680,12
18686,15
5833,12
1761,12
11775,12
6746,12
2542,12
7366,12
9738,12
6912,12
19780,15
6927,12
14922,12
1076,12
5162,12
3347,12
16200,12
8160,12
20116,19
7263,12
15368,12
932,12
918,12
1332,12
7659,12
9365,12
1347,12
4220,13
17073,12
21372,13
20514,13
20493,13
17554,13
16890,13
16858,13
16839,13
16836,13
16834,13
16795,13
16679,13
16518,13
16471,13
16470,13
16469,13
16468,13
16401,13
16393,13
16390,13
16003,13
15934,13
15902,13
15897,13
15759,13
15708,13
15707,13
15702,13
2849,13
15637,13
2604,15
15457,13
15299,13
15283,13
15200,15
2347,13
2344,15
15197,13
15193,13
2340,13
2159,18
15012,13
14586,13
1696,18
14549,13
14402,13
371,18
13224,13
12580,13
12304,13
12227,13
12185,13
12184,13
12119,13
12114,13
12067,13
12001,13
11930,13
11908,13
11572,13
11571,13
11428,13
11098,13
11057,13
10611,13
10542,13
10439,13
10402,13
10243,13
10240,13
10162,13
10092,13
10076,13
10074,13
9936,13
9902,13
9878,13
9875,13
9868,13
9827,13
9671,13
9612,13
9588,13
9580,13
9577,13
9551,13
9547,13
9503,13
9335,13
9313,13
9306,13
15688,13
9266,13
15496,13
9074,13
9044,13
8968,13
8930,13
8928,13
8908,13
8898,13
8808,13
8788,13
8785,13
8736,13
2224,14
15077,13
15032,13
8556,13
21408,14
8555,13
8502,13
8491,13
21343,16
8490,13
8378,13
14551,13
1694,14
14547,13
8028,13
7955,13
14316,13
7851,13
20698,18
7845,13
20693,15
7840,13
7837,13
7746,13
7702,13
7657,13
20341,18
7488,13
7474,13
7385,13
7297,13
7277,13
7275,13
7250,13
7235,13
7167,13
7146,13
7132,13
508,13
6917,13
6861,13
6773,13
6761,13
6741,13
6739,13
6733,13
6730,13
19562,18
6709,13
6684,13
6673,13
19500,16
6647,13
19482,14
6629,13
165,13
6509,13
86,13
12924,16
71,13
6460,13
6324,13
6305,13
6252,13
6235,13
6205,13
6043,13
6033,13
5938,13
5663,13
12036,13
5604,13
18456,16
5603,13
5346,13
11756,13
11628,13
5086,13
5085,13
11476,13
17906,19
5053,13
4998,13
4991,13
17809,15
4956,13
11154,13
4613,13
4560,13
4459,13
4440,13
4399,13
4389,13
4344,13
4253,13
17098,19
4245,13
4241,13
4240,13
17081,15
4228,13
4193,13
10484,13
4025,13
3875,13
7076,13
3873,15
16726,13
3864,14
16717,13
16711,18
3858,13
10242,13
3808,13
3807,13
3800,16
16653,13
3787,13
3774,13
3763,13
554,13
3757,13
517,13
514,13
464,13
3647,13
10061,13
3619,18
16472,13
6777,13
273,16
13126,13
6683,13
9901,13
13059,13
12996,14
143,13
19428,14
6575,13
153,14
13006,13
53,13
6474,13
9613,13
9578,13
9531,13
6295,13
9477,13
6213,13
15861,18
3008,13
9354,13
2928,13
6130,13
2927,15
15780,13
15739,15
2886,13
9272,13
9271,13
9255,13
9240,13
2772,13
5914,13
9116,13
9056,13
2591,13
2584,13
5721,13
12128,13
5707,13
5662,13
12064,13
2440,13
2396,13
2385,13
15208,13
2348,13
2346,13
2339,13
2265,18
15118,13
15082,13
2225,18
15078,13
2213,13
5414,13
2211,13
10186,13
3765,13
3764,13
2163,13
3750,13
531,13
14934,13
3651,13
2049,13
420,13
6825,13
13204,13
3580,13
5083,13
1824,13
11433,13
5012,13
4990,13
1767,13
13005,15
152,13
14569,17
1716,13
1714,13
14550,13
1708,13
85,13
19359,15
6506,13
12889,15
36,13
6457,13
4801,13
1586,13
9587,13
7990,13
1568,13
1567,13
1546,13
7956,13
6280,13
7861,13
7850,13
1420,13
7835,13
9422,13
1382,13
1378,13
9385,13
1363,13
7782,13
4523,13
1298,13
7681,13
4454,13
4446,13
1234,13
2809,13
4412,13
4384,13
1170,13
5960,13
6685,13
4285,13
7498,13
1066,13
1065,13
1820,13
1797,13
1783,13
10610,13
4177,13
2494,13
89,13
866,13
7278,13
1648,13
828,13
5593,13
1545,13
707,13
9530,13
692,13
8724,13
3905,13
702,13
700,13
20766,14
7913,13
695,13
693,13
691,13
3080,15
15933,13
1483,13
6155,13
7776,13
536,13
546,13
1342,13
1315,18
14168,13
1326,13
529,13
7346,13
513,13
2908,13
7732,13
512,13
509,13
10109,13
2447,15
15300,13
461,13
7267,13
13223,13
2781,13
4387,13
776,13
6776,13
9993,13
6774,13
9992,13
11994,13
1169,13
2332,13
701,13
6705,13
2608,13
4210,13
163,13
1763,13
6572,13
1555,13
6154,13
548,13
2154,13
9369,13
7766,13
1345,13
10163,13
18575,18
5722,13
1322,13
5720,13
108,13
506,13
1496,13
9117,13
7320,13
1873,13
12897,13
6875,13
6568,13
7286,13
8912,13
1244,13
10565,13
16997,18
4144,13
1341,13
1090,13
6514,13
7761,13
1239,13
5729,13
521,13
5528,13
8426,13
1277,13
16527,18
3674,13
7622,13
19654,15
6801,13
7768,13
18540,19
5687,13
1814,13
21357,14
21319,14
21287,14
21228,14
21071,14
21040,14
20945,14
20797,14
20396,14
20311,14
20298,14
19959,14
19831,14
19799,14
19751,14
19507,14
19470,14
19441,14
19435,14
19411,14
19343,14
19270,14
19241,14
19050,14
18986,14
18371,14
18223,14
18182,14
17872,14
17837,14
17812,14
17785,14
17784,14
17777,14
17576,14
17506,14
17182,14
17178,14
17146,14
17127,14
17115,14
17004,14
16925,14
16923,14
16873,14
16700,14
16688,14
16685,14
16444,14
16443,14
16427,14
16171,14
16145,14
16136,14
16100,14
16091,14
16026,14
15997,14
15894,14
15682,14
15600,14
15565,14
14982,14
14623,14
14537,15
1684,14
1541,17
14394,14
13704,15
851,14
13559,19
706,14
13189,14
232,16
13085,14
12827,14
12772,14
12689,14
12676,14
12443,14
12305,14
11968,14
11449,14
11299,14
11143,14
11041,14
11029,14
10950,14
10908,14
10883,14
10843,14
10555,14
10423,14
10224,14
9872,14
9487,14
9343,14
9285,14
9075,14
9047,14
8932,14
8512,14
8327,14
8220,15
21073,14
14619,14
8021,14
8020,14
7997,14
7977,14
20725,18
7872,14
7847,14
7824,14
14131,14
7639,14
7604,15
20457,14
7494,14
7490,14
13904,14
7482,14
7469,14
7352,14
7319,14
7126,14
496,14
19702,18
6849,14
13212,14
13210,14
13194,14
13182,14
6595,16
19448,14
12949,15
96,14
6473,14
12797,14
12699,14
6223,14
12629,14
12610,14
6135,15
18988,14
6103,14
6096,14
6082,14
6027,14
12390,14
12356,14
12331,14
5750,14
12138,14
12050,14
5516,14
5392,14
11755,14
11748,14
11744,14
5286,14
5177,14
17897,19
5044,14
4908,14
4798,18
17651,14
11078,14
4591,14
10928,14
17330,16
4477,14
10872,14
4369,14
4167,14
10462,14
3993,14
3991,14
3933,14
3920,14
7068,14
3839,14
3833,14
10213,14
3743,14
3577,18
16430,14
3418,14
12988,15
135,14
6498,15
19351,14
3271,14
3229,14
12834,14
3194,14
9539,14
9526,14
12722,14
9472,14
6202,14
6070,14
2596,14
15404,18
2551,14
8975,14
18599,16
5746,14
2540,14
5723,17
18576,14
5686,15
18539,14
5671,14
8849,14
8771,14
5474,14
15121,18
2268,14
5442,14
2239,14
2219,14
8615,14
6907,15
19760,14
21371,16
8518,14
3645,14
1835,14
8222,14
1682,14
9640,14
3198,14
1598,14
1581,14
3176,15
16029,14
7993,14
17625,15
4772,14
1562,14
10909,14
6065,14
7650,14
9246,14
1209,14
1182,14
10748,14
1118,14
2714,14
4306,14
8298,14
8258,14
2637,14
4235,14
16270,19
3417,14
9027,14
3394,14
16247,14
12203,14
16952,19
4099,14
4884,14
7305,14
1667,14
1634,14
15276,14
1577,14
3161,14
748,14
7109,18
19962,14
3085,14
2281,14
1477,14
12973,14
2552,14
5352,15
18205,14
545,14
12978,18
125,14
11738,14
7722,14
6093,14
3699,14
1291,14
6873,14
3632,14
4787,19
17640,14
3573,14
13211,14
3168,15
16021,14
7992,14
12719,14
3095,14
853,14
12886,14
7443,14
4964,14
960,14
1354,14
5357,15
18210,14
4937,14
12965,14
3298,14
14201,14
3356,14
5665,14
2491,14
844,14
6856,14
3336,14
3239,14
836,14
2526,14
17771,16
4918,14
9374,14
7749,14
21462,15
21454,15
21261,15
21253,15
21143,15
21133,15
21060,15
21041,15
21018,15
21007,15
21000,15
20982,15
20946,15
20835,15
20641,15
20584,15
20552,15
20467,15
20031,15
19935,15
19860,15
19826,15
19802,15
19758,15
19732,15
19711,15
19645,15
19635,15
19420,15
19383,15
19379,15
19371,15
19297,15
19258,15
19181,15
19155,15
18962,15
18922,15
18921,15
18852,15
18842,15
18730,15
18667,15
18654,15
18342,15
18101,15
18080,15
18040,15
18038,15
18037,15
17993,15
17957,15
17867,15
17860,15
17857,15
17853,15
17847,15
17835,15
17810,15
17798,15
17782,15
17738,15
17719,15
17716,15
17706,15
17687,15
17666,15
17652,15
17569,15
17562,15
17559,15
17551,15
17529,15
17412,15
17333,15
17168,15
17015,15
16983,15
16796,15
16707,15
16695,15
16677,15
16675,15
16663,15
16622,15
16563,15
16531,15
16523,15
16463,15
16459,15
16429,15
16420,15
16404,15
16289,15
16287,15
16210,15
15961,15
15898,15
15778,15
15717,15
15713,15
15664,15
15591,15
15510,15
15467,15
15204,15
15052,15
15037,15
15004,15
2151,15
14736,15
14563,15
14263,15
14028,15
13711,15
13702,18
849,15
13139,15
12974,15
12956,15
12937,15
12822,15
12785,15
12702,15
12687,15
12679,15
12668,15
12571,15
12538,15
12350,15
12249,15
12222,15
12216,15
12191,15
12106,15
12094,15
12087,15
11989,15
11945,15
11909,15
11722,15
11623,15
11619,15
11563,15
11559,15
11527,15
11514,15
11477,15
11435,15
11431,15
11378,15
11374,15
11370,15
11369,15
11348,15
11274,15
11268,15
11257,15
11136,15
11126,15
11095,15
11093,15
10989,15
10971,15
10961,15
10960,15
10941,15
10922,15
10904,15
10899,15
10892,15
10848,15
10847,15
10834,15
10788,15
10559,15
10508,15
10467,15
10458,15
10429,15
10359,15
10310,15
10245,15
10173,15
10098,15
10071,15
10042,15
9925,15
9809,15
9804,15
9642,15
9606,15
9557,15
9497,15
9454,15
9410,15
9332,15
9326,15
9280,15
9252,15
9242,15
15653,16
2800,15
15563,15
9090,15
9053,15
9045,15
9020,15
8977,15
15365,19
2512,15
8919,15
8748,15
8734,15
15138,15
8717,15
8567,15
14984,15
8546,15
8544,15
14933,18
2080,15
8479,15
21283,17
8430,15
8373,15
21214,17
8361,15
8287,15
21140,15
8255,15
8217,15
1773,19
14626,15
8197,19
21050,15
8193,16
21046,15
14393,15
7968,15
7912,15
7897,15
7896,15
14315,15
7810,15
7470,15
7464,15
7344,15
13753,15
7322,15
7247,15
7220,15
745,15
725,15
7065,15
7058,15
7045,15
6955,19
19808,15
6888,15
6817,15
343,16
13196,15
13151,15
6697,15
6682,15
6674,15
12959,15
6538,15
6527,18
19380,15
6497,15
37,17
12890,15
12803,15
6315,15
12688,15
12685,15
12661,15
12646,15
12644,15
6124,15
6091,16
18944,15
12504,15
5946,15
5934,15
5910,15
12321,15
12309,15
5876,15
5873,15
12260,15
12219,15
12171,15
5740,15
12159,15
12133,15
5675,15
12093,15
5672,15
5659,15
5615,15
11982,15
5559,15
11954,15
5533,15
5505,15
11923,15
11920,15
5477,15
5350,15
5309,15
5293,15
11707,15
11598,15
5097,18
17950,15
11515,15
5082,15
11465,15
11464,15
11441,15
17763,18
4910,15
4835,16
17688,15
4812,15
4806,18
17659,15
4768,15
11134,15
11133,15
11086,15
4605,15
4592,15
4586,15
10962,15
4537,15
17389,16
4536,15
17346,16
4493,15
10874,15
10787,15
4229,18
17082,15
4161,15
10581,15
4145,15
797,15
764,15
712,15
16739,16
3886,15
3879,15
3865,15
16718,15
3821,15
559,15
552,15
6920,19
19773,15
3717,16
16570,15
498,15
10102,15
3673,15
6887,15
10088,15
3640,19
16493,15
13261,16
408,15
10058,15
10052,15
376,15
13188,15
6767,15
13214,17
361,15
6723,15
6695,15
6655,15
3409,18
16262,15
3367,15
6556,15
19409,15
12981,18
128,15
68,15
3251,15
12853,15
16063,19
3210,15
9608,15
3180,15
3154,15
6331,15
3100,15
12716,15
12697,15
12663,15
3038,15
12652,15
9434,15
9414,15
2946,15
2945,15
2933,15
12551,15
2926,15
12540,15
9288,15
2867,15
6059,15
2847,15
6030,15
9239,15
15629,15
2769,15
12386,15
5951,15
5949,15
2672,15
9087,15
9059,15
12226,15
2569,15
12186,15
5762,15
12172,15
18604,16
5751,15
2546,15
8951,15
2528,15
8909,15
8830,15
2323,15
15111,15
11892,15
15093,18
2240,15
11864,15
5431,15
15061,15
15005,15
10171,15
2097,15
6855,15
11679,15
10066,15
436,15
5228,15
19663,18
6810,15
16460,18
3607,15
10018,15
1994,15
362,15
11553,15
6712,15
5113,15
21146,17
8293,15
3400,15
3384,15
1787,15
134,18
12987,15
11335,15
6515,16
19368,15
1678,15
1666,15
3252,15
4841,18
17694,15
1626,15
6422,15
1622,15
1619,15
12851,15
1606,15
9619,15
4804,15
1601,15
7967,15
4744,19
17597,15
1535,15
3117,18
15970,15
12727,15
1506,15
1480,15
9484,15
4660,19
17513,15
3053,15
3042,15
3026,18
15879,15
11051,15
1425,15
3009,15
4615,15
1407,15
7737,15
7729,15
1276,15
1243,15
10832,15
4360,15
11526,15
9102,15
9098,15
2671,15
9081,15
2660,15
9867,15
14679,15
7453,15
13052,18
199,15
1020,15
6616,15
4212,15
17054,16
4201,15
2583,15
7407,15
185,15
4976,18
17829,15
8987,15
4887,15
884,15
1679,15
13708,15
4054,15
2434,15
7199,15
767,15
9563,15
7130,15
19983,15
703,15
6312,15
1512,15
2312,15
15146,15
1500,15
1497,15
2297,15
9510,15
3089,15
682,15
558,15
12173,15
1335,15
2126,15
14156,15
1303,15
10129,15
10128,15
3707,15
6930,15
2898,15
18157,18
5304,15
12514,15
1263,15
20532,16
7679,15
14485,15
424,15
1217,15
6003,15
3596,18
16449,15
10025,15
787,15
13232,19
379,15
4774,15
5974,15
2365,15
3565,15
1153,15
8370,15
7149,15
3129,15
735,15
6714,15
9893,15
16112,16
3259,15
6477,15
12243,15
3387,15
8367,15
13787,15
9363,15
7341,15
10527,15
3093,15
1280,15
7497,15
1665,15
497,15
4447,15
6853,15
447,15
850,15
1740,15
3440,15
5732,15
18585,15
1220,15
2325,15
5331,15
10442,15
7698,15
6886,15
13060,15
12852,15
1039,15
1213,15
1649,15
2102,15
3599,15
687,15
7261,17
20114,15
21568,16
21567,16
21565,16
21502,16
21339,16
21321,16
21177,16
20834,16
20465,16
20389,16
20264,16
20230,16
20034,16
19551,16
19505,16
19499,16
19083,16
19069,16
18995,16
18994,16
18902,16
18849,16
18557,16
18527,16
18466,16
18443,16
18423,16
18415,16
18403,16
18389,16
18321,16
18222,16
18050,16
18014,16
17880,16
17864,16
17863,16
17707,16
17568,16
17473,16
17433,16
17343,16
17342,16
17338,16
17277,16
17275,16
17221,16
17151,16
17140,16
17123,16
17059,16
17038,16
17001,16
16991,16
16962,16
16750,16
16667,16
16607,16
16318,16
16257,16
16077,16
15547,16
15543,16
15504,16
14928,16
2033,17
14886,16
14885,16
2024,18
14877,16
14844,16
14839,16
13507,16
13279,16
13245,16
13201,16
13190,16
317,19
13170,16
13072,16
12778,16
12763,16
12760,16
12754,16
12725,16
12502,16
12490,16
12465,16
12461,16
12423,16
12400,16
12302,16
12011,16
11866,16
11826,16
11789,16
11746,16
11541,16
11437,16
11387,16
11372,16
11352,16
11291,16
11278,16
11234,16
11191,16
11173,16
10959,16
10903,16
10717,16
10704,16
10634,16
10619,16
10584,16
10545,16
10289,16
10230,16
10107,16
10100,16
10062,16
9953,16
9940,16
9812,16
9746,16
9559,16
9509,16
9450,16
9393,16
15694,16
9207,16
9203,16
9155,16
15454,16
15424,16
15417,16
8978,16
8906,16
8866,16
8857,16
8802,16
15220,16
8656,16
8654,16
8606,16
15013,16
14974,19
2121,16
14923,16
8453,16
8308,16
8176,16
7606,19
20459,16
7552,16
7534,16
7355,16
800,16
7221,16
7143,16
7071,16
7032,16
6929,16
13287,16
13286,16
377,16
290,16
281,16
249,16
247,16
13078,18
225,16
75,16
42,16
6368,16
6350,16
12761,16
6267,16
12655,16
12654,16
6225,16
6137,16
6128,16
12534,16
12524,16
6086,16
6083,16
6060,16
12464,16
6025,16
5985,16
5842,16
5827,16
5826,16
5792,16
5598,16
5567,18
18420,16
5453,16
11831,16
5382,16
5363,16
5330,16
5328,16
5214,16
5194,16
5191,16
5190,16
11597,16
5172,16
5139,16
5077,18
17930,16
4965,16
11242,16
4713,16
4708,16
4662,16
4603,16
11007,16
4470,16
4349,16
10760,16
4267,16
4249,18
17102,16
17099,18
4246,16
4215,16
10625,16
10613,16
10586,16
4096,16
10505,16
4041,16
16888,17
4035,16
10449,16
4027,16
10403,16
7161,16
10354,16
10347,16
7087,16
13462,16
3838,16
6998,16
6939,16
10122,16
13271,16
13236,16
10015,16
374,16
9974,16
9941,16
9912,16
246,16
3378,16
3211,16
6413,16
3155,16
6352,16
2982,16
9398,16
2959,16
6119,16
12462,16
12415,16
9208,16
2754,17
15607,16
2746,16
9163,16
15409,16
12179,16
2550,16
8961,16
12152,16
8895,16
15253,16
12003,16
5540,18
18393,16
8747,16
5511,16
5472,16
15110,19
2257,16
8681,16
15095,16
2246,16
11843,16
11830,16
2206,16
8624,19
21477,16
3779,16
8603,16
3704,16
3694,16
18111,18
5258,16
2010,16
8415,16
9978,16
1934,16
3509,16
6603,16
8137,16
9675,16
49,16
12841,16
9638,16
3207,16
11230,16
12823,16
6407,16
12790,16
15956,18
3103,16
12701,16
1478,16
4648,16
4641,19
17494,16
4630,16
15829,18
2976,16
2964,16
15817,16
1312,16
1211,16
1156,16
7569,16
10749,16
11544,16
15562,16
9903,16
8306,16
256,16
6677,16
5880,16
3460,16
1040,16
10633,16
13045,16
17027,19
4174,16
10593,16
7318,16
6493,16
889,16
10506,16
857,16
4051,16
4000,17
16853,16
793,16
754,16
5525,18
18378,16
3928,16
7124,16
3109,16
3918,16
15394,16
955,16
8569,16
6546,16
5318,16
14957,16
11734,16
2064,16
3181,16
10808,16
1184,16
12395,16
10367,16
3511,16
284,16
1842,16
1207,16
6816,16
8206,16
5154,16
8172,16
1946,16
136,16
525,16
4106,16
8117,16
1299,16
977,16
7304,16
875,16
1959,16
8086,16
144,16
7311,16
842,16
834,16
6541,16
3122,16
7222,16
816,16
4043,16
21447,17
21286,17
21106,17
21047,17
20804,17
20712,17
20646,17
20381,17
19815,17
19790,17
19304,17
18719,17
18606,17
16912,17
16848,17
16808,17
16480,17
16342,17
15733,17
13032,17
12244,17
12182,17
12169,17
11990,17
11878,17
11758,17
11754,17
11683,17
11578,17
11300,17
11128,17
11019,17
10963,17
10923,17
10856,17
9647,17
9562,17
9334,17
9003,17
8935,17
8742,17
8488,17
8487,17
8388,17
8335,17
8322,18
21175,17
8036,17
8017,17
7739,17
7483,17
7439,17
7359,17
7212,17
6747,17
6711,17
13118,17
6668,17
6601,17
6496,17
6271,17
6257,17
6232,17
6138,17
6078,17
12379,17
12079,17
12078,17
5654,17
11967,17
11904,17
11622,17
11588,17
5015,17
11354,17
4901,17
4745,17
11132,17
10973,17
10879,17
4258,17
7229,17
3952,17
10227,17
10211,17
3771,17
202,17
212,17
9605,17
6243,17
6242,17
6211,17
9389,17
6149,17
2918,17
2834,17
2820,17
2691,17
12271,17
2645,17
2567,17
12163,17
8814,17
5538,17
11877,17
2252,17
5454,18
18307,17
2234,17
2227,17
5416,17
2026,17
13110,17
1872,17
5051,17
5050,17
4914,17
41,17
11058,17
11036,17
1375,17
2806,17
1192,17
1157,17
1138,17
4337,17
1003,17
10598,17
11308,17
2479,17
837,17
11153,17
15145,17
3900,17
680,17
2276,17
6552,17
1355,17
3740,17
7747,18
20600,17
8530,17
1258,17
10459,17
3977,17
7953,17
1528,17
1101,17
2667,17
6679,17
1011,17
1007,17
10008,17
4554,17
6551,17
4930,17
2877,17
10089,17
10983,17
12115,17
7762,17
484,17
859,17
4404,17
21429,18
21419,18
21382,18
21376,18
21318,18
21297,18
21251,18
21134,18
20773,18
20734,18
20710,18
20699,18
20398,18
20270,18
20137,18
19912,18
19895,18
19892,18
19874,18
19870,18
19833,18
19763,18
19762,18
19744,18
19731,18
19692,18
19649,18
19453,18
19312,18
19208,18
19180,18
19137,18
19113,18
18963,18
18951,18
18932,18
18930,18
18910,18
18906,18
18898,18
18882,18
18872,18
18861,18
18859,18
18773,18
18736,18
18682,18
18638,18
18600,18
18402,18
18387,18
18351,18
18254,18
18239,18
18191,18
18145,18
18138,18
18135,18
17973,18
17960,18
17956,18
17770,18
17760,18
17752,18
17749,18
17723,18
17710,18
17612,18
17596,18
17573,18
17538,18
17488,18
17361,18
17349,18
17340,18
17317,18
17315,18
17174,18
17125,18
17095,18
17011,18
16986,18
16875,18
16652,18
16510,18
16403,18
16369,18
16354,18
16238,18
16211,18
16203,18
15993,18
15988,18
15967,18
15932,18
15918,18
15912,18
15767,18
15736,18
15585,18
15569,18
15484,18
15478,18
15308,18
15306,18
14978,18
13288,19
435,18
13174,18
13023,18
12885,18
12717,18
12707,18
12677,18
12625,18
12621,18
12611,18
12574,18
12573,18
12531,18
12529,18
12487,18
12432,18
12374,18
12345,18
12344,18
12339,18
12313,18
12276,18
12237,18
12225,18
12205,18
12125,18
12049,18
12046,18
11983,18
11933,18
11910,18
11883,18
11867,18
11743,18
11625,18
11550,18
11522,18
11484,18
11451,18
11440,18
11413,18
11405,18
11403,18
11400,18
11396,18
11251,18
11105,18
11104,18
11039,18
10998,18
10992,18
10985,18
10978,18
10918,18
10887,18
10817,18
10816,18
10715,18
10702,18
10612,18
10498,18
10432,18
10419,18
10404,18
10328,18
10219,18
10197,18
10158,18
10114,18
10110,18
10096,18
10086,18
10057,18
10038,18
9971,18
9929,18
9920,18
9918,18
9915,18
9891,18
9874,18
9844,18
9833,18
9641,18
9618,18
9590,18
9561,18
9544,18
9489,18
9453,18
9443,18
9413,18
9388,18
9330,18
9296,18
9232,18
9072,18
9033,18
9031,18
8996,18
8948,18
8945,18
8916,18
8914,18
8863,18
8780,18
8716,18
8711,18
8707,18
15031,18
8514,18
14930,18
14872,18
8435,18
8405,18
8351,18
8205,18
14395,18
7963,18
7935,18
7928,18
7895,18
7874,18
7823,18
7789,18
7715,18
7687,18
7671,18
7386,18
7225,18
7209,18
7013,19
19866,18
6818,18
6732,18
6726,18
6725,18
6702,18
6660,18
13043,18
6561,18
6282,18
6278,18
6218,18
12636,18
12620,18
6199,18
12608,18
12559,18
12517,18
12515,18
12512,18
6067,19
18920,18
5937,18
5919,18
5889,18
5886,19
18739,18
12236,18
12221,18
12127,18
5689,18
12068,18
5641,18
12024,18
11996,18
5558,18
5517,18
11916,18
11891,18
5465,18
11872,18
5421,18
5411,18
5379,18
5377,18
5291,18
5240,19
18093,18
5234,18
5094,18
5091,18
11505,18
5081,18
5071,18
11386,18
11373,18
4952,18
4890,18
4796,18
4733,18
4638,19
17491,18
4510,18
10860,18
17239,19
4386,18
10790,18
10786,18
4237,18
4204,18
4146,18
10566,18
10515,18
10509,18
4075,18
10446,18
16779,19
3926,18
7073,18
7067,18
7046,18
3843,18
7041,18
3830,18
10222,18
544,18
3759,18
6884,18
19737,18
10041,18
10000,18
9909,18
6612,18
13011,18
3327,18
12910,18
12888,18
6425,18
9570,18
3139,18
9549,18
3118,18
6276,18
3071,18
15924,18
3069,18
9488,18
9437,18
9431,18
9392,18
2930,18
6121,18
9279,18
6056,18
9259,18
2793,18
2791,18
5986,18
2762,18
15602,18
12315,18
15494,18
2638,18
15451,18
9030,18
5805,19
18658,18
8998,18
2570,18
5756,18
12083,18
2435,18
12053,18
5608,18
5596,18
8778,18
11895,18
2271,18
8691,18
8690,18
11873,18
5409,18
15038,18
15024,18
547,18
5366,18
532,18
5340,18
5276,18
3592,18
6734,18
9952,18
6710,18
9928,18
8331,18
1847,18
1832,18
1801,18
3395,18
5001,18
1798,18
14629,18
1628,18
9644,18
3183,18
14423,18
8000,18
9538,18
7901,18
3063,18
1456,18
12667,18
7865,18
1434,18
1427,18
7796,18
6166,18
9381,18
9338,18
1316,18
2897,18
10867,18
4437,18
1228,18
9230,18
7629,18
2797,18
2785,18
15596,18
12368,18
1123,18
1103,18
279,18
1077,18
1052,18
15479,18
13874,18
1032,18
13037,18
1816,18
1000,18
984,18
978,18
5708,18
10521,18
3276,18
10472,18
6461,18
11232,18
7217,18
10435,18
5597,18
733,18
11962,18
741,18
724,18
7110,18
19963,18
5500,18
11107,18
7107,18
685,18
543,18
553,18
9345,18
12146,18
6111,18
6101,18
11725,18
8467,18
6433,18
19286,18
5620,18
820,18
10841,18
1203,18
393,18
401,18
1584,18
1575,18
6784,18
10398,18
9984,18
8761,18
6731,18
13709,18
9677,18
56,18
1029,18
1996,18
995,18
3587,18
1790,18
1760,18
11385,18
8572,18
3742,18
8940,18
524,18
2696,18
1099,18
11497,18
1676,18
10895,18
5250,18
3893,18
9108,18
4143,18
1340,18
9861,18
6539,18
7260,18
2039,18
10151,18
11657,18
6836,18
8947,18
1917,18
9146,18
4408,18
10095,18
10,18
2884,18
10105,18
21532,19
21423,19
20262,19
19625,19
19529,19
19082,19
19081,19
19077,19
18917,19
18509,19
18495,19
18487,19
18463,19
18458,19
18454,19
18437,19
18433,19
18374,19
18366,19
18217,19
17442,19
17422,19
17416,19
17400,19
17384,19
16990,19
16967,19
16955,19
16940,19
16854,19
16772,19
16767,19
16740,19
16499,19
16415,19
16310,19
16282,19
16164,19
16142,19
16134,19
16120,19
15429,19
14783,19
13471,19
13119,19
12818,19
12814,19
12813,19
12788,19
12743,19
12466,19
11822,19
11795,19
11765,19
11379,19
11276,19
11261,19
11205,19
11185,19
11170,19
10827,19
10746,19
10737,19
10708,19
10604,19
10385,19
10377,19
10322,19
10318,19
9829,19
9752,19
9700,19
9433,19
9265,19
9107,19
9100,19
8757,19
8726,19
8706,19
8684,19
8585,19
8451,19
14785,19
1932,19
8363,19
8347,19
8209,19
7767,19
7584,19
7583,19
7177,19
7015,19
444,19
13282,19
13238,19
13053,19
13007,19
100,19
6494,19
29,19
6376,19
12758,19
5849,19
5839,19
5830,19
5818,19
5798,19
12080,19
5655,19
11953,19
5508,19
5485,19
5388,19
5260,19
5238,19
5237,19
5207,19
5205,19
11546,19
11197,19
4741,19
4640,19
4634,19
4091,19
4080,19
4036,19
10285,19
10261,19
6995,19
6965,19
3720,19
6872,19
13172,19
330,19
220,19
198,19
6619,19
213,19
9615,19
12752,19
3073,19
3016,19
2995,19
2990,19
12407,19
2652,19
5848,19
2555,19
11894,19
8661,19
11858,19
15045,19
6982,19
13284,19
5245,19
5231,19
14867,19
3531,19
1933,19
1912,19
1910,19
8190,19
4881,19
4771,19
11190,19
1550,19
14270,19
9294,19
6000,19
7591,19
9178,19
7577,19
9165,19
1147,19
7555,19
314,19
1102,19
10724,19
1885,19
5052,19
4255,19
1036,19
1023,19
5783,19
5782,19
974,19
5769,19
897,19
1681,19
870,19
1519,19
4700,19
10324,19
4695,19
3898,19
6951,19
3723,19
895,19
3661,19
2843,19
6384,19
6371,19
9171,19
6758,19
867,19
4993,19
8211,19
13008,19
1158,19
9769,19
12907,19
2480,19
6492,19
6453,19
13274,19
450,19
10314,19
11160,19
839,19
10553,19
929,19
2529,19
1068,19
4290,19
