21177,0
21019,0
20439,0
20267,0
20262,0
20058,0
19529,0
19419,0
19092,0
18865,0
18430,0
18372,0
18371,0
18367,0
18225,0
17899,0
17892,0
17880,0
17878,0
17857,0
17731,0
17523,0
17472,0
17411,0
17384,0
17342,0
17314,0
17285,0
17221,0
17149,0
17142,0
17137,0
17117,0
17097,0
17077,0
17060,0
17003,0
16749,0
16285,0
16279,0
16241,0
16194,0
16179,0
16149,0
16133,0
16103,0
15672,38
2819,0
2742,15
15595,0
15580,0
2687,46
15540,0
15510,0
15504,0
15481,0
15471,0
15230,0
14926,9
2073,0
2033,24
14886,0
14839,0
14783,0
14539,28
1686,0
14310,9
1457,0
13458,0
389,11
13242,0
13201,0
317,10
13170,0
13163,0
271,27
13124,0
13096,0
12785,0
12772,0
12755,0
12683,0
12633,0
12442,0
12413,0
12135,0
12117,0
12054,0
11935,0
11812,0
11794,0
11768,0
11372,0
11371,0
11284,0
10755,0
10729,0
10715,0
10714,0
10710,0
10638,0
10388,0
10334,0
9752,0
9745,0
9473,0
9356,0
9299,0
9217,0
2771,55
15624,0
9104,0
9100,0
8857,0
15198,0
8713,0
21491,54
8638,0
8629,0
15028,8
2175,0
14962,21
2109,0
2065,31
14918,0
21346,33
8493,0
14859,10
2006,0
8405,0
21254,33
8401,0
14785,0
1932,0
21202,6
8349,0
21050,15
8197,0
21030,19
8177,0
8167,0
7930,0
7839,0
7831,0
7809,0
20662,0
1293,8
14146,0
7642,0
20286,21
7433,0
13834,0
7408,19
20261,0
20247,51
7394,0
20220,21
7367,0
20210,19
7357,0
7166,47
20019,0
7100,0
6981,0
551,19
13404,0
6928,38
19781,0
439,31
13292,0
13196,28
343,0
311,0
290,0
19360,16
6507,0
6483,0
42,0
6450,0
6436,0
12767,0
12761,0
12692,0
12655,0
12654,0
12648,0
12523,0
6092,38
18945,0
5998,13
18851,0
18811,7
5958,0
5930,48
18783,0
5905,0
18732,34
5879,0
12270,0
5826,0
5819,0
12213,0
5739,19
18592,0
5576,14
18429,0
5566,14
18419,0
11958,0
11953,0
5530,46
18383,0
18323,10
5470,0
11832,0
5360,0
5330,0
5269,0
11658,0
5237,0
5214,0
5148,54
18001,0
4965,0
11256,0
4816,0
11233,0
11228,0
4773,0
4768,0
11166,0
17595,39
4742,0
4711,0
11100,0
4679,0
17519,35
4666,0
4593,25
17446,0
4583,37
17436,0
4388,49
17241,0
4371,28
17224,0
4318,32
17171,0
4276,33
17129,0
4122,5
16975,0
16970,56
4117,0
4103,0
16941,11
4088,0
4041,0
16888,24
4035,0
10394,0
7155,37
20008,0
7020,0
10216,0
10214,0
6939,0
470,0
416,27
13269,0
16465,50
3612,0
10015,0
16432,43
3579,0
374,0
16386,48
3533,0
9941,0
3492,0
9912,0
16314,57
3461,0
16288,23
3435,0
3372,22
16225,0
3352,0
16075,6
3222,0
3184,50
16037,0
6352,0
15951,13
3098,0
15920,44
3067,0
3040,0
15881,4
3028,0
3007,0
2971,0
15823,48
2970,0
2959,0
15807,26
2954,0
12462,0
2793,0
12415,0
15617,10
2764,0
5945,0
5932,0
9014,0
2558,43
15411,0
5746,37
18599,0
12164,0
8806,0
12003,0
8760,0
15179,0
2326,0
5523,51
18376,0
11932,0
2259,23
15112,0
8689,0
5469,0
8670,6
21523,0
11864,0
11862,0
2228,0
11837,0
1934,0
3526,0
9907,0
19511,25
6658,0
13024,0
11393,0
3329,0
3285,0
9675,0
12843,0
12823,0
6402,58
19255,0
3204,0
6369,0
3166,0
11193,0
4740,0
17593,0
7888,0
4659,0
15896,48
3043,0
1444,0
17470,54
4617,0
4610,41
17463,0
15854,59
3001,0
2964,54
15817,0
4431,53
17284,0
9218,0
4385,43
17238,0
4328,0
314,0
9903,0
3482,0
8306,0
10709,0
2681,0
1082,0
3474,41
16327,0
1871,0
1072,0
1862,23
14715,0
5052,0
15448,0
5783,0
2565,0
4054,0
4000,24
16853,0
1588,0
5583,11
18436,0
754,0
3109,0
11121,0
10321,0
3898,0
2923,0
14957,0
7684,0
16513,16
3660,0
13688,0
835,0
19699,39
6846,0
7605,58
20458,0
14751,55
1898,0
1493,0
5870,0
3256,0
9680,0
4993,0
9781,0
3360,20
16213,0
1761,0
11775,0
2542,0
16978,53
4125,0
1916,0
6912,0
5899,19
18752,0
16230,21
3377,0
3473,0
7296,0
272,0
16200,10
3347,0
12162,0
20116,51
7263,0
4845,0
3228,0
3735,13
16588,0
5223,0
12426,0
10825,0
15797,46
2944,0
4220,33
17073,0
20514,1
20493,1
17554,1
16836,1
16795,1
16471,1
16470,1
16469,1
16468,1
16401,1
16390,1
15902,1
15759,1
15702,55
2849,1
15632,33
2779,1
15200,28
2347,1
2340,55
15193,1
12184,1
11428,1
10611,1
10243,1
9551,1
15250,11
2397,1
8808,1
8502,1
7837,1
7657,1
20341,19
7488,1
20132,21
7279,1
20119,12
7266,1
508,1
6733,1
6673,1
86,1
6033,1
5938,1
18355,11
5502,1
11476,1
4998,1
17674,23
4821,1
4613,1
4440,1
3982,10
16835,1
13543,35
690,1
3800,9
16653,1
16641,41
3788,1
3763,1
554,1
3757,1
514,1
3647,1
3620,23
16473,1
3619,11
16472,1
19428,5
6575,1
53,1
9531,1
6130,1
2856,12
15709,1
9272,1
9271,1
2772,1
2591,1
18595,30
5742,1
12064,1
2440,1
2339,1
2213,1
2211,1
2163,1
19680,40
6827,1
3580,1
5083,1
13019,13
166,1
14569,24
1716,1
1714,1
12889,9
36,1
1568,1
1567,1
1420,1
1382,1
1363,1
7681,1
1234,1
12301,1
7498,1
1065,1
1797,1
12940,10
87,1
89,1
1648,1
5593,1
3984,11
16837,1
17633,27
4780,1
707,1
692,1
8724,1
702,1
700,1
695,1
693,1
691,1
546,1
529,1
513,1
2908,1
7732,1
512,1
509,1
2781,1
1169,1
701,1
4056,10
16909,1
6572,1
1555,1
1345,1
506,1
9117,1
1873,1
1341,1
16527,9
3674,1
16454,34
3601,1
7768,1
1814,1
21550,2
20878,2
20377,2
18479,2
17187,2
12760,2
11848,2
10773,2
10237,2
9814,2
9161,2
8784,2
14911,2
8489,37
21342,2
20983,32
8130,2
8068,2
7879,2
7592,2
20386,48
7533,2
20259,56
7406,2
7064,2
6632,2
19193,30
6340,2
6335,2
5717,10
18570,2
12122,2
18438,11
5585,2
11817,2
5234,2
4903,2
17701,16
4848,2
11242,2
4439,55
17292,2
10809,2
10734,2
4028,2
3908,32
16761,2
10291,2
356,2
9139,2
5787,2
5780,2
5440,2
8603,2
2001,56
14854,2
6689,2
6573,46
19426,2
12912,20
59,2
3254,23
16107,2
6428,2
11196,2
7877,2
9206,2
1897,2
17933,54
5080,2
969,2
7124,2
14888,2
13243,53
390,2
1571,2
299,2
8427,2
4525,2
21502,3
18234,3
17839,3
17422,3
17127,3
17053,3
11888,3
11466,3
11255,3
11144,3
10892,3
10423,3
10348,3
8546,3
7534,3
6234,12
19087,3
12138,3
5564,3
5176,56
18029,3
5118,3
17873,16
5020,3
11402,3
4781,3
17082,15
4229,3
10238,3
3640,51
16493,3
2818,3
12386,3
8756,3
5526,3
2206,3
1995,3
1412,3
4581,12
17434,3
6930,3
8396,3
8730,3
5154,3
4106,3
4331,55
17184,3
7261,24
20114,3
21479,4
21474,4
21437,4
21413,4
20918,4
20648,4
20414,4
20217,4
19674,4
19029,4
19009,4
18699,4
17988,4
16584,4
16350,4
16263,4
15888,4
15476,4
15415,30
2562,4
15136,4
40,16
12893,4
10529,4
10430,4
9860,4
9825,4
9441,4
9267,4
9250,4
9235,4
8794,4
8745,4
8637,56
21490,4
8582,42
21435,4
8406,19
21259,4
21166,33
8313,4
8051,59
20904,4
8032,42
20885,4
7682,49
20535,4
7644,15
20497,4
13890,4
7447,27
20300,4
6789,50
19642,4
12866,9
13,4
19290,54
6437,4
6134,4
6094,4
18591,24
5738,4
11896,4
11481,4
4981,19
17834,4
3786,4
16574,9
3721,4
16422,43
3569,4
3422,5
16275,4
3416,38
16269,4
9519,4
6165,4
12570,4
2839,40
15692,4
15594,4
2659,4
5793,39
18646,4
8976,4
5632,4
2380,14
15233,4
2253,4
8588,6
21441,4
3625,54
16478,4
21203,43
8350,4
6523,4
19308,36
6455,4
12891,35
38,4
1181,4
7539,54
20392,4
4288,4
2580,4
6591,4
968,4
11305,4
3994,4
7139,4
19966,40
7113,4
530,4
1722,4
5312,4
774,4
1096,4
1853,4
3430,56
16283,4
8501,55
21354,4
3680,24
16533,4
2433,4
7353,44
20206,4
2005,4
20945,5
20797,5
19507,5
19435,5
18986,5
18975,5
18223,5
17894,5
17837,5
17784,5
17777,5
17766,5
17178,5
17140,5
16979,5
16873,5
16459,5
16444,5
16427,5
16146,5
16145,5
16136,5
16026,5
14537,28
1684,5
13704,50
851,5
13189,5
12156,5
10908,5
9771,5
8683,27
21536,5
15077,17
2224,5
8496,5
2056,28
14909,5
7604,44
20457,5
7494,5
7469,5
7074,33
19927,5
13393,5
13212,5
13182,5
19560,30
6707,5
281,5
6629,17
19482,5
12949,9
96,5
6223,5
12610,5
6135,44
18988,5
5447,35
18300,5
11755,5
11748,5
4908,5
11078,5
3933,5
3839,5
3833,5
3831,23
16684,5
19788,32
6935,5
3418,5
12988,28
135,5
12722,5
12209,5
15404,19
2551,5
18610,33
5757,5
8975,5
2540,5
5472,5
11858,5
362,5
14771,27
1918,5
3477,5
1835,5
6598,10
19451,5
6410,29
19263,5
4623,5
17264,10
4411,5
1118,5
2714,5
2677,5
3394,38
16247,5
1667,5
15276,5
1577,5
15995,44
3142,5
16801,33
3948,5
7913,49
20766,5
2281,5
5755,5
2552,5
5352,29
18205,5
505,5
12978,38
125,5
11738,5
1291,5
6873,5
8064,30
20917,5
4787,51
17640,5
6811,47
19664,5
9202,5
353,30
13206,5
13211,5
3129,5
17191,53
4338,5
10694,5
4963,19
17816,5
1354,5
142,8
12995,5
4937,5
2480,5
6453,5
844,5
6856,5
3239,5
17771,30
4918,5
4021,48
16874,5
550,5
4019,11
16872,5
21556,6
21512,6
21423,6
21339,6
21303,6
21138,6
20925,6
20907,6
20389,6
20090,6
20089,6
20080,6
19993,6
19844,6
18567,6
18423,6
18050,6
17417,6
17039,6
2783,15
15636,6
2630,23
15483,6
15234,6
14959,6
14757,6
12842,6
12791,6
12027,6
11793,6
11541,6
11460,6
11446,6
11444,6
11297,6
10903,6
10901,6
9866,6
9797,6
9764,6
9720,6
9689,6
2803,15
15656,6
15454,6
2370,37
15223,6
8424,43
21277,6
20790,23
7937,6
13270,6
13191,48
338,6
304,10
13157,6
6337,6
12524,6
12333,6
12084,6
11455,6
11314,6
11163,6
4712,6
4259,6
4159,19
17012,6
16992,15
4139,6
7218,58
20071,6
7185,23
20038,6
7136,28
19989,6
16649,54
3796,6
518,6
19474,43
6621,6
3153,44
16006,6
15501,28
2648,6
15453,6
2579,49
15432,6
2310,6
8668,41
21521,6
15048,6
8624,51
21477,6
16450,39
3597,6
8334,9
21187,6
8269,55
21122,6
8040,38
20893,6
15562,6
7495,14
20348,6
2620,6
10622,6
4201,15
17054,6
1693,6
889,6
9697,6
7234,50
20087,6
4748,19
17601,6
5525,58
18378,6
9515,6
955,6
19378,10
6525,6
19787,37
6934,6
11734,6
4038,6
4735,6
3348,51
16201,6
4302,32
17155,6
5283,6
1076,6
16286,44
3433,6
21469,7
21318,7
21060,7
21018,7
20835,7
19935,7
19906,7
19890,7
19758,7
18861,7
17993,7
17652,7
17589,7
17001,7
16983,7
16512,7
16287,7
15885,7
15591,7
15315,12
2462,7
15308,7
15090,48
2237,7
12350,7
11602,7
11374,7
11257,7
11205,7
11126,7
11095,7
10918,7
10608,7
10146,7
10098,7
9296,7
15468,7
2458,42
15311,7
8711,7
8571,7
14933,9
2080,7
8287,23
21140,7
8276,59
21129,7
14642,35
1789,7
21073,38
8220,7
20744,16
7891,7
7065,7
6913,18
19766,7
6874,15
19727,7
6849,38
19702,7
352,30
13205,7
13168,56
315,7
13151,7
6091,54
18944,7
5919,7
11954,7
5349,7
18152,33
5299,7
4956,49
17809,7
17763,9
4910,7
17671,39
4818,7
4689,7
4654,10
17507,7
17389,58
4536,7
10768,7
10414,7
712,7
3795,22
16648,7
3717,54
16570,7
376,7
19512,25
6659,7
6655,7
3378,7
9336,7
9288,7
15590,34
2737,7
18604,54
5751,7
19681,15
6828,7
19663,19
6810,7
21208,46
8355,7
152,49
13005,7
9644,7
3053,7
6246,7
7468,43
20321,7
14679,7
8186,56
21039,7
767,7
7109,44
19962,7
10128,7
2898,7
4494,33
17347,7
15300,17
2447,7
14485,7
16094,10
3241,7
6003,7
4774,7
2371,7
1153,7
16787,56
3934,7
9677,7
853,7
5737,19
18590,7
10548,7
20168,37
7315,7
4447,7
6836,7
1039,7
21257,8
21182,8
21181,8
21100,8
21042,8
20932,8
20926,8
18158,8
17617,8
16598,8
16592,8
14985,8
2128,59
14981,8
14873,30
2020,8
14525,8
13026,8
12187,8
12063,8
10921,8
10885,8
10174,8
9678,8
9103,8
21219,34
8366,8
7674,51
20527,8
756,8
13435,8
13054,47
201,8
6311,8
6279,8
6240,8
6172,8
6107,8
6055,8
18888,58
6035,8
5913,8
5496,8
5451,8
5355,8
4999,8
4803,8
10926,8
4257,8
10573,8
7078,8
3792,27
16645,8
16635,21
3782,8
10196,8
3128,35
15981,8
6231,8
2760,57
15613,8
2561,8
18602,33
5749,8
12098,8
16638,55
3785,8
2101,40
14954,8
4911,8
1566,8
7964,11
20817,8
19159,19
6306,8
1384,8
1265,8
15667,8
5100,8
4219,8
1009,8
8115,11
20968,8
1494,8
4691,51
17544,8
1532,8
18388,19
5535,8
1033,8
6642,8
5119,11
17972,8
2099,8
13114,8
535,8
6505,8
7508,8
6696,8
8858,8
20465,9
17723,9
17579,9
17173,9
16885,9
16481,9
16369,9
2850,46
15703,9
15345,9
2492,9
15226,9
15156,19
2303,9
15026,31
2173,9
14549,55
1696,9
13721,9
868,9
13174,9
12885,9
12830,9
12345,9
12216,9
12202,9
11883,9
11728,9
11663,9
11617,9
11514,9
11490,9
11431,9
11272,9
11171,9
10922,9
10904,9
10404,9
10342,9
10173,9
9981,9
9330,9
9280,9
9242,9
9020,9
15413,16
2560,9
8866,9
21333,58
8480,9
14872,9
8435,9
20865,56
8012,9
14393,9
1461,33
14314,9
7576,9
20232,10
7379,9
7322,9
7247,9
13286,9
6674,9
19374,46
6521,9
12646,9
19073,38
6220,9
12559,9
12517,9
12515,9
5946,9
18565,25
5712,9
5563,9
5505,9
18276,59
5423,9
18243,32
5390,9
5323,56
18176,9
11714,9
17967,46
5114,9
4776,9
4640,9
4286,9
10625,9
4075,9
4067,9
4061,9
3973,56
16826,9
3874,43
16727,9
16718,11
3865,9
3858,55
16711,9
3846,9
16630,56
3777,9
16611,19
3758,9
552,9
3649,21
16502,9
10000,9
6723,9
3399,29
16252,9
6556,28
19409,9
3327,9
12900,39
47,9
9488,9
2955,58
15808,9
12551,9
5951,9
2559,9
8933,9
2475,9
2459,33
15312,9
2417,56
15270,9
5596,9
2309,12
15162,9
18307,24
5454,9
15093,47
2240,9
18294,48
5441,9
5431,9
18238,16
5385,9
19760,29
6907,9
6748,9
9952,9
6721,9
3486,41
16339,9
3483,13
16336,9
6603,9
19412,20
6559,9
1622,9
4804,9
9484,9
1210,9
10832,9
1193,9
9098,9
1816,9
1016,9
10615,9
16233,19
3380,9
13708,9
10472,9
16804,12
3951,9
2312,9
5500,9
16175,41
3322,9
10841,9
10398,9
13141,9
13709,9
3405,11
16258,9
4410,9
13237,9
11385,9
2948,56
15801,9
15598,9
4143,9
3744,19
16597,9
1347,9
10105,9
21576,10
21517,10
21501,10
21369,10
20989,10
20902,10
20769,10
20632,10
20469,10
20230,10
20013,10
20012,10
20005,10
19807,10
19786,10
18992,10
18835,10
18504,10
18467,10
18271,10
18257,10
18231,10
18160,10
17916,10
17915,10
17863,10
17759,10
17748,10
17619,10
17511,10
17452,10
17399,10
17338,10
17335,10
17302,10
17298,10
17256,10
17236,10
17148,10
17083,10
16946,10
16929,10
16926,10
16856,10
16772,10
16357,10
16176,10
16088,10
16086,10
2767,30
15620,10
2722,12
15575,10
2650,44
15503,10
15478,10
15406,12
2553,10
15237,10
14987,10
2012,35
14865,10
1105,11
13958,10
706,29
13559,10
13046,10
12815,10
12775,10
12759,10
12754,10
12728,10
12690,10
12660,10
12563,10
12557,10
12473,10
12457,10
12449,10
11854,10
11580,10
11551,10
11545,10
11487,10
11430,10
11287,10
11251,10
11210,10
11076,10
11048,10
10742,10
10665,10
10623,10
10606,10
10545,10
10530,10
10455,10
10371,10
10361,10
10335,10
10265,10
10049,10
9982,10
9933,10
9795,10
9535,10
9352,10
9315,10
2728,23
15581,10
9065,10
2513,11
15366,10
8845,10
8835,10
8685,19
21538,10
8676,10
8608,10
8478,10
8344,13
21197,10
21195,48
8342,10
8275,12
21128,10
21105,32
8252,10
8234,10
20984,34
8131,10
8126,10
8108,10
7942,49
20795,10
7643,30
20496,10
7636,23
20489,10
7611,10
7596,10
7557,10
20401,32
7548,10
13735,11
882,10
679,19
13532,10
7029,54
19882,10
6922,59
19775,10
13185,10
6716,10
6681,43
19534,10
247,10
6524,46
19377,10
6494,10
12848,10
6382,10
6350,10
12639,10
19022,35
6169,10
12555,10
6125,10
12472,10
12469,10
12441,10
12398,10
5900,10
5789,10
5561,10
18407,53
5554,10
5546,49
18399,10
5508,10
5429,10
11847,10
11753,10
5281,10
18065,33
5212,10
11555,10
17978,39
5125,10
5117,10
5072,24
17925,10
11450,10
5013,43
17866,10
11322,10
4867,10
11239,10
11237,10
4717,10
4634,10
11025,10
4604,39
17457,10
4576,30
17429,10
4452,17
17305,10
4451,36
17304,10
10767,10
10674,10
4205,37
17058,10
4156,10
4120,15
16973,10
4113,13
16966,10
4026,10
7129,51
19982,10
10313,10
19864,19
7011,10
6975,51
19828,10
19773,44
6920,10
3553,10
13144,10
3491,10
3249,10
3187,10
9532,10
6310,46
19163,10
3078,10
3051,10
9415,10
2983,10
2965,10
6119,10
15691,11
2838,10
9190,10
2768,38
15621,10
5964,10
9069,10
2602,24
15455,10
2578,10
15400,10
2543,38
15396,10
2531,27
15384,10
5678,32
18531,10
15310,10
5471,10
8623,10
6982,10
16623,21
3770,10
18229,47
5376,10
378,12
13231,10
354,10
13142,10
1809,10
1731,10
16052,27
3199,10
1520,10
12701,10
7899,10
3063,10
4609,30
17462,10
7825,10
15829,47
2976,10
6163,10
2936,10
17341,30
4488,10
20546,42
7693,10
15715,32
2862,10
7632,10
20485,10
1197,10
10781,10
4341,46
17194,10
4340,10
5123,10
13946,10
1088,10
11461,10
5040,10
2568,33
15421,10
17025,38
4172,10
7310,10
8029,10
2301,39
15154,10
18360,56
5507,10
5506,10
688,10
1499,10
19957,46
7104,10
4697,10
686,33
13539,10
697,10
7088,10
16202,32
3349,10
16600,37
3747,10
20618,22
7765,10
4504,24
17357,10
489,10
13285,10
16917,26
4064,10
7679,28
20532,10
15217,10
6758,10
20382,54
7529,10
9674,10
9051,10
15450,10
16005,56
3152,10
1951,10
6746,10
5149,10
525,10
2517,10
502,10
16294,31
3441,10
14875,10
1917,10
8044,10
10352,10
3931,10
1201,10
16908,13
4055,10
8905,10
21503,11
21382,11
20887,11
20757,11
20753,11
20682,11
19975,11
18490,11
18356,11
18351,11
18332,11
18252,11
17870,11
17822,11
17716,11
17643,11
17152,11
16589,11
16577,11
16332,11
16159,11
16152,11
16123,11
16097,11
15967,11
15296,11
14672,11
1759,12
14612,11
13790,19
937,11
13136,11
12611,11
12573,11
12521,11
12383,11
12059,11
12044,11
11726,11
11711,11
11705,11
11522,11
11349,11
11344,11
11292,11
11252,11
10988,11
10551,11
10470,11
10453,11
10434,11
10419,11
10328,11
10272,11
10233,11
9956,11
9927,11
9641,11
9410,11
9156,11
15548,33
2695,11
9048,11
15327,43
2474,11
15281,37
2428,11
15056,42
2203,11
21448,34
8595,11
14967,11
2114,11
21394,56
8541,11
8526,11
21164,14
8311,11
21112,46
8259,11
8138,11
8039,11
1359,23
14212,11
7566,54
20419,11
7470,11
7442,11
7359,11
7332,11
7212,11
13192,11
19475,48
6622,11
12917,16
64,11
19291,56
6438,11
6361,11
6282,11
6277,11
6217,11
6199,11
6189,54
19042,11
18564,35
5711,11
12048,11
5627,11
5345,11
5335,16
18188,11
5287,11
5272,11
5222,28
18075,11
5141,11
17979,59
5126,11
11539,11
11492,11
5021,49
17874,11
4894,11
17746,19
4893,11
11113,11
17206,23
4353,11
4160,11
10541,11
7077,55
19930,11
3856,11
16681,51
3828,11
3790,11
10102,11
13261,56
408,11
13262,35
409,11
346,58
13199,11
13214,24
361,11
6752,11
3490,35
16343,11
9884,11
3425,28
16278,11
3420,11
6581,11
16206,40
3353,11
3261,11
6274,40
19127,11
3039,39
15892,11
15876,59
3023,11
9337,11
15769,43
2916,11
2915,17
15768,11
12389,11
2729,11
9032,11
8999,11
15397,12
2544,11
15325,11
8903,11
8880,11
2410,28
15263,11
8830,11
5586,11
2238,49
15091,11
18296,13
5443,11
14949,11
2097,11
21363,30
8510,11
6841,11
1960,11
14629,11
1764,11
16185,35
3332,11
12878,11
1620,11
1572,11
11192,11
15970,28
3117,11
1466,11
7870,11
1428,11
12600,11
9382,11
1339,11
9283,11
12378,11
9175,11
1104,11
3459,53
16312,11
9867,11
1024,11
13052,53
199,11
17076,19
4223,11
10640,11
19450,14
6597,11
983,11
2505,11
8055,11
4791,48
17644,11
3937,11
3910,11
2297,11
15944,21
3091,11
14168,17
1315,11
8547,11
8943,11
6914,56
19767,11
12532,11
16449,44
3596,11
13232,51
379,11
6778,11
372,16
13225,11
12397,11
13197,11
3971,40
16824,11
9977,11
743,11
13187,11
334,11
9926,11
4304,37
17157,11
3396,11
963,11
3751,41
16604,11
130,11
145,11
922,11
10544,11
2953,11
2810,11
852,11
21242,12
21224,12
21034,12
20634,12
20380,12
20135,12
17788,12
16346,12
15601,36
2748,12
15561,39
2708,12
2606,52
15459,12
15429,12
14876,12
12681,12
12630,12
12562,12
12364,12
12166,12
11566,12
11416,12
11338,12
11145,12
10999,12
10699,12
10253,12
9818,12
9301,12
15337,39
2484,12
8562,19
21415,12
8521,12
8430,44
21283,12
14646,12
20736,46
7883,12
7869,12
20308,42
7455,12
7323,54
20176,12
6485,12
5657,12
18445,25
5592,12
5575,12
18328,56
5475,12
5359,12
5339,12
11690,12
10919,12
17329,30
4476,12
17223,58
4370,12
17199,51
4346,12
4261,12
4184,40
17037,12
4029,12
16706,28
3853,12
3806,12
16621,15
3768,12
16522,33
3669,12
16487,31
3634,12
6123,12
5975,39
18828,12
12353,12
5931,12
8965,12
15354,12
15324,38
2471,12
2350,12
15189,12
2316,12
5452,12
5422,12
10185,12
14881,56
2028,12
11649,12
1861,12
6540,12
11302,12
8094,56
20947,12
1602,12
9625,12
1469,12
14298,19
1445,12
17502,16
4649,12
1285,12
1200,12
2789,12
1191,12
18778,28
5925,12
1080,12
2663,12
7444,12
10644,12
210,12
1010,12
1768,12
5600,12
2333,12
18426,56
5573,12
731,12
20767,48
7914,12
2667,12
8229,12
1011,12
11630,12
16396,23
3543,12
9894,12
8580,12
5741,12
1639,12
5321,12
859,12
10165,12
490,12
21130,13
19418,13
19062,13
19017,13
18665,13
18616,13
18339,13
17849,13
17036,13
16993,13
16989,13
16981,13
16939,13
16759,13
16651,13
16331,13
16115,13
15996,13
15989,13
15987,13
15950,13
15742,13
15597,19
2744,13
2393,37
15246,13
15096,13
13649,13
13070,13
12933,39
80,13
11746,13
11425,13
10913,13
10864,13
10811,13
9988,13
9943,13
9822,13
15485,13
8802,13
2196,37
15049,13
8490,55
21343,13
8432,19
21285,13
20833,21
7980,13
20671,21
7818,13
14178,13
14099,44
1246,13
7220,13
6881,49
19734,13
6770,13
13159,13
6441,29
19294,13
19280,44
6427,13
12714,13
12703,13
12507,13
6063,13
18187,19
5334,13
5220,13
11507,13
5060,13
4983,13
17478,30
4625,13
11007,13
17408,30
4555,13
4541,13
4333,19
17186,13
17163,18
4310,13
10682,13
4245,49
17098,13
10662,13
10594,13
4152,51
17005,13
16833,35
3980,13
10375,13
7070,13
10183,13
3594,13
3488,13
124,13
58,13
3107,50
15960,13
6301,13
3062,13
15901,55
3048,13
2973,13
2872,13
2554,13
15321,31
2468,13
8686,25
21539,13
2260,13
10155,13
3694,13
2000,13
1889,13
6686,55
19539,13
1880,13
17791,43
4938,13
111,13
12962,17
109,13
81,13
9637,13
14270,13
11030,13
17372,15
4519,13
1226,13
1159,29
14012,13
1125,13
4327,42
17180,13
4303,29
17156,13
1100,13
9834,13
7437,13
20274,48
7421,13
162,13
2467,13
20922,25
8069,13
11946,13
14354,13
7097,15
19950,13
2155,13
1343,13
12424,13
8796,13
16409,19
3556,13
13950,13
14340,13
1078,13
7428,13
1990,30
14843,13
6520,24
19373,13
1959,13
4544,13
10156,13
7659,13
14055,13
10464,13
21215,14
20794,14
18258,14
17795,14
16819,14
16815,14
16812,14
16347,14
16284,14
16221,14
16022,14
15834,14
14542,19
1689,14
12715,14
12624,14
10980,14
10974,14
10855,14
10601,14
9502,14
9278,14
8860,14
15206,56
2353,14
15205,14
15065,24
2212,14
8394,14
20807,31
7954,14
7723,14
7676,43
20529,14
20191,33
7338,14
7001,51
19854,14
6791,35
19644,14
6293,14
6181,14
6073,14
5993,14
12240,14
5744,14
12110,14
5438,14
5407,14
11685,14
11569,14
11549,14
17981,50
5128,14
17948,51
5095,14
11479,14
715,14
19968,38
7115,14
3840,14
464,14
16490,41
3637,14
19690,29
6837,14
9963,14
6641,14
169,14
164,14
6213,14
2998,30
15851,14
6105,14
2548,14
8892,14
15239,16
2386,14
557,14
2112,14
10097,14
449,14
6848,14
16410,40
3557,14
16398,16
3545,14
167,14
1638,14
4788,14
1585,14
17618,56
4765,14
6179,14
14220,56
1367,14
1364,14
1251,14
1245,14
1160,14
1137,14
4216,14
998,14
7272,14
1554,14
10381,14
7735,14
1314,14
11733,14
1198,14
1176,14
2750,14
5112,50
17965,14
3672,14
16591,23
3738,14
7465,14
12153,14
1128,14
9231,14
21565,15
21462,15
21454,15
21261,15
21143,15
19895,15
19432,15
19383,15
19181,15
19006,15
18101,15
17666,15
17529,15
17164,15
16420,15
16354,15
16307,15
13711,15
12963,18
110,15
12827,15
12318,15
12106,15
11910,15
11123,15
10989,15
10848,15
10834,15
10445,15
10359,15
9874,15
9804,15
9607,15
9557,15
15545,15
9053,15
8932,15
8906,15
15104,42
2251,15
8567,15
14984,15
8373,15
14697,15
8255,15
1773,29
14626,15
7912,15
745,15
7058,15
13320,56
467,15
19719,44
6866,15
13184,47
331,15
6726,15
6578,15
6214,15
6124,15
5934,15
5910,15
5835,56
18688,15
12159,15
5727,15
12093,15
5270,15
17950,44
5097,15
11465,15
4922,37
17775,15
11271,15
4835,30
17688,15
11086,15
4537,15
17035,46
4182,15
7196,15
7192,33
20045,15
3884,37
16737,15
16726,17
3873,15
6872,15
3415,15
3367,15
128,22
12981,15
3266,19
16119,15
9560,15
6331,15
12697,15
3034,15
2933,15
15780,55
2927,15
9328,15
2847,15
2833,15
6030,15
5788,15
2569,15
8951,15
18432,16
5579,15
2323,15
2307,15
11895,15
8681,15
15061,15
8448,43
21301,15
16460,19
3607,15
14842,15
9978,15
14755,21
1902,15
6710,15
9928,15
14666,15
21077,41
8224,15
1787,15
16173,50
3320,15
6547,15
4841,47
17694,15
6422,15
9638,15
12851,15
6430,56
19283,15
15930,55
3077,15
4615,15
10944,15
7729,15
6065,15
2797,15
4380,49
17233,15
256,15
20337,21
7484,15
1020,15
4212,15
16792,23
3939,15
20793,46
7940,15
703,15
15933,55
3080,15
17808,21
4955,15
8569,15
14156,44
1303,15
10129,15
18157,50
5304,15
8113,15
10025,15
16021,38
3168,15
15213,15
2365,15
16392,55
3539,15
6740,15
9893,15
6687,23
19540,15
5833,57
18686,15
7443,15
1808,15
3387,15
20234,33
7381,15
3351,15
16755,27
3902,15
10518,15
6853,15
1044,15
6442,16
19295,15
10442,15
21275,21
8422,15
7093,19
19946,15
21387,16
20905,16
20773,16
20734,16
20379,16
20035,16
19480,16
19262,16
18917,16
18313,16
18217,16
18071,16
17813,16
17760,16
17574,16
17563,16
17562,16
17479,16
17403,16
17000,16
16991,16
16656,16
16495,16
16216,16
16212,16
16163,16
16093,16
15979,16
2813,22
15666,16
15194,16
14969,26
2116,16
1965,27
14818,16
14069,26
1216,16
410,43
13263,16
13077,16
12691,16
12680,16
12670,16
12647,16
12579,16
12502,16
12485,16
12298,16
12195,16
11970,16
11370,16
11357,16
11181,16
11101,16
11074,16
9850,16
9654,16
9505,16
15674,16
15568,16
8944,16
15294,16
8823,16
8732,16
2275,46
15128,16
21466,58
8613,16
14983,33
2130,16
21350,48
8497,16
8425,46
21278,16
20972,34
8119,16
20746,46
7893,16
20728,34
7875,16
20669,24
7816,16
20235,21
7382,16
20195,32
7342,16
7253,16
714,16
7066,16
13200,16
6732,16
19483,56
6630,16
6528,55
19381,16
6463,16
12858,16
12644,16
6085,16
18938,16
6034,16
5889,16
5800,16
5701,55
18554,16
5660,16
5565,34
18418,16
5491,16
5411,16
5379,16
5303,16
11717,16
18149,28
5296,16
18028,33
5175,16
5134,16
5071,16
5054,55
17907,16
11324,16
17651,38
4798,16
17545,48
4692,16
4364,16
4297,16
4249,19
17102,16
4115,27
16968,16
16886,42
4033,16
16850,43
3997,16
3912,16
6985,16
10041,16
6762,16
3013,16
9403,16
6157,16
15698,16
9277,16
6056,16
2799,16
2792,16
9208,16
2754,24
15607,16
2752,48
15605,16
5965,16
9172,16
9163,16
2711,16
2688,16
2374,56
15227,16
8778,16
15149,16
8691,16
18308,43
5455,16
8632,16
3622,28
16475,16
5121,16
11504,16
14689,44
1836,16
16166,47
3313,16
12898,33
45,16
3263,16
8022,16
20836,21
7983,16
7867,16
15878,23
3025,16
4630,16
1414,16
1269,16
1260,16
1252,16
10784,16
13966,16
4266,16
10676,16
10648,16
16234,26
3381,16
1771,16
3205,16
768,16
3094,16
7107,16
9373,16
6943,51
19796,16
10822,16
3181,16
387,16
2375,16
7184,43
20037,16
12395,16
16400,43
3547,16
8761,16
7102,27
19955,16
696,16
6665,16
5807,51
18660,16
1996,16
11575,16
13787,16
12969,16
850,16
1741,16
3893,16
6499,16
834,16
16988,54
4135,16
8441,16
5331,16
16839,17
16834,17
16518,17
16003,17
15897,17
15637,17
2604,19
15457,17
15299,17
2344,28
15197,17
2159,19
15012,17
14402,17
12580,17
12304,17
12119,17
12114,17
10609,17
10542,17
10076,17
10074,17
9875,17
9671,17
9612,17
9588,17
15688,17
9074,17
15335,38
2482,17
8908,17
14551,17
1694,29
14547,17
14316,17
20372,48
7519,17
7277,17
7235,17
20001,25
7148,17
19562,31
6709,17
6684,17
12036,17
17753,40
4900,17
3808,17
3807,17
9056,17
5662,17
2265,19
15118,17
3765,17
14550,17
16797,36
3944,17
1342,17
3584,53
16437,17
10163,17
1244,17
10565,17
5729,17
20398,18
19839,18
19802,18
19769,18
17333,18
16734,18
16429,18
15713,18
15052,18
904,29
13757,18
11822,18
11056,18
9544,18
9258,18
8780,18
8544,18
7814,19
20667,18
6955,27
19808,18
6218,18
5876,18
12132,18
5659,18
4524,18
10596,18
7060,23
19913,18
12853,18
16063,51
3210,18
15968,39
3115,18
3111,59
15964,18
2886,49
15739,18
442,18
3592,18
11553,18
5042,18
134,19
12987,18
1276,18
8298,18
8114,18
8855,18
20771,34
7918,18
10868,18
3630,18
3302,18
16155,18
3684,18
21429,19
21419,19
21376,19
21297,19
21134,19
21000,19
20137,19
19892,19
19874,19
19762,19
19744,19
19731,19
19679,19
19453,19
19137,19
18932,19
18930,19
18872,19
18852,19
18773,19
18682,19
18638,19
18600,19
18402,19
18392,19
18387,19
18254,19
18191,19
18145,19
18138,19
18135,19
17973,19
17960,19
17956,19
17770,19
17710,19
17538,19
17488,19
17361,19
17349,19
17317,19
17315,19
17125,19
16875,19
16652,19
16510,19
16403,19
16238,19
16211,19
16203,19
15993,19
15918,19
15736,19
2763,35
15616,19
15569,19
2411,58
15264,19
2079,23
14932,19
14877,52
2024,19
1734,37
14587,19
13900,41
1047,19
849,28
13702,19
13288,59
435,19
13023,19
12707,19
12677,19
12625,19
12574,19
12487,19
12374,19
12344,19
11983,19
11867,19
11743,19
11722,19
11484,19
11440,19
11413,19
11403,19
11253,19
10998,19
10985,19
10817,19
10816,19
10702,19
10197,19
10158,19
10110,19
10096,19
10086,19
10038,19
9971,19
9915,19
9844,19
9618,19
9590,19
9561,19
9489,19
9453,19
9443,19
9413,19
9388,19
9072,19
8948,19
8945,19
8914,19
8863,19
2421,32
15274,19
8716,19
8707,19
15031,19
14930,19
21325,21
8472,19
8438,19
21291,19
21281,32
8428,19
21175,31
8322,19
8240,56
21093,19
8225,56
21078,19
8205,19
14395,19
7963,19
7935,19
7922,48
20775,19
7874,19
7872,38
20725,19
7845,49
20698,19
7823,19
7715,19
7687,19
7671,19
14091,33
1238,19
20367,21
7514,19
20334,31
7481,19
7209,19
758,46
13611,19
7013,58
19866,19
6869,19
6702,19
236,30
13089,19
6660,19
225,35
13078,19
13043,19
6561,19
19380,28
6527,19
6385,51
19238,19
12512,19
12504,19
6067,51
18920,19
5937,19
5886,59
18739,19
5810,56
18663,19
18566,29
5713,19
12127,19
5690,19
5689,19
5641,19
11996,19
18420,54
5567,19
5537,23
18390,19
5517,19
11891,19
11872,19
5421,19
18249,32
5396,19
11763,19
5291,19
5240,51
18093,19
5226,22
18079,19
5183,56
18036,19
5094,19
5091,19
11386,19
11373,19
4952,19
4890,19
17659,50
4806,19
4796,19
4638,27
17491,19
4510,19
10790,19
10786,19
4365,19
10566,19
10515,19
4015,42
16868,19
19964,23
7111,19
7073,19
7067,19
3857,23
16710,19
7041,19
3830,19
10222,19
544,19
6884,47
19737,19
6850,46
19703,19
16442,35
3589,19
16430,29
3577,19
366,19
13188,19
16316,59
3463,19
3438,19
6612,19
12888,19
6425,19
9570,19
3139,19
3118,19
15924,47
3071,19
3069,19
9437,19
9431,19
3008,55
15861,19
2950,38
15803,19
6121,19
6042,43
18895,19
15668,36
2815,19
5986,19
2762,19
15602,19
2718,37
15571,19
15494,19
2638,19
15451,19
5805,51
18658,19
2570,19
5756,19
5743,19
2435,19
18393,56
5540,19
2271,19
8690,19
11873,19
15078,55
2225,19
5409,19
547,19
5366,19
532,19
5340,19
18148,56
5295,19
5276,19
6734,19
14739,56
1886,19
1832,19
1801,19
3395,19
3364,19
1673,19
1628,19
3183,19
14423,19
8000,19
16016,43
3163,19
11161,19
3103,54
15956,19
1456,19
12667,19
7865,19
1434,19
15879,44
3026,19
11051,19
1427,19
6166,19
9381,19
2958,30
15811,19
1316,19
10867,19
4437,19
9230,19
6010,33
18863,19
7629,19
20471,34
7618,19
2785,19
1123,19
1103,19
279,19
1052,19
15479,19
13874,19
1032,19
1000,19
984,19
978,19
10521,19
3276,19
6461,19
11232,19
20838,34
7985,19
733,19
5545,43
18398,19
11962,19
5541,47
18394,19
15175,48
2322,19
724,19
7128,21
19981,19
7110,23
19963,19
15949,59
3096,19
9510,19
6283,33
19136,19
685,19
7090,22
19943,19
20600,24
7747,19
2912,19
19286,28
6433,19
5620,19
1203,19
401,19
1575,19
6731,19
3259,28
16112,19
3587,19
1790,19
1760,19
8572,19
5722,55
18575,19
8940,19
524,19
1099,19
4144,49
16997,19
9108,19
16140,56
3287,19
1729,22
14582,19
1340,19
9861,19
6539,19
7260,19
10151,19
3730,33
16583,19
8947,19
4408,19
10095,19
10,19
6813,32
19666,19
16274,20
16074,20
2725,54
15578,20
12040,20
12010,20
8962,20
6178,20
12016,20
11941,20
66,32
12919,20
2757,32
15610,20
15579,20
15560,20
27,40
12880,20
13008,20
10527,20
12908,20
21436,21
21414,21
21385,21
21356,21
21336,21
21330,21
21324,21
21315,21
21264,21
21109,21
21095,21
21081,21
21055,21
21044,21
21014,21
20988,21
20937,21
20915,21
20822,21
20784,21
20776,21
20715,21
20706,21
20639,21
20628,21
20569,21
20548,21
20533,21
20463,21
20450,21
20448,21
20442,21
20391,21
20368,21
20339,21
20332,21
20309,21
20299,21
20273,21
20269,21
20252,21
20249,21
20233,21
20221,21
20213,21
20189,21
20181,21
20166,21
19742,21
19254,21
19174,21
18769,21
18627,21
18052,21
17032,21
16735,21
16569,21
15886,21
2787,49
15640,21
15515,21
15211,21
15141,21
14882,59
2029,21
14504,29
1651,21
13714,39
861,21
13014,21
12616,21
12266,21
12211,21
12005,21
11528,21
11470,21
11283,21
11060,21
10907,21
10393,21
10130,21
9091,21
8997,21
8598,35
21451,21
8563,35
21416,21
8559,43
21412,21
21393,58
8540,21
8506,54
21359,21
8264,39
21117,21
8262,21
8226,21
8048,21
7972,35
20825,21
7836,21
20679,29
7826,21
7726,21
7413,55
20266,21
7370,44
20223,21
7354,28
20207,21
7312,56
20165,21
7264,32
20117,21
7244,21
6765,21
6586,21
6047,21
18867,56
6014,21
5926,21
5402,21
11635,21
5195,52
18048,21
11475,21
4755,21
4357,21
4178,23
17031,21
4012,24
16865,21
3968,21
3860,21
3775,29
16628,21
6840,21
3585,21
9985,21
196,21
160,21
19307,26
6454,21
9576,21
12664,21
12619,21
6198,21
15695,21
15570,21
12296,21
15489,21
8979,21
8972,21
15336,48
2483,21
15079,21
15053,21
2205,21
11721,21
2089,21
2055,21
8449,27
21302,21
3507,27
16360,21
11359,21
6466,21
14,21
1381,21
4472,21
12346,21
7505,40
20358,21
986,21
976,21
10532,21
74,21
4014,21
3996,21
5556,21
1529,21
6297,21
7083,21
8970,21
6115,21
20079,52
7226,21
8005,21
10411,21
1178,21
3571,30
16424,21
4376,21
1108,21
5501,43
18354,21
7517,55
20370,21
7491,48
20344,21
1070,21
1727,21
8520,48
21373,21
1644,21
8868,21
2133,21
12150,21
2929,40
15782,21
1087,21
7308,54
20161,21
7438,46
20291,21
21401,22
19831,22
19732,22
17860,22
16714,22
16676,22
15060,22
14263,22
12751,22
11468,22
11088,22
11063,22
10847,22
9858,22
15278,22
8853,22
2391,49
15244,22
7847,22
20523,40
7670,22
157,22
6537,22
12698,22
10744,22
17154,52
4301,22
4228,49
17081,22
3916,22
2647,22
2520,22
2376,22
10171,22
436,22
6844,56
19697,22
1994,22
8023,22
1920,22
5902,22
4277,22
8204,22
732,22
3918,22
15391,31
2538,22
18514,41
5661,22
4023,22
16814,33
3961,22
2896,22
7698,22
4107,22
1213,22
21210,23
20142,23
19069,23
18040,23
17455,23
17134,23
17113,23
16568,23
16549,23
16041,23
15959,23
15573,27
2720,23
15464,47
2611,23
1751,42
14604,23
14166,55
1313,23
13064,33
211,23
12824,23
12492,23
12317,23
12288,23
11933,23
11282,23
11090,23
11015,23
10894,23
10877,23
10547,23
10258,23
10112,23
10085,23
10002,23
9976,23
9959,23
9755,23
9599,23
9438,23
9324,23
9284,23
8992,23
15280,23
8836,23
15161,56
2308,23
15120,23
15029,23
8545,23
21173,33
8320,23
14729,23
8227,23
8221,23
1653,49
14506,23
7979,23
7974,23
7939,37
20792,23
7864,23
7725,23
7707,23
7696,23
7694,23
7452,23
7363,23
20216,23
7349,23
7158,23
7030,23
555,23
6763,23
6661,23
13067,30
214,23
6635,23
6577,23
12862,41
9,23
6287,23
6222,23
12599,23
5935,23
5854,23
18520,53
5667,23
18497,41
5644,23
11730,23
11643,23
17911,58
5058,23
17632,57
4779,23
11087,23
11027,23
4606,23
4551,23
4505,23
4498,23
4374,23
4345,23
17028,58
4175,23
16916,34
4063,23
7063,23
10208,23
10180,23
6961,23
6852,23
10068,23
13258,25
405,23
16458,48
3605,23
3578,23
3541,27
16394,23
13062,23
6590,23
19041,59
6188,23
9383,23
9371,23
12550,23
2920,23
2907,23
9268,23
5954,25
18807,23
2700,43
15553,23
5898,34
18751,23
2664,23
2532,23
12155,23
12045,23
2398,23
8797,23
11915,23
2230,23
2198,23
16625,48
3772,23
10181,23
10115,23
5300,23
8513,23
407,23
406,23
16476,34
3623,23
404,23
11636,23
9904,23
11510,23
1794,23
6532,23
6488,28
19341,23
19331,50
6478,23
1657,23
3217,23
19272,57
6419,23
17622,57
4769,23
1563,23
20811,38
7958,23
1526,23
20719,56
7866,23
1429,39
14282,23
4585,23
1379,23
1360,23
6120,23
9302,23
10893,23
7690,23
2802,58
15655,23
7631,23
10833,23
10805,23
14761,23
1071,23
13041,23
12929,23
20170,31
7317,23
2470,23
16117,29
3264,23
7189,23
7975,23
8733,23
21575,51
8722,23
1488,23
146,23
5351,23
6864,23
3258,23
16496,37
3643,23
381,23
15623,23
16428,33
3575,23
8791,23
7141,23
20802,43
7949,23
6862,23
9040,23
3603,23
3382,23
11358,23
7358,23
2500,23
19364,58
6511,23
147,23
865,23
5694,23
8454,23
10054,23
3598,23
16197,51
3344,23
1747,23
19489,25
6636,23
1287,23
4043,23
21447,24
21286,24
21106,24
21047,24
20804,24
20712,24
20646,24
20381,24
19815,24
19790,24
19304,24
18719,24
18606,24
16912,24
16848,24
16808,24
16480,24
16342,24
15733,24
14394,38
1541,24
13032,24
12244,24
12182,24
12169,24
11990,24
11878,24
11758,24
11754,24
11683,24
11578,24
11300,24
11128,24
11019,24
10963,24
10923,24
10856,24
9647,24
9562,24
9334,24
9003,24
8935,24
8607,25
21460,24
8488,24
8487,24
8388,24
8361,28
21214,24
8335,24
21142,31
8289,24
8036,24
20883,42
8030,24
8017,24
7739,24
20583,34
7730,24
7627,59
20480,24
7483,24
7466,29
20319,24
7439,24
7080,53
19933,24
6859,36
19712,24
6747,24
6711,24
13118,24
6668,24
6496,24
12890,28
37,24
6271,24
6257,24
6232,24
6138,24
6078,24
12379,24
12079,24
12078,24
5654,24
11967,24
11904,24
11622,24
11588,24
17887,31
5034,24
5015,24
17773,43
4920,24
4901,24
4745,24
11132,24
10973,24
10879,24
4258,24
7229,24
3952,24
16725,31
3872,24
10227,24
10211,24
3771,24
202,24
9839,24
212,24
3192,58
16045,24
9605,24
6243,24
6211,24
9389,24
6149,24
2918,24
2820,24
2691,24
12271,24
2645,24
2567,24
12163,24
18576,38
5723,24
8814,24
2335,43
15188,24
5538,24
11877,24
2252,24
2234,24
2227,24
5416,24
8447,43
21300,24
2026,24
13165,24
21192,43
8339,24
13110,24
1872,24
5051,24
5050,24
4914,24
4892,24
41,24
20900,48
8047,24
11058,24
11036,24
1375,24
15719,48
2866,24
2806,24
1192,24
1157,24
1138,24
4337,24
1003,24
10598,24
11308,24
2479,24
837,24
11153,24
15145,24
16762,30
3909,24
3900,24
680,24
2276,24
6552,24
1355,24
3740,24
8530,24
1258,24
10459,24
3977,24
7953,24
1528,24
1101,24
6679,24
8074,25
20927,24
1007,24
10008,24
4554,24
6551,24
21190,26
8337,24
2877,24
17929,30
5076,24
10089,24
10983,24
12115,24
7762,24
16995,58
4142,24
484,24
19178,43
6325,24
4404,24
4819,37
17672,24
20048,25
20025,25
19556,25
19293,25
19122,25
17952,25
17877,25
17423,25
17365,25
17316,25
17247,25
17246,25
17188,25
17075,25
16955,25
16196,25
16171,25
15122,44
2269,25
13256,25
13175,44
322,25
12490,25
12461,25
11795,25
11278,25
11174,25
11149,25
11103,25
10704,25
10693,25
10618,25
10048,25
9853,25
9712,25
9134,25
15220,25
8710,25
8641,25
8199,25
7710,25
19572,50
6719,25
13053,25
6373,25
5210,25
5194,25
5090,36
17943,25
5077,44
17930,25
4713,25
4662,25
4595,56
17448,25
4436,45
17289,25
10774,25
10661,25
4165,25
10418,25
16395,38
3542,25
3449,25
9841,25
9799,25
9792,25
9763,25
15963,47
3110,25
2853,25
9220,25
12201,25
8895,25
8674,25
8658,25
1858,25
3442,25
1,25
6420,43
19273,25
1478,25
1300,25
1863,25
4218,41
17071,25
897,25
3290,50
16143,25
16884,55
4031,25
10358,25
677,56
13530,25
10315,25
3894,46
16747,25
3888,25
14968,36
2115,25
2064,25
13266,25
4401,28
17254,25
9196,25
9194,25
3572,25
1949,25
3528,25
17980,56
5127,25
3917,49
16770,25
5822,25
1207,25
977,25
2956,25
9777,25
4132,35
16985,25
6541,25
918,25
1332,25
10752,25
21322,26
20931,26
20415,26
18403,26
18303,26
17867,26
16538,26
16419,26
16405,26
16374,26
16365,26
16277,26
15729,26
15547,26
15467,26
15357,35
2504,26
14736,26
13279,26
12672,26
9606,26
8734,26
7755,26
7593,44
20446,26
7518,55
20371,26
11377,26
4397,49
17250,26
4339,26
6018,26
15462,53
2609,26
8741,26
15067,26
5113,26
6491,33
19344,26
3009,26
20525,39
7672,26
183,40
13036,26
2566,26
778,26
5358,26
14177,26
15207,26
441,26
2756,26
3633,34
16486,26
14970,26
21562,27
21473,27
21096,27
19653,27
19198,27
19082,27
19044,27
18860,27
18749,27
18509,27
18493,27
18437,27
18061,27
17062,27
16986,27
16969,27
16434,27
16399,27
16134,27
15793,27
2577,39
15430,27
15103,27
402,52
13255,27
13119,27
12628,27
12432,27
11957,27
11185,27
11170,27
11137,27
10634,27
10377,27
10322,27
10292,27
9905,27
9829,27
9393,27
9265,27
9124,27
8829,27
8677,27
8654,27
8606,27
2047,33
14900,27
8451,27
21065,56
8212,27
21031,56
8178,27
20384,32
7531,27
7216,27
7047,27
13113,43
260,27
13056,30
203,27
6376,27
6215,27
12488,27
12394,27
5842,27
5830,27
5818,27
5798,27
5767,27
5692,27
5684,27
5617,46
18470,27
11771,27
5274,27
5256,27
18109,27
5253,27
5205,27
5172,27
5146,27
5070,56
17923,27
5044,38
17897,27
5043,43
17896,27
4987,27
17751,34
4898,27
4621,27
4407,57
17260,27
4398,55
17251,27
4366,27
17091,51
4238,27
7133,33
19986,27
3926,50
16779,27
13482,27
19902,38
7049,27
10262,27
10261,27
16417,33
3564,27
13116,27
213,27
3295,50
16148,27
6201,27
15838,56
2985,27
2982,27
2977,27
6075,27
12480,27
15680,31
2827,27
9181,27
5848,27
5765,27
15045,27
6952,27
13284,27
16492,36
3639,27
1983,27
3531,27
323,27
1913,27
1910,27
11190,27
1550,27
9294,27
1211,27
9178,27
1152,27
1919,27
9135,27
1079,27
3417,38
16270,27
15425,27
5769,27
896,27
10324,27
4686,27
6964,27
5318,27
4098,27
5178,27
6371,27
1174,27
9171,27
293,27
3505,27
3514,54
16367,27
867,27
9573,27
1946,27
924,27
880,27
16319,48
3466,27
8162,27
890,27
11160,27
4739,27
4045,27
5236,27
9736,27
9146,27
5216,27
21133,28
20824,28
20641,28
20584,28
19711,28
19635,28
18921,28
18667,28
18080,28
18037,28
17957,28
17569,28
17174,28
17168,28
17015,28
16961,28
16622,28
16563,28
16531,28
16499,28
16210,28
15988,28
15961,28
15932,28
15898,28
15204,28
2151,44
15004,28
14978,28
14563,28
13224,55
371,28
13139,28
13021,57
168,28
12668,28
12250,28
12225,28
12049,28
11909,28
11563,28
11527,28
11477,28
11348,28
11268,28
11093,28
11039,28
10899,28
10508,28
10498,28
10467,28
9642,28
9232,28
9090,28
9045,28
8996,28
8916,28
15329,52
2476,28
15138,28
8217,28
7968,28
7897,28
14315,28
6817,28
342,56
13195,28
6682,28
6278,28
12309,28
12236,28
12219,28
5672,28
11982,28
5350,28
11597,28
11441,28
11134,28
11133,28
4687,53
17540,28
4592,28
17346,45
4493,28
10581,28
797,28
764,28
3879,28
3673,28
6887,28
10058,28
10052,28
3409,28
16262,28
19351,38
6498,28
68,28
3251,28
3154,28
12652,28
9414,28
2926,28
6059,28
9087,28
12226,28
5762,28
2546,28
2530,28
15111,28
11679,28
3626,46
16479,28
1798,28
6515,35
19368,28
3275,28
1626,28
1606,28
16029,38
3176,28
20837,31
7984,28
7967,28
4744,51
17597,28
1292,28
12368,28
11526,28
6620,40
19473,28
6616,28
6609,34
19462,28
17829,44
4976,28
8987,28
4887,28
16813,33
3960,28
6312,28
2126,28
1217,28
3604,33
16457,28
8370,28
6714,28
1029,28
12243,28
8367,28
9363,28
3668,36
16521,28
6481,56
19334,28
1665,28
1220,28
2325,28
3702,35
16555,28
12852,28
1649,28
19959,29
19649,29
19470,29
19050,29
17876,29
17872,29
17812,29
17506,29
16443,29
16023,29
15565,29
15258,55
2405,29
11369,29
11299,29
10555,29
10429,29
9872,29
9285,29
9075,29
9047,29
8045,37
20898,29
7977,29
7789,29
7639,29
20488,48
7635,29
13904,29
7352,29
496,29
6819,29
12797,29
6082,29
6027,29
12390,29
12050,29
5286,29
5177,29
4933,29
4591,29
4167,29
3991,29
7068,29
16717,55
3864,29
3743,29
9909,29
3271,29
12834,29
3194,29
9549,29
15925,59
3072,29
6202,29
5955,29
2596,29
2550,29
5474,29
2202,44
15055,29
8615,29
21371,54
8518,29
13265,29
8222,29
3198,29
1562,29
1209,29
1182,29
1885,29
2637,29
4235,29
17080,59
4227,29
1634,29
7085,29
7722,29
3699,29
424,29
393,29
3573,29
3095,29
12886,29
960,29
19761,32
6908,29
3356,29
2491,29
6699,29
2526,29
21568,30
21267,30
20936,30
20919,30
20778,30
20721,30
20709,30
20420,30
20409,30
20406,30
20270,30
20034,30
19998,30
19559,30
19509,30
19505,30
19499,30
18840,30
18795,30
18746,30
18738,30
18736,30
18698,30
18689,30
18621,30
18466,30
18415,30
18186,30
18085,30
18066,30
17963,30
17875,30
17473,30
17433,30
17419,30
17359,30
17177,30
17038,30
16658,30
16110,30
14545,55
1692,30
13507,30
12763,30
12286,30
11387,30
11179,30
10947,30
10107,30
9527,30
9253,30
8610,30
14974,58
2121,30
8453,30
8214,52
21067,30
8134,30
8016,55
20869,30
8015,30
7606,51
20459,30
13290,30
13281,30
349,30
6375,30
6348,30
6244,43
19097,30
6208,30
19037,56
6184,30
6177,30
6025,30
5912,32
18765,30
5901,33
18754,30
5706,30
5595,46
18448,30
5532,36
18385,30
11767,30
5273,30
5255,56
18108,30
5244,30
18096,31
5243,30
5171,30
5167,30
4714,30
4552,56
17405,30
17334,59
4481,30
17306,53
4453,30
4438,36
17291,30
17099,47
4246,30
4129,30
4027,30
16838,55
3985,30
6996,30
10192,30
13236,30
13126,49
273,30
3452,30
6638,37
19491,30
6653,37
19506,30
191,30
3389,30
16195,51
3342,30
6432,30
19285,30
3189,30
6275,49
19128,30
9293,30
5875,39
18728,30
15438,51
2585,30
2383,30
8672,30
2239,30
2231,30
5268,30
423,49
13276,30
3455,30
248,30
12980,45
127,30
3303,30
3223,38
16076,30
11222,30
1598,30
4664,30
11070,30
1387,30
4584,30
5957,52
18810,30
194,30
17027,51
4174,30
16952,51
4099,30
8105,30
873,30
7966,30
11118,30
684,30
952,30
2522,30
1306,30
2046,30
2775,30
10367,30
1909,30
1875,30
8172,30
7366,30
945,30
930,30
19780,44
6927,30
4474,30
3269,37
16122,30
144,30
4039,30
9374,30
1616,30
2449,30
21553,31
21551,31
21403,31
21388,31
21248,31
21176,31
21103,31
21028,31
20954,31
20826,31
20791,31
20412,31
20393,31
20304,31
20226,31
20151,31
19515,31
19053,31
19045,31
18481,31
17440,31
17034,31
16913,31
16698,31
16664,31
16642,31
16619,31
16585,31
16545,31
16380,31
16324,31
16315,31
16246,31
15969,31
15833,31
15822,31
15800,31
15753,31
15723,31
15348,31
11802,31
10282,31
10280,31
9728,31
9707,31
9417,31
15356,31
15002,33
2149,31
8163,56
21016,31
7757,31
7541,31
6972,31
13291,52
438,31
6601,31
12935,47
82,31
5815,31
11241,31
4644,31
10688,31
3817,46
16670,31
3762,35
16615,31
9158,31
11787,31
8475,31
8293,39
21146,31
8087,31
2979,56
15832,31
1124,31
7544,31
6583,31
1564,33
14417,31
1924,31
7704,57
20557,31
21378,32
21298,32
21255,32
21211,32
21179,32
21165,32
21113,32
21036,32
20896,32
20654,32
20630,32
20494,32
20443,32
20364,32
20324,32
20279,32
19424,32
19422,32
18648,32
16803,32
16546,32
15985,32
15527,56
2674,32
15265,32
12674,32
11667,32
11301,32
2773,49
15626,32
8946,32
8890,32
8793,32
15023,32
8578,54
21431,32
8458,32
7994,32
7821,32
7459,32
7276,33
20129,32
6738,32
5055,32
17906,51
5053,32
11111,32
3801,46
16654,32
494,32
3681,32
6186,32
2968,53
15821,32
2887,32
2394,39
15247,32
2236,32
2221,32
2194,32
14752,32
20840,47
7987,32
7948,48
20801,32
7487,49
20340,32
7441,32
7404,42
20257,32
1765,32
6790,32
6774,32
2619,32
399,32
7520,55
20373,32
1677,32
8294,32
7362,44
20215,32
93,32
2836,32
1205,32
818,32
15326,32
21480,33
21352,33
21266,33
21240,33
21237,33
21218,33
21136,33
21135,33
21038,33
21032,33
20975,33
20735,33
20711,33
20695,33
20668,33
20640,33
20593,33
20558,33
20395,33
20385,33
20376,33
20314,33
20310,33
20228,33
20118,33
19915,33
19887,33
18816,33
18120,33
17712,33
17655,33
17489,33
16890,33
16825,33
16809,33
16800,33
16655,33
16551,33
16385,33
15819,33
15558,33
15119,44
2266,33
1769,55
14622,33
13092,33
12645,33
12520,33
11320,33
11115,33
10924,33
10851,33
10099,33
9973,33
9405,33
9378,33
9364,33
9316,33
9273,33
9049,33
8865,33
8859,33
8750,33
8740,33
8738,33
15126,48
2273,33
8636,59
21489,33
2153,49
15006,33
15000,33
8577,46
21430,33
8409,33
21262,33
8399,42
21252,33
7843,33
7752,42
20605,33
7449,43
20302,33
7259,51
20112,33
7190,33
7079,33
6779,33
6273,33
12596,33
6146,33
6048,33
6017,33
18870,33
5950,33
12231,33
5680,33
11976,33
5464,33
5426,33
5417,33
5314,33
11633,33
5029,33
17673,50
4820,33
4777,37
17630,33
4747,33
10897,33
4176,33
4141,33
3867,33
3784,33
3755,43
16608,33
3667,33
9810,33
9429,33
6129,33
5967,33
2751,33
5894,33
9066,33
2590,33
15221,33
2182,33
2042,33
3624,33
5215,58
18068,33
8236,33
1569,33
1543,33
1527,33
4729,33
14313,54
1460,33
1467,33
1452,33
1317,33
7734,33
7733,58
20586,33
7709,55
20562,33
14093,33
1177,33
4351,33
1134,33
21193,41
8340,33
1122,33
7500,56
20353,33
21123,56
8270,33
3413,38
16266,33
762,47
13615,33
11977,33
4732,33
1344,33
9333,33
6504,46
19357,33
1264,33
6814,43
19667,33
3582,33
3946,43
16799,33
1135,33
1111,33
2693,33
456,33
8184,52
21037,33
9372,33
533,33
19386,50
6533,33
10946,33
7398,46
20251,33
13717,33
10564,33
8060,52
20913,33
3629,33
21191,48
8338,33
21453,34
21271,34
21256,34
21236,34
21194,34
21022,34
20680,34
20672,34
20658,34
20561,34
20545,34
20499,34
20490,34
20455,34
20400,34
20105,34
19723,34
18718,34
18155,34
17556,34
16910,34
16376,34
16371,34
16317,34
15790,34
14180,37
1327,34
11727,34
11621,34
11543,34
11494,34
11307,34
10499,34
9961,34
9914,34
9346,34
21260,37
8407,34
8001,34
14300,34
7620,42
20473,34
7012,35
19865,34
12915,34
6323,34
6104,34
4794,34
4690,44
17543,34
4457,34
10254,34
3697,34
18435,44
5582,34
8767,34
2107,58
14960,34
2092,34
6729,34
14427,34
1320,34
6084,34
1229,34
1188,34
12204,34
6495,34
5682,34
3903,34
3895,34
11112,34
4155,34
6785,34
728,34
2298,34
9029,34
4930,34
65,34
19329,47
6476,34
6804,59
19657,34
21574,35
21293,35
20159,35
20039,35
19832,35
19256,35
19167,35
19083,35
18995,35
18994,35
18902,35
18774,35
18488,35
18362,35
18034,35
18017,35
17986,35
17128,35
17048,35
16962,35
16871,35
16680,35
16488,35
16304,35
16215,35
16150,35
16091,35
15810,35
13321,35
13003,35
139,49
12992,35
12905,35
12788,35
12687,35
12657,35
12627,35
12592,35
12571,35
12489,35
12483,35
12336,35
12302,35
12281,35
12274,35
12259,35
12249,35
12246,35
12235,35
12197,35
12147,35
12125,35
12112,35
12102,35
12073,35
11960,35
11940,35
11934,35
11907,35
11808,35
11508,35
11406,35
11291,35
11236,35
10849,35
10743,35
10738,35
10721,35
9779,35
9733,35
9661,35
9408,35
15694,35
9142,35
8684,35
8618,35
21406,46
8553,35
8543,35
14828,38
1975,35
8244,56
21097,35
14418,35
7952,35
7355,35
7014,51
19867,35
13105,35
6434,35
12774,35
12732,35
12694,35
12509,35
6086,35
6051,46
18904,35
12468,35
12454,35
12316,35
5888,35
12229,35
12131,35
12101,35
5522,49
18375,35
11913,35
18334,38
5481,35
5453,35
5410,35
5398,35
5332,35
11177,35
4756,35
4579,38
17432,35
17311,52
4458,35
4323,35
4199,59
17052,35
10354,35
7075,35
3793,56
16646,35
3559,35
3554,54
16407,35
6694,35
3309,35
12846,35
15984,43
3131,35
12731,35
3092,35
15900,50
3047,35
12632,35
9279,35
6023,35
2652,35
11861,35
3652,39
16505,35
2027,35
1711,35
6506,49
19359,35
4881,35
3219,35
1535,35
2963,41
15816,35
9234,35
1212,35
7603,35
13045,35
15410,35
12091,35
3243,37
16096,35
10391,35
1519,35
4700,35
6957,57
19810,35
12514,35
6093,35
6384,35
15550,35
3345,35
3277,35
16130,35
5162,35
941,35
3440,35
3133,35
939,35
6005,40
18858,35
233,35
21132,36
20974,36
20894,36
20606,36
20498,36
19704,36
19369,36
17547,36
16802,36
11336,36
10853,36
9486,36
15521,36
8810,36
15062,36
8565,36
6743,36
6175,36
11980,36
5444,36
4521,36
4292,36
4169,36
3695,36
9682,36
3036,59
15889,36
9274,36
2851,59
15704,36
6041,36
2834,36
5716,36
5473,56
18326,36
3676,36
8353,50
21206,36
7568,52
20421,36
4239,36
3957,54
16810,36
21238,37
20237,37
20187,37
20180,37
20174,37
20138,37
18875,37
17700,37
16644,37
15841,37
15762,37
15292,37
15219,52
2366,37
15210,44
2357,37
14544,37
13275,45
422,37
12033,37
11925,37
11418,37
11400,37
11381,37
11106,37
11049,37
11035,37
10140,37
10067,37
9967,37
9869,37
9465,37
9097,37
2658,42
15511,37
15314,37
8846,37
8799,37
8010,37
7903,37
7902,37
7876,37
7388,43
20241,37
7245,37
13656,37
6894,37
13186,37
6503,37
6113,37
6106,37
5647,37
11979,37
11708,37
11674,37
11506,37
4810,37
4751,37
10826,37
4347,37
16739,54
3886,37
16723,56
3870,37
3841,37
19650,47
6797,37
13180,37
6592,37
12696,37
3056,44
15909,37
15641,37
15593,37
15240,37
2379,37
2337,48
15190,37
15107,37
3734,49
16587,37
2108,37
6863,37
2048,37
6447,37
4829,53
17682,37
23,37
12831,37
1502,37
11031,37
1391,37
7673,37
7647,37
1208,37
15639,37
1084,37
1015,37
187,37
11395,37
4974,37
15309,37
811,37
2549,37
7763,37
113,37
7736,37
11725,37
83,37
2890,37
817,37
1173,37
7120,37
19561,41
6708,37
3899,37
56,37
19318,54
6465,37
3602,37
14993,37
13333,51
480,37
14975,37
1732,37
18,37
11637,37
10440,37
3890,37
21357,38
21287,38
21228,38
21071,38
21040,38
20396,38
20311,38
20298,38
19833,38
19799,38
19751,38
19441,38
19411,38
19343,38
19270,38
19241,38
18182,38
17785,38
17612,38
17576,38
17182,38
17146,38
17115,38
17004,38
16925,38
16923,38
16700,38
16685,38
15997,38
15894,38
15682,38
15600,38
15447,56
2594,38
15387,41
2534,38
14982,38
14623,38
232,59
13085,38
13072,38
12676,38
12443,38
12305,38
12237,38
11968,38
11449,38
11143,38
11041,38
11029,38
10950,38
10883,38
10843,38
10432,38
10224,38
9487,38
9343,38
2800,39
15653,38
2496,40
15349,38
8555,55
21408,38
8512,38
21362,41
8509,38
8359,38
8327,38
14619,38
8020,38
7997,38
7824,38
20670,43
7817,38
20666,53
7813,38
14131,38
7490,38
7482,38
7319,38
7126,38
7027,53
19880,38
6860,43
19713,38
13210,38
13194,38
6595,56
19448,38
6473,38
12699,38
12629,38
12620,38
6103,38
6096,38
12356,38
12331,38
5750,38
5516,38
5377,38
11744,38
10928,38
17330,53
4477,38
10872,38
4369,38
17196,56
4343,38
10462,38
16852,56
3999,38
3993,38
3920,38
16650,51
3797,38
10213,38
6815,38
6830,48
19683,38
143,49
12996,38
13006,55
153,38
3229,38
9539,38
9526,38
9472,38
2999,38
6070,38
5671,38
8771,38
15121,47
2268,38
2247,38
5442,38
2219,38
8558,38
21411,38
14921,38
1948,38
6712,38
9640,38
1601,38
1581,38
7993,38
17625,39
4772,38
10909,38
7650,38
9246,38
3517,41
16370,38
8258,38
9027,38
12203,38
4884,38
7305,38
3161,38
3970,38
748,38
3085,38
1477,38
12973,38
545,38
12146,38
3632,38
7992,38
12719,38
4964,38
15804,56
2951,38
5357,39
18210,38
12965,38
3298,38
10895,38
14201,38
5665,38
3336,38
836,38
7749,38
21041,39
21007,39
20982,39
20552,39
19763,39
19645,39
19464,39
19420,39
19371,39
19297,39
19258,39
19113,39
18962,39
18922,39
18906,39
18882,39
18842,39
18654,39
17798,39
17559,39
17412,39
16796,39
15664,39
15585,39
14028,39
12822,39
12679,39
12651,39
12222,39
12191,39
12087,39
11989,39
11579,39
11274,39
10960,39
10941,39
10788,39
10310,39
10245,39
9920,39
9332,39
15365,58
2512,39
8755,39
8748,39
21557,52
8704,39
8479,39
21227,48
8374,39
7896,39
7840,49
20693,39
20357,48
7504,39
7344,39
12685,39
12641,39
12636,39
18873,58
6020,39
12260,39
12171,39
5740,39
5615,39
5559,39
11920,39
5477,39
5400,59
18253,39
5309,39
5293,39
5102,39
11315,39
4824,52
17677,39
4665,56
17518,39
4600,39
10962,39
10787,39
4145,39
3958,42
16811,39
7046,39
16678,55
3825,39
3821,39
559,39
478,39
10088,39
6767,39
6695,39
3038,39
15629,39
2672,39
15005,39
5258,52
18111,39
5228,39
17823,56
4970,39
1735,39
11335,39
1666,39
3252,39
1619,39
1506,39
4660,51
17513,39
15899,48
3046,39
20708,46
7855,39
1243,39
7558,39
9102,39
2660,39
2583,39
185,39
884,39
2434,39
11201,39
1512,39
15146,39
1500,39
3089,39
682,39
5752,56
18605,39
2148,48
15001,39
3707,39
1263,39
6807,39
787,39
3565,39
9984,39
6877,39
3742,39
7341,39
1280,39
1676,39
497,39
5732,44
18585,39
6801,55
19654,39
2102,39
3599,39
687,39
21234,40
21221,40
21114,40
21053,40
21049,40
21045,40
21012,40
20969,40
20813,40
20798,40
20660,40
20502,40
20470,40
20440,40
20284,40
19978,40
19745,40
17616,40
16858,40
14516,40
12306,40
12085,40
12061,40
11047,40
10108,40
9556,40
8956,40
15157,55
2304,40
8581,40
8364,40
7884,40
7797,51
20650,40
7728,40
7623,51
20476,40
7585,51
20438,40
7472,40
7331,40
7072,40
560,40
6865,40
6475,40
6233,40
12334,40
18348,45
5495,40
18336,50
5483,40
11664,40
11503,40
4330,40
17166,56
4313,40
16807,43
3954,40
3701,53
16554,40
466,40
6254,40
6173,40
5850,56
18703,40
2490,40
8826,40
5437,40
5356,40
8528,40
1846,40
1524,40
7841,40
7830,40
1404,40
12505,40
2873,40
4307,40
1849,40
13027,40
15180,40
2338,40
17225,56
4372,40
6456,40
1351,40
9964,40
7626,56
20479,40
7634,40
21386,41
21360,41
21199,41
20973,41
20596,41
20378,41
20256,41
19571,41
18483,41
17964,41
17922,41
17900,41
16662,41
16421,41
16363,41
16311,41
16207,41
16141,41
15980,41
15908,41
14860,41
12829,41
12783,41
11855,41
11333,41
11221,41
11220,41
10284,41
10235,41
9744,41
9229,41
9187,41
9160,41
9127,41
9115,41
8777,41
8644,41
8614,41
8611,41
8125,41
7970,41
7008,41
6771,41
6372,41
6349,41
6341,41
5710,58
18563,41
11859,41
11850,41
5264,41
5188,41
4850,54
17703,41
4827,41
11227,41
11168,41
4657,41
4574,41
4149,41
4105,41
4094,41
4089,41
19856,50
7003,41
6999,41
3480,41
3456,41
48,51
12901,41
11,41
6358,41
6356,41
2962,41
12463,41
9189,41
2666,41
2574,58
15427,41
5594,41
8619,41
3760,41
2137,41
5257,41
5219,41
5048,43
17901,41
9741,41
1688,41
2961,41
2960,41
7686,41
3468,41
1059,41
16953,44
4100,41
4092,41
4085,41
10349,41
8702,41
2279,41
10338,41
8155,41
4123,41
920,41
899,41
883,41
9177,41
4562,41
15380,41
541,41
1030,41
887,41
21337,42
21308,42
20910,42
20685,42
20651,42
20598,42
20517,42
20515,42
19142,42
18713,42
18708,42
16602,42
16030,42
15295,42
12658,42
12649,42
12391,42
12382,42
12380,42
12362,42
12341,42
12258,42
12154,42
12149,42
12077,42
11978,42
11884,42
11713,42
11700,42
11614,42
11568,42
11452,42
11109,42
10943,42
10083,42
9478,42
9399,42
9237,42
9101,42
8708,42
8579,42
21244,46
8391,42
8085,58
20938,42
20909,56
8056,42
20879,46
8026,42
7838,42
7790,42
7600,56
20453,42
140,42
19101,56
6248,42
12351,42
11898,42
5342,42
11724,42
11567,42
4797,42
11034,42
16918,43
4065,42
10447,42
10436,42
7061,42
6787,42
6759,42
6414,52
19267,42
9610,42
8969,42
2478,42
12017,42
15094,42
5089,42
126,42
1438,42
1433,42
17328,58
4475,42
9287,42
10840,42
1837,42
9034,42
1013,42
16964,56
4111,42
1608,42
11966,42
2342,42
12176,42
6549,42
1658,42
1650,42
13025,42
8981,42
11570,42
15772,48
2919,42
11540,42
8995,42
8096,57
20949,42
6880,42
2938,42
11644,42
21222,43
21196,43
20432,43
19812,43
19466,43
19365,43
18997,43
18832,43
17975,43
17848,43
17661,43
17558,43
16911,43
16817,43
16798,43
16719,43
16665,43
16590,43
16337,43
16244,43
16219,43
16055,43
15482,43
15307,43
13138,43
12572,43
12569,43
12255,43
12035,43
12031,43
11750,43
11687,43
11565,43
11424,43
11340,43
11317,43
11306,43
11018,43
10870,43
10600,43
10500,43
10427,43
10032,43
10027,43
9970,43
9965,43
9937,43
9896,43
9652,43
9475,43
15679,43
2826,43
9113,43
8893,43
15153,43
8635,56
21488,43
15020,53
2167,43
8481,43
8457,43
8317,43
8297,43
8291,43
8286,43
14540,43
7774,43
7462,43
13633,54
780,43
7048,43
534,43
388,43
6809,43
6798,57
19651,43
6701,43
6670,43
19447,56
6594,43
6522,43
19375,43
6458,43
6227,43
6187,43
6102,43
18955,43
12506,43
5906,43
12239,43
18397,52
5544,43
5461,43
5316,43
11354,43
10599,43
10597,43
10538,43
10094,43
3631,43
10040,43
13203,43
6313,43
9525,43
9428,43
9339,43
5968,43
2518,43
2488,43
8899,43
2429,43
5624,43
2270,43
3713,43
11689,43
6783,43
9930,43
13131,43
6680,43
13093,43
6672,43
8219,43
17825,50
4972,43
1706,43
14524,43
8027,43
1449,43
1446,43
14154,50
1301,43
1288,43
1284,43
2825,43
1225,43
2807,43
20474,56
7621,43
17958,56
5105,43
12914,43
6299,43
6288,43
7092,43
538,43
2924,58
15777,43
4517,43
5313,46
18166,43
10925,43
1643,43
10053,43
15259,43
17273,56
4420,43
5984,43
5976,43
9994,43
5078,43
151,43
4361,43
539,43
6557,54
19410,43
6931,55
19784,43
6529,43
1271,43
12874,43
739,43
10556,43
12860,43
1328,43
2437,43
20946,44
19860,44
19379,44
19208,44
19180,44
19155,44
18910,44
17835,44
17810,44
17687,44
17551,44
16707,44
16677,44
16675,44
16523,44
16404,44
15778,44
15717,44
15363,44
15255,44
15144,48
2291,44
13039,56
186,44
12937,44
12529,44
11619,44
11378,44
11243,44
11136,44
10971,44
10961,44
10559,44
10458,44
10071,44
10042,44
9918,44
9891,44
9833,44
9497,44
9454,44
9033,44
8717,44
8514,44
8198,56
21051,44
7895,44
20531,48
7678,44
13753,44
7045,44
6818,44
6725,44
6697,44
6562,44
12959,44
6538,44
6497,44
6368,44
5675,44
18462,54
5609,44
11997,44
11751,44
11707,44
5082,44
4812,44
4605,44
4586,44
4237,44
4161,44
3180,44
3100,44
9434,44
9392,44
2946,44
2945,44
2769,44
2528,44
8909,44
12083,44
2419,44
5608,44
2246,44
10066,44
237,56
13090,44
5001,44
3384,44
4934,48
17787,44
1678,44
12883,44
9619,44
9538,44
1480,44
1425,44
7796,44
9338,44
7737,44
1228,44
7453,44
7407,44
1679,44
10435,44
5597,44
7199,44
20021,58
7168,44
741,44
7130,59
19983,44
553,44
1335,44
9345,44
820,44
1584,44
6477,44
6604,44
136,44
9738,44
3093,44
7497,44
932,44
4233,57
17086,44
13060,44
840,44
21201,45
16776,45
16750,45
16098,45
16077,45
14885,45
12423,45
12224,45
11826,45
11173,45
10717,45
9787,45
9746,45
9207,45
14988,45
14923,45
8176,45
14293,56
1440,45
7552,45
11811,45
6998,45
9349,45
15584,45
8850,45
11893,45
15017,45
3225,45
12790,45
1537,45
7577,45
15394,45
5543,46
18396,45
3511,45
6486,45
8086,45
9305,45
21295,46
21233,46
21178,46
20976,46
20770,46
20657,46
20567,46
20507,46
19862,46
19639,46
19459,46
19440,46
17811,46
17685,46
17607,46
16806,46
16441,46
16348,46
15130,46
13552,53
699,46
12705,46
12659,46
12613,46
12516,46
11993,46
11696,46
11684,46
11529,46
11429,46
11407,46
11028,46
10966,46
10964,46
10884,46
10839,46
10561,46
9807,46
9611,46
9566,46
9425,46
9312,46
8742,46
8300,46
14630,46
7820,56
20673,46
14103,46
7516,46
7510,52
20363,46
13870,50
1017,46
7410,46
7330,46
7302,46
7191,46
6500,46
24,46
6309,46
5991,46
5977,50
18830,46
12294,46
5669,46
5629,46
18455,51
5602,46
5555,46
18180,48
5327,46
5084,46
11046,46
4378,46
4358,46
4157,46
10534,46
10524,46
734,46
6242,46
2761,46
15477,46
5758,46
2539,46
5679,46
15152,46
2249,46
2188,46
14995,46
10046,46
2016,46
5018,46
138,46
1655,46
4775,46
7887,46
7802,56
20655,46
1366,46
17216,54
4363,46
1117,46
14744,46
7521,56
20374,46
1877,46
2613,46
8915,46
13715,46
848,46
781,46
1752,46
5725,46
5317,46
1311,46
3708,59
16561,46
2110,54
14963,46
98,46
8879,46
7193,46
6298,46
8296,46
7432,46
5354,46
4954,46
2519,46
1633,46
21251,47
20710,47
20699,47
19912,47
19870,47
19692,47
19312,47
18963,47
18951,47
18898,47
18768,47
18280,47
18239,47
17752,47
17749,47
17596,47
17573,47
17340,47
17095,47
17011,47
15912,47
12717,47
12621,47
12531,47
12339,47
12313,47
12276,47
12046,47
11625,47
11550,47
11451,47
11405,47
11105,47
11104,47
10992,47
10978,47
10887,47
10387,47
10114,47
10057,47
9929,47
9031,47
8688,56
21541,47
7928,47
7386,47
12608,47
12068,47
5558,47
11916,47
5465,47
11665,47
11505,47
5081,47
4733,47
10860,47
17239,54
4386,47
17084,56
4231,47
10509,47
10446,47
7087,47
3843,47
3759,47
13011,47
15939,56
3086,47
6276,47
2930,47
9259,47
2791,47
12315,47
9030,47
8998,47
12053,47
15038,47
15024,47
8415,47
8331,47
1847,47
14558,47
2897,47
15596,47
5708,47
7217,47
11107,47
543,47
6111,47
6101,47
8467,47
6784,47
11156,47
995,47
2696,47
2039,47
2884,47
21405,48
21272,48
21265,48
21232,48
21209,48
21205,48
21189,48
21148,48
21017,48
20943,48
20930,48
20920,48
20888,48
20812,48
20800,48
20779,48
20768,48
20652,48
20566,48
20564,48
20468,48
20407,48
20388,48
20278,48
20255,48
19850,48
19803,48
19710,48
19648,48
19427,48
19171,48
18953,48
18283,48
17802,48
16921,48
16818,48
16816,48
16715,48
16708,48
16705,48
16687,48
16672,48
16668,48
16633,48
16461,48
16448,48
16388,48
16377,48
16297,48
16015,48
16013,48
15757,48
15732,48
15559,48
2118,58
14971,48
13031,48
12721,48
12631,48
12207,48
12042,48
12022,48
11879,48
11736,48
11629,48
11564,48
11500,48
11443,48
10917,48
10612,48
10478,48
10431,48
10225,48
10119,48
10037,48
9995,48
9572,48
9558,48
9427,48
9263,48
9238,48
9111,48
15495,48
15109,48
15027,48
8602,56
21455,48
14998,48
8254,48
14389,57
1536,48
7961,59
20814,48
1471,49
14324,48
7894,55
20747,48
7880,48
14285,48
7512,56
20365,48
7476,48
13854,48
722,48
13122,48
12904,48
6317,57
19170,48
6088,48
5969,48
5922,48
5868,57
18721,48
5658,48
5492,48
5389,51
18242,48
5367,48
5308,48
18150,56
5297,48
11478,48
4814,48
4807,57
17660,48
4792,48
10972,48
10891,48
3989,48
7157,48
3922,48
698,48
9444,48
6185,48
9366,48
9260,48
15669,48
5994,48
12352,48
15446,52
2593,48
5731,48
8925,48
18530,54
5677,48
2409,48
2320,48
8731,48
5494,48
5456,56
18309,48
5415,48
11666,48
6669,48
1803,48
1610,48
4805,48
9270,48
4419,48
8318,48
8292,48
1063,48
3446,56
16299,48
4194,48
17042,51
4189,48
8986,48
7287,51
20140,48
12014,48
783,48
7950,56
20803,48
1492,48
12704,48
19387,56
6534,48
528,48
9311,48
846,48
12869,48
6799,48
6802,49
19655,48
773,48
5911,48
11499,48
4273,48
5209,57
18062,48
10023,48
6794,49
19647,48
15359,48
483,48
14517,48
5650,48
7096,48
1642,48
1283,48
1525,48
6147,48
9868,49
9266,49
8930,49
8491,49
7851,49
7702,49
7167,49
6917,49
6773,49
6741,49
6739,49
165,49
12924,56
71,49
6460,49
6324,49
6305,49
6205,49
5663,49
5086,49
5085,49
4560,49
4253,49
4241,49
4025,49
3875,49
7076,49
3774,49
517,49
6777,49
9901,49
6474,49
6295,49
2584,49
5707,49
2396,49
2385,49
2346,49
3764,49
531,49
3651,49
2049,49
1824,49
4990,49
1767,49
1708,49
6457,49
1586,49
7990,49
1546,49
6280,49
7850,49
7835,49
7782,49
1298,49
2809,49
4412,49
1170,49
5960,49
6685,49
1066,49
1783,49
4177,49
2494,49
866,49
1545,49
3905,49
1483,49
536,49
1326,49
7346,49
461,49
776,49
6776,49
11994,49
2332,49
2608,49
4210,49
163,49
1763,49
6154,49
548,49
2154,49
7766,49
1322,49
108,49
1496,49
1090,49
7761,49
1239,49
521,49
5528,49
1277,49
21253,50
20467,50
19830,50
19826,50
18859,50
18730,50
18342,50
18038,50
17853,50
17847,50
17782,50
17738,50
17719,50
17706,50
16695,50
16663,50
16463,50
15785,50
15037,50
12974,50
12956,50
12702,50
12538,50
12460,50
12205,50
12094,50
12028,50
11981,50
11841,50
11623,50
11559,50
11435,50
11396,50
10219,50
9925,50
9809,50
8977,50
8919,50
8351,50
14512,59
1659,50
7475,58
20328,50
7464,50
7225,50
725,50
6970,54
19823,50
6888,50
6315,50
12688,50
12661,50
12321,50
5873,50
12221,50
12133,50
5533,50
5520,50
11923,50
11598,50
11515,50
11464,50
10874,50
498,50
9608,50
12716,50
12663,50
12540,50
2867,50
9239,50
5949,50
9059,50
12186,50
12172,50
18539,58
5686,50
11892,50
11829,50
6855,50
10018,50
3400,50
12727,50
3042,50
7848,50
4360,50
9081,50
13037,50
10473,50
1497,50
558,50
12173,50
5974,50
7149,50
735,50
447,50
1740,50
11657,50
6886,50
21532,51
20095,51
19625,51
19478,51
19081,51
19077,51
18495,51
18487,51
18458,51
18454,51
18433,51
18425,51
18366,51
18009,51
17442,51
17431,51
17400,51
17169,51
16990,51
16987,51
16967,51
16940,51
16854,51
16767,51
16740,51
16415,51
16310,51
16282,51
16264,51
16164,51
16142,51
16125,51
16120,51
15352,56
2499,51
13471,51
12814,51
12813,51
12706,51
12466,51
11765,51
11379,51
11261,51
10845,51
10827,51
10757,51
10756,51
10746,51
10737,51
10708,51
10703,51
10632,51
10604,51
10385,51
9700,51
9433,51
9133,51
9107,51
8757,51
8726,51
8706,51
8666,56
21519,51
8363,51
8347,51
8314,51
7767,51
7584,51
7583,51
7015,51
6976,51
444,51
13282,51
13238,51
13007,51
100,51
6353,51
12758,51
12435,51
5849,51
5839,51
12080,51
5485,51
11831,51
5388,51
5260,51
5238,51
5235,51
5207,51
11546,51
11197,51
4741,51
11059,51
10873,51
10754,51
4192,51
4084,51
4080,51
4074,51
3930,51
16783,51
10285,51
6995,51
6965,51
13172,51
330,51
246,51
220,51
198,51
6619,51
3371,51
3105,51
3073,51
2994,51
2993,51
2990,51
2858,51
12407,51
2765,51
9012,51
2555,51
11961,51
11894,51
2257,58
15110,51
5245,51
5231,51
14867,51
1933,51
1912,51
8190,51
14573,51
9706,51
4771,51
17494,53
4641,51
4637,51
1308,51
6000,51
7591,51
9165,51
1147,51
7555,51
1102,51
10724,51
4255,51
1036,51
1023,51
5782,51
974,51
1681,51
870,51
4811,51
4695,51
7099,51
11773,51
895,51
3688,51
3661,51
2843,51
3990,56
16843,51
1498,51
6816,51
8211,51
1158,51
9769,51
9760,51
6492,51
3273,56
16126,51
4097,56
16950,51
13274,51
450,51
10314,51
940,51
9761,51
839,51
10553,51
929,51
2529,51
1068,51
4290,51
5687,55
18540,51
18924,52
18557,52
18222,52
18014,52
17707,52
17568,52
17499,52
17301,52
11866,52
11638,52
11627,52
11459,52
11265,52
10959,52
10619,52
10584,52
9953,52
9559,52
9509,52
9450,52
9203,52
15424,52
8978,52
15171,52
7570,52
791,52
7071,52
13095,56
242,52
249,52
6647,55
19500,52
6576,52
6346,56
19199,52
6128,52
5792,52
5598,52
5382,52
5192,52
5191,52
5139,52
5002,52
17258,53
4405,52
10760,52
10613,52
4173,52
10586,52
10505,52
10449,52
10403,52
13462,52
3838,52
10122,52
13271,52
6757,52
3155,52
8961,52
12152,52
15095,52
11843,52
562,52
2010,52
5168,52
8103,52
6407,52
7873,52
1312,52
10748,52
6677,52
5880,52
6493,52
10506,52
14476,57
1623,52
704,52
3748,52
8206,52
1299,52
7304,52
7311,52
842,52
9365,52
21321,53
19471,53
18374,53
18095,53
17728,53
17343,53
17248,53
17089,53
16897,53
16251,53
16188,53
16177,53
11900,53
11211,53
10796,53
10416,53
10356,53
10318,53
10289,53
9205,53
8246,53
13280,53
12803,53
6058,53
5909,53
5603,55
18456,53
5394,53
11798,53
4795,53
4096,53
7031,53
13244,53
9974,53
2635,53
8728,53
8678,53
8137,53
4809,53
7609,53
15523,53
1074,53
9880,53
982,53
13739,53
3928,53
2952,53
4518,53
1971,53
10831,53
12907,53
21567,54
20834,54
20264,54
19551,54
18849,54
18527,54
18443,54
18389,54
18321,54
17864,54
17277,54
17212,54
17123,54
16667,54
16607,54
16318,54
15484,54
14928,54
14844,54
12725,54
12400,54
12011,54
11789,54
11234,54
10100,54
10062,54
9940,54
9812,54
9201,54
9155,54
15417,54
21046,58
8193,54
7427,54
800,54
7221,54
7177,54
6929,54
13287,54
377,54
6764,54
75,54
6267,54
12605,54
6137,54
12534,54
6083,54
12464,54
5985,54
5611,56
18464,54
18352,56
5499,54
5363,54
5328,54
5190,54
4470,54
4465,56
17318,54
4349,54
4267,54
4215,54
7161,54
13115,54
22,57
12875,54
3211,54
6413,54
2995,54
15253,54
8747,54
5511,54
10200,54
3704,54
3509,54
1682,54
6502,54
12841,54
3207,54
11230,54
7901,54
17282,56
4429,54
9210,54
7569,54
11544,54
3460,54
1040,54
10633,54
7424,54
3390,54
10593,54
7318,54
4069,56
16922,54
857,54
793,54
9563,54
6546,54
504,54
1184,54
284,54
3317,59
16170,54
14922,54
11497,54
3122,54
11752,54
7222,54
816,54
21372,55
16679,55
16393,55
16300,55
15934,55
15708,55
15707,55
15283,55
14586,55
12227,55
12185,55
12067,55
12001,55
11930,55
11908,55
11572,55
11571,55
11098,55
11057,55
10439,55
10402,55
10240,55
10162,55
10092,55
9936,55
9902,55
9878,55
9827,55
9580,55
9577,55
9547,55
9503,55
9335,55
9313,55
9306,55
15496,55
9044,55
8968,55
8928,55
8898,55
8788,55
8785,55
8736,55
15032,55
8556,55
8378,55
8028,55
7955,55
7746,55
7474,55
7385,55
7297,55
7275,55
7250,55
7146,55
7132,55
6861,55
6761,55
6730,55
6509,55
6252,55
6235,55
6043,55
5604,55
5346,55
11756,55
11628,55
4991,55
11154,55
4459,55
4399,55
4389,55
4344,55
4240,55
4193,55
10484,55
10242,55
3787,55
10061,55
6683,55
13059,55
9613,55
9578,55
9477,55
9354,55
2928,55
9255,55
9240,55
5914,55
9116,55
5721,55
12128,55
15208,55
2348,55
8768,55
15082,55
5414,55
10186,55
3750,55
14934,55
420,55
6825,55
13204,55
11433,55
5012,55
85,55
4801,55
8007,55
9587,55
7956,55
7861,55
9422,55
1378,55
9385,55
4523,55
4454,55
4446,55
4384,55
4285,55
1820,55
10610,55
7278,55
828,55
9530,55
6155,55
7776,55
10109,55
7267,55
13223,55
4387,55
9993,55
9992,55
6705,55
9369,55
5720,55
7320,55
12897,55
6875,55
6568,55
7286,55
8912,55
6514,55
8426,55
7622,55
21391,56
21358,56
21131,56
21076,56
21023,56
20829,56
20787,56
20186,56
19658,56
19557,56
19546,56
19433,56
19223,56
19191,56
18782,56
18744,56
18700,56
18674,56
18519,56
18472,56
18459,56
18421,56
18357,56
18302,56
18236,56
18104,56
17780,56
17686,56
17449,56
17410,56
17406,56
17364,56
17352,56
17279,56
17274,56
17269,56
17245,56
17201,56
17103,56
17074,56
17059,56
17007,56
16963,56
16957,56
16935,56
16932,56
16903,56
16794,56
16788,56
16777,56
16774,56
16636,56
16581,56
16257,56
16256,56
16214,56
16139,56
15872,56
15840,56
15551,56
15543,56
15306,56
14904,56
14199,56
12836,56
12799,56
12604,56
12564,56
12465,56
12409,56
12404,56
12399,56
11860,56
11833,56
11801,56
11791,56
11723,56
11706,56
11447,56
11390,56
11352,56
11330,56
11279,56
11260,56
11249,56
11191,56
11183,56
11175,56
11102,56
11071,56
10905,56
10876,56
10750,56
10695,56
10642,56
10332,56
10302,56
10255,56
10080,56
9923,56
9906,56
9892,56
9847,56
9742,56
9704,56
9681,56
9657,56
9603,56
9432,56
9147,56
9110,56
9076,56
9064,56
15389,56
8705,56
8699,56
8663,56
8662,56
8628,56
8599,56
15013,56
8592,56
14912,56
14826,56
8309,56
8151,56
8141,56
8106,56
20959,56
7907,56
7669,56
7477,56
7391,56
7337,56
7314,56
7240,56
7135,56
7032,56
19510,58
6657,56
12806,56
12602,56
12503,56
5973,56
12355,56
12340,56
5908,56
5895,56
5887,56
5858,56
5808,56
5724,56
18577,56
5288,56
11661,56
5201,56
5160,56
11498,56
5057,56
11362,56
4941,56
11198,56
4708,56
4513,56
10902,56
10779,56
4170,56
17023,56
4146,56
4066,56
4048,56
3892,56
16745,56
10264,56
10209,56
6788,56
3534,56
9954,56
3520,56
3157,56
3149,56
3104,56
3010,56
12623,56
12609,56
6180,58
19033,56
9398,56
9348,56
6090,56
9184,56
9182,56
9015,56
5796,56
15409,56
8982,56
12179,56
15386,56
5643,56
8861,56
8765,56
8692,56
8667,56
11863,56
5408,56
6968,56
5371,56
14907,58
2054,56
2025,56
5132,56
1929,56
5115,56
17968,56
259,56
3469,56
1848,56
1839,56
9734,56
8109,56
49,56
9628,56
11225,56
1579,56
4648,56
4632,56
1409,56
3003,56
1406,56
2917,56
1272,56
1156,56
1148,56
10749,56
15556,56
1085,56
7501,56
13908,56
1019,56
176,56
991,56
11397,56
971,56
908,56
8102,56
5670,56
18523,56
2390,56
757,56
718,56
8725,56
7771,56
20624,56
6926,56
925,56
3711,56
14951,56
10808,56
9192,56
3563,56
345,56
10355,56
3472,56
6471,56
3253,56
1656,56
1022,56
1963,56
2942,56
123,56
903,56
8117,56
14941,56
8098,56
1680,56
875,56
1675,56
474,56
894,56
5250,56
6941,56
9554,56
8063,56
1631,56
4071,56
1715,56
1718,56
1356,56
8080,56
9543,56
19492,58
6639,56
13247,56
10311,56
21292,57
20031,57
19325,57
18952,57
18549,57
18465,57
18228,57
16688,57
16289,57
16095,57
15831,57
15767,57
14903,57
13190,57
12861,57
12223,57
12215,57
11945,57
11639,57
11285,57
9668,57
9479,57
9423,57
9326,57
9314,57
9197,57
15563,57
15528,57
8873,57
8209,57
8089,57
8021,57
7023,57
6445,57
12857,57
5719,57
12024,57
11523,57
11202,57
4622,57
4603,57
4507,57
4425,57
10590,57
4081,57
736,57
7119,57
7024,57
6993,57
12910,57
6054,57
9204,57
12208,57
5734,57
486,57
3645,57
5092,57
14499,57
9604,57
2881,57
1077,57
10687,57
4051,57
6944,57
369,57
1966,57
50,57
14805,57
15416,57
15368,57
13694,57
21571,58
21319,58
20352,58
19984,58
19837,58
17416,58
17275,58
17151,58
16893,58
16851,58
16232,58
16100,58
13245,58
12810,58
12743,58
12689,58
11276,58
10794,58
10230,58
9445,58
9252,58
8781,58
8656,58
8585,58
8308,58
8091,58
7810,58
7791,58
13103,58
29,58
6225,58
12546,58
5827,58
5392,58
4785,58
4204,58
4153,58
4091,58
4036,58
10347,58
13251,58
6737,58
302,58
9615,58
12752,58
2902,58
2746,58
12178,58
8849,58
8696,58
8661,58
11830,58
3779,58
2168,58
6953,58
5203,58
1723,58
3216,58
14440,58
5947,58
4306,58
2699,58
14719,58
4052,58
9582,58
6951,58
11599,58
1842,58
9025,58
4127,58
1739,58
2013,58
21404,59
20653,59
19065,59
18676,59
18463,59
18281,59
18277,59
18099,59
17927,59
17776,59
17758,59
17421,59
17067,59
16359,59
15973,59
15929,59
15914,59
15913,59
15859,59
15858,59
15855,59
15643,59
15303,59
12818,59
12778,59
12748,59
12338,59
12278,59
11587,59
11574,59
11558,59
11519,59
11437,59
11327,59
11273,59
11270,59
11064,59
10537,59
10306,59
10299,59
9290,59
8050,59
7496,59
7143,59
6264,59
6060,59
5655,59
5278,59
11065,59
11043,59
10678,59
3720,59
10090,59
9975,59
6623,59
46,59
3016,59
12594,59
15675,59
5972,59
12375,59
8991,59
10191,59
3609,59
8416,59
1845,59
1815,59
7962,59
1407,59
1361,59
2671,59
8088,59
7154,59
1350,59
3723,59
104,59
9550,59
12332,59
9088,59
1785,59
3339,59
105,59
3340,59
8160,59
10563,59
8554,59
3315,59
