21576,0
21574,0
21571,0
21568,0
21567,0
21565,0
21562,0
21553,0
21551,0
21550,0
21532,0
21517,0
21503,0
21502,0
21501,0
21473,0
21469,0
21462,0
21454,0
21429,0
21423,0
21419,0
21404,0
21401,0
21387,0
21369,0
21358,0
21339,0
21321,0
21319,0
21318,0
21297,0
21293,0
21292,0
21267,0
21261,0
21253,0
21251,0
21210,0
21201,0
21177,0
21143,0
21138,0
21133,0
21131,0
21130,0
21096,0
21076,0
21060,0
21023,0
21019,0
21018,0
21007,0
21000,0
20989,0
20946,0
20936,0
20925,0
20919,0
20907,0
20905,0
20902,0
20887,0
20878,0
20840,0
20835,0
20834,0
20829,0
20824,0
20787,0
20778,0
20773,0
20769,0
20757,0
20753,0
20734,0
20721,0
20710,0
20709,0
20699,0
20682,0
20653,0
20641,0
20632,0
20584,0
20552,0
20514,0
20469,0
20467,0
20465,0
20439,0
20420,0
20409,0
20406,0
20398,0
20389,0
20379,0
20377,0
20352,0
20270,0
20267,0
20264,0
20262,0
20230,0
20159,0
20142,0
20137,0
20095,0
20090,0
20089,0
20080,0
20058,0
20048,0
20039,0
20035,0
20034,0
20031,0
20025,0
20013,0
20012,0
20005,0
19998,0
19984,0
19975,0
19959,0
19935,0
19912,0
19895,0
19892,0
19890,0
19874,0
19870,0
19844,0
19839,0
19837,0
19832,0
19831,0
19830,0
19807,0
19802,0
19786,0
19769,0
19763,0
19762,0
19758,0
19744,0
19732,0
19731,0
19711,0
19692,0
19679,0
19658,0
19653,0
19648,0
19645,0
19635,0
19625,0
19571,0
19559,0
19556,0
19551,0
19546,0
19529,0
19515,0
19509,0
19507,0
19505,0
19499,0
19480,0
19478,0
19471,0
19470,0
19464,0
19453,0
19433,0
19432,0
19424,0
19422,0
19420,0
19419,0
19418,0
19411,0
19371,0
19325,0
19312,0
19293,0
19262,0
19256,0
19223,0
19208,0
19191,0
19181,0
19167,0
19155,0
19137,0
19122,0
19092,0
19083,0
19082,0
19077,0
19069,0
19065,0
19062,0
19053,0
19050,0
19045,0
19044,0
19017,0
19006,0
18995,0
18994,0
18992,0
18975,0
18963,0
18962,0
18952,0
18951,0
18932,0
18930,0
18924,0
18922,0
18921,0
18917,0
18902,0
18898,0
18875,0
18872,0
18865,0
18861,0
18860,0
18852,0
18849,0
18842,0
18840,0
18795,0
18782,0
18774,0
18773,0
18768,0
18749,0
18746,0
18738,0
18736,0
18730,0
18719,0
18698,0
18689,0
18682,0
18676,0
18674,0
18667,0
18665,0
18638,0
18621,0
18616,0
18567,0
18557,0
18549,0
18527,0
18519,0
18509,0
18504,0
18495,0
18493,0
18490,0
18488,0
18487,0
18483,0
18481,0
18479,0
18472,0
18467,0
18466,0
18465,0
18463,0
18459,0
18458,0
18454,0
18437,0
18433,0
18430,0
18425,0
18423,0
18421,0
18403,0
18402,0
18392,0
18389,0
18387,0
18374,0
18372,0
18371,0
18367,0
18366,0
18362,0
18357,0
18356,0
18351,0
18339,0
18332,0
18321,0
18313,0
18303,0
18302,0
18281,0
18280,0
18277,0
18271,0
18257,0
18254,0
18252,0
18239,0
18236,0
18234,0
18231,0
18228,0
18225,0
18222,0
18217,0
18191,0
18186,0
18135,0
18104,0
18101,0
18099,0
18095,0
18085,0
18080,0
18071,0
18066,0
18061,0
18050,0
18040,0
18038,0
18037,0
18034,0
18017,0
18014,0
18009,0
17986,0
17963,0
17960,0
17957,0
17956,0
17952,0
17927,0
17922,0
17916,0
17915,0
17900,0
17899,0
17894,0
17892,0
17880,0
17878,0
17877,0
17876,0
17875,0
17872,0
17870,0
17867,0
17864,0
17863,0
17860,0
17857,0
17849,0
17847,0
17839,0
17822,0
17813,0
17812,0
17810,0
17782,0
17780,0
17776,0
17770,0
17766,0
17760,0
17759,0
17758,0
17752,0
17738,0
17731,0
17728,0
17723,0
17719,0
17707,0
17706,0
17700,0
17686,0
17666,0
17652,0
17643,0
17619,0
17612,0
17596,0
17589,0
17579,0
17574,0
17573,0
17569,0
17568,0
17563,0
17562,0
17538,0
17529,0
17511,0
17506,0
17499,0
17488,0
17479,0
17473,0
17472,0
17455,0
17452,0
17449,0
17440,0
17433,0
17431,0
17423,0
17422,0
17421,0
17419,0
17417,0
17416,0
17412,0
17411,0
17410,0
17406,0
17403,0
17400,0
17399,0
17384,0
17365,0
17364,0
17361,0
17359,0
17352,0
17349,0
17343,0
17340,0
17338,0
17335,0
17317,0
17316,0
17315,0
17314,0
17302,0
17301,0
17298,0
17285,0
17279,0
17277,0
17275,0
17274,0
17269,0
17256,0
17248,0
17247,0
17245,0
17236,0
17221,0
17212,0
17201,0
17188,0
17187,0
17177,0
17174,0
17173,0
17169,0
17168,0
17164,0
17152,0
17151,0
17149,0
17146,0
17142,0
17140,0
17137,0
17134,0
17128,0
17127,0
17125,0
17123,0
17117,0
17103,0
17097,0
17095,0
17083,0
17077,0
17075,0
17074,0
17067,0
17060,0
17059,0
17053,0
17048,0
17039,0
17038,0
17036,0
17015,0
17011,0
17007,0
17003,0
17001,0
17000,0
16991,0
16990,0
16989,0
16987,0
16986,0
16983,0
16981,0
16979,0
16969,0
16967,0
16962,0
16961,0
16957,0
16955,0
16946,0
16940,0
16939,0
16935,0
16929,0
16926,0
16903,0
16897,0
16893,0
16885,0
16875,0
16871,0
16854,0
16851,0
16796,0
16794,0
16788,0
16777,0
16776,0
16774,0
16772,0
16767,0
16759,0
16750,0
16749,0
16740,0
16734,0
16714,0
16708,0
16707,0
16695,0
16688,0
16680,0
16676,0
16675,0
16667,0
16658,0
16656,0
16652,0
16651,0
16636,0
16622,0
16607,0
16589,0
16581,0
16577,0
16538,0
16523,0
16512,0
16510,0
16499,0
16495,0
16488,0
16481,0
16463,0
16459,0
16443,0
16434,0
16429,0
16420,0
16419,0
16404,0
16399,0
16369,0
16359,0
16357,0
16354,0
16332,0
16318,0
16311,0
16310,0
16300,0
16289,0
16287,0
16282,0
16279,0
16277,0
16274,0
16264,0
16257,0
16256,0
16241,0
16238,0
16232,0
16216,0
16215,0
16214,0
16212,0
16211,0
16210,0
16207,0
16203,0
16196,0
16194,0
16177,0
16176,0
16171,0
16164,0
16163,0
16159,0
16152,0
16149,0
16146,0
16145,0
16141,0
16139,0
16136,0
16134,0
16125,0
16123,0
16120,0
16115,0
16110,0
16103,0
16100,0
16098,0
16097,0
16095,0
16093,0
16091,0
16086,0
16077,0
16074,0
16041,0
16023,0
15996,0
15993,0
15988,0
15979,0
15973,0
15961,0
15959,0
15950,0
15932,0
15929,0
15918,0
15914,0
15913,0
15912,0
15908,0
15898,0
15885,0
15872,0
15859,0
15858,0
15855,0
15840,0
15831,0
15810,0
15793,0
15785,0
15767,0
15742,0
15736,0
15713,0
2850,14
15703,0
15672,55
2819,0
15666,0
2813,0
15643,0
15636,0
2783,0
15620,0
2767,0
15616,0
2763,0
15597,31
2744,0
15595,0
2742,0
15580,0
15578,0
2725,0
15575,0
2722,0
2720,38
15573,0
15569,0
15565,0
2708,14
15561,0
15551,0
15547,0
15543,0
2687,14
15540,0
2674,1
15527,0
15510,0
15504,0
15503,0
2650,0
15484,0
2630,51
15483,0
15481,0
15478,0
15471,0
15467,0
2611,38
15464,0
15459,14
2606,0
15457,6
2604,0
15447,0
2594,0
15430,21
2577,0
15429,0
2562,72
15415,0
15406,0
2553,0
2534,55
15387,0
15363,0
2504,47
15357,0
15352,0
2499,0
15345,0
2492,0
15315,28
2462,0
15308,0
15306,0
15303,0
15296,0
15292,0
15264,0
2411,0
15258,12
2405,0
15255,0
2393,74
15246,0
15237,0
15234,0
15230,0
15226,0
15219,0
2366,0
15210,0
2357,0
15204,0
2347,6
15200,0
15197,59
2344,0
15194,0
15156,0
2303,0
15122,0
2269,0
15103,0
15060,0
15052,0
15037,0
15012,6
2159,0
2151,29
15004,0
14987,0
14982,0
14981,58
2128,0
14978,0
14971,72
2118,0
14969,47
2116,0
14959,0
2079,39
14932,0
14928,0
14926,0
2073,0
14904,0
14903,0
2033,15
14886,0
14885,0
2029,24
14882,0
14877,0
2024,0
14876,0
2020,7
14873,0
14865,0
2012,0
14860,0
14844,0
14818,0
1965,0
14783,0
14757,0
14736,0
14672,0
14622,10
1769,0
1759,28
14612,0
14604,0
1751,0
1734,74
14587,0
14563,0
14549,59
1696,0
14545,0
1692,0
14544,0
14539,39
1686,0
1684,19
14537,0
1457,3
14310,0
14263,0
14199,0
14069,47
1216,0
13958,18
1105,0
13900,0
1047,0
13790,0
937,0
13757,0
904,0
13721,0
868,0
13711,0
13702,0
849,0
13649,0
13559,0
706,0
13507,0
13471,0
13458,0
13288,0
435,0
13279,0
422,27
13275,0
13263,0
410,0
13256,0
13255,0
402,0
13245,0
13242,0
389,0
13224,6
371,0
13201,0
13190,0
13175,0
322,0
13174,0
13170,0
317,0
13163,0
13139,0
13136,0
13124,0
271,0
13119,0
13096,0
13085,55
232,0
13072,0
13070,0
13064,10
211,0
13046,0
13039,0
186,0
13023,0
13021,0
168,0
13003,0
139,12
12992,0
12963,0
110,0
12956,0
12937,0
12933,63
80,0
12905,0
12893,24
40,0
12885,0
12861,0
12842,0
12836,0
12829,0
12827,0
12818,0
12815,0
12814,0
12813,0
12810,0
12799,0
12791,0
12788,0
12785,0
12778,0
12775,0
12772,0
12763,0
12760,0
12759,0
12755,0
12754,0
12751,0
12748,0
12743,0
12728,0
12725,0
12717,0
12707,0
12706,0
12702,0
12691,0
12690,0
12689,0
12683,0
12680,0
12677,0
12672,0
12670,0
12668,0
12660,0
12651,0
12647,0
12633,0
12630,0
12627,0
12625,0
12621,0
12611,0
12604,0
12579,0
12574,0
12573,0
12564,0
12563,0
12557,0
12531,0
12529,0
12521,0
12502,0
12492,0
12490,0
12489,0
12485,0
12473,0
12466,0
12465,0
12461,0
12460,0
12457,0
12449,0
12443,0
12442,0
12432,0
12423,0
12409,0
12404,0
12400,0
12399,0
12374,0
12345,0
12344,0
12339,0
12338,0
12318,0
12317,0
12313,0
12302,0
12298,0
12286,0
12281,0
12278,0
12276,0
12259,0
12250,0
12249,0
12246,0
12225,0
12224,0
12223,0
12222,0
12216,0
12215,0
12202,0
12197,0
12195,0
12191,0
12156,0
12135,0
12125,0
12117,0
12106,0
12094,0
12073,0
12059,0
12049,0
12046,0
12044,0
12040,0
12028,0
12027,0
12011,0
12010,0
12005,0
11983,0
11981,0
11970,0
11957,0
11945,0
11935,0
11910,0
11909,0
11907,0
11900,0
11888,0
11867,0
11866,0
11860,0
11855,0
11854,0
11848,0
11841,0
11826,0
11822,0
11812,0
11808,0
11802,0
11801,0
11795,0
11793,0
11791,0
11789,0
11768,0
11765,0
11746,0
11743,0
11728,0
11723,0
11722,0
11711,0
11706,0
11663,0
11639,0
11638,0
11627,0
11625,0
11623,0
11617,0
11602,0
11587,0
11580,0
11579,0
11574,0
11563,0
11559,0
11558,0
11551,0
11545,0
11541,0
11527,0
11522,0
11519,0
11514,0
11508,0
11490,0
11487,0
11484,0
11468,0
11466,0
11460,0
11459,0
11447,0
11446,0
11444,0
11440,0
11437,0
11431,0
11430,0
11418,0
11413,0
11406,0
11405,0
11403,0
11400,0
11396,0
11390,0
11381,0
11379,0
11374,0
11372,0
11371,0
11370,0
11369,0
11357,0
11349,0
11348,0
11344,0
11330,0
11327,0
11299,0
11297,0
11292,0
11291,0
11287,0
11285,0
11279,0
11278,0
11276,0
11274,0
11273,0
11272,0
11270,0
11265,0
11261,0
11260,0
11257,0
11255,0
11253,0
11252,0
11251,0
11249,0
11243,0
11236,0
11234,0
11221,0
11220,0
11211,0
11210,0
11205,0
11191,0
11185,0
11181,0
11179,0
11175,0
11174,0
11173,0
11171,0
11170,0
11149,0
11144,0
11137,0
11126,0
11123,0
11104,0
11103,0
11102,0
11101,0
11093,0
11088,0
11076,0
11074,0
11071,0
11064,0
11063,0
11056,0
11048,0
11041,0
11039,0
11035,0
11015,0
10998,0
10992,0
10989,0
10978,0
10959,0
10947,0
10941,0
10922,0
10918,0
10905,0
10903,0
10901,0
10899,0
10892,0
10887,0
10876,0
10847,0
10845,0
10834,0
10827,0
10817,0
10816,0
10811,0
10794,0
10788,0
10773,0
10757,0
10750,0
10743,0
10742,0
10738,0
10737,0
10729,0
10721,0
10717,0
10715,0
10714,0
10708,0
10704,0
10703,0
10702,0
10699,0
10695,0
10693,0
10665,0
10642,0
10638,0
10634,0
10632,0
10619,0
10618,0
10612,0
10611,0
10609,0
10608,0
10606,0
10604,0
10584,0
10559,0
10555,0
10551,0
10545,0
10537,0
10530,0
10508,0
10498,0
10470,0
10467,0
10458,0
10455,0
10453,0
10445,0
10434,0
10429,0
10423,0
10404,0
10388,0
10387,0
10385,0
10377,0
10371,0
10361,0
10359,0
10348,0
10342,0
10335,0
10334,0
10332,0
10328,0
10322,0
10318,0
10310,0
10306,0
10302,0
10299,0
10292,0
10289,0
10284,0
10282,0
10280,0
10272,0
10265,0
10258,0
10255,0
10245,0
10243,0
10240,0
10237,0
10233,0
10230,0
10219,0
10197,0
10173,0
10146,0
10140,0
10114,0
10112,0
10110,0
10107,0
10100,0
10098,0
10096,0
10086,0
10080,0
10067,0
10062,0
10057,0
10049,0
10048,0
10042,0
10038,0
10002,0
9976,0
9971,0
9967,0
9965,0
9956,0
9953,0
9940,0
9927,0
9925,0
9923,0
9918,0
9915,0
9906,0
9905,0
9902,0
9892,0
9874,0
9872,0
9869,0
9866,0
9858,0
9853,0
9850,0
9847,0
9844,0
9829,0
9822,0
9814,0
9812,0
9804,0
9797,0
9795,0
9787,0
9779,0
9771,0
9755,0
9752,0
9746,0
9744,0
9742,0
9733,0
9728,0
9720,0
9712,0
9707,0
9689,0
9681,0
9668,0
9661,0
9657,0
9654,0
9642,0
9641,0
9618,0
9607,0
9606,0
9603,0
9599,0
9590,0
9561,0
9559,0
9557,0
9544,0
9535,0
9527,0
9509,0
9505,0
9489,0
9479,0
9473,0
9465,0
9453,0
9450,0
9445,0
9433,0
9432,0
9423,0
9413,0
9410,0
9408,0
9393,0
9356,0
9352,0
9330,0
9326,0
9324,0
9315,0
9314,0
9299,0
15717,0
9296,0
9290,0
9285,0
9280,0
15694,0
9265,0
15674,0
9253,0
9252,0
9242,0
15656,0
2803,0
2800,31
15653,0
9232,0
9229,0
9207,0
9205,0
2771,6
15624,0
9203,0
9201,0
9197,0
9187,0
9161,0
15581,0
2728,0
9160,0
9156,0
9155,0
15568,0
9147,0
15563,0
9142,0
9134,0
15548,10
2695,0
9127,0
15545,0
9124,0
9110,0
15528,0
9107,0
9104,0
9100,0
2658,44
15511,0
9090,0
9075,0
9072,0
9065,0
15485,0
9064,0
9053,0
9048,0
15468,0
9047,0
9045,0
15454,0
9031,0
9020,0
15424,0
15417,0
8996,0
15413,0
2560,0
8978,0
8977,0
15389,0
8962,0
8948,0
15366,0
2513,0
8945,0
15365,0
2512,0
8944,0
8932,0
2496,1
15349,0
2484,44
15337,0
8916,0
15335,0
2482,0
8914,0
15329,0
2476,0
15327,11
2474,0
8906,0
15314,0
2458,15
15311,0
15294,0
8873,0
8866,0
8863,0
15281,27
2428,0
8859,0
15278,0
8857,0
2421,74
15274,0
8853,0
8845,0
8836,0
8835,0
2397,74
15250,0
2391,12
15244,0
8823,0
15223,0
2370,0
15220,0
8799,0
8784,0
8781,0
8780,0
15198,0
8777,0
8757,0
8755,0
15171,0
8748,0
2308,39
15161,0
8732,0
8726,0
15138,0
8717,0
8716,0
8713,0
8711,0
8710,0
2275,14
15128,0
8707,0
8706,0
8705,0
8704,76
21557,0
8699,0
8688,0
21541,0
8685,0
21538,0
8684,0
15104,77
2251,0
8683,0
21536,0
8677,0
8676,0
8666,0
21519,0
8663,0
8656,0
8654,0
8644,0
8641,0
8638,0
21491,0
21489,10
8636,0
15056,77
2203,0
8628,0
8618,0
8614,0
8613,0
21466,0
15032,0
8611,0
15031,0
8610,0
15029,0
8608,0
15028,7
2175,0
21460,15
8607,0
8606,0
21455,72
8602,0
2167,15
15020,0
8599,0
21451,57
8598,0
21448,72
8595,0
15013,0
8585,0
21431,24
8578,0
8571,0
14988,0
8567,0
14984,0
21416,24
8563,0
14983,10
2130,0
14974,0
2121,0
21406,14
8553,0
14967,63
2114,0
8546,0
8544,0
8543,0
14962,57
2109,0
8541,0
21394,0
8540,24
21393,0
8526,0
8514,0
14933,65
2080,0
8512,0
14930,0
21362,47
8509,0
21359,57
8506,0
14923,0
14918,0
2065,0
21350,47
8497,0
8496,0
21346,10
8493,0
14912,0
14911,0
8489,27
21342,0
14909,0
2056,0
8480,0
21333,0
2047,10
14900,0
8479,0
8478,0
21325,24
8472,0
8453,0
14872,0
8451,0
14859,0
2006,0
8438,0
21291,0
8435,0
21285,37
8432,0
21281,56
8428,0
8425,14
21278,0
14828,0
1975,0
21259,44
8406,0
14826,0
8405,0
21254,10
8401,0
21227,72
8374,0
8373,0
14785,0
1932,0
8363,0
21214,25
8361,0
8359,0
8351,0
8349,0
21202,0
8347,0
8344,37
21197,0
21195,72
8342,0
21175,56
8322,0
8314,0
8309,0
14729,0
8308,0
21140,52
8287,0
14697,0
8276,0
21129,0
8275,44
21128,0
21117,27
8264,0
21112,14
8259,0
21105,47
8252,0
8246,0
8244,30
21097,0
8240,30
21093,0
8234,0
21078,22
8225,0
14642,0
1789,0
21073,64
8220,0
8217,0
8214,0
21067,0
8212,0
21065,0
8209,0
14626,0
1773,0
8205,0
8199,0
8198,30
21051,0
8197,0
21050,0
8193,0
21046,0
8178,0
21031,0
8177,0
21030,0
8167,0
21016,56
8163,0
8138,0
8134,0
20984,72
8131,0
20983,47
8130,0
14547,6
1694,0
8126,0
8125,0
20972,72
8119,0
8108,0
8106,0
20959,0
1659,52
14512,0
8091,0
8089,0
1653,12
14506,0
20938,15
8085,0
8068,0
8056,28
20909,0
20904,44
8051,0
8050,0
8045,0
20898,0
8039,0
8021,0
8016,12
20869,0
8015,0
20865,30
8012,0
8010,0
14418,0
20833,24
7980,0
7979,0
7977,0
14395,0
7974,0
14393,0
20825,24
7972,0
1536,72
14389,0
7968,0
7963,0
20814,72
7961,0
7955,0
7952,0
7942,32
20795,0
7939,0
20792,0
7937,0
20790,0
7935,0
7930,0
7928,0
7922,72
20775,0
7912,0
7903,0
7897,0
7896,0
14315,0
20747,72
7894,0
1461,10
14314,0
20746,14
7893,0
7891,0
20744,0
7879,0
7876,0
20728,24
7875,0
7874,0
14293,0
1440,0
7872,0
20725,0
7869,0
7847,0
7840,32
20693,0
7839,0
7831,0
7826,57
20679,0
7823,0
20673,14
7820,0
20671,24
7818,0
20669,28
7816,0
7814,0
20667,0
7813,64
20666,0
7810,0
7809,0
20662,0
20650,1
7797,0
1359,39
14212,0
7791,0
7789,0
7767,0
7757,0
7755,0
7749,0
1293,74
14146,0
7710,0
14099,29
1246,0
20531,57
7678,0
20527,23
7674,0
7671,0
20523,1
7670,0
7669,0
20497,44
7644,0
7643,0
20496,0
7642,0
7639,0
7636,31
20489,0
20480,15
7627,0
20476,26
7623,0
7611,0
7606,0
20459,0
20457,69
7604,0
20453,77
7600,0
7596,0
20446,24
7593,0
7592,0
20438,72
7585,0
7584,0
7583,0
7576,0
7570,0
20419,28
7566,0
7557,0
7552,0
20401,47
7548,0
7541,0
7534,0
20386,47
7533,0
20384,47
7531,0
20367,57
7514,0
20365,47
7512,0
20363,14
7510,0
20357,72
7504,0
7496,0
7488,6
20341,0
13904,0
20334,56
7481,0
7477,0
7475,0
20328,0
20319,28
7466,0
7452,0
1017,14
13870,0
20300,57
7447,0
7442,0
20286,24
7433,0
7427,0
13834,0
7408,0
20261,0
7406,0
20259,0
7394,0
20247,0
7391,0
7386,0
7379,0
20232,0
20223,24
7370,0
20220,57
7367,0
7363,31
20216,0
7357,0
20210,0
7355,0
7352,0
7344,0
20195,24
7342,0
7337,0
13753,0
20176,14
7323,0
7322,0
13735,0
882,0
7314,0
20165,57
7312,0
20112,10
7259,0
7253,0
7247,0
7240,0
13656,0
7225,0
800,0
7220,0
7216,0
780,11
13633,0
791,0
7209,0
758,14
13611,0
7177,0
745,0
7166,0
20019,0
7148,59
20001,0
725,0
722,0
7143,0
714,0
7135,0
7126,0
679,0
13532,0
7074,10
19927,0
7066,0
7064,0
7058,0
7047,0
7032,0
7030,0
7029,0
19882,0
7023,0
7015,0
13435,0
7014,0
19867,0
7013,0
19866,0
19865,72
7012,0
7008,0
19854,26
7001,0
555,0
6976,0
13393,0
551,0
13404,0
6972,0
6970,0
19823,0
6955,21
19808,0
6929,0
6928,19
19781,0
6922,0
19775,0
6917,0
6913,0
19766,0
6894,0
467,0
13320,0
6888,0
6881,32
19734,0
6874,76
19727,0
13290,0
6869,0
13287,0
6866,0
19719,0
13286,0
13282,0
13281,0
439,0
13292,0
19713,70
6860,0
13280,0
438,0
13291,0
13270,0
6849,69
19702,0
6819,0
13238,0
6817,0
377,0
19651,11
6798,0
19644,26
6791,0
13210,0
19642,57
6789,0
13200,0
352,0
13205,0
13191,49
338,0
349,0
6770,0
13186,0
13185,0
343,0
13196,0
6764,0
13184,0
331,0
342,30
13195,0
13168,0
315,0
13159,0
311,0
6732,0
13151,0
6726,0
304,0
13157,0
19572,52
6719,0
6716,0
290,0
6709,12
19562,0
6707,0
19560,0
281,0
6697,0
13105,0
13103,0
6682,0
13113,49
260,0
6681,49
19534,0
13095,0
242,0
6674,0
249,0
13089,0
236,0
247,0
6660,0
13078,0
225,0
6657,0
19510,0
6647,59
19500,0
203,50
13056,0
214,39
13067,0
13053,0
6632,0
6630,0
19483,0
13043,0
201,7
13054,0
19475,72
6622,0
19448,45
6595,0
157,0
6578,0
6576,0
6562,0
6561,0
12959,0
6537,0
6528,6
19381,0
6527,0
19380,0
6524,14
19377,0
19374,28
6521,0
86,0
6507,0
19360,0
71,32
12924,0
82,24
12935,0
12917,0
64,0
75,0
6494,0
6473,0
42,0
6463,0
6460,0
37,11
12890,0
29,0
6450,0
13,44
12866,0
6445,0
6441,0
19294,0
6438,0
19291,0
6437,44
19290,0
12857,0
6436,0
6434,0
12848,0
19280,29
6427,0
12806,0
6385,21
19238,0
12803,0
6382,0
12797,0
6376,0
6375,0
6373,0
6372,0
6368,0
6361,0
12774,0
6353,0
6350,0
6349,0
6348,0
12767,0
6346,0
19199,0
6341,0
12761,0
6340,0
19193,0
12758,0
6337,0
6335,0
19170,72
6317,0
6315,0
12732,0
12703,0
6282,0
6278,0
12698,0
6277,0
12694,0
12692,0
12688,0
6267,0
12685,0
6264,0
6248,49
19101,0
6244,11
19097,0
12661,0
12655,0
6234,44
19087,0
12654,0
12648,0
12646,0
6225,0
12644,0
12641,0
6220,0
19073,0
12639,0
6218,0
6217,0
12636,0
6215,0
6214,0
6208,0
12620,0
6189,0
19042,0
12608,0
12605,0
6184,0
19037,0
12602,0
12599,0
6178,0
6177,0
6169,0
19022,0
12559,0
6137,0
18988,69
6135,0
12555,0
6128,0
12546,0
6125,0
12534,0
6113,0
12524,0
12515,0
6092,45
18945,0
12512,0
6091,0
18944,0
12507,0
6086,0
6085,75
18938,0
12504,0
6083,0
12503,0
6082,0
12488,0
6067,0
18920,0
6063,0
6060,0
6058,0
12472,0
6051,14
18904,0
12469,0
12468,0
12464,0
6035,7
18888,0
6034,0
12454,0
6027,0
6025,0
12441,0
6020,0
18873,0
12435,0
6014,57
18867,0
5998,37
18851,0
5985,0
12398,0
12394,0
12390,0
5958,0
18811,0
5946,0
5937,0
5935,0
12355,0
5934,0
5930,72
18783,0
12340,0
12333,0
5912,10
18765,0
5901,31
18754,0
12321,0
5889,0
12309,0
5888,0
5887,0
5886,0
18739,0
18732,72
5879,0
18721,72
5868,0
5858,0
5854,0
12270,0
5849,0
5842,0
12260,0
5839,0
5835,0
18688,0
5830,0
5827,0
5826,0
5818,0
12236,0
5815,0
5810,30
18663,0
12229,0
5808,0
12221,0
5800,0
12219,0
5798,0
12213,0
5792,0
5789,0
5767,0
12171,0
5740,0
5739,0
18592,0
12159,0
5727,0
5724,0
18577,0
5719,0
12138,0
5717,0
18570,0
5713,0
18566,0
12133,0
5712,65
18565,0
12132,0
5711,0
18564,0
12131,0
5710,0
18563,0
12127,0
5706,0
12122,0
5701,59
18554,0
5692,0
5690,0
5689,0
5684,0
5675,0
12093,0
5672,0
5667,0
18520,0
12084,0
5660,0
12080,0
5659,0
5655,0
12068,0
5644,44
18497,0
5641,0
12050,0
12048,0
5627,0
5617,14
18470,0
5615,0
5611,0
18464,0
5609,29
18462,0
12024,0
5603,31
18456,0
5602,14
18455,0
5598,0
12016,0
5595,14
18448,0
5592,49
18445,0
5585,0
18438,0
11997,0
5576,26
18429,0
11996,0
5567,0
18420,0
5566,26
18419,0
5565,72
18418,0
5564,0
5563,0
11982,0
5561,0
5559,0
11979,0
5558,0
5554,0
18407,0
5544,49
18397,0
11958,0
5537,51
18390,0
11953,0
5532,58
18385,0
5530,14
18383,0
5522,12
18375,0
11941,0
5520,0
5517,0
5508,0
5505,0
11923,0
11920,0
5499,0
18352,0
5495,72
18348,0
5491,0
5485,0
5483,72
18336,0
18334,55
5481,0
5477,0
5475,14
18328,0
5470,0
18323,0
5465,0
5453,0
11872,0
18300,19
5447,0
11859,0
11850,0
5429,0
11847,0
5423,65
18276,0
5421,0
5411,0
11831,0
5410,0
5400,0
18253,0
5398,0
11817,0
18249,74
5396,0
5394,0
5392,0
11811,0
5390,31
18243,0
18242,72
5389,0
5388,0
5382,0
5379,0
5363,0
11771,0
5350,0
5349,0
11767,0
5345,0
11763,0
5335,0
18188,0
5334,0
18187,0
11753,0
5332,0
11751,0
5330,0
5328,0
5323,18
18176,0
5309,0
5303,0
18152,10
5299,0
5297,72
18150,0
11717,0
5296,31
18149,0
11714,0
5293,0
5291,0
5288,0
11708,0
5287,0
11707,0
5286,0
5281,0
5278,0
5274,0
5273,0
5272,0
5270,0
5264,0
5260,0
18109,21
5256,0
5255,18
18108,0
11665,0
5244,0
11664,0
18096,56
5243,0
11661,0
5240,0
18093,0
5238,0
11658,0
5237,0
5235,0
5234,0
18079,76
5226,0
5222,0
18075,0
5220,0
5214,0
18065,10
5212,0
5210,0
5207,0
5205,0
5201,0
18048,57
5195,0
5194,0
5191,0
5190,0
5188,0
5183,0
18036,0
5177,0
11597,0
5176,0
18029,0
18028,10
5175,0
5172,0
5171,0
5167,0
5160,0
5148,0
18001,0
5141,0
5139,0
11555,0
5134,0
5128,26
17981,0
5126,0
17979,0
11546,0
17978,52
5125,0
11539,0
5118,0
5117,0
17967,28
5114,0
11523,0
5102,0
5097,0
17950,0
5095,26
17948,0
11515,0
5091,0
5090,58
17943,0
11507,0
11506,0
11505,0
5081,0
11498,0
5077,29
17930,0
5072,25
17925,0
11492,0
5071,0
5070,0
17923,0
5060,0
5058,31
17911,0
5054,12
17907,0
5053,12
17906,0
11465,0
5044,55
17897,0
11464,0
5043,49
17896,0
11455,0
5034,15
17887,0
11450,0
5021,32
17874,0
11441,0
5020,0
17873,0
5013,11
17866,0
5002,0
4987,0
4983,0
17834,72
4981,0
11386,0
4965,0
11377,0
11373,0
4952,0
11362,0
4941,0
4933,0
4922,0
17775,0
4910,0
17763,0
11324,0
4903,0
11322,0
17753,47
4900,0
17751,72
4898,0
11315,0
4894,0
11314,0
4893,0
17746,0
4890,0
4867,0
11271,0
17703,27
4850,0
4848,0
17701,0
4835,0
17688,0
17677,52
4824,0
11242,0
4821,6
17674,0
11241,0
11239,0
4818,0
17671,0
11237,0
4816,0
11233,0
4812,0
17660,72
4807,0
11227,0
4806,0
17659,0
17651,55
4798,0
4796,0
4795,0
4785,0
11202,0
4781,0
4779,0
17632,0
4776,0
4773,0
4768,0
11177,0
4756,0
4751,0
11168,0
11166,0
11163,0
17595,76
4742,0
4733,0
4717,0
4714,0
11134,0
11133,0
4712,0
4711,0
4708,0
11113,0
17545,72
4692,0
17543,72
4690,0
4689,0
4687,0
17540,0
11100,0
4679,0
4666,3
17519,0
11086,0
4665,0
17518,0
4657,0
4654,0
17507,0
11065,0
4644,0
4640,0
11059,0
4638,0
17491,0
4634,0
4625,0
17478,0
11043,0
4622,0
4621,0
4606,0
4605,0
11025,0
4604,0
17457,0
4603,0
4600,0
4595,0
17448,0
4593,0
17446,0
4592,0
4591,0
11007,0
4583,31
17436,0
4579,0
17432,0
4576,0
17429,0
4574,0
4555,67
17408,0
4552,0
17405,0
4541,0
4537,0
4536,0
17389,0
4524,0
4510,0
4507,0
4493,0
17346,0
10902,0
4481,0
17334,0
4477,64
17330,0
4476,14
17329,0
4470,0
4465,0
17318,0
4458,0
17311,0
4453,0
17306,0
10873,0
4452,59
17305,0
4451,23
17304,0
10860,0
4439,23
17292,0
4438,7
17291,0
4436,0
17289,0
4425,0
4407,0
17260,0
10826,0
4405,0
17258,0
4398,6
17251,0
4397,12
17250,0
10809,0
4388,32
17241,0
4386,0
17239,0
4371,0
17224,0
4370,28
17223,0
10790,0
4369,0
10787,0
10786,0
4365,0
4364,0
10779,0
10774,0
4353,49
17206,0
4349,0
10768,0
4347,0
4346,77
17199,0
4345,0
4343,0
17196,0
10760,0
4339,0
4333,0
17186,0
10744,0
4323,0
4318,10
17171,0
10734,0
4313,47
17166,0
4310,0
17163,0
4301,0
17154,0
4297,0
4286,0
4276,10
17129,0
10688,0
4267,0
10682,0
4259,0
10678,0
10674,0
4249,0
17102,0
4246,0
17099,0
4245,32
17098,0
10662,0
10661,0
4238,0
17091,0
4237,0
4231,0
17084,0
4229,0
17082,0
4228,32
17081,0
4215,0
4205,27
17058,0
10625,0
4204,0
4199,0
17052,0
4193,0
10613,0
4192,0
17035,14
4182,0
17031,57
4178,0
10596,0
4175,0
17028,0
10594,0
4173,0
4170,0
17023,0
10590,0
4167,0
10586,0
4165,0
10581,0
4160,0
4159,0
17012,0
4156,0
17005,37
4152,0
4149,0
4146,0
10566,0
16992,63
4139,0
4129,0
4122,0
16975,0
10541,0
4120,0
16973,0
4117,0
16970,0
4115,21
16968,0
4113,0
16966,0
4105,0
4103,0
4096,0
10515,0
4094,0
4091,0
4089,0
10509,0
4088,3
16941,0
10505,0
4084,0
4081,0
4080,0
4075,0
4074,0
4067,0
4066,0
16918,77
4065,0
4061,0
4048,0
4041,0
4036,0
16888,25
4035,0
16886,11
4033,0
10449,0
4028,0
4027,0
10447,0
4026,0
10446,0
797,0
7218,0
20071,0
4015,77
16868,0
3999,55
16852,0
10418,0
3997,0
16850,0
7196,0
10414,0
3991,0
7192,26
20045,0
16838,6
3985,0
764,0
7185,39
20038,0
10403,0
16835,6
3982,0
3980,0
16833,0
10394,0
16826,63
3973,0
7161,0
3958,25
16811,0
736,0
7155,27
20008,0
7136,63
19989,0
10354,0
7133,10
19986,0
3930,0
16783,0
7129,0
19982,0
10347,0
3926,0
16779,0
7119,0
3916,0
7115,26
19968,0
3912,0
7111,0
19964,0
3908,0
16761,0
10313,0
3892,0
16745,0
3886,0
16739,0
7087,0
3884,27
16737,0
3879,0
7077,12
19930,0
3873,0
16726,0
7075,0
7073,0
10291,0
3870,27
16723,0
7070,0
7068,0
16718,63
3865,0
7067,0
10285,0
16717,74
3864,0
3858,32
16711,0
7060,51
19913,0
3857,31
16710,0
3856,0
3853,14
16706,0
7049,21
19902,0
3846,0
7046,0
10264,0
3843,0
3841,0
10261,0
13462,0
7041,0
3838,0
3830,0
7031,0
3828,63
16681,0
16678,59
3825,0
7024,0
10238,0
7011,0
19864,0
3801,14
16654,0
7003,0
19856,0
16653,6
3800,0
3797,64
16650,0
6999,0
3796,0
16649,0
6998,0
10216,0
3795,0
16648,0
6996,0
10214,0
3793,0
16646,0
6995,0
3792,0
16645,0
6993,0
3790,0
10209,0
6985,0
3777,0
16630,0
16628,57
3775,0
10192,0
3768,49
16621,0
544,0
559,0
16615,56
3762,0
6961,0
3758,0
16611,0
6975,21
19828,0
552,0
3743,0
6939,0
518,0
3721,44
16574,0
3720,0
6920,0
19773,0
19788,1
6935,0
16570,63
3717,0
498,0
10122,0
16554,44
3701,0
6884,0
19737,0
478,0
10102,0
3681,0
470,0
3673,0
6872,0
6887,0
10090,0
464,0
10088,0
6852,0
13271,0
6850,14
19703,0
10068,0
10061,0
3640,0
16493,0
13261,0
408,0
3637,26
16490,0
405,38
13258,0
416,0
13269,0
6837,26
19690,0
10052,0
10041,0
16472,32
3619,0
13236,0
6815,0
13251,0
409,0
13262,0
3612,3
16465,0
13244,0
6797,27
19650,0
10015,0
3594,0
3589,0
16442,0
6788,0
10000,0
16432,49
3579,0
374,0
3577,0
16430,0
366,0
13188,0
13199,27
346,0
13214,25
361,0
16417,10
3564,0
6762,0
356,0
3559,0
6757,0
9975,0
16407,76
3554,0
9974,0
3553,0
16395,45
3542,0
13180,0
16394,38
3541,0
6737,0
6752,0
3534,0
330,0
9954,0
16386,72
3533,0
13144,0
302,0
9941,0
3520,0
13116,0
3492,0
13115,0
273,0
13126,0
9912,0
3491,0
3490,0
16343,0
9909,0
3488,0
3480,0
9884,0
3463,0
16316,0
3461,0
16314,0
6659,0
19512,0
3456,0
6655,0
3452,0
246,0
3449,0
13062,0
220,0
3438,0
6638,27
19491,0
6653,1
19506,0
16288,39
3435,0
3425,0
16278,0
6623,0
9841,0
3420,0
19474,11
6621,0
6619,0
213,0
3415,0
191,0
6612,0
3409,0
16262,0
3399,0
16252,0
3389,0
6581,0
9799,0
3378,0
12996,55
143,0
13011,0
3372,0
16225,0
9792,0
3371,0
3367,0
135,69
12988,0
6556,0
19409,0
16206,72
3353,0
3352,0
12981,0
128,0
9763,0
3342,0
16195,0
124,0
3327,0
3309,0
66,7
12919,0
19351,55
6498,0
3295,0
16148,0
12910,0
68,0
3271,0
3266,0
16119,0
12900,0
47,0
58,0
3261,0
12875,0
22,0
6454,57
19307,0
3251,0
12888,0
46,0
3249,0
12853,0
6432,0
19285,0
12846,0
6425,0
16075,73
3222,0
3211,0
12834,0
6413,0
16063,21
3210,0
9615,0
3194,0
16045,25
3192,0
3189,0
3187,0
3184,52
16037,0
3180,0
3157,0
6358,0
3155,0
3154,0
6356,0
3153,0
16006,0
6352,0
9570,0
3149,0
9560,0
3139,0
15984,11
3131,0
6331,0
9549,0
15981,58
3128,0
3118,0
3115,0
15968,0
9532,0
3111,0
15964,0
3110,0
15963,0
12731,0
6310,14
19163,0
3107,0
15960,0
9526,0
3105,0
3104,0
3100,0
6301,0
15951,50
3098,0
12716,0
3092,0
3086,0
15939,0
12697,0
6276,0
3073,0
12696,0
6275,32
19128,0
3072,0
15925,0
3071,0
15924,0
3069,0
9488,0
3062,0
3056,0
15909,0
3051,0
15901,32
3048,0
3047,0
15900,0
3040,0
3039,0
15892,0
3038,0
15889,24
3036,0
3034,0
12652,0
15881,72
3028,0
3023,0
15876,0
9437,0
3016,0
3013,0
9431,0
3010,0
12632,0
3008,0
15861,0
3007,0
12623,0
6202,0
2999,0
6201,0
15851,26
2998,0
2995,0
9415,0
9414,0
2990,0
6188,0
19041,0
2985,0
15838,0
2983,0
9403,0
2982,0
6180,22
19033,0
9398,0
2977,0
2973,0
9392,0
2971,0
12594,0
15823,47
2970,0
15821,27
2968,0
2965,0
2962,0
2959,0
2955,0
15808,0
15807,47
2954,0
2950,0
15803,0
2933,0
2930,0
9349,0
9348,0
2927,0
15780,0
2926,0
6121,0
12540,0
6119,0
9336,0
2915,32
15768,0
2907,0
2902,0
6090,0
2887,0
6075,0
9293,0
2872,0
9288,0
2867,0
9279,0
2858,0
12480,0
6059,0
15698,0
9277,0
2853,0
6054,0
9272,0
15704,58
2851,0
9271,0
2847,0
12463,0
6042,11
18895,0
12462,0
15680,56
2827,0
9259,0
2838,0
15691,0
15675,0
2833,0
6030,0
6023,0
9239,0
2818,0
6018,0
15668,58
2815,0
15641,0
9220,0
2799,0
2793,0
2792,0
2791,0
9208,0
12407,0
5986,0
9204,0
18828,14
5975,0
5972,0
9190,0
2757,58
15610,0
9189,0
2768,45
15621,0
12389,0
2754,25
15607,0
2765,0
2764,0
15617,0
2752,72
15605,0
9184,0
12386,0
5965,0
2762,0
5964,0
9182,0
15602,0
9181,0
15613,7
2760,0
5955,0
12375,0
5954,0
18807,0
15593,0
9172,0
5951,0
15590,1
2737,0
2746,0
15584,0
9163,0
15579,0
9158,0
5932,0
2718,15
15571,0
2729,0
15560,0
9139,0
2711,0
5898,72
18751,0
12315,0
2688,0
5875,0
18728,0
2672,0
9087,0
2666,0
15501,0
2648,0
15494,0
2652,0
9069,0
18703,72
5850,0
2647,0
5848,0
9059,0
2638,0
2635,0
9032,0
15451,0
2609,0
15462,0
12226,0
18658,52
5805,0
2602,28
15455,0
15438,0
2585,0
2596,0
9015,0
5796,0
9014,0
2593,72
15446,0
9012,0
2591,0
18646,27
5793,0
2579,12
15432,0
12209,0
5788,0
15427,0
2574,0
12208,0
5787,0
2578,0
12201,0
5780,0
8998,0
8991,0
2570,0
15411,0
2558,0
2569,0
15409,0
5765,0
2551,69
15404,0
8982,0
5762,0
2559,0
15400,0
12179,0
15397,0
2544,0
12178,0
2543,64
15396,0
8975,0
2554,0
5756,0
2550,0
12172,0
5751,0
18604,0
2546,0
15386,0
5746,0
18599,0
12164,0
5743,0
8961,0
5742,0
18595,0
2532,0
5734,0
2531,0
15384,0
2530,0
12152,0
2528,0
2520,0
8933,0
5686,0
18539,0
15325,0
8903,0
5678,1
18531,0
2475,0
5677,72
18530,0
8895,0
15310,0
8880,0
5643,0
8861,0
2435,0
12053,0
8850,0
8849,0
15263,0
2410,0
2419,0
15253,0
8830,0
15240,0
2386,26
15239,0
15227,0
2374,0
8806,0
2385,0
5586,0
2383,0
12003,0
5582,72
18435,0
2379,0
5579,0
18432,0
2376,0
8778,0
8768,0
8765,0
11961,0
15179,0
2326,0
8756,0
8747,0
5526,0
2323,0
5523,0
18376,0
2310,0
11932,0
5511,0
15149,0
2307,0
11915,0
8696,0
11895,0
5474,0
8692,0
2271,0
11894,0
18326,72
5473,0
2259,51
15112,0
8691,0
11893,0
5472,0
15111,0
8690,0
11892,0
5471,0
15110,0
2257,0
8689,0
5469,0
8686,0
21539,0
15118,23
2265,0
8681,0
2260,0
18309,74
5456,0
15095,0
8674,0
18308,11
5455,0
18307,15
5454,0
15093,0
2240,0
8672,0
11873,0
2238,59
15091,0
8670,0
21523,0
21521,73
8668,0
2247,0
2246,0
11864,0
5443,0
18296,0
15082,0
8661,0
11863,0
2239,0
11862,0
11861,0
5440,0
8658,0
11858,0
2231,0
2228,0
15067,0
11843,0
15061,0
11837,0
15055,0
2202,0
8632,0
11830,0
5409,0
15048,0
2206,0
11829,0
5408,0
15045,0
8624,0
21477,0
8623,0
8619,0
15038,0
8615,0
6982,0
10200,0
3779,0
5385,0
18238,0
15024,0
8603,0
15017,0
10191,0
16623,24
3770,0
5376,0
18229,0
547,0
6968,0
562,0
5371,0
2168,0
21441,44
8588,0
3760,0
11787,0
5366,0
15005,0
532,0
6953,0
10171,0
6952,0
10155,0
5340,0
21411,64
8558,0
2137,0
2108,0
486,0
6907,65
19760,0
3704,0
14960,72
2107,0
8518,0
21371,0
2097,0
5295,65
18148,0
8510,27
21363,0
14921,0
5276,0
5268,0
14907,0
2054,0
423,59
13276,0
6855,0
3652,76
16505,0
11679,0
18111,29
5258,0
5257,0
8475,0
13284,0
6863,0
442,0
3645,0
436,0
16492,24
3639,0
13265,0
6844,0
19697,0
3626,14
16479,0
19681,29
6828,0
16478,27
3625,0
21302,24
8449,0
2028,14
14881,0
8448,0
21301,0
2027,0
6841,0
3622,0
16475,0
5228,0
14867,0
2025,0
5219,0
3609,0
18068,10
5215,0
14854,0
2001,0
13231,0
378,0
6810,0
19663,0
3607,0
16460,0
2010,0
10018,0
3597,0
16450,0
5203,0
14842,0
2000,0
3592,0
8416,0
1995,0
8415,0
1994,0
362,0
1983,0
354,0
9978,0
1960,0
6748,0
3545,26
16398,0
1948,0
6734,0
9952,0
3531,0
21208,28
8355,0
1934,0
1933,0
323,0
3526,0
11553,0
5132,0
14771,0
1918,0
1929,0
5121,0
14755,57
1902,0
8334,0
21187,0
1913,0
6712,0
3509,0
13142,0
6721,0
5115,0
17968,0
1912,0
6710,0
9928,0
16360,57
3507,0
5113,0
8331,0
1910,0
6689,0
9907,0
3486,0
16339,0
5092,0
1889,0
6686,32
19539,0
3483,0
16336,0
1886,0
14739,0
259,0
3477,0
11504,0
1880,0
3469,0
21146,56
8293,0
237,0
13090,0
6658,0
19511,0
3455,0
1858,0
8269,32
21122,0
1848,0
14689,0
1836,0
3442,0
248,0
5048,49
17901,0
1845,0
5042,0
1839,0
1832,0
14666,0
1815,0
1809,0
13024,0
6603,0
3400,0
8224,63
21077,0
8222,0
1801,0
13019,0
166,0
19451,69
6598,0
3395,0
5001,0
1798,0
14629,0
1787,0
11393,0
4972,11
17825,0
8190,0
3364,0
4970,0
17823,0
152,6
13005,0
6573,14
19426,0
3332,0
16185,0
12980,0
127,0
6559,0
19412,0
17791,49
4938,0
1735,0
134,0
12987,0
14573,0
1731,0
9741,0
3320,0
16173,0
3329,0
6547,0
1723,0
9734,0
3313,0
16166,0
14558,0
8137,0
11335,0
1711,0
6506,12
19359,0
3303,0
6515,0
19368,0
109,50
12962,0
6488,0
19341,0
9706,0
3285,0
8109,0
1688,0
12912,0
59,0
6491,10
19344,0
8103,0
1682,0
6478,38
19331,0
6502,0
4881,0
20947,14
8094,0
1673,0
12898,10
45,0
3263,0
8087,0
1666,0
12878,0
36,6
12889,0
9675,0
3254,31
16107,0
14499,0
1657,0
38,24
12891,0
49,0
3252,0
12883,0
4841,0
17694,0
6428,0
3225,0
1628,0
9644,0
3223,55
16076,0
4829,0
17682,0
1626,0
12843,0
1,0
6422,0
9640,0
3219,0
1622,0
12841,0
6420,11
19273,0
9638,0
3217,0
23,0
1620,0
6419,51
19272,0
9637,0
3216,0
8040,0
20893,0
1619,0
6410,0
19263,0
9628,0
3207,0
6430,0
19283,0
11230,0
4809,0
1606,0
12823,0
6402,0
19255,0
16052,21
3199,0
9619,0
3198,0
11225,0
4804,0
8022,0
1601,0
6407,0
3204,0
11222,0
14440,0
1598,0
9604,0
3183,0
8007,0
14423,0
16029,55
3176,0
8000,0
1579,0
11196,0
1572,0
12790,0
3166,0
4772,0
17625,0
11192,0
4771,0
16016,11
3163,0
11190,0
4769,0
17622,0
20837,56
7984,0
1563,0
4765,26
17618,0
20836,24
7983,0
1562,0
1550,0
7967,0
20817,7
7964,0
4744,0
17597,0
7962,0
11161,0
4740,0
17593,0
7958,31
20811,0
1537,0
1535,0
9538,0
15970,29
3117,0
1520,0
6306,7
19159,0
3103,0
15956,0
1506,0
12701,0
15930,32
3077,0
7901,0
1480,0
7899,0
1478,0
1460,10
14313,0
7888,0
9484,0
3063,0
4664,0
4660,0
17513,0
4659,0
1445,44
14298,0
7877,0
1456,0
7873,0
15899,72
3046,0
7870,0
12667,0
6246,0
3043,0
15896,0
11070,0
4649,0
17502,0
7867,0
4648,0
7866,51
20719,0
7865,0
1444,0
4641,0
17494,0
4637,0
20708,28
7855,0
1434,0
4632,0
15878,51
3025,0
14270,0
11051,0
4630,0
7848,0
1427,0
4623,0
4617,0
17470,0
1414,0
3009,0
4615,0
1412,0
1409,0
4610,0
17463,0
1407,0
3003,0
11030,0
4609,0
17462,0
1406,0
3001,3
15854,0
7825,0
1391,0
1387,0
15832,56
2979,0
4585,0
4584,0
12600,0
2976,0
15829,0
4581,44
17434,0
1367,26
14220,0
7796,0
2964,0
15817,0
6166,0
2963,0
15816,0
9382,0
2961,0
6163,0
2960,0
2958,0
15811,0
1361,0
1360,0
2936,0
1339,0
2917,0
10944,0
4519,0
17372,0
7737,0
1316,0
1301,77
14154,0
20586,26
7733,0
1312,0
1308,0
1300,0
1292,0
4488,0
17341,0
9302,0
2881,0
15715,58
2862,0
9294,0
4475,25
17328,0
20546,49
7693,0
1272,0
1269,0
9283,0
7686,0
1260,0
7673,0
1252,0
4454,0
7672,0
20525,0
10867,0
1243,0
4437,0
7650,0
9246,0
17284,3
4431,0
1228,0
4429,0
17282,0
7647,0
1226,0
9234,0
9230,0
1212,0
7632,0
20485,0
1211,0
6010,10
18863,0
1210,0
10833,0
1209,0
10832,0
4411,69
17264,0
7629,0
1208,0
6000,0
15639,0
7621,11
20474,0
20471,72
7618,0
1197,0
1193,0
9210,0
9206,0
2785,0
7609,0
4385,14
17238,0
7603,0
1182,0
4380,12
17233,0
14012,0
1159,0
5960,0
10784,0
4363,14
17216,0
5957,0
18810,0
15596,0
9175,0
10781,0
4360,0
7577,0
1156,0
1152,0
7569,0
1148,0
12368,0
5947,0
9165,0
20421,7
7568,0
4341,14
17194,0
4340,0
7558,0
7555,0
5925,77
18778,0
10749,0
4328,0
10748,0
4327,0
17180,0
13966,0
314,0
16370,64
3517,0
11544,0
5123,0
1920,0
15562,0
7544,0
1123,0
1919,0
20392,44
7539,0
15556,0
9135,0
11526,0
5105,49
17958,0
13946,0
1104,0
4306,0
1103,0
5902,0
2699,0
1102,0
1897,0
4303,0
17156,0
20374,14
7521,0
279,0
9903,0
8306,0
1885,0
1088,0
10709,0
1085,0
2681,0
1082,0
256,0
6677,0
3474,0
16327,0
5080,0
17933,0
14719,0
8298,0
12301,0
5880,0
9098,0
2677,0
7501,0
20353,10
7500,0
1079,0
1077,0
3468,0
1871,0
2671,0
4277,0
7495,26
20348,0
1074,0
1072,0
3460,0
1863,0
3459,0
16312,0
1862,0
14715,0
9081,0
2660,0
10687,0
4266,0
20337,57
7484,0
9867,0
16299,72
3446,0
5052,0
8270,10
21123,0
10676,0
4255,0
1052,0
7468,11
20321,0
11461,0
5040,0
14679,0
8258,0
15479,0
2637,0
1040,0
1036,0
4235,0
13874,0
7453,0
1032,0
10648,0
4227,0
17080,0
1024,0
199,0
13052,0
6620,72
19473,0
3417,19
16270,0
2620,0
1023,0
10644,0
4223,0
17076,0
1020,0
13037,0
9834,0
1816,0
1019,0
10640,0
1016,0
4218,0
17071,0
1015,0
1013,0
15448,0
10633,0
4212,0
7424,0
176,0
19450,26
6597,0
3394,69
16247,0
6609,72
19462,0
13045,0
20274,72
7421,0
1000,0
10622,0
4201,0
17054,0
183,1
13036,0
194,0
10615,0
991,0
162,0
6583,0
16233,76
3380,0
8204,0
15425,0
2583,0
10610,0
4189,72
17042,0
7407,0
16234,47
3381,0
3390,0
984,0
5783,0
983,0
12203,0
2568,10
15421,0
982,0
978,0
11397,0
4976,0
17829,0
11395,0
1771,0
974,0
15410,0
4174,0
17027,0
971,0
5769,0
8987,0
2566,0
10593,0
17025,55
4172,0
969,0
21039,52
8186,0
5708,0
4111,0
16964,0
908,0
20968,7
8115,0
10521,0
4100,0
16953,0
7318,0
897,0
6493,0
87,12
12940,0
3290,52
16143,0
8114,0
1693,0
4099,0
16952,0
4092,0
7310,0
889,0
8102,0
4887,0
8105,0
884,0
9697,0
4085,0
13715,0
873,0
3264,0
16117,0
8088,0
12091,0
5670,0
18523,0
15309,0
2467,0
870,0
16922,76
4069,0
20140,72
7287,0
857,0
8069,0
20922,0
4054,0
10473,0
4052,0
4051,0
14476,0
1623,0
8055,0
1634,0
3243,27
16096,0
6461,0
8855,0
7234,0
20087,0
16884,31
4031,0
3205,0
11232,0
8029,0
7217,0
5597,0
4000,25
16853,0
5593,0
2390,0
778,0
7199,0
793,0
4791,72
17644,0
1588,0
5583,0
18436,0
768,0
16837,12
3984,0
11201,0
4780,0
17633,0
9582,0
20838,72
7985,0
10391,0
3970,0
767,0
7168,29
20021,0
13615,10
762,0
7975,0
16813,10
3960,0
757,0
16810,56
3957,0
754,0
9563,0
3142,0
15995,0
4748,0
17601,0
7966,0
733,0
7154,0
16804,44
3951,0
5545,77
18398,0
11962,0
5541,0
18394,0
16792,51
3939,0
10358,0
3937,0
718,0
20803,72
7950,0
5525,0
18378,0
3928,0
19983,29
7130,0
20793,14
7940,0
1519,0
707,0
703,0
7124,0
6312,0
3109,0
14354,0
1512,0
15154,0
2301,0
2312,0
3918,0
5507,0
18360,0
15146,0
8725,0
3910,0
5506,0
3909,25
16762,0
8722,51
21575,0
7110,0
19963,0
704,0
13530,0
677,0
688,0
7109,29
19962,0
3096,0
15949,0
1499,0
9515,0
3094,0
11121,0
4700,0
20771,72
7918,0
1497,0
2297,0
10324,0
19957,14
7104,0
15944,24
3091,0
11118,0
4697,0
697,0
9510,0
3089,0
4695,0
3898,0
7099,0
17544,23
4691,0
1488,0
7097,0
19950,0
10315,0
3894,28
16747,0
6283,10
19136,0
15933,59
3080,0
11107,0
4686,0
1483,0
7107,0
3888,0
685,0
8702,0
7090,0
19943,0
684,0
2279,0
7088,0
682,0
1477,0
7085,0
146,0
16202,56
3349,0
17808,57
4955,0
5755,0
15394,0
955,0
9373,0
2952,0
5358,0
543,0
6964,0
558,0
12173,0
5752,30
18605,0
15391,0
2538,0
952,0
7771,0
20624,0
1350,0
3747,0
16600,0
553,0
11773,0
18205,19
5352,0
8569,0
2148,57
15001,0
6957,0
19810,0
7765,0
20618,0
1343,0
6943,0
19796,0
7763,0
3748,0
14177,0
1335,0
6944,0
15777,11
2924,0
2923,0
14168,6
1315,0
20600,28
7747,0
505,0
6926,0
3723,0
14968,24
2115,0
8547,0
6546,0
104,0
6525,0
19378,0
3322,0
16175,0
6534,72
19387,0
8943,0
2522,0
925,0
19787,26
6934,0
2912,0
4518,0
7736,0
5318,0
14156,0
1303,0
6914,0
19767,0
3711,0
12532,0
6111,0
10129,0
16561,28
3708,0
504,0
10128,0
11734,0
14963,14
2110,0
1306,0
6930,0
6101,0
2898,0
4504,25
17357,0
7722,0
11725,0
5304,0
18157,0
8113,0
83,0
4098,0
12514,0
6093,0
3699,0
4494,10
17347,0
3688,0
489,0
1264,0
13285,0
2064,0
6873,0
7684,0
1263,0
3660,0
16513,0
1658,0
5661,0
18514,0
15300,59
2447,0
4064,0
16917,0
7679,0
20532,0
14485,0
20917,19
8064,0
13688,0
835,0
2843,0
19699,76
6846,0
16496,27
3643,0
14888,0
8467,0
2046,0
3241,0
16094,0
27,1
12880,0
4038,0
6433,0
19286,0
13266,0
424,0
5620,0
7226,57
20079,0
820,0
10841,0
4420,11
17273,0
1217,0
12424,0
6003,0
1203,0
393,0
16449,29
3596,0
10822,0
4401,0
17254,0
6807,0
10025,0
3604,10
16457,0
13243,0
390,0
401,0
6384,0
3181,0
3990,0
16843,0
787,0
6802,59
19655,0
381,0
13232,0
379,0
6811,0
19664,0
15623,0
9202,0
10808,0
7605,0
20458,0
1184,0
1575,0
15217,0
8796,0
2375,0
7184,49
20037,0
9196,0
2775,0
6778,0
372,0
13225,0
12397,0
9194,0
13197,0
3573,0
13206,19
353,0
369,0
3572,0
11599,0
5178,0
8396,0
6784,0
6371,0
16021,45
3168,0
1571,0
2371,0
10398,0
12395,0
5974,0
9192,0
16424,57
3571,0
5573,14
18426,0
1971,0
4372,72
17225,0
1169,0
2365,0
9984,0
3563,0
1966,0
9171,0
16400,11
3547,0
9977,0
3556,0
16409,0
8370,0
1949,0
6758,0
5543,14
18396,0
8761,0
7149,0
10367,0
743,0
16392,32
3539,0
13187,0
334,0
345,0
9550,0
3129,0
11156,0
4735,0
5535,58
18388,0
4338,0
17191,0
10355,0
3934,0
16787,0
3528,0
6740,0
5127,0
17980,0
1924,0
10338,0
3917,12
16770,0
293,0
6714,0
3511,0
8730,0
14751,59
1898,0
1909,0
12332,0
15550,0
13950,0
7529,0
20382,0
6708,27
19561,0
9926,0
3505,0
3514,0
16367,0
3095,0
14340,0
1498,0
4304,27
17157,0
1493,0
7102,0
19955,0
696,0
284,0
299,0
9893,0
3472,0
1875,0
6687,39
19540,0
867,0
5870,0
9088,0
10694,0
9677,0
3256,0
20927,25
8074,0
9680,0
3259,76
16112,0
6477,0
56,0
16909,24
4056,0
853,0
6471,0
50,0
9674,0
3253,0
1656,0
12886,0
6465,27
19318,0
441,0
6877,0
6665,0
1842,0
5833,0
18686,0
9051,0
16283,57
3430,0
1029,0
12243,0
5822,0
1022,0
3405,0
16258,0
1808,0
15450,0
10831,0
1207,0
13237,0
6816,0
5807,0
18660,0
9025,0
3603,0
18062,47
5209,0
8427,0
1996,0
3396,0
995,0
13025,0
3587,0
1990,0
14843,0
3387,0
4993,0
8211,0
1790,0
6794,59
19647,0
3382,0
8206,0
1785,0
14805,0
1963,0
4963,0
17816,0
1760,0
3360,0
16213,0
21037,10
8184,0
13008,0
963,0
1761,0
20234,10
7381,0
960,0
9573,0
3152,0
16005,0
16814,10
3961,0
1158,0
2951,0
15804,0
3751,0
16604,0
11575,0
5154,0
1951,0
2948,0
15801,0
11775,0
8572,0
130,0
145,0
9769,0
3348,0
16201,0
8172,0
3351,0
6746,0
5149,0
8367,0
1946,0
2542,0
13787,0
7366,0
945,0
9363,0
2942,0
1345,0
136,0
19410,11
6557,0
11358,0
8155,0
5737,0
18590,0
930,0
9760,0
3339,0
6533,10
19386,0
12969,0
10548,0
4127,0
924,0
5722,32
18575,0
8940,0
16978,3
4125,0
922,0
4525,0
6931,12
19784,0
525,0
524,0
17972,23
5119,0
1916,0
5720,0
2517,0
4123,0
7341,0
920,0
6520,15
19373,0
9738,0
3317,0
16170,0
123,0
2500,0
10527,0
4106,0
903,0
13333,0
480,0
6912,0
19780,29
6927,0
3093,0
3902,0
16755,0
5899,0
18752,0
9117,0
2696,0
4302,24
17155,0
8117,0
899,0
2896,0
1299,0
14941,0
6908,0
19761,0
502,0
6511,0
19364,0
105,0
15416,0
977,0
16230,57
3377,0
12907,0
6486,0
8098,0
3277,0
16130,0
880,0
1280,0
5283,0
14922,0
2480,0
7304,0
883,0
6492,0
11497,0
5076,15
17929,0
1076,0
3473,0
6476,72
19329,0
3273,0
16126,0
7296,0
875,0
20949,77
8096,0
10895,0
4474,0
3668,58
16521,0
474,0
16319,47
3466,0
272,0
12908,0
3269,27
16122,0
6481,0
19334,0
15598,0
9177,0
2756,0
5162,0
1959,0
2956,0
4562,0
9777,0
3356,0
1665,0
2491,0
10518,0
16950,21
4097,0
894,0
497,0
6453,0
10868,0
13274,0
6853,0
447,0
5250,0
450,0
850,0
8162,0
1741,0
3347,0
16200,0
144,0
12162,0
15380,0
4144,32
16997,0
941,0
1341,0
6941,0
3738,26
16591,0
1044,0
16294,56
3441,0
10314,0
3893,0
9108,0
3287,29
16140,0
6499,0
7311,0
14582,0
1729,0
1740,0
4143,0
940,0
1340,0
9761,0
3340,0
9861,0
3440,0
9554,0
3133,0
11160,0
4739,0
6539,0
8160,0
1739,0
10563,0
4142,44
16995,0
939,0
20913,10
8060,0
7260,0
839,0
4045,0
7263,0
20116,0
842,0
6442,0
19295,0
4845,0
8063,0
2039,0
20557,56
7704,0
10151,0
3730,10
16583,0
8554,0
3630,0
14875,0
4039,0
6836,0
3228,0
1631,0
834,0
15368,0
8947,0
2526,0
10553,0
4132,0
16985,0
3735,37
16588,0
5732,0
18585,0
2529,0
4135,0
16988,0
932,0
6541,0
1917,0
1220,0
8441,0
8044,0
1068,0
4918,69
17771,0
1715,0
918,0
9736,0
3315,0
1718,0
1332,0
9374,0
2953,0
1356,0
18,0
9543,0
3122,0
2325,0
10352,0
3931,0
9146,0
10752,0
4331,74
17184,0
11752,0
5331,0
3702,76
16555,0
12426,0
6005,47
18858,0
4408,0
20479,72
7626,0
3744,0
16597,0
541,0
7659,0
7698,0
10095,0
6886,0
4233,0
17086,0
1030,0
13060,0
6639,0
19492,0
233,0
4107,0
10,0
19657,72
6804,0
6813,1
19666,0
10825,0
1201,0
6801,59
19654,0
21275,27
8422,0
9365,0
15797,14
2944,0
1347,0
550,0
3344,51
16197,0
6636,39
19489,0
3433,0
16286,0
2810,0
14055,0
1213,0
11637,0
2013,0
7222,0
16872,19
4019,0
816,0
1616,0
2449,0
4055,0
16908,0
13694,0
852,0
2102,0
3302,0
16155,0
3599,0
13247,0
7093,0
19946,0
10311,0
687,0
4290,0
5687,6
18540,0
8905,0
20161,27
7308,0
887,0
9305,0
2884,0
10105,0
3684,0
4043,0
7261,25
20114,0
840,0
4220,74
17073,0
21234,1
21114,1
20969,1
20896,1
20630,1
12674,1
12085,1
11667,1
9556,1
8890,1
8458,1
7994,1
7884,1
7472,1
7459,1
7276,10
20129,1
6104,1
16807,11
3954,1
19127,63
6274,1
6186,1
15692,44
2839,1
2490,1
2194,1
14954,7
2101,1
1764,1
7830,1
2873,1
7441,1
2338,1
728,1
399,1
93,1
1205,1
17246,2
5253,2
17523,3
17089,3
16285,3
16251,3
16188,3
16133,3
699,14
13552,3
12413,3
11794,3
11284,3
10796,3
10755,3
10710,3
10416,3
10356,3
9745,3
9217,3
8629,3
7100,3
19933,15
7080,3
19880,69
7027,3
6981,3
6483,3
12523,3
5909,3
5905,3
5819,3
11832,3
11798,3
5360,3
5269,3
11228,3
15920,52
3067,3
5945,3
8760,3
8728,3
8678,3
6369,3
11193,3
9218,3
3482,3
15523,3
9880,3
2565,3
13739,3
10321,3
16437,12
3584,3
5223,3
16179,4
3275,5
15879,52
3026,5
17554,6
16839,6
16836,6
16834,6
16390,6
15902,6
15759,6
15702,6
2849,6
15637,6
2340,32
15193,6
14402,6
12580,6
12184,6
12119,6
11930,6
10542,6
10439,6
10076,6
10074,6
9936,6
9612,6
9551,6
9547,6
9313,6
9306,6
15688,6
8928,6
8908,6
8898,6
8808,6
8785,6
2224,19
15077,6
8556,6
21408,64
8555,6
14316,6
7837,6
7657,6
20132,24
7279,6
20119,44
7266,6
7250,6
508,6
6733,6
6730,6
6684,6
6673,6
5938,6
12036,6
11756,6
11628,6
11476,6
4440,6
4389,6
4240,6
10484,6
13543,76
690,6
3808,6
3807,6
3787,6
554,6
3757,6
3647,6
13059,6
19428,69
6575,6
9613,6
9477,6
9354,6
2856,77
15709,6
2772,6
9056,6
5662,6
2348,6
2339,6
2213,6
2211,6
3765,6
2163,6
14934,6
19680,72
6827,6
5083,6
1714,6
9587,6
1568,6
1567,6
6280,6
7861,6
1420,6
1363,6
15708,6
7681,6
4446,6
1234,6
7498,6
89,6
1648,6
692,6
8724,6
702,6
700,6
695,6
693,6
691,6
529,6
513,6
7732,6
512,6
509,6
461,6
701,6
6572,6
10163,6
506,6
7320,6
1873,6
12897,6
1244,6
10565,6
16527,65
3674,6
16454,72
3601,6
7768,6
1814,6
21405,7
21182,7
21100,7
21042,7
20926,7
20768,7
18158,7
15985,7
14985,7
13026,7
12187,7
12063,7
10921,7
10885,7
10853,7
9961,7
9572,7
9263,7
8810,7
21219,72
8366,7
756,7
6311,7
6279,7
6240,7
6055,7
5913,7
5355,7
5327,28
18180,7
4999,7
4803,7
10926,7
4257,7
10573,7
7078,7
16635,24
3782,7
6231,7
9274,7
5716,7
16638,31
3785,7
4911,7
1384,7
1265,7
4219,7
1494,7
773,7
6642,7
12995,19
142,7
2099,7
535,7
8858,7
7071,8
5192,8
19267,49
6414,8
5168,8
10506,8
18415,9
21480,10
21474,10
21352,10
21266,10
21240,10
21237,10
21218,10
21136,10
21135,10
21032,10
20975,10
20735,10
20711,10
20695,10
20593,10
20558,10
20395,10
20385,10
20376,10
20314,10
20310,10
20228,10
20118,10
19915,10
19887,10
19369,10
18816,10
18120,10
17712,10
17655,10
17489,10
16825,10
16809,10
16800,10
16655,10
16551,10
16385,10
15819,10
2779,31
15632,10
15558,10
15119,29
2266,10
12645,10
12520,10
11115,10
10924,10
10851,10
10099,10
9973,10
9405,10
9378,10
9364,10
9316,10
9273,10
9049,10
8865,10
8750,10
8740,10
8738,10
15126,72
2273,10
15062,10
2153,32
15006,10
2149,56
15002,10
15000,10
8577,14
21430,10
8409,10
21262,10
8399,77
21252,10
8320,38
21173,10
8313,44
21166,10
7752,77
20605,10
1238,31
14091,10
7449,11
20302,10
7338,26
20191,10
7190,10
7079,10
6779,10
6273,10
12596,10
6146,10
6048,10
6017,10
18870,10
5950,10
12231,10
5680,10
11976,10
11896,10
5464,10
5426,10
5314,10
5029,10
17673,52
4820,10
4777,27
17630,10
10897,10
4176,10
4141,10
3784,10
3695,10
3669,56
16522,10
3667,10
9810,10
9429,10
6129,10
2751,10
5894,10
9066,10
2590,10
5757,69
18610,10
5749,23
18602,10
15312,65
2459,10
15221,10
2182,10
2042,10
3624,10
8236,10
6455,44
19308,10
1569,10
1543,10
1527,10
4729,10
1467,10
1317,10
7734,10
7709,32
20562,10
1177,10
4351,10
1134,10
21193,15
8340,10
1122,10
3413,55
16266,10
14417,56
1564,10
11977,10
3948,19
16801,10
4732,10
13539,18
686,10
1344,10
9333,10
6814,77
19667,10
3575,51
16428,10
3582,10
8353,52
21206,10
1135,10
1111,10
2693,10
456,10
9372,10
533,10
10946,10
13717,10
10564,10
3629,10
21191,47
8338,10
15326,10
21337,11
21196,11
20432,11
19812,11
18832,11
18708,11
17975,11
17848,11
17661,11
17558,11
16911,11
16817,11
16719,11
16665,11
16337,11
16055,11
15482,11
12572,11
12362,11
12255,11
12077,11
11884,11
11750,11
11705,11
11687,11
11452,11
11424,11
11340,11
11306,11
10964,11
10870,11
10600,11
10500,11
10427,11
10083,11
10032,11
10027,11
9970,11
9896,11
9652,11
15679,11
2826,11
9237,11
9101,11
8893,11
15153,11
8635,30
21488,11
8579,11
21412,27
8559,11
8317,11
8297,11
8286,11
7774,11
20529,26
7676,11
7462,11
20241,24
7388,11
534,11
6809,11
6670,11
6458,11
6227,11
6187,11
6102,11
18955,11
5906,11
12239,11
5738,44
18591,11
5461,11
5342,11
5316,11
11567,11
4920,15
17773,11
10599,11
10597,11
10538,11
16727,64
3874,11
10094,11
3631,11
10040,11
13203,11
9605,11
6313,11
5968,11
2488,11
2478,11
5624,11
15188,28
2335,11
2234,11
3713,11
11689,11
21300,47
8447,11
6783,11
8350,44
21203,11
8339,28
21192,11
9930,11
13131,11
6680,11
8219,11
4892,11
14524,11
1446,11
1288,11
1284,11
2825,11
1225,11
2807,11
2613,11
20257,24
7404,11
6299,11
4517,11
5313,28
18166,11
10053,11
15259,11
5976,11
9994,11
7949,31
20802,11
18354,57
5501,11
5078,11
2519,11
1633,11
10556,11
6325,15
19178,11
2437,11
15897,12
15757,12
15559,12
15283,12
1313,51
14166,12
12185,12
12114,12
12067,12
11572,12
10162,12
9875,12
8502,12
20698,22
7845,12
20371,47
7518,12
6741,12
165,12
5346,12
5086,12
4991,12
17809,63
4956,12
10242,12
16641,47
3788,12
517,12
514,12
9240,12
5721,12
5707,12
1824,12
1767,12
6457,12
1378,12
4523,12
1170,12
1066,12
1820,12
828,12
20766,69
7913,12
1342,12
1326,12
776,12
6774,12
11994,12
20370,24
7517,12
6705,12
2919,77
15772,12
20373,47
7520,12
6875,12
7286,12
19557,13
21295,14
21233,14
20976,14
20634,14
20567,14
20507,14
20380,14
19862,14
19639,14
19459,14
19440,14
17811,14
17788,14
17685,14
17607,14
16806,14
16441,14
16348,14
15601,24
2748,14
15130,14
12681,14
12613,14
12516,14
12364,14
11993,14
11696,14
11684,14
11566,14
11529,14
11429,14
11416,14
11407,14
11338,14
11106,14
10999,14
10966,14
10884,14
10839,14
9807,14
9611,14
9566,14
9425,14
8521,14
14646,14
8026,77
20879,14
7883,28
20736,14
14103,14
7516,14
7330,14
7191,14
6500,14
24,14
6309,14
5991,14
5977,52
18830,14
12294,14
5669,14
5657,14
5629,14
5555,14
11046,14
10919,14
4378,14
4358,14
4261,14
4184,72
17037,14
4157,14
10534,14
10524,14
734,14
16670,56
3817,14
16487,56
3634,14
3569,44
16422,14
12353,14
5931,14
15477,14
5758,14
8965,14
2539,14
5679,14
2350,14
15189,14
2316,14
15152,14
5452,14
2249,14
2188,14
10185,14
14995,14
10046,14
11649,14
2016,14
6672,14
1861,14
5018,14
1655,14
7887,14
7802,30
20655,14
1366,14
1285,14
1191,14
1117,14
14744,14
1084,14
1080,14
2663,14
210,14
1010,14
8915,14
848,14
5600,14
781,14
1752,14
5725,14
5317,14
1311,14
19357,26
6504,14
98,14
8879,14
7193,14
5984,14
731,14
6298,14
11630,14
3602,14
4361,14
5354,14
4954,14
20251,74
7398,14
9894,14
5321,14
490,14
20291,24
7438,14
21308,15
21047,15
20381,15
20135,15
19790,15
19304,15
16808,15
16602,15
15733,15
12341,15
12244,15
12169,15
11683,15
11317,15
11128,15
11019,15
10963,15
10923,15
10856,15
9562,15
9478,15
9399,15
9003,15
2212,26
15065,15
8488,15
8030,25
20883,15
7838,15
7739,15
7483,15
7439,15
7212,15
6859,47
19712,15
6747,15
6668,15
6601,15
6496,15
6078,15
12379,15
12078,15
5654,15
11622,15
11588,15
5015,15
4901,15
4258,15
3952,15
16725,56
3872,15
10227,15
3771,15
6592,15
6211,15
9389,15
2834,15
2820,15
2645,15
5538,15
5416,15
13110,15
126,15
1716,59
14569,15
41,15
1602,15
1433,15
11036,15
1375,15
15719,72
2866,15
2806,15
1192,15
1157,15
1837,15
9034,15
1003,15
2479,15
680,15
2276,15
6552,15
1355,15
3740,15
8530,15
1528,15
1101,15
6679,15
1650,15
6551,15
10089,15
6880,15
10983,15
7762,15
16533,44
3680,15
4819,74
17672,15
14839,16
14957,16
17148,17
11833,17
7221,18
20945,19
19435,19
18986,19
17777,19
17178,19
17004,19
16873,19
15894,19
13189,19
12676,19
11095,19
7490,19
7319,19
13212,19
13182,19
6629,74
19482,19
12949,65
96,19
12610,19
11748,19
4908,19
11078,19
3993,19
3933,19
3839,19
16275,57
3422,19
3418,19
12722,19
2540,19
8771,19
2219,19
1835,19
2552,19
12978,51
125,19
11738,19
4787,21
17640,19
13211,19
1354,19
4937,19
844,19
3336,19
3239,19
9133,20
5782,20
896,20
19198,21
19081,21
17442,21
17062,21
16415,21
16142,21
12628,21
10756,21
10746,21
9700,21
8829,21
444,21
13007,21
100,21
5146,21
11197,21
4741,21
4366,21
10754,21
13482,21
10262,21
6965,21
13172,21
198,21
12901,47
48,21
12752,21
2994,21
2993,21
2555,21
5245,21
5231,21
7591,21
9178,21
1147,21
10724,21
1681,21
6951,21
895,21
3661,21
1174,21
890,21
5236,21
929,21
5216,21
21376,22
19649,22
11049,22
15049,37
2196,22
7687,22
20488,72
7635,22
2268,64
15121,22
8023,22
10893,22
13041,22
2470,22
732,22
21372,23
21038,23
19704,23
19674,23
16598,23
16592,23
14525,23
10174,23
7843,23
20372,47
7519,23
6107,23
5496,23
5451,23
11503,23
6777,23
12098,23
1566,23
14093,23
5100,23
1532,23
21436,24
21414,24
21385,24
21378,24
21356,24
21330,24
21298,24
21264,24
21211,24
21179,24
21165,24
21036,24
21014,24
20974,24
20937,24
20822,24
20784,24
20706,24
20640,24
20569,24
20548,24
20490,24
20443,24
20442,24
20412,24
20339,24
20332,24
20299,24
20269,24
20249,24
20233,24
20221,24
20213,24
20187,24
20166,24
20151,24
20138,24
19254,24
19174,24
17032,24
16803,24
15515,24
13714,52
861,24
13014,24
12266,24
11060,24
15521,24
7821,24
7726,24
7413,32
20266,24
7382,51
20235,24
7264,27
20117,24
6586,24
5402,24
4521,24
4012,25
16865,24
3968,24
3860,24
16502,65
3649,24
3585,24
196,24
8972,24
15079,24
2205,24
2055,24
14,24
1381,24
7505,72
20358,24
976,24
3944,74
16797,24
1108,24
7491,72
20344,24
2619,24
8520,72
21373,24
8294,24
1644,24
8868,24
7362,29
20215,24
1087,24
21447,25
21106,25
20804,25
20646,25
19815,25
16848,25
16480,25
16342,25
14394,64
1541,25
13032,25
12182,25
11990,25
11878,25
11758,25
11754,25
11700,25
11578,25
9647,25
8487,25
8430,29
21283,25
21142,27
8289,25
8036,25
8017,25
20583,72
7730,25
13118,25
19375,49
6522,25
6257,25
6232,25
12079,25
11967,25
11904,25
11354,25
4745,25
11132,25
10973,25
10879,25
7229,25
212,25
6149,25
2918,25
2691,25
12271,25
8999,25
2567,25
12163,25
18576,64
5723,25
2026,25
13165,25
1872,25
5050,25
4914,25
20900,72
8047,25
4337,25
10598,25
837,25
15145,25
3900,25
1258,25
10459,25
2667,25
1007,25
10008,25
4554,25
4930,25
2877,25
12115,25
484,25
859,25
4404,25
21238,26
21215,26
21034,26
20794,26
20237,26
17795,26
16819,26
16815,26
16812,26
16284,26
16221,26
16022,26
15834,26
14542,63
1689,26
12715,26
12624,26
10980,26
10974,26
10855,26
10601,26
9502,26
9278,26
8860,26
15206,30
2353,26
15205,26
8394,26
8311,27
21164,26
20807,56
7954,26
7723,26
6293,26
6181,26
6073,26
5993,26
12240,26
5744,26
12110,26
5438,26
5417,26
5407,26
11685,26
11569,26
11549,26
11479,26
4292,26
715,26
3840,26
9963,26
6641,26
169,26
164,26
6213,26
6105,26
2548,26
8892,26
15233,44
2380,26
557,26
2112,26
10097,26
3676,26
449,26
6848,26
16410,72
3557,26
167,26
1638,26
4788,26
1585,26
6179,26
1364,26
1251,26
1245,26
1160,26
1137,26
4239,26
4216,26
998,26
7272,26
1554,26
4155,26
7735,26
1314,26
11733,26
1176,26
2750,26
5112,52
17965,26
3672,26
12153,26
1128,26
9231,26
20715,27
20463,27
20309,27
20273,27
20189,27
20180,27
20174,27
18648,27
17964,27
16644,27
16246,27
15841,27
15762,27
15476,27
12783,27
11925,27
11726,27
9860,27
9818,27
9417,27
8708,27
8637,30
21490,27
8407,72
21260,27
8262,27
7902,27
7354,29
20207,27
6503,27
6047,27
5647,27
5502,74
18355,27
11674,27
11635,27
5055,27
4810,27
7061,27
10211,27
9519,27
9339,27
9337,27
2394,52
15247,27
15107,27
2253,27
3734,31
16587,27
6447,27
12831,27
1502,27
1466,27
986,27
4974,27
1529,27
2890,27
4376,27
7120,27
3899,27
14993,27
1727,27
10544,27
6699,27
2836,27
14975,27
12150,27
7353,29
20206,27
1732,27
10440,27
21286,28
21178,28
21176,28
20770,28
20712,28
20515,28
19365,28
18606,28
16912,28
12705,28
12659,28
11300,28
11145,28
11028,28
10253,28
9334,28
8935,28
8742,28
8391,49
21244,28
8388,28
8335,28
7455,49
20308,28
7410,28
7302,28
6711,28
6271,28
5084,28
4029,28
202,28
9839,28
6243,28
6242,28
6123,28
2761,28
15354,28
8814,28
2270,28
2252,28
2227,28
5051,28
9625,28
1469,28
11058,28
1428,28
1138,28
1877,28
7444,28
1768,28
11305,28
11308,28
11153,28
3977,28
8296,28
7432,28
21190,47
8337,28
7315,52
20168,28
19860,29
19826,29
19383,29
19180,29
19113,29
18910,29
18342,29
17835,29
17687,29
17551,29
16677,29
16663,29
15778,29
15144,72
2291,29
15090,56
2237,29
12350,29
11619,29
11477,29
11378,29
11136,29
10971,29
10961,29
10849,29
10071,29
9891,29
9833,29
9454,29
9033,29
7895,29
7464,29
7045,29
6818,29
6725,29
6497,29
5082,29
4586,29
4161,29
712,29
10058,29
2946,29
2945,29
2769,29
8909,29
12083,29
5608,29
10066,29
3384,29
4934,57
17787,29
1678,29
1425,29
9338,29
7729,29
1679,29
10435,29
741,29
7128,57
19981,29
9345,29
2126,29
1584,29
735,29
6604,29
7497,29
21391,30
18835,30
18744,30
18700,30
16963,30
16932,30
16856,30
16088,30
12830,30
11352,30
10623,30
9982,30
9933,30
9704,30
9076,30
8662,30
8592,30
8151,30
8141,30
7907,30
5973,30
5908,30
5895,30
5546,31
18399,30
5057,30
11198,30
10767,30
10375,30
3078,30
12609,30
15270,65
2417,30
5540,51
18393,30
8667,30
13908,30
14951,30
1680,30
1675,30
8080,30
16568,31
16549,31
16531,31
11933,31
11428,31
10085,31
9388,31
8992,31
15120,31
8545,31
7349,31
6661,31
6635,31
6287,31
6106,31
12517,31
6088,31
11027,31
4505,31
4025,31
9030,31
12045,31
10115,31
7782,31
1276,31
2802,45
15655,31
14761,31
20170,56
7317,31
13708,31
811,31
8733,31
6155,31
2549,31
546,31
817,31
163,31
3890,31
1287,31
16518,32
16471,32
16470,32
16469,32
16468,32
16393,32
16003,32
15640,57
2787,32
14586,32
12227,32
12001,32
11908,32
11571,32
11098,32
10092,32
9503,32
9335,32
9266,32
15626,74
2773,32
8930,32
8788,32
8736,32
8491,32
21343,37
8490,32
14324,72
1471,32
7851,32
7702,32
20535,44
7682,32
7474,32
7275,32
6773,32
6739,32
6509,32
6324,32
6305,32
6252,32
6205,32
6043,32
6033,32
5604,32
4998,32
11154,32
4560,32
4399,32
4253,32
4241,32
3620,38
16473,32
9901,32
6474,32
9531,32
15739,52
2886,32
9255,32
5914,32
12128,32
12064,32
2396,32
2346,32
5414,32
10186,32
3764,32
3750,32
531,32
3651,32
2049,32
6825,32
1708,32
85,32
1586,32
1546,32
7956,32
7850,32
7835,32
9385,32
1298,32
2809,32
4412,32
4384,32
6685,32
4285,32
20340,56
7487,32
1783,32
4177,32
2494,32
866,32
7278,32
1545,32
3905,32
536,32
7267,32
13223,32
4387,32
6776,32
9993,32
9992,32
2608,32
4210,32
1763,32
1555,32
6154,32
548,32
2154,32
9369,32
7766,32
1322,32
108,32
1496,32
6568,32
1090,32
6514,32
7761,32
521,32
5528,32
7622,32
17342,33
9434,34
17748,35
12054,36
16993,37
16331,37
15096,37
11425,37
10913,37
10864,37
9988,37
9943,37
8802,37
14178,37
8951,37
3694,37
1125,37
11946,37
2155,37
1078,37
10464,37
17113,38
11090,38
10894,38
10877,38
9438,38
8227,38
7725,38
7245,38
7158,38
6763,38
11730,38
11087,38
4551,38
7063,38
16458,72
3605,38
6590,38
9383,38
12155,38
2398,38
2198,38
10181,38
407,38
406,38
11636,38
6532,38
1379,38
6120,38
7631,38
1071,38
7189,38
113,38
6864,38
3258,38
7141,38
6862,38
18210,64
5357,38
3543,77
16396,38
7358,38
5694,38
1747,38
15585,39
11451,39
9959,39
9284,39
8846,39
21415,44
8562,39
7707,39
7696,39
7694,39
6222,39
4498,39
9371,39
8797,39
2230,39
16625,72
3772,39
5300,39
8513,39
16476,72
3623,39
11510,39
1429,76
14282,39
7690,39
10805,39
4023,39
8791,39
147,39
8454,39
10054,39
11387,40
8176,40
12415,40
2584,41
11183,42
16916,72
4063,42
4071,42
5900,43
21242,44
21224,44
20414,44
20217,44
19142,44
19029,44
19009,44
16798,44
16584,44
16350,44
16346,44
16263,44
16030,44
12562,44
11109,44
10561,44
10393,44
9267,44
9250,44
9235,44
8794,44
8745,44
8582,77
21435,44
8032,77
20885,44
20473,72
7620,44
13890,44
7359,44
6485,44
6134,44
5339,44
3786,44
6165,44
15594,44
2664,44
2659,44
8976,44
11877,44
5422,44
138,44
6466,44
1438,44
10840,44
2789,44
1181,44
6591,44
968,44
3994,44
10381,44
7139,44
19966,47
7113,44
530,44
5312,44
1096,44
1853,44
8229,44
1011,44
8501,59
21354,44
2433,44
2005,44
21228,45
20396,45
19343,45
17785,45
16026,45
15997,45
15682,45
14623,45
11143,45
14619,45
6223,45
12629,45
6103,45
6096,45
12356,45
2471,77
15324,45
5442,45
6065,45
2714,45
9027,45
14201,45
4021,72
16874,45
17333,46
21360,47
21255,47
21209,47
21205,47
21199,47
21148,47
21017,47
20973,47
20943,47
20931,47
20930,47
20894,47
20888,47
20654,47
20652,47
20596,47
20494,47
20415,47
20388,47
20378,47
20364,47
20279,47
20256,47
18258,47
17616,47
16858,47
16687,47
16662,47
16421,47
16405,47
16374,47
16365,47
16363,47
15980,47
15732,47
15729,47
10235,47
8581,47
7970,47
388,47
6771,47
9,51
12862,47
5663,47
5658,47
5575,47
4755,47
10972,47
11,47
6130,47
2468,68
15321,47
5594,47
8741,47
8528,47
4775,47
7948,74
20801,47
15667,47
1059,47
1198,47
1173,47
15207,47
9040,47
9964,47
15359,47
14517,47
7465,47
3633,72
16486,47
14970,47
18443,48
4713,48
4662,48
8086,48
21222,49
20657,49
19466,49
18997,49
18713,49
16590,49
16244,49
16219,49
15307,49
12569,49
12166,49
11565,49
11333,49
11018,49
9937,49
9312,49
9097,49
8457,49
21277,73
8424,49
8300,49
14630,49
14540,49
7817,55
20670,49
7048,49
19447,63
6594,49
5359,49
11690,49
3806,49
16608,57
3755,49
9525,49
9428,49
2916,63
15769,49
8899,49
2048,49
1706,49
8027,49
1449,49
11031,49
1200,49
12914,49
6288,49
7092,49
538,49
1643,49
16799,74
3946,49
7953,49
20767,72
7914,49
151,49
539,49
6529,49
8580,49
12874,49
5741,49
739,49
12860,49
10165,49
15987,50
81,50
7428,50
10156,50
19833,51
18600,51
16307,51
12288,51
12237,51
11968,51
11282,51
11105,51
10547,51
10432,51
15280,51
8221,51
7864,51
6577,51
11643,51
4374,51
16684,69
3831,51
10222,51
10208,51
10180,51
3578,51
12550,51
2920,51
9268,51
2700,77
15553,51
404,51
9904,51
1794,51
1526,51
12929,51
3085,51
5351,51
865,51
3598,51
21134,52
19379,52
18906,52
18859,52
18145,52
17993,52
17853,52
17749,52
17716,52
17710,52
16403,52
14028,52
851,69
13704,52
12974,52
12538,52
12205,52
11550,52
11435,52
10960,52
10158,52
9809,52
9497,52
9258,52
8919,52
7715,52
7065,52
6538,52
6199,52
5919,52
5910,52
5876,52
5873,52
11954,52
5533,52
11598,52
10962,52
10874,52
376,52
9608,52
12663,52
5949,52
12186,52
1847,52
12851,52
12727,52
3053,52
3042,52
9381,52
2434,52
15175,72
2322,52
724,52
6731,52
1099,52
11657,52
12852,52
1039,52
1649,52
11256,53
7020,53
9781,53
18160,54
19441,55
17576,55
17182,55
17115,55
16923,55
16685,55
15600,55
12383,55
10950,55
10883,55
10224,55
9343,55
8020,55
7997,55
14131,55
7482,55
11744,55
10213,55
16269,57
3416,55
13006,59
153,55
3229,55
9472,55
6157,55
6070,55
5671,55
1581,55
7993,55
10909,55
7305,55
12973,55
3632,55
5665,55
21403,56
21388,56
21386,56
21248,56
21113,56
21103,56
21028,56
20954,56
20918,56
20826,56
20791,56
20393,56
20324,56
20304,56
20226,56
17034,56
16913,56
16668,56
16664,56
16642,56
16619,56
16585,56
16546,56
16545,56
16380,56
16315,56
16013,56
15969,56
15833,56
15822,56
15800,56
15753,56
15723,56
15348,56
2173,65
15026,56
12616,56
9301,56
15356,56
15023,56
9682,56
15162,65
2309,56
2236,56
11359,56
1124,56
1639,56
2929,72
15782,56
21437,57
21413,57
21336,57
21324,57
21315,57
21265,57
21109,57
21095,57
21081,57
21055,57
21044,57
20988,57
20915,57
20776,57
20680,57
20639,57
20628,57
20564,57
20533,57
20450,57
20391,57
20368,57
20252,57
20181,57
19742,57
18627,57
18052,57
16735,57
16715,57
16698,57
16569,57
15886,57
15211,57
15141,57
14504,78
1651,57
1327,72
14180,57
12211,57
12033,57
11528,57
11470,57
11283,57
10907,57
10529,57
10430,57
10225,57
10130,57
9825,57
9091,57
8997,57
8226,57
8048,57
7836,57
7244,57
6765,57
6094,57
5926,57
11724,57
11481,57
11475,57
4357,57
4330,57
7157,57
6840,57
9985,57
160,57
9576,57
12664,57
12619,57
6198,57
15695,57
15570,57
12296,57
15489,57
8979,57
15336,72
2483,57
5415,57
15053,57
11721,57
2089,57
14752,57
4472,57
12346,57
10532,57
4014,57
3996,57
5556,57
10349,57
6297,57
7083,57
8970,57
6115,57
8005,57
10411,57
1178,57
6790,57
774,57
5911,57
1070,57
21132,58
20932,58
20606,58
17617,58
17547,58
16347,58
13092,58
11336,58
10108,58
9678,58
9486,58
9115,58
9103,58
6743,58
6172,58
11980,58
5444,58
4169,58
10196,58
12570,58
2561,58
1009,58
13114,58
6147,58
6505,58
6696,58
20668,59
16679,59
16401,59
15934,59
15707,59
15299,59
12824,59
12304,59
11057,59
10402,59
9878,59
9868,59
9827,59
9671,59
9588,59
9580,59
9577,59
9074,59
9044,59
8968,59
2304,72
15157,59
8378,59
14551,59
8028,59
7746,59
7297,59
7235,59
7167,59
7146,59
7132,59
6861,59
6761,59
6235,59
4613,59
4459,59
4344,59
7076,59
6683,59
53,59
9578,59
6295,59
2928,59
9116,59
2440,59
15208,59
13204,59
3580,59
11433,59
5012,59
4801,59
9422,59
1382,59
1065,59
1797,59
9530,59
7776,59
2908,59
10109,59
2781,59
2332,59
8912,59
1239,59
5729,59
1277,59
2133,60
6694,61
3345,61
19906,62
21382,63
20982,63
17798,63
15967,63
12087,63
10988,63
10848,63
10419,63
9981,63
9929,63
7470,63
7332,63
3759,63
6767,63
6723,63
18294,72
5441,63
2897,63
12378,63
9102,63
185,63
2505,63
3707,63
4774,63
3971,72
16824,63
1153,63
4410,63
4447,63
10442,63
21357,64
21040,64
20311,64
20298,64
19270,64
19241,64
16925,64
12305,64
11449,64
10843,64
9487,64
7824,64
496,64
13194,64
12699,64
12331,64
5750,64
5377,64
11402,64
10872,64
10462,64
3920,64
6830,72
19683,64
9539,64
4884,64
748,64
12146,64
387,64
7992,64
7443,64
4964,64
12965,64
836,64
12487,65
10904,65
6702,65
12551,65
5596,65
5431,65
2797,65
10472,65
5500,65
13141,65
13709,65
3742,65
11916,66
11883,67
10985,67
4513,67
9328,67
14949,67
15213,67
15989,68
12714,68
10183,68
111,68
1100,68
7437,68
4811,68
4544,68
21287,69
21071,69
20797,69
19751,69
18223,69
18182,69
18138,69
17784,69
16700,69
16444,69
16427,69
11029,69
10908,69
8327,69
7494,69
7469,69
5516,69
11755,69
10928,69
3833,69
1118,69
1667,69
15276,69
1577,69
3161,69
2281,69
1291,69
12719,69
3298,69
6856,69
19799,70
17837,70
545,70
11385,71
21479,72
21453,72
21272,72
21271,72
21256,72
21236,72
21232,72
21221,72
21194,72
21189,72
21053,72
21049,72
21045,72
21022,72
21012,72
20920,72
20813,72
20812,72
20800,72
20798,72
20779,72
20672,72
20660,72
20658,72
20648,72
20566,72
20561,72
20545,72
20502,72
20499,72
20498,72
20470,72
20455,72
20448,72
20440,72
20407,72
20400,72
20284,72
20278,72
20255,72
20105,72
19978,72
19850,72
19803,72
19745,72
19723,72
19710,72
19427,72
19171,72
18953,72
18769,72
18718,72
18699,72
18283,72
18155,72
17988,72
17802,72
17556,72
16910,72
16818,72
16816,72
16802,72
16705,72
16672,72
16461,72
16388,72
16377,72
16376,72
16371,72
16324,72
16317,72
15790,72
15136,72
14516,72
12721,72
12631,72
12306,72
12207,72
12061,72
12042,72
11879,72
11736,72
11727,72
11629,72
11621,72
11564,72
11543,72
11500,72
11494,72
11443,72
11307,72
11047,72
10499,72
10478,72
10119,72
10037,72
9995,72
9914,72
9558,72
9441,72
9427,72
9346,72
9111,72
15495,72
8956,72
15109,72
14998,72
8364,72
8254,72
8001,72
14300,72
14285,72
7728,72
7476,72
7331,72
7072,72
560,72
6865,72
12915,72
12904,72
6475,72
6323,72
6233,72
5969,72
5922,72
12334,72
5492,72
5367,72
5308,72
11478,72
4814,72
4794,72
4792,72
4457,72
3989,72
698,72
10254,72
3697,72
466,72
6254,72
9444,72
6185,72
6173,72
9366,72
9260,72
15669,72
5994,72
12352,72
5731,72
8925,72
5632,72
8826,72
15190,74
2337,72
8767,72
2320,72
8731,72
5494,72
5437,72
5356,72
2092,72
6729,72
1846,72
6669,72
1803,72
1610,72
4805,72
1524,72
7841,72
1404,72
1320,72
12505,72
6084,72
9270,72
1229,72
4419,72
1188,72
4307,72
8318,72
4288,72
8292,72
1063,72
1849,72
4194,72
187,72
12204,72
2580,72
13027,72
8986,72
6495,72
5682,72
12014,72
783,72
15180,72
3903,72
1492,72
3895,72
11112,72
12704,72
1722,72
528,72
9311,72
846,72
12869,72
6799,72
6785,72
2298,72
11499,72
4273,72
6456,72
1033,72
9029,72
10023,72
1351,72
65,72
5650,72
7096,72
1642,72
1525,72
7634,72
21556,73
21512,73
21303,73
19993,73
9764,73
15453,73
21257,74
21181,74
20493,74
20468,74
16890,74
16795,74
16297,74
15888,74
13031,74
12022,74
11320,74
10917,74
10431,74
9238,74
15496,74
8946,74
8793,74
8565,74
8481,74
7880,74
13854,74
7385,74
7277,74
6738,74
6175,74
11633,74
5085,74
4827,74
11111,74
10891,74
3922,74
3875,74
3867,74
3774,74
3763,74
494,74
6041,74
5967,74
2409,74
2225,76
15078,74
11666,74
420,74
4990,74
6523,74
14550,74
14427,74
7990,74
1452,74
1765,74
74,74
7346,74
1677,74
483,74
1283,74
8426,74
818,74
13077,75
12858,75
4153,75
6056,75
21041,76
19297,76
19258,76
18882,76
18654,76
17973,76
17559,76
16563,76
16304,76
16150,76
15664,76
15591,76
13321,76
12822,76
12687,76
12679,76
12657,76
12592,76
12571,76
12483,76
12336,76
12274,76
12235,76
12147,76
12112,76
12102,76
11989,76
11960,76
11940,76
11934,76
11268,76
9920,76
9443,76
9332,76
8734,76
8255,76
6124,76
12509,76
12316,76
12101,76
11913,76
11891,76
5094,76
4145,76
3821,76
6695,76
15629,76
6616,76
3276,76
1500,76
3565,76
1676,76
21322,77
20910,77
20685,77
20651,77
20598,77
20517,77
15295,77
13138,77
12658,77
12649,77
12391,77
12382,77
12380,77
12258,77
12154,77
12149,77
12035,77
12031,77
11978,77
11713,77
11614,77
11568,77
11301,77
10943,77
9475,77
9113,77
8291,77
7790,77
13192,77
6701,77
140,77
6138,77
12506,77
12351,77
11898,77
4797,77
4747,77
11034,77
10436,77
6787,77
6759,77
9610,77
8969,77
2518,77
2429,77
12017,77
15094,77
2221,77
5089,77
13093,77
6540,77
11302,77
9287,77
1608,77
11966,77
2342,77
2333,77
12176,77
6549,77
10925,77
8981,77
11570,77
11540,77
8995,77
1271,77
2938,77
11644,77
20186,79
