21405,0
21257,0
21255,0
21205,0
21182,0
21181,0
21148,0
21135,0
21100,0
21042,0
21038,0
21017,0
20969,0
20943,0
20930,0
20926,0
20768,0
20695,0
20654,0
20566,0
20388,0
20364,0
19915,0
19803,0
18158,0
17617,0
17616,0
16921,0
16816,0
16815,0
16708,0
16687,0
16633,0
16598,0
16592,0
16448,0
16015,0
15265,0
14985,0
2128,51
14981,0
2118,16
14971,0
14873,53
2020,0
14525,0
13092,0
12674,0
12187,0
12063,0
12022,0
10921,0
10885,0
10174,0
10119,0
10108,0
9486,0
9238,0
9103,0
8859,0
15205,0
2175,13
15028,0
15027,0
14998,0
8497,42
21350,0
21219,41
8366,0
8252,16
21105,0
8130,1
20983,0
14285,0
7843,0
7728,0
14146,59
1293,0
7519,5
20372,0
7476,0
7190,0
756,0
7079,0
338,51
13191,0
6743,0
13122,0
13054,42
201,0
12904,0
6311,0
6172,0
6107,0
6055,0
18783,27
5930,0
5913,0
5496,0
5451,0
5355,0
18150,16
5297,0
4999,0
4807,52
17660,0
4803,0
10972,0
17304,40
4451,0
4257,0
4176,0
10573,0
7078,0
16635,19
3782,0
10196,0
3667,0
19683,1
6830,0
3605,15
16458,0
3128,31
15981,0
6231,0
9366,0
6130,0
6105,0
15669,0
15605,20
2752,0
2760,16
15613,0
2561,0
18602,38
5749,0
5731,0
8925,0
12098,0
16638,54
3785,0
2101,41
14954,0
5215,6
18068,0
6669,0
4911,0
1610,0
1566,0
7964,15
20817,0
1527,0
19159,64
6306,0
3043,42
15896,0
1384,0
1265,0
14093,0
15667,0
1177,0
5100,0
20358,36
7505,0
1009,0
4194,0
1494,0
4691,31
17544,0
12704,0
1264,0
773,0
1532,0
18388,27
5535,0
4273,0
1033,0
6642,0
5209,29
18062,0
9964,0
12995,57
142,0
5119,27
17972,0
7520,43
20373,0
2099,0
3466,28
16319,0
13114,0
535,0
2836,0
8338,41
21191,0
16874,57
4021,0
6505,0
7508,0
6696,0
8858,0
19751,1
19507,1
19241,1
18962,1
18860,1
18138,1
18071,1
17876,1
17872,1
17864,1
17863,1
17860,1
17839,1
17813,1
17812,1
17776,1
17760,1
17700,1
17612,1
17574,1
17573,1
17506,1
17212,1
17048,1
16652,1
16443,1
16216,1
16163,1
15810,1
15387,46
2534,1
15292,1
15230,1
14736,1
410,37
13263,1
13072,1
168,64
13021,1
12963,29
110,1
12861,1
12827,1
12759,1
12676,1
12557,1
12443,1
12195,1
11793,1
11625,1
11344,1
11292,1
11285,1
11279,1
11251,1
11144,1
11074,1
10555,1
10361,1
10335,1
9742,1
9733,1
9505,1
9465,1
9047,1
2560,22
15413,1
2482,5
15335,1
8906,1
15294,1
15220,1
8707,1
8683,59
21536,1
21466,27
8613,1
2167,37
15020,1
14933,15
2080,1
14911,1
21333,53
8480,1
21325,4
8472,1
21291,14
8438,1
21227,41
8374,1
8308,1
21129,48
8276,1
21078,29
8225,1
8091,1
8089,1
20938,33
8085,1
7997,1
7891,64
20744,1
7876,1
20725,15
7872,1
7845,25
20698,1
7826,4
20679,1
20667,16
7814,1
7791,1
20401,62
7548,1
13904,1
20247,6
7394,1
7363,54
20216,1
7240,1
714,1
496,1
331,27
13184,1
6657,16
19510,1
6463,1
12857,1
6225,1
6035,29
18888,1
12454,1
6020,64
18873,1
5835,59
18688,1
5739,15
18592,1
5724,40
18577,1
18563,46
5710,1
5690,1
11872,1
11763,1
5286,1
18096,36
5243,1
11661,1
5234,1
18079,20
5226,1
5177,1
11506,1
11492,1
5058,54
17911,1
5020,14
17873,1
17701,52
4848,1
4708,1
17543,38
4690,1
17540,15
4687,1
17432,16
4579,1
17330,59
4477,1
4369,1
4146,1
4075,1
4041,1
4027,1
16850,37
3997,1
10291,1
16650,34
3797,1
6815,1
10015,1
9954,1
3491,1
3261,1
12834,1
9549,1
15968,42
3115,1
15924,39
3071,1
15876,2
3023,1
6202,1
6157,1
2945,1
12550,1
6090,1
6054,1
15621,51
2768,1
2652,1
2638,1
5723,63
18576,1
2475,1
2386,17
15239,1
8696,1
8689,1
2202,53
15055,1
8615,1
5376,40
18229,1
6907,15
19760,1
14921,1
3645,1
13265,1
362,1
6689,1
11504,1
1801,1
3275,1
9638,1
19263,42
6410,1
3166,1
17625,15
4772,1
7958,54
20811,1
3063,1
4648,1
1252,1
13966,1
5902,1
8204,1
15425,1
2568,41
15421,1
16117,52
3264,1
15309,1
768,1
16837,5
3984,1
9582,1
15995,27
3142,1
748,1
20793,45
7940,1
6283,35
19136,1
7088,1
7763,1
15777,37
2924,1
12146,1
8943,1
19767,22
6914,1
3699,1
835,51
13688,1
14888,1
5620,1
393,1
6811,27
19664,1
9202,1
2371,1
7102,28
19955,1
853,1
6471,1
6665,1
3587,1
960,1
16814,41
3961,1
15804,51
2951,1
16978,9
4125,1
12965,1
6511,31
19364,1
3356,1
1044,1
3336,1
4142,45
16995,1
1718,1
7749,1
4107,1
15797,63
2944,1
7093,15
19946,1
3684,1
4043,1
17421,2
16194,2
15973,2
15929,2
15859,2
15858,2
15855,2
14069,7
1216,2
12117,2
11970,2
10062,2
15568,2
11065,2
12375,2
11862,2
1983,2
3001,9
15854,2
884,2
104,2
11775,2
16170,20
3317,2
3228,2
3315,2
21133,3
21007,3
20982,3
20946,3
19975,3
19830,3
19420,3
19312,3
19208,3
19092,3
18906,3
18882,3
18852,3
18667,3
18225,3
18145,3
18080,3
18037,3
17957,3
17878,3
17867,3
17782,3
17719,3
17687,3
17563,3
17488,3
17472,3
16677,3
16523,3
15197,5
2344,3
14563,3
13711,3
12679,3
12492,3
12345,3
12225,3
12191,3
12094,3
11579,3
11056,3
10985,3
10941,3
10918,3
10904,3
10847,3
10816,3
10467,3
9976,3
9929,3
9752,3
9607,3
9104,3
8916,3
8780,3
8705,3
21491,31
8638,3
8540,19
21393,3
1975,59
14828,3
21254,19
8401,3
21214,45
8361,3
14315,3
7475,31
20328,3
7470,3
7452,3
20207,35
7354,3
7352,3
7337,3
7045,3
19766,58
6913,3
13320,51
467,3
6881,25
19734,3
19727,49
6874,3
6849,42
19702,3
6725,3
6697,3
6527,15
19380,3
12644,3
12599,3
12515,3
5854,3
12236,3
12132,3
5675,3
11954,3
11920,3
5291,3
17950,29
5097,3
11464,3
17834,4
4981,3
4922,22
17775,3
11134,3
4592,3
10962,3
4510,3
10790,3
4347,3
17186,34
4333,3
17102,10
4249,3
17035,63
4182,3
4122,16
16975,3
7087,3
3846,3
16628,4
3775,3
19737,20
6884,3
10102,3
19650,22
6797,3
366,3
3367,3
68,3
6454,4
19307,3
3251,3
6274,24
19127,3
2999,3
19041,28
6188,3
9392,3
5949,3
2578,3
12186,3
5762,3
18539,53
5686,3
5523,6
18376,3
11915,3
11873,3
6953,3
18148,40
5295,3
5258,16
18111,3
6841,3
16460,60
3607,3
6712,3
6710,3
3469,3
1832,3
11393,3
6422,3
6430,51
19283,3
1606,3
9619,3
7987,24
20840,3
20837,36
7984,3
1506,3
1480,3
14282,54
1429,3
12600,3
1301,8
14154,3
15596,3
9102,3
8298,3
2671,3
9081,3
14679,3
13874,3
17054,13
4201,3
183,41
13036,3
3380,15
16233,3
8186,40
21039,3
4100,46
16953,3
2434,3
5597,3
13615,41
762,3
703,3
15154,40
2301,3
19963,20
7110,3
1497,3
12173,3
10129,3
2898,3
17254,13
4401,3
7184,37
20037,3
9194,3
13197,3
4774,3
16400,37
3547,3
735,3
9893,3
12886,3
17816,15
4963,3
1676,3
10895,3
272,3
19295,53
6442,3
5331,3
16155,14
3302,3
687,3
21479,4
21474,4
21437,4
21413,4
21360,4
21315,4
21266,4
21265,4
21240,4
21218,4
21199,4
21081,4
21055,4
21044,4
21032,4
21014,4
20988,4
20973,4
20937,4
20894,4
20813,4
20784,4
20776,4
20715,4
20648,4
20548,4
20455,4
20450,4
20442,4
20414,4
20391,4
20378,4
20368,4
20339,4
20269,4
20256,4
20252,4
20228,4
20221,4
20213,4
20189,4
20181,4
20166,4
20105,4
18699,4
18627,4
18052,4
17032,4
16735,4
16668,4
16662,4
16655,4
16584,4
16569,4
16363,4
16350,4
16263,4
15980,4
2787,25
15640,4
15415,60
2562,4
15141,4
15136,4
14504,42
1651,4
40,34
12893,4
12207,4
12005,4
11543,4
11470,4
11283,4
10907,4
10529,4
10235,4
10225,4
10130,4
10099,4
9860,4
9825,4
9441,4
9267,4
9250,4
9235,4
9115,4
9091,4
8997,4
15349,23
2496,4
8745,4
8637,16
21490,4
8598,13
21451,4
8563,16
21416,4
8562,58
21415,4
2109,56
14962,4
8509,42
21362,4
8406,27
21259,4
21166,62
8313,4
8226,4
8051,22
20904,4
8048,4
8032,12
20885,4
7972,16
20825,4
7970,4
7875,22
20728,4
7836,4
7818,34
20671,4
7682,25
20535,4
7514,15
20367,4
7512,51
20365,4
7472,4
13890,4
7370,49
20223,4
7312,52
20165,4
7279,5
20132,4
7264,21
20117,4
19927,13
7074,4
6789,29
19642,4
6771,4
6765,4
6134,4
6094,4
18870,41
6017,4
5926,4
18591,33
5738,4
11896,4
5314,4
5299,20
18152,4
11635,4
5195,16
18048,4
11481,4
11475,4
4794,4
4330,4
3788,25
16641,4
3786,4
16574,22
3721,4
6840,4
3585,4
9985,4
3422,57
16275,4
3416,57
16269,4
11,4
9576,4
3028,16
15881,4
6198,4
6165,4
2962,4
12296,4
5793,15
18646,4
5632,4
5594,4
2380,18
15233,4
2253,4
15053,4
3770,40
16623,4
8588,47
21441,4
5356,4
11721,4
2089,4
3624,4
1902,27
14755,4
1846,4
8236,4
8224,15
21077,4
17787,60
4934,4
12891,39
38,4
14,4
1569,4
7983,52
20836,4
1381,4
15816,22
2963,4
4472,4
12346,4
1122,4
4288,4
7484,60
20337,4
1059,4
1849,4
17071,31
4218,4
968,4
10532,4
4014,4
5556,4
2338,4
19966,41
7113,4
6297,4
7918,53
20771,4
3091,22
15944,4
2279,4
7083,4
1722,4
19387,16
6534,4
6115,4
5312,4
20079,51
7226,4
8005,4
1178,4
774,4
3571,13
16424,4
1111,4
5501,37
18354,4
2693,4
7517,43
20370,4
1096,4
1070,4
1853,4
3430,13
16283,4
9372,4
8520,41
21373,4
8501,50
21354,4
1644,4
8868,4
2433,4
7353,64
20206,4
3629,4
15782,21
2929,4
2005,4
3601,25
16454,4
1087,4
21372,5
20514,5
16839,5
16836,5
16834,5
16795,5
16679,5
16401,5
15902,5
15759,5
15708,5
15707,5
2849,25
15702,5
15299,5
2340,43
15193,5
2159,42
15012,5
1696,28
14549,5
1692,13
14545,5
371,15
13224,5
12184,5
11930,5
11572,5
11057,5
10439,5
10243,5
10076,5
9936,5
9902,5
9612,5
9577,5
9547,5
9313,5
9306,5
15688,5
15624,16
2771,5
15496,5
8928,5
8898,5
15250,22
2397,5
8808,5
8785,5
2224,57
15077,5
21408,57
8555,5
8502,5
1694,14
14547,5
14316,5
7837,5
7746,5
20341,27
7488,5
7385,5
7277,5
20119,12
7266,5
7250,5
722,5
7132,5
6730,5
6673,5
19381,20
6528,5
6460,5
18554,29
5701,5
12036,5
18355,22
5502,5
11756,5
11628,5
11476,5
17906,31
5053,5
17674,16
4821,5
17292,31
4439,5
17251,34
4398,5
4389,5
4344,5
4240,5
4193,5
10484,5
3985,10
16838,5
3873,48
16726,5
3800,31
16653,5
3787,5
3763,5
3647,5
13059,5
19428,57
6575,5
9613,5
9477,5
9354,5
2927,29
15780,5
2856,12
15709,5
5662,5
12064,5
15208,5
2348,5
3765,5
14934,5
19680,35
6827,5
5012,5
14550,5
109,31
12962,5
9587,5
7861,5
7681,5
4446,5
1234,5
12301,5
7498,5
1065,5
4031,40
16884,5
17633,53
4780,5
8724,5
1315,22
14168,5
7732,5
3584,9
16437,5
6774,5
6705,5
6572,5
5720,5
7320,5
12897,5
10565,5
1341,5
8426,5
16527,22
3674,5
7768,5
18540,6
5687,5
19653,6
19625,6
19082,6
19081,6
19077,6
18509,6
18495,6
18487,6
18463,6
18458,6
18454,6
18437,6
18433,6
18366,6
17442,6
17400,6
16990,6
16967,6
16940,6
16854,6
16772,6
16767,6
16740,6
16415,6
16310,6
16282,6
16164,6
16142,6
16134,6
14818,16
1965,6
435,15
13288,6
12788,6
12466,6
11795,6
11789,6
11765,6
11379,6
11276,6
11261,6
11191,6
11170,6
10827,6
10757,6
10746,6
10737,6
10708,6
10604,6
10385,6
10377,6
9829,6
9700,6
9433,6
9107,6
2512,52
15365,6
8726,6
8706,6
8585,6
8543,6
2065,56
14918,6
8363,6
8347,6
8209,6
21031,51
8178,6
20527,38
7674,6
20476,41
7623,6
20459,13
7606,6
20438,41
7585,6
7584,6
7583,6
7557,6
7015,6
19867,16
7014,6
19866,48
7013,6
19808,27
6955,6
444,6
13282,6
13238,6
13007,6
100,6
19238,27
6385,6
6353,6
12758,6
18920,15
6067,6
12464,6
18739,29
5886,6
5849,6
5839,6
5830,6
5798,6
12080,6
5485,6
18242,41
5389,6
5260,6
18109,28
5256,6
5253,6
5238,6
5207,6
5205,6
5044,57
17897,6
11197,6
4741,6
17491,20
4638,6
4634,6
4370,63
17223,6
4238,34
17091,6
17005,31
4152,6
4091,6
4036,6
7133,41
19986,6
3930,34
16783,6
19982,29
7129,6
10285,6
10261,6
6995,6
6965,6
19828,51
6975,6
3720,6
19773,51
6920,6
16493,20
3640,6
13172,6
330,6
198,6
6619,6
213,6
3210,48
16063,6
12752,6
3073,6
2994,6
2990,6
12407,6
9182,6
5848,6
18658,29
5805,6
2555,6
15384,31
2531,6
5579,60
18432,6
11894,6
8661,6
21477,47
8624,6
6982,6
13284,6
5245,6
5231,6
1918,27
14771,6
1912,6
8190,6
4881,6
3207,6
4771,6
17597,60
4744,6
17513,42
4660,6
17494,52
4641,6
4637,6
11030,6
6000,6
7591,6
9178,6
9165,6
1147,6
1102,6
10724,6
1079,6
5052,6
4255,6
1036,6
3417,57
16270,6
1023,6
5782,6
974,6
5769,6
4099,27
16952,6
1681,6
870,6
20140,41
7287,6
793,6
4700,6
4695,6
3898,6
6957,29
19810,6
19796,29
6943,6
6951,6
3723,6
16561,45
3708,6
895,6
3661,6
2843,6
17640,57
4787,6
3990,15
16843,6
379,15
13232,6
1184,6
9196,6
6371,6
6758,6
867,6
18660,42
5807,6
4993,6
8211,6
1158,6
9769,6
480,54
13333,6
3902,40
16755,6
4097,53
16950,6
13274,6
450,6
10314,6
940,6
11160,6
839,6
7263,16
20116,6
10553,6
16985,16
4132,6
929,6
2529,6
1068,6
233,6
3344,58
16197,6
7222,6
816,6
4290,6
20931,7
20415,7
16405,7
16374,7
15357,16
2504,7
9606,7
9263,7
7593,52
20446,7
11377,7
6018,7
8741,7
15067,7
1192,7
1013,7
3381,52
16234,7
3996,7
5358,7
15207,7
8337,33
21190,7
14970,7
21447,8
20753,8
20432,8
18713,8
16817,8
16590,8
16219,8
15307,8
12569,8
12362,8
12244,8
12166,8
12031,8
11306,8
10999,8
10964,8
10083,8
9937,8
8635,16
21488,8
8457,8
21277,47
8424,8
8291,8
7893,15
20746,8
7755,8
20583,38
7730,8
20319,18
7466,8
20308,63
7455,8
20241,21
7388,8
7048,8
388,8
6798,39
19651,8
19534,51
6681,8
19447,14
6594,8
6522,37
19375,8
6257,8
19101,53
6248,8
6102,37
18955,8
12506,8
18445,51
5592,8
5575,8
11567,8
16811,49
3958,8
3806,8
10094,8
16487,56
3634,8
3579,46
16432,8
9605,8
9525,8
5975,60
18828,8
8899,8
2429,8
5452,8
2234,8
10046,8
21301,60
8448,8
21300,63
8447,8
6783,8
9930,8
6672,8
1872,8
17901,46
5048,8
4938,34
17791,8
1706,8
8027,8
1449,8
1375,8
210,8
3900,8
7092,8
538,8
10925,8
1258,8
1643,8
16799,62
3946,8
7953,8
2667,8
4554,8
6931,43
19784,8
8580,8
5741,8
12860,8
17523,9
17089,9
16961,9
16285,9
16251,9
16188,9
16133,9
16100,9
15547,9
15510,9
15122,15
2269,9
14310,15
1457,9
699,45
13552,9
13256,9
317,53
13170,9
12785,9
12413,9
11957,9
11794,9
11284,9
11185,9
11181,9
11171,9
11137,9
10796,9
10738,9
10710,9
10416,9
10356,9
10318,9
9812,9
9745,9
9352,9
9299,9
15389,9
8629,9
14872,9
21016,36
8163,9
8138,9
20650,62
7797,9
20384,18
7531,9
20300,21
7447,9
7100,9
19933,33
7080,9
7066,9
19880,57
7027,9
19865,38
7012,9
6981,9
6707,42
19560,9
6434,9
12523,9
12488,9
5909,9
5905,9
5819,9
11953,9
5429,9
11832,9
11798,9
5360,9
18075,27
5222,9
18065,38
5212,9
17545,41
4692,9
17519,16
4666,9
4366,9
4364,9
4286,9
16941,60
4088,9
4081,9
16833,23
3980,9
10394,9
7020,9
16645,11
3792,9
16465,60
3612,9
374,9
16316,51
3463,9
12846,9
6301,9
15920,48
3067,9
12463,9
5945,9
2585,10
15438,9
2435,9
8760,9
11961,9
11932,9
8728,9
8678,9
2231,9
13142,9
3320,14
16173,9
4431,51
17284,9
9135,9
3482,9
15523,9
9880,9
10648,9
2565,9
13739,9
10321,9
1343,9
2522,9
6111,9
8761,9
10694,9
1842,9
5822,9
14843,16
1990,9
9781,9
1946,9
4106,9
5250,9
3287,15
16140,9
5223,9
21267,10
20936,10
20919,10
20721,10
20709,10
20420,10
20406,10
18952,10
18840,10
18795,10
18773,10
18746,10
18738,10
18736,10
18698,10
18689,10
18367,10
17927,10
17875,10
16991,10
16110,10
15831,10
15767,10
12621,10
12313,10
12286,10
12223,10
12215,10
12046,10
11935,10
10947,10
9326,10
9031,10
8214,52
21067,10
6340,51
19193,10
12608,10
5912,19
18765,10
5901,41
18754,10
12024,10
11958,10
11767,10
17429,53
4576,10
17334,51
4481,10
17306,51
4453,10
191,10
3389,10
16195,53
3342,10
12910,10
12875,28
22,10
3189,10
2754,63
15607,10
5875,14
18728,10
15038,10
8510,52
21363,10
12980,27
127,10
14558,10
3303,10
14499,10
3183,10
16016,37
3163,10
4584,10
2976,59
15829,10
5957,16
18810,10
194,10
1623,53
14476,10
543,10
2046,10
3181,10
1875,10
2696,10
6476,41
19329,10
4474,10
834,10
13694,10
20888,11
18303,11
16538,11
16013,11
12672,11
7518,43
20371,11
13435,11
3801,63
16654,11
2954,53
15807,11
2566,11
778,11
3633,38
16486,11
21337,12
20910,12
20651,12
20598,12
20517,12
19142,12
19029,12
18708,12
16798,12
16665,12
16602,12
16055,12
16030,12
15295,12
12658,12
12391,12
12382,12
12380,12
12266,12
12258,12
12154,12
12149,12
12077,12
11978,12
11884,12
11713,12
11700,12
11614,12
11568,12
11452,12
11333,12
10943,12
9237,12
9101,12
15311,48
2458,12
8794,12
8708,12
2251,16
15104,12
2203,22
15056,12
21435,19
8582,12
8579,12
8481,12
21252,41
8399,12
21244,33
8391,12
8030,18
20883,12
20879,45
8026,12
20605,41
7752,12
20473,38
7620,12
7600,40
20453,12
19713,29
6860,12
13192,12
6670,12
140,12
12351,12
18397,51
5544,12
11898,12
5342,12
4920,45
17773,12
4797,12
11034,12
4033,51
16886,12
10447,12
10436,12
16868,27
4015,12
16706,64
3853,12
6787,12
6759,12
212,12
9610,12
2916,15
15769,12
12353,12
15411,49
2558,12
8969,12
12017,12
15094,12
11649,12
13165,12
5089,12
6540,12
1716,50
14569,12
41,12
1438,12
1428,12
9287,12
10840,12
2663,12
9034,12
20257,41
7404,12
1608,12
11966,12
2342,12
1658,12
13025,12
8981,12
11570,12
15772,35
2919,12
11540,12
6529,12
8995,12
8096,53
20949,12
2938,12
11644,12
21568,13
20878,13
20095,13
19998,13
19844,13
19832,13
19559,13
19509,13
19505,13
19499,13
19223,13
19083,13
18621,13
18567,13
18085,13
18066,13
17963,13
17892,13
17780,13
17473,13
17431,13
17419,13
17359,13
17298,13
17236,13
17173,13
16658,13
16651,13
16636,13
16607,13
15620,51
2767,13
13096,13
12680,13
12670,13
11723,13
11639,13
11149,13
10080,13
9445,13
8610,13
8478,13
8167,13
8134,13
20984,38
8131,13
8016,43
20869,13
14395,13
7611,13
13290,13
13281,13
13205,15
352,13
349,13
13095,20
242,13
13089,48
236,13
6348,13
6264,13
19037,28
6184,13
6177,13
19022,31
6169,13
6125,13
5706,13
5595,45
18448,13
5273,13
5255,53
18108,13
5244,13
5167,13
17978,52
5125,13
5118,13
17688,48
4835,13
4714,13
4713,13
4662,13
4625,51
17478,13
11025,13
17457,53
4604,13
4600,13
17446,14
4593,13
11007,13
4555,51
17408,13
4552,40
17405,13
4476,33
17329,13
4438,38
17291,13
4436,30
17289,13
17239,51
4386,13
17099,51
4246,13
4028,13
7155,52
20008,13
3843,13
3796,16
16649,13
10192,13
3594,13
13115,13
13126,25
273,13
3452,13
246,13
6653,18
19506,13
6432,13
19285,13
6413,13
3086,16
15939,13
6275,25
19128,13
15901,43
3048,13
15851,17
2998,13
2973,13
6119,13
9293,13
15691,22
2838,13
6023,13
2383,13
8765,13
8672,13
423,50
13276,13
3609,13
3509,13
3455,13
248,13
19451,57
6598,13
3364,13
1711,13
4664,13
17462,51
4609,13
1387,13
6163,13
17282,40
4429,13
17027,31
4174,13
873,13
5670,49
18523,13
11232,13
11118,13
19950,53
7097,13
952,13
1306,13
489,13
2775,13
13206,57
353,13
16409,20
3556,13
1909,13
20382,51
7529,13
9674,13
6746,13
4525,13
8117,13
502,13
5076,45
17929,13
144,13
6639,40
19492,13
1616,13
2449,13
21358,14
20734,14
19870,14
18782,14
18467,14
18234,14
17706,14
17686,14
17422,14
17406,14
17164,14
17152,14
16589,14
16429,14
16332,14
2850,33
15703,14
2012,27
14865,14
1684,57
14537,14
12028,14
11981,14
11860,14
11468,14
11252,14
10302,14
10114,14
9432,14
9197,14
9147,14
8781,14
2308,58
15161,14
8571,14
8544,14
8541,22
21394,14
2047,41
14900,14
21281,38
8428,14
21202,47
8349,14
8212,34
21065,14
7840,25
20693,14
12803,14
12797,14
6368,14
6091,31
18944,14
5727,14
5713,42
18566,14
18462,51
5609,14
11996,14
4890,14
17671,52
4818,14
11237,14
4605,14
10674,14
4175,58
17028,14
764,14
10313,14
16681,31
3828,14
6993,14
10041,14
16262,58
3409,14
6425,14
3157,14
3154,14
12716,14
9434,14
9279,14
9259,14
5954,51
18807,14
2559,14
15397,56
2544,14
2419,14
8756,14
2054,53
14907,14
19697,29
6844,14
14854,51
2001,14
5115,40
17968,14
3313,42
16166,14
6502,14
12898,38
45,14
3204,14
9302,14
7672,51
20525,14
7603,14
1123,14
5105,37
17958,14
1897,14
2637,14
7453,14
10435,14
5583,22
18436,14
3970,14
7966,14
7722,14
8396,14
1153,14
9977,14
9926,14
4304,18
17157,14
18686,60
5833,14
3396,14
3751,19
16604,14
8441,14
9543,14
4331,43
17184,14
3702,39
16555,14
4408,14
21462,15
21454,15
21382,15
21318,15
21251,15
21210,15
21060,15
20710,15
19959,15
19895,15
19744,15
18951,15
18930,15
18921,15
18910,15
18861,15
18479,15
18281,15
18254,15
18217,15
18182,15
17993,15
17973,15
17723,15
17125,15
17095,15
17003,15
16983,15
16875,15
16354,15
16307,15
16287,15
16238,15
15979,15
15967,15
15918,15
15912,15
2744,34
15597,15
15484,15
15308,15
15226,15
14978,15
14903,15
14544,15
1689,18
14542,15
13958,51
1105,15
13757,29
904,15
868,53
13721,15
13174,15
13064,38
211,15
13003,15
139,25
12992,15
12702,15
12677,15
12611,15
12529,15
12487,15
12298,15
11925,15
11841,15
11808,15
11743,15
11617,15
11563,15
11440,15
11418,15
11370,15
11035,15
10887,15
10794,15
10470,15
10272,15
10233,15
10219,15
10197,15
10110,15
10096,15
10071,15
10067,15
9927,15
9874,15
9668,15
9443,15
9330,15
15674,15
9242,15
9232,15
2658,33
15511,15
9072,15
9064,15
8945,15
8914,15
8866,15
8863,15
2428,22
15281,15
8853,15
8799,15
8717,15
8716,15
8711,15
21557,16
8704,15
14967,22
2114,15
8526,15
8435,15
8197,26
21050,15
1659,64
14512,15
20790,52
7937,15
7928,15
7813,57
20666,15
7810,15
7671,15
20497,17
7644,15
20457,57
7604,15
20334,36
7481,15
1017,63
13870,15
20261,51
7408,15
7386,15
13753,15
7322,15
13735,22
882,15
758,45
13611,15
7058,15
13404,52
551,15
6732,15
6726,15
281,15
225,31
13078,15
13043,15
96,57
12949,15
6503,15
37,63
12890,15
6282,15
6220,22
19073,15
12517,15
12512,15
12504,15
12503,15
6027,15
5934,15
12159,15
12127,15
5689,15
18520,31
5667,15
5641,15
12048,15
5627,15
5585,58
18438,15
11979,15
5517,15
11891,15
5465,15
18253,49
5400,15
18243,24
5390,15
5379,15
5377,15
11717,15
11708,15
5240,31
18093,15
5102,15
5094,15
11505,15
11373,15
4910,20
17763,15
11271,15
17659,60
4806,15
11100,15
4654,40
17507,15
10826,15
10786,15
4365,15
4228,25
17081,15
4161,15
17012,23
4159,15
16779,31
3926,15
3916,15
7077,43
19930,15
7073,15
3858,43
16711,15
3857,54
16710,15
7041,15
7011,16
19864,15
544,15
3759,15
3758,15
16611,15
498,15
10000,15
6767,15
356,15
6737,15
6752,15
19491,27
6638,15
13011,15
3266,15
16119,15
12888,15
3118,15
6276,15
15925,30
3072,15
9488,15
15889,38
3036,15
9437,15
3008,54
15861,15
2950,47
15803,15
2886,25
15739,15
15698,15
5986,15
15602,15
2718,18
15571,15
2729,15
2543,57
15396,15
2471,33
15324,15
12083,15
8830,15
2309,33
15162,15
5474,15
2271,15
15118,44
2265,15
18307,45
5454,15
18294,41
5441,15
5409,15
11829,15
18238,20
5385,15
547,15
532,15
2097,15
1994,15
21187,51
8334,15
6721,15
3486,46
16339,15
14739,40
1886,15
17694,60
4841,15
1626,15
6419,58
19272,15
8022,15
11192,15
9538,15
1456,15
7865,15
1434,15
11051,15
1391,15
4585,15
9381,15
2958,51
15811,15
9338,15
1316,15
2897,15
1276,15
1228,15
6010,41
18863,15
2797,15
20471,38
7618,15
5947,15
1103,15
1052,15
1032,15
6620,41
19473,15
13037,15
1015,15
11395,15
7318,15
4887,15
3276,15
10472,15
6461,15
3205,15
4791,62
17644,15
4748,20
17601,15
18378,16
5525,15
7128,21
19981,15
7107,15
7090,58
19943,15
8547,15
12532,15
19286,51
6433,15
10841,15
16449,64
3596,15
372,15
13225,15
6784,15
15213,15
743,15
334,22
13187,15
17191,39
4338,15
19561,19
6708,15
696,15
9677,15
6877,15
12243,15
995,15
3387,15
1790,15
11575,15
3742,15
18590,52
5737,15
474,15
14582,58
1729,15
4143,15
1340,15
6539,15
14975,15
6836,15
18,15
11752,15
16597,52
3744,15
10,15
1213,15
10105,15
21567,16
20989,16
20829,16
20632,16
20409,16
20389,16
20230,16
20186,16
20048,16
20039,16
20005,16
19807,16
19758,16
19551,16
19478,16
19065,16
18917,16
18519,16
18504,16
18472,16
18466,16
18415,16
18403,16
18357,16
18186,16
18014,16
17915,16
17894,16
17759,16
17731,16
17499,16
17455,16
17410,16
17365,16
17338,16
17301,16
17142,16
17075,16
16989,16
16981,16
16777,16
16257,16
16139,16
16103,16
16077,16
15551,16
15352,51
2499,16
14982,16
14844,16
13507,16
422,21
13275,16
13255,28
402,16
13190,16
13085,42
232,16
13046,16
13023,16
12836,16
12830,16
12754,16
12725,16
12490,16
12473,16
12457,16
12409,16
12399,16
12135,16
12011,16
11866,16
11768,16
11574,16
11545,16
11541,16
11487,16
11437,16
11387,16
11372,16
11327,16
11273,16
11265,16
11093,16
11048,16
10959,16
10903,16
10876,16
10717,16
10702,16
10619,16
10618,16
10608,16
10584,16
10545,16
10306,16
10299,16
10230,16
10100,16
10049,16
9953,16
9746,16
9654,16
9559,16
9509,16
9450,16
2800,22
15653,16
9203,16
9110,16
15424,16
15198,16
8662,16
8606,16
8599,16
8592,16
14983,38
2130,16
2056,58
14909,16
21195,38
8342,16
21097,48
8244,16
21051,27
8198,16
8151,16
8141,16
8056,21
20909,16
7952,16
20662,27
7809,16
14099,49
1246,16
7552,16
7406,29
20259,16
7391,16
7379,22
20232,16
7355,16
20176,33
7323,16
791,16
7071,16
7029,28
19882,16
311,16
19572,64
6719,16
290,16
249,16
19448,57
6595,16
6576,16
71,25
12924,16
6346,40
19199,16
12761,16
6267,16
12655,16
6128,16
6034,16
5985,16
5973,16
12355,16
12340,16
18721,62
5868,16
5858,16
5827,16
12213,16
18570,29
5717,16
5655,16
5598,16
5567,48
18420,16
5554,53
18407,16
5382,16
5345,16
11753,16
5278,16
5201,16
5192,16
5172,16
5171,16
5134,16
5126,22
17979,16
5095,18
17948,16
5002,16
4983,16
4965,16
4785,16
4640,16
4603,16
4536,64
17389,16
4524,16
4513,16
4507,16
4493,48
17346,16
10902,16
4353,24
17206,16
4349,16
4345,16
4313,62
17166,16
4267,16
10625,16
4156,16
4153,16
10505,16
10403,16
10375,16
10347,16
7115,17
19968,16
7111,27
19964,16
3886,52
16739,16
7049,34
19902,16
6998,16
6996,16
6985,16
10122,16
13271,16
408,60
13261,16
3492,16
16225,51
3372,16
3155,16
3104,16
3051,16
15900,64
3047,16
3034,16
9403,16
9398,16
2971,16
2792,16
9204,16
15617,47
2764,16
9172,16
2746,16
12208,16
8991,16
15409,16
12179,16
5756,16
2550,16
5751,29
18604,16
5746,53
18599,16
8961,16
12152,16
8895,16
15310,16
15270,48
2417,16
2376,16
8747,16
5471,16
2257,27
15110,16
21539,51
8686,16
8681,16
15095,16
8667,16
11843,16
11830,16
5408,16
562,16
486,16
8518,52
21371,16
5168,16
9978,16
1889,16
1880,16
13090,64
237,16
1845,16
6603,16
49,16
20893,47
8040,16
12823,16
6402,20
19255,16
6407,16
12790,16
12701,16
1478,16
7888,16
7877,16
2964,59
15817,16
1312,16
4488,51
17341,16
1212,16
1210,16
4340,16
10749,16
13946,16
4303,42
17156,16
1088,16
1085,16
14719,16
5880,16
4266,16
7468,37
20321,16
10640,16
3390,16
10593,16
6493,16
8102,16
8105,16
8088,16
2467,16
857,16
8069,16
20922,16
4052,16
8055,16
8029,16
16810,38
3957,16
754,16
3928,16
7124,16
18360,47
5507,16
8725,16
704,16
3894,33
16747,16
684,16
8569,16
20618,20
7765,16
14968,38
2115,16
5318,16
504,16
8113,16
20917,57
8064,16
10808,16
20458,51
7605,16
8796,16
6687,54
19540,16
3256,16
9680,16
6465,27
19318,16
1207,16
8427,16
8206,16
1963,16
4127,16
525,16
2517,16
4302,19
17155,16
1299,16
14941,16
977,16
2480,16
3473,16
875,16
5162,16
8086,16
894,16
16200,47
3347,16
7311,16
9554,16
842,16
6541,16
8044,16
4071,16
1715,16
8080,16
10752,16
1201,16
21215,17
20915,17
16819,17
16812,17
16347,17
16284,17
16221,17
16022,17
12715,17
12624,17
10974,17
10855,17
10601,17
10393,17
9278,17
8860,17
15206,40
2353,17
15065,24
2212,17
8394,17
8311,22
21164,17
20807,36
7954,17
7723,17
7001,53
19854,17
6791,52
19644,17
6181,17
12240,17
5744,17
12110,17
18429,59
5576,17
18419,53
5566,17
5438,17
5407,17
11685,17
11633,17
11569,17
11549,17
11479,17
4755,17
4178,54
17031,17
715,17
3840,17
16490,19
3637,17
19690,29
6837,17
9963,17
6641,17
160,17
169,17
6213,17
2839,35
15692,17
2659,17
2548,17
8892,17
557,17
2112,17
10097,17
449,17
6848,17
16410,41
3557,17
16398,20
3545,17
1638,17
4788,17
17618,51
4765,17
1364,17
7733,31
20586,17
1251,17
1245,17
1160,17
1137,17
20348,47
7495,17
4216,17
6597,60
19450,17
7272,17
3994,17
7735,17
1314,17
11733,17
6504,45
19357,17
3672,17
16591,20
3738,17
12153,17
1128,17
21238,18
21103,18
21034,18
20976,18
20770,18
20634,18
20237,18
20180,18
20138,18
18875,18
18258,18
17795,18
15834,18
15601,38
2748,18
15246,53
2393,18
14587,48
1734,18
11106,18
10980,18
9097,18
8595,22
21448,18
8017,18
20191,19
7338,18
7276,41
20129,18
6293,18
6073,18
5993,18
11904,18
5417,18
17981,64
5128,18
17630,35
4777,18
10919,18
17058,47
4205,18
16723,40
3870,18
494,18
3056,27
15909,18
5894,18
2337,38
15190,18
10185,18
3734,25
16587,18
1861,18
167,18
11031,18
14220,40
1367,18
1084,18
998,18
187,18
4974,18
1765,18
10381,18
6934,51
19787,18
17347,51
4494,18
1176,18
2750,18
11630,18
10023,18
3602,18
12115,18
12874,18
93,18
1283,18
21436,19
21414,19
21385,19
21330,19
21298,19
21264,19
21211,19
21095,19
20896,19
20630,19
20463,19
20226,19
20217,19
19648,19
19254,19
19174,19
16311,19
15527,51
2674,19
15515,19
13714,49
861,19
13014,19
11667,19
10612,19
10282,19
10280,19
9316,19
2773,25
15626,19
8946,19
8890,19
8793,19
8578,31
21431,19
8458,19
8264,49
21117,19
7980,34
20833,19
7821,19
7726,19
7459,19
7413,43
20266,19
7382,58
20235,19
6586,19
6341,19
6104,19
11664,19
17171,20
4318,19
4012,33
16865,19
3968,19
16807,37
3954,19
16502,22
3649,19
16422,37
3569,19
6358,19
6186,19
5967,19
15594,19
18531,51
5678,19
15079,19
2205,19
2055,19
21203,37
8350,19
14752,19
6466,19
7948,19
20801,19
2862,40
15715,19
986,19
976,19
4955,60
17808,19
6790,19
4376,19
299,19
399,19
1727,19
6908,20
19761,19
7362,29
20215,19
1205,19
818,19
19666,52
6813,19
21571,20
21429,20
21404,20
21376,20
21319,20
20905,20
20379,20
19833,20
19679,20
19181,20
18313,20
17956,20
17766,20
17728,20
17579,20
17538,20
17151,20
17127,20
17053,20
16851,20
16676,20
16667,20
16488,20
16232,20
16211,20
16203,20
16145,20
15894,20
15736,20
15569,20
15565,20
15503,51
2650,20
2357,22
15210,20
2079,54
14932,20
14877,42
2024,20
12751,20
12485,20
12449,20
12374,20
12156,20
12106,20
12049,20
11602,20
11449,20
10714,20
10429,20
10423,20
10146,20
10057,20
9971,20
9850,20
9814,20
9487,20
9454,20
9258,20
8685,27
21538,20
8618,20
8512,20
8205,20
7963,20
7922,41
20775,20
7687,20
20531,41
7678,20
7639,20
20357,41
7504,20
20195,41
7342,20
7253,20
6866,22
19719,20
6817,20
13157,51
304,20
6507,56
19360,20
19294,34
6441,20
6082,20
5935,20
5889,20
12138,20
18497,46
5644,20
5349,20
5332,20
11748,20
5293,20
5176,47
18029,20
11515,20
5091,20
11402,20
4733,20
4606,20
4397,25
17250,20
17082,60
4229,20
4167,20
3884,22
16737,20
559,20
13188,20
6694,20
16252,48
3399,20
6331,20
9526,20
3100,20
12663,20
15892,29
3039,20
19033,40
6180,20
2955,51
15808,20
2902,20
9277,20
2769,20
5965,20
8975,20
2528,20
8849,20
8691,20
8690,20
5340,20
21411,57
8558,20
5228,20
5121,20
3477,20
152,25
13005,20
6515,59
19368,20
8023,20
11196,20
15930,43
3077,20
4659,20
15878,58
3025,20
4623,20
1412,20
10893,20
9246,20
14012,47
1159,20
4360,20
2699,20
4235,20
13041,20
3394,42
16247,20
1000,20
2470,20
11962,20
732,20
3094,20
558,20
6930,20
424,20
10822,20
387,20
3573,20
3129,20
8730,20
9363,20
6927,51
19780,20
2896,20
5283,20
6481,53
19334,20
3599,20
7261,63
20114,20
21386,21
21336,21
21324,21
21248,21
21179,21
20822,21
20706,21
20639,21
20628,21
20533,21
20332,21
20304,21
20255,21
20187,21
20174,21
19742,21
18769,21
16619,21
16421,21
15908,21
12829,21
12033,21
11990,21
10430,21
9914,21
9556,21
15274,48
2421,21
15126,41
2273,21
8559,37
21412,21
8506,53
21359,21
8407,38
21260,21
21128,47
8275,21
8262,21
7790,21
7676,37
20529,21
7433,48
20286,21
7359,21
7212,21
19290,52
6437,21
6047,21
18867,40
6014,21
11724,21
4850,60
17703,21
7061,21
6592,21
12619,21
15489,21
8999,21
8979,21
8976,21
15336,41
2483,21
5437,21
2048,21
8449,28
21302,21
3507,28
16360,21
1764,21
11359,21
6447,21
7841,21
17328,31
4475,21
7693,27
20546,21
17180,34
4327,21
7539,31
20392,21
1080,21
6591,21
16964,40
4111,21
74,21
530,21
17225,51
4372,21
7120,21
5112,64
17965,21
7491,41
20344,21
1650,21
7315,27
20168,21
7704,48
20557,21
3680,45
16533,21
2133,21
8422,42
21275,21
8905,21
7438,45
20291,21
21503,22
21297,22
20682,22
19050,22
18339,22
18252,22
17643,22
17007,22
16986,22
16885,22
16644,22
16495,22
16481,22
16434,22
16399,22
16369,22
16159,22
16152,22
15987,22
15841,22
15762,22
15296,22
15219,51
2366,22
15156,51
2303,22
15103,22
15026,36
2173,22
14672,22
14604,64
1751,22
13790,42
937,22
13136,22
12885,22
12772,22
12573,22
12531,22
12521,22
12383,22
12318,22
12216,22
12202,22
12059,22
12044,22
11883,22
11711,22
11381,22
11272,22
11255,22
11049,22
10845,22
10551,22
10434,22
10292,22
9981,22
9967,22
9940,22
15548,38
2695,22
15468,22
15049,31
2196,22
14984,22
21342,47
8489,22
14697,22
14642,39
1789,22
1773,28
14626,22
8050,22
8039,22
8015,22
14393,22
7903,22
7902,22
1461,35
14314,22
7442,22
7332,22
13656,22
7216,22
13168,51
315,22
12917,53
64,22
19291,51
6438,22
6217,22
6113,22
6051,45
18904,22
12435,22
12171,22
18565,51
5712,22
5660,22
5647,22
5563,22
11714,22
17967,45
5114,22
4894,22
17746,64
4893,22
4810,22
4751,22
17436,51
4583,22
10873,22
17052,39
4199,22
4160,22
4145,22
3973,51
16826,22
3865,22
16718,22
16630,51
3777,22
552,22
16472,43
3619,22
13262,31
409,22
6723,22
3490,53
16343,22
9884,22
3420,22
6612,22
6556,49
19409,22
9560,22
12551,22
9337,22
9328,22
15680,56
2827,22
2818,22
15641,22
12389,22
5951,22
9139,22
2711,22
15325,22
8903,22
2410,48
15263,22
15240,22
2374,53
15227,22
5586,22
5582,38
18435,22
15107,22
18296,34
5443,22
6863,22
6748,22
3483,31
16336,22
14666,22
4972,37
17825,22
19412,51
6559,22
6547,22
12831,22
3199,40
16052,22
1572,22
15970,64
3117,22
1502,22
1466,22
7870,22
1339,22
7673,22
2806,22
1209,22
10832,22
1208,22
1193,22
12378,22
1152,22
9098,22
3459,52
16312,22
1024,22
17076,52
4223,22
1016,22
983,22
2505,22
13708,22
16804,33
3951,22
3937,22
3096,64
15949,22
5500,22
9373,22
13285,22
3643,52
16496,22
16094,40
3241,22
3971,41
16824,22
9550,22
3514,31
16367,22
3899,22
13709,22
56,22
16258,27
3405,22
4410,22
7428,22
20234,35
7381,22
14993,22
130,22
145,22
922,22
10544,22
123,22
16122,29
3269,22
15598,22
447,22
8162,22
3893,22
6699,22
9861,22
1732,22
9736,22
10440,22
16872,57
4019,22
852,22
3890,22
18975,23
17000,23
16979,23
16680,23
16577,23
16215,23
16176,23
2833,23
2596,23
3622,64
16475,23
3277,53
16130,23
21322,24
21036,24
20794,24
20468,24
20443,24
20324,24
20279,24
19424,24
19422,24
18648,24
16806,24
16365,24
15729,24
2116,52
14969,24
11416,24
11320,24
11301,24
9502,24
15023,24
8581,24
6738,24
6146,24
5339,24
4747,24
16761,52
3908,24
16621,52
3768,24
9810,24
164,24
2968,29
15821,24
9339,24
2887,24
2851,27
15704,24
15610,39
2757,24
15189,24
2236,24
2221,24
1585,24
7830,24
6179,24
1366,24
1285,24
1200,24
1182,24
7487,55
20340,24
7441,24
8115,42
20968,24
13715,24
4732,24
3349,27
16202,24
6549,24
1198,24
6802,50
19655,24
1101,24
6794,50
19647,24
16396,54
3543,24
8294,24
7465,24
9231,24
15632,41
2779,25
15200,51
2347,25
9266,25
8930,25
15244,27
2391,25
15006,41
2153,25
8491,25
14506,52
1653,25
20795,47
7942,25
14324,60
1471,25
7851,25
7702,25
7657,25
508,25
6773,25
6741,25
165,25
86,25
6324,25
6305,25
6205,25
6033,25
5663,25
18399,40
5546,25
18375,51
5522,25
5086,25
5085,25
17874,29
5021,25
17809,60
4956,25
4560,25
4253,25
17098,52
4245,25
4241,25
4025,25
13543,31
690,25
3875,25
3774,25
3757,25
517,25
514,25
6777,25
9901,25
12996,57
143,25
53,25
6474,25
2772,25
2591,25
15432,47
2579,25
18595,31
5742,25
5707,25
2396,25
2385,25
2346,25
2339,25
15091,52
2238,25
2213,25
2211,25
3764,25
531,25
3651,25
2049,25
5083,25
1824,25
13019,34
166,25
4990,25
1714,25
1708,25
12889,60
36,25
1586,25
7990,25
1568,25
1567,25
1546,25
6280,25
7850,25
1420,25
7835,25
1382,25
1363,25
7782,25
1298,25
2809,25
4412,25
17233,29
4380,25
1170,25
6685,25
1066,25
1783,25
4177,25
2494,25
89,25
866,25
1648,25
1545,25
707,25
692,25
3905,25
702,25
700,25
20766,57
7913,25
695,25
693,25
691,25
536,25
546,25
1326,25
529,25
7346,25
513,25
2908,25
512,25
509,25
461,25
776,25
6776,25
1169,25
2332,25
16770,31
3917,25
701,25
2608,25
4210,25
163,25
1763,25
1555,25
6154,25
548,25
7766,25
1345,25
1322,25
108,25
506,25
1496,25
1873,25
16997,29
4144,25
1090,25
7761,25
521,25
5528,25
20058,26
9473,26
12270,26
5191,26
12164,26
4328,26
10391,26
12162,26
21550,27
21401,27
21201,27
19802,27
19762,27
19371,27
19262,27
18700,27
18402,27
18387,27
17849,27
17589,27
17403,27
17399,27
17314,27
17137,27
16963,27
16897,27
16510,27
16277,27
15580,27
2722,46
15575,27
15467,27
15345,42
2492,27
2411,29
15264,27
14539,58
1686,27
849,58
13702,27
12691,27
12683,27
12502,27
12400,27
11833,27
11822,27
11559,27
11403,27
11374,27
11278,27
11236,27
11104,27
11039,27
10445,27
10388,27
9544,27
9296,27
9205,27
8978,27
2513,51
15366,27
15329,52
2476,27
2275,45
15128,27
8106,40
20959,27
14418,27
7968,27
7534,27
20363,33
7510,27
7314,27
247,27
19483,51
6630,27
19475,41
6622,27
6537,27
12692,27
6178,27
12441,27
5888,27
5800,27
5532,35
18385,27
5491,27
11847,27
5334,53
18187,27
5296,54
18149,27
11707,27
11507,27
11362,27
4621,27
10586,27
10581,27
4113,28
16966,27
3830,27
478,27
16442,51
3589,27
16430,53
3577,27
6762,27
3438,27
15963,64
3110,27
15960,53
3107,27
3069,27
15668,38
2815,27
15462,53
2609,27
9014,27
15427,46
2574,27
2551,57
15404,27
8951,27
2530,27
8909,27
8880,27
8632,27
5203,27
1948,27
9952,27
5113,27
13024,27
134,48
12987,27
1723,27
1682,27
12883,27
6428,27
1,27
1444,27
3009,27
4610,46
17463,27
1406,27
7647,27
9234,27
4411,57
17264,27
1156,27
10748,27
10615,27
87,50
12940,27
10473,27
4051,27
11121,27
11107,27
685,27
1477,27
1350,27
6101,27
1263,27
15300,50
2447,27
820,27
12397,27
10831,27
10548,27
5722,43
18575,27
8940,27
1916,27
1099,27
4739,27
10151,27
1631,27
10311,27
21473,28
21096,28
20264,28
19062,28
19044,28
18902,28
18527,28
18425,28
18321,28
18009,28
17916,28
16987,28
16969,28
16946,28
16893,28
16759,28
16125,28
15913,28
15793,28
15543,28
2073,51
14926,28
13900,46
1047,28
13471,28
13124,42
271,28
12748,28
12628,28
10715,28
10632,28
9905,28
9822,28
9787,28
9133,28
8757,28
8677,28
8666,52
21519,28
21489,38
8636,28
8451,28
14785,51
1932,28
8199,28
7221,28
7032,28
19823,64
6970,28
13113,37
260,28
19280,60
6427,28
6376,28
12394,28
5842,28
5508,28
11771,28
5235,28
5220,28
5146,28
11315,28
11256,28
11228,28
4756,28
4407,51
17260,28
7075,28
13269,59
416,28
16407,39
3554,28
6659,52
19512,28
3249,28
3016,28
6201,28
6075,28
12480,28
9181,28
15386,28
2307,28
5472,28
2240,60
15093,28
11858,28
3779,28
5371,28
6952,28
1913,28
6686,43
19539,28
5042,28
9706,28
12841,28
279,28
1885,28
897,28
896,28
677,51
13530,28
10315,28
4686,28
6964,28
14963,63
2110,28
9171,28
1498,28
284,28
6816,28
8172,28
9760,28
524,28
3273,53
16126,28
9761,28
4045,28
9146,28
6005,41
18858,28
10825,28
20887,29
20835,29
20699,29
20641,29
20352,29
19837,29
19831,29
19343,29
18443,29
18371,29
18356,29
18351,29
18302,29
18239,29
18236,29
18191,29
18099,29
18034,29
17870,29
17738,29
17315,29
17221,29
17038,29
17011,29
17001,29
16925,29
16750,29
16714,29
16463,29
16403,29
16279,29
16241,29
16123,29
16093,29
15481,29
15471,29
15234,29
2151,64
15004,29
12810,29
12647,29
12460,29
12339,29
12276,29
11933,29
11910,29
11801,29
11726,29
11663,29
11638,29
11627,29
11466,29
11406,29
11396,29
11349,29
11071,29
10978,29
10843,29
10811,29
10638,29
10348,29
10334,29
9872,29
9844,29
9280,29
9217,29
9156,29
9155,29
15417,29
8948,29
8857,29
8514,29
8108,29
8068,29
8021,29
7823,29
1359,58
14212,29
20419,33
7566,29
20019,53
7166,29
679,48
13532,29
7047,29
7023,29
13287,29
377,29
6660,29
157,29
6578,29
6562,29
29,29
6445,29
6375,29
6361,29
12648,29
6218,29
12605,29
12534,29
5958,29
18811,29
12309,29
5818,29
12068,29
5617,45
18470,29
5564,29
5558,29
18334,57
5481,29
18188,48
5335,29
5270,29
5269,29
4816,29
17651,57
4798,29
4779,58
17632,29
17595,49
4742,29
10662,29
4204,29
4066,29
10216,29
10214,29
3793,29
16646,29
16570,64
3717,29
3559,29
12981,48
128,29
3327,29
9615,29
9608,29
2983,29
2959,29
6121,29
6042,37
18895,29
2791,29
15584,29
5932,29
12209,29
8998,29
5743,29
12053,29
15253,29
15179,31
2326,29
5526,29
5511,29
2268,42
15121,29
15048,29
10191,29
5366,29
3704,29
16478,62
3625,29
8331,29
19511,31
6658,29
6488,60
19341,29
3217,29
3216,29
11222,29
9604,29
1581,29
11193,29
4769,53
17622,29
3103,31
15956,29
15879,60
3026,29
7848,29
4615,29
1409,29
7737,29
10867,29
7629,29
9218,29
1082,29
6677,29
17933,34
5080,29
1077,29
4277,29
1074,29
1072,29
1862,42
14715,29
1040,29
17080,48
4227,29
15448,29
7424,29
5708,29
18394,53
5541,29
7130,29
19983,29
3888,29
14177,29
9345,29
505,29
16175,46
3322,29
14156,60
1303,29
18514,46
5661,29
1203,29
11599,29
5543,45
18396,29
1493,29
441,29
9025,29
19410,37
6557,29
18752,52
5899,29
2491,29
10868,29
1740,29
918,29
2953,29
550,29
840,29
15914,30
2687,63
15540,30
12224,30
13834,30
3040,30
12843,30
105,30
21532,31
20267,31
20262,31
20159,31
19529,31
19191,31
18490,31
18374,31
18095,31
17952,31
17758,31
17352,31
17246,31
17128,31
17077,31
17036,31
16993,31
16955,31
16331,31
16177,31
16150,31
16120,31
15578,39
2725,31
15096,31
13321,31
13175,60
322,31
13070,31
12651,31
12627,31
12278,31
12259,31
12197,31
11907,31
11848,31
11746,31
11425,31
11291,31
11234,31
11123,31
11103,31
10913,31
10864,31
10721,31
10704,31
9988,31
9943,31
9866,31
9142,31
8802,31
2121,51
14974,31
8490,43
21343,31
8432,64
21285,31
21197,51
8344,31
8234,31
21030,48
8177,31
14178,31
7710,31
7177,31
6764,31
13056,53
203,31
6483,31
12774,31
12732,31
12641,31
12469,31
18851,52
5998,31
12398,31
12333,31
5602,45
18455,31
5453,31
11831,31
11817,31
5330,31
5237,31
5077,64
17930,31
5043,37
17896,31
17311,51
4458,31
4405,51
17258,31
4067,31
10418,31
10354,31
3838,31
7031,31
16678,55
3825,31
16615,36
3762,31
9975,31
16395,57
3542,31
16386,41
3533,31
3520,31
16288,54
3435,31
9841,31
3378,31
3371,31
124,31
16045,63
3192,31
6352,31
15984,37
3131,31
15964,51
3111,31
12731,31
2554,31
8806,31
11861,31
2228,31
3694,31
2010,31
1995,31
1960,31
1933,31
8137,31
8103,31
9675,31
3219,31
6369,31
1427,31
4617,52
17470,31
15832,36
2979,31
4581,63
17434,31
9294,31
7609,31
20421,38
7568,31
1125,31
1919,31
15410,31
8114,31
7310,31
889,31
12091,31
3243,52
16096,31
10358,31
11946,31
955,31
2155,31
2064,31
16513,52
3660,31
7679,64
20532,31
6384,31
1971,31
1949,31
16392,43
3539,31
14751,61
1898,31
15550,31
3472,31
1078,31
3253,31
3360,31
16213,31
21037,41
8184,31
13008,31
8098,31
6453,31
3133,31
16588,42
3735,31
3122,31
10464,31
15545,32
497,32
21242,33
20685,33
20299,33
20135,33
19815,33
18719,33
16346,33
15561,60
2708,33
14886,59
2033,33
12681,33
12562,33
12364,33
12341,33
11878,33
11758,33
11566,33
11145,33
10839,33
10253,33
9818,33
9647,33
9301,33
8521,33
8388,33
8322,58
21175,33
8036,33
20736,45
7883,33
7869,33
7838,33
7739,33
19377,40
6524,33
6309,33
6271,33
19087,42
6234,33
5359,33
11690,33
4745,33
10973,33
17199,53
4346,33
4184,41
17037,33
4035,51
16888,33
7229,33
3952,33
10211,33
361,60
13214,33
9839,33
6414,51
19267,33
2918,33
2820,33
2691,33
8965,33
2539,33
2350,33
2316,33
11877,33
5422,33
14881,40
2028,33
2026,33
11302,33
8094,53
20947,33
1602,33
1433,33
2789,33
1191,33
1138,33
18778,64
5925,33
8340,38
21193,33
1010,33
10598,33
11305,33
837,33
2333,33
15145,33
3740,33
8879,33
18426,51
5573,33
731,33
8229,33
1011,33
1007,33
4930,33
6880,33
484,33
5321,33
859,33
490,33
21562,34
20757,34
19418,34
19198,34
18749,34
18665,34
18061,34
17169,34
17062,34
16939,34
16264,34
15996,34
15989,34
15950,34
2720,58
15573,34
2577,49
15430,34
1759,63
14612,34
12933,48
80,34
12706,34
10756,34
10634,34
9956,34
8829,34
7427,34
6976,34
13159,34
12714,34
12703,34
5767,34
5692,34
5684,34
5410,34
5274,34
5060,34
4987,34
11059,34
10754,34
10594,34
16968,47
4115,34
4084,34
13482,34
10262,34
10183,34
16394,54
3541,34
16206,41
3353,34
58,34
12901,35
48,34
3105,34
2993,34
15838,51
2985,34
2915,55
15768,34
2872,34
2858,34
9012,34
5765,34
15321,36
2468,34
2260,34
10155,34
323,34
14573,34
111,34
17372,53
4519,34
1308,34
7555,34
1100,34
7437,34
20274,62
7421,34
4811,34
7099,34
1174,34
16201,51
3348,34
924,34
880,34
4544,34
890,34
5236,34
1917,34
5216,34
4055,51
16908,34
21232,35
21221,35
21136,35
21114,35
21028,35
16818,35
16377,35
16297,35
15757,35
15559,35
2237,64
15090,35
12085,35
11528,35
9405,35
9364,35
15157,50
2304,35
8565,35
8493,53
21346,35
8320,58
21173,35
7961,40
20814,35
7244,35
6779,35
6475,35
6279,35
12231,35
5426,35
5175,59
18028,35
11478,35
4792,35
10897,35
3755,37
16608,35
3681,35
3564,53
16417,35
14427,35
8292,35
1063,35
2580,35
13027,35
3960,48
16813,35
1492,35
6814,37
19667,35
10411,35
7914,63
20767,35
6456,35
10946,35
15359,35
1525,35
21403,36
21388,36
21378,36
21356,36
21165,36
21113,36
21109,36
20954,36
20918,36
20826,36
20791,36
20652,36
20569,36
20494,36
20412,36
20393,36
20309,36
20273,36
20249,36
20233,36
20151,36
17034,36
16913,36
16642,36
16546,36
16545,36
16380,36
16324,36
16315,36
15800,36
14882,53
2029,36
12211,36
11705,36
9417,36
15356,36
15002,41
2149,36
8289,63
21142,36
7994,36
5402,36
5055,36
3867,36
3860,36
6935,59
19788,36
196,36
15695,36
9158,36
8972,36
2394,48
15247,36
8293,49
21146,36
1124,36
7317,54
20170,36
1529,36
1108,36
2619,36
13717,36
15326,36
7308,51
20161,36
21222,37
21196,37
20657,37
20646,37
19812,37
19466,37
19440,37
19365,37
19304,37
18997,37
18832,37
17975,37
17848,37
17661,37
17558,37
16911,37
16808,37
16719,37
16337,37
13138,37
12572,37
12255,37
12035,37
11750,37
11687,37
11565,37
11424,37
11340,37
11317,37
11018,37
10963,37
10884,37
10870,37
10600,37
10500,37
10427,37
10032,37
9970,37
9965,37
9896,37
9652,37
9475,37
15679,37
2826,37
9113,37
2474,48
15327,37
8893,37
15153,37
8317,37
8297,37
8286,37
14646,37
14540,37
7817,57
20670,37
7774,37
7462,37
20302,41
7449,37
13633,51
780,37
534,37
6809,37
6701,37
13118,37
6458,37
19097,51
6244,37
6227,37
5906,37
12239,37
18383,51
5530,37
5461,37
5316,37
17866,42
5013,37
11354,37
10599,37
10597,37
10538,37
4065,56
16918,37
16727,42
3874,37
3631,37
13203,37
6621,51
19474,37
6313,37
9428,37
5968,37
2761,37
15553,54
2700,37
2518,37
2488,37
2478,37
5624,37
15188,63
2335,37
2270,37
5455,42
18308,37
3713,37
11689,37
8339,45
21192,37
13131,37
6680,37
13093,37
8219,37
14524,37
19273,51
6420,37
1446,37
1288,37
1284,37
2825,37
1225,37
2807,37
20474,51
7621,37
17238,59
4385,37
2613,37
12914,37
18398,52
5545,37
6299,37
6288,37
4517,37
5313,63
18166,37
10053,37
15259,37
17273,51
4420,37
5984,37
5976,37
9994,37
7949,54
20802,37
6298,37
5078,37
151,37
4361,37
539,37
2519,37
1271,37
2756,37
739,37
10556,37
6325,45
19178,37
1328,37
2437,37
21480,38
21271,38
21256,38
21236,38
21194,38
21132,38
21022,38
20974,38
20680,38
20672,38
20658,38
20606,38
20561,38
20545,38
20499,38
20498,38
20490,38
20400,38
20395,38
20385,38
19723,38
19704,38
19369,38
18718,38
18155,38
18120,38
17556,38
17547,38
16910,38
16825,38
16802,38
16551,38
16385,38
16376,38
16371,38
16317,38
15790,38
15119,64
2266,38
1769,55
14622,38
14180,62
1327,38
11727,38
11621,38
11494,38
11336,38
10924,38
10853,38
10851,38
10499,38
9961,38
9346,38
8810,38
15062,38
15000,38
8119,53
20972,38
14300,38
19712,63
6859,38
12915,38
6323,38
12596,38
6175,38
5950,38
5879,53
18732,38
18418,51
5565,38
11980,38
5444,38
5327,45
18180,38
17943,47
5090,38
5029,38
4898,59
17751,38
4521,38
4457,38
4292,38
4169,38
4063,59
16916,38
20045,51
7192,38
10254,38
3697,38
3695,38
12919,39
66,38
9682,38
12570,38
6129,38
9274,38
6041,38
2751,38
2737,51
15590,38
18751,51
5898,38
9066,38
2590,38
5716,38
15221,38
8767,38
5473,53
18326,38
2182,38
2107,42
14960,38
2092,38
3676,38
3623,54
16476,38
8353,64
21206,38
6729,38
6523,38
6455,41
19308,38
4729,38
14313,51
1460,38
1320,38
7734,38
6084,38
1229,38
4239,38
4219,38
19462,49
6609,38
12204,38
6495,38
5682,38
7985,48
20838,38
1554,38
3948,57
16801,38
3944,44
16797,38
7950,51
20803,38
3903,38
3895,38
11112,38
4155,38
1344,38
9333,38
6785,38
3582,38
2298,38
456,38
9029,38
65,38
16521,60
3668,38
16583,52
3730,38
6804,59
19657,38
18549,39
18488,39
18465,39
18362,39
16304,39
16274,39
16074,39
12687,39
12657,39
12592,39
12571,39
12483,39
12336,39
12302,39
12274,39
12249,39
12246,39
12235,39
12147,39
12125,39
12112,39
12102,39
12040,39
12010,39
11960,39
11940,39
11934,39
82,56
12935,39
12694,39
12509,39
12316,39
5711,48
18564,39
12131,39
12101,39
12016,39
11941,39
11913,39
10860,39
3461,51
16314,39
3092,39
12632,39
15579,39
15560,39
12315,39
378,56
13231,39
12912,39
59,39
11070,39
2952,39
12514,39
27,62
12880,39
12908,39
21501,40
21391,40
21131,40
21023,40
20787,40
20469,40
20439,40
19546,40
19293,40
18992,40
18421,40
18231,40
18104,40
17511,40
17452,40
17449,40
17335,40
17316,40
17279,40
17277,40
17274,40
17269,40
17256,40
17245,40
17201,40
17083,40
17074,40
16957,40
16935,40
16932,40
16929,40
16926,40
16856,40
16794,40
16788,40
16357,40
16256,40
16088,40
14904,40
14199,40
186,60
13039,40
12755,40
12690,40
12604,40
12564,40
12563,40
11587,40
11580,40
11558,40
11519,40
11390,40
11357,40
11352,40
11287,40
11260,40
11175,40
11076,40
10905,40
10695,40
10665,40
10642,40
10623,40
10530,40
10455,40
10265,40
9923,40
9847,40
9755,40
9712,40
9704,40
9657,40
9315,40
9076,40
2370,52
15223,40
15171,40
8699,40
8676,40
8663,40
8608,40
21455,62
8602,40
14912,40
14826,40
8012,54
20865,40
7907,40
1440,59
14293,40
7477,40
7148,50
20001,40
7135,40
13195,49
342,40
6716,40
12806,40
12602,40
12472,40
5908,40
5895,40
18663,42
5810,40
5808,40
5561,40
5499,51
18352,40
5288,40
11658,40
18036,51
5183,40
5160,40
11498,40
5057,40
11198,40
4717,40
17518,64
4665,40
17448,47
4595,40
4452,50
17305,40
10809,40
10779,40
10767,40
4231,48
17084,40
17023,51
4170,40
4120,53
16973,40
4117,59
16970,40
4048,40
4026,40
10264,40
10209,40
6788,40
6757,40
3553,40
9532,40
3078,40
3010,40
12623,40
9415,40
12609,40
12594,40
9184,40
5964,40
18703,41
5850,40
9015,40
8982,40
12178,40
8692,40
2025,40
354,40
5132,40
1848,40
1839,40
1809,40
8109,40
9628,40
11225,40
1579,40
4632,40
1226,40
4363,45
17216,40
10781,40
1148,40
4341,63
17194,40
20374,45
7521,40
10709,40
1871,40
1863,40
13908,40
16299,41
3446,40
11461,40
13045,40
991,40
11397,40
17025,57
4172,40
9697,40
1499,40
9515,40
18605,60
5752,40
7771,51
20624,40
6926,40
925,40
14951,40
10355,40
16909,62
4056,40
1656,40
1022,40
1951,40
2942,40
1680,40
9777,40
6941,40
16294,56
3441,40
1356,40
10352,40
3931,40
20479,41
7626,40
21352,41
21272,41
21234,41
21189,41
21049,41
21045,41
21012,41
20975,41
20920,41
20812,41
20800,41
20798,41
20779,41
20735,41
20711,41
20640,41
20596,41
20593,41
20564,41
20558,41
20502,41
20470,41
20448,41
20440,41
20376,41
20314,41
20310,41
20284,41
20278,41
20118,41
19978,41
19887,41
19850,41
19745,41
19710,41
19427,41
19171,41
18953,41
18816,41
18283,41
17802,41
17712,41
17655,41
17489,41
16890,41
16858,41
16809,41
16803,41
16800,41
16715,41
16705,41
16672,41
16461,41
16388,41
15888,41
15819,41
15211,41
2291,58
15144,41
14516,41
13031,41
12721,41
12645,41
12631,41
12520,41
12061,41
12042,41
11879,41
11736,41
11629,41
11564,41
11500,41
11443,41
11307,41
11115,41
11060,41
10917,41
10611,41
10609,41
10478,41
10431,41
10037,41
9995,41
9973,41
9427,41
9111,41
15495,41
9049,41
8865,41
8750,41
8740,41
8738,41
15109,41
8409,41
21262,41
8364,41
8254,41
8001,41
14389,51
1536,41
7894,43
20747,41
7884,41
7880,41
1238,48
14091,41
7635,42
20488,41
7331,41
7259,46
20112,41
7072,41
560,41
6865,41
6317,42
19170,41
6273,41
6233,41
6088,41
6048,41
5969,41
5922,41
12334,41
11976,41
18348,53
5495,41
5492,41
18336,60
5483,41
5464,41
5396,64
18249,41
5367,41
5308,41
11503,41
4900,44
17753,41
17673,64
4820,41
10891,41
17129,51
4276,41
4141,41
3989,41
7157,41
3922,41
698,41
3701,59
16554,41
466,41
3669,45
16522,41
6254,41
12664,41
9444,41
6185,41
6173,41
9260,41
5994,41
12352,41
15570,41
15446,59
2593,41
2490,41
18530,51
5677,41
15312,64
2459,41
2409,41
8826,41
2320,41
8731,41
5494,41
5456,53
18309,41
5415,41
3772,54
16625,41
8528,41
11666,41
2042,41
19344,60
6491,41
4805,41
1524,41
1467,41
1452,41
1404,41
1317,41
7709,43
20562,41
12505,41
2873,41
2866,45
15719,41
9270,41
1134,41
8318,41
7500,51
20353,41
21123,59
8270,41
10610,41
17042,53
4189,41
12014,41
783,41
14417,56
1564,41
11977,41
15180,41
2322,64
15175,41
7139,41
8970,41
15001,64
2148,41
528,41
9311,41
846,41
12869,41
6799,41
16457,49
3604,41
3575,58
16428,41
1135,41
5911,41
11499,41
533,41
19386,64
6533,41
7398,45
20251,41
3377,64
16230,41
1677,41
483,41
14517,41
5650,41
7096,41
10564,41
8060,51
20913,41
7634,41
17073,51
4220,41
21574,42
21419,42
21000,42
20824,42
20773,42
20137,42
19912,42
19649,42
19470,42
19411,42
19137,42
18932,42
18638,42
18017,42
17479,42
17134,42
17004,42
16656,42
16095,42
15666,51
2813,42
15636,47
2783,42
15363,42
13077,42
12305,42
12054,42
11888,42
11867,42
11514,42
11431,42
11299,42
11253,42
11101,42
10404,42
10258,42
9891,42
9833,42
15581,53
2728,42
9100,42
9075,42
8962,42
8932,42
8823,42
8496,42
8287,64
21140,42
8240,51
21093,42
8045,52
20898,42
7977,42
7789,42
20210,64
7357,42
7319,42
19781,51
6928,42
6819,42
6561,42
12858,42
12767,42
6214,42
18938,52
6085,42
5750,42
5719,42
11916,42
5411,42
5309,42
5117,42
4933,42
11239,42
4591,42
4323,42
4129,42
3912,42
7068,42
10238,42
6887,42
3415,42
3271,42
16006,47
3153,42
3038,42
3013,42
3007,42
2907,42
6056,42
2799,42
5955,42
9087,42
2546,42
2532,42
5671,42
8778,42
8771,42
436,42
1934,42
14689,53
1836,42
17823,51
4970,42
1735,42
1622,42
1619,42
16029,57
3176,42
11161,42
1520,42
3053,42
4649,46
17502,42
7867,42
7796,42
2917,42
7650,42
15655,54
2802,42
9230,42
10784,42
10676,42
4212,42
4976,64
17829,42
1771,42
1679,42
3161,42
733,42
3909,63
16762,42
7109,64
19962,42
3085,42
682,42
16600,53
3747,42
18205,57
5352,42
20600,63
7747,42
401,42
787,42
381,42
2375,42
3095,42
9088,42
3259,48
16112,42
9051,42
1996,42
6604,42
2948,42
15801,42
5149,42
2500,42
3298,42
1741,42
941,42
1739,42
4039,42
15368,42
8947,42
5732,48
18585,42
6886,42
13060,42
16471,43
16470,43
16469,43
16468,43
16393,43
15283,43
2405,52
15258,43
14586,43
12227,43
12185,43
12067,43
12001,43
11908,43
11571,43
11098,43
10162,43
10092,43
9580,43
9503,43
8968,43
8788,43
8736,43
15032,43
8556,43
8378,43
8028,43
7474,43
7275,43
7146,43
6761,43
6739,43
19500,53
6647,43
6509,43
6252,43
6043,43
5604,43
18456,52
5603,43
5346,43
17907,53
5054,43
4998,43
4991,43
11154,43
4399,43
10061,43
3620,58
16473,43
153,57
13006,43
9531,43
9255,43
9240,43
5914,43
5721,43
12128,43
2225,49
15078,43
5414,43
10186,43
3750,43
6825,43
13204,43
21122,47
8269,43
11433,43
85,43
7956,43
9422,43
1378,43
9385,43
4454,43
4384,43
4285,43
1820,43
7278,43
828,43
9530,43
6155,43
7776,43
7267,43
13223,43
4387,43
9993,43
9992,43
11994,43
9369,43
6875,43
6568,43
7286,43
8912,43
7622,43
17554,44
16390,44
15934,44
15897,44
15637,44
14402,44
12580,44
12119,44
12114,44
10542,44
10074,44
9875,44
9671,44
9074,44
8908,44
7235,44
6733,44
19562,56
6709,44
6684,44
19482,57
6629,44
4440,44
3982,51
16835,44
3808,44
3807,44
2163,44
3080,60
15933,44
10163,44
9117,44
1244,44
5729,44
21295,45
21286,45
21233,45
21178,45
21047,45
20712,45
20567,45
20507,45
20381,45
19862,45
19790,45
19459,45
18606,45
17811,45
17788,45
17607,45
16912,45
16244,45
15733,45
15482,45
12169,45
11754,45
11684,45
11683,45
11578,45
11529,45
11429,45
11128,45
11028,45
11019,45
10966,45
10923,45
10856,45
10561,45
10027,45
9611,45
9566,45
9334,45
9003,45
8935,45
8742,45
8553,53
21406,45
8488,45
21278,48
8425,45
8335,45
8300,45
14630,45
7816,52
20669,45
14103,45
7627,60
20480,45
7410,45
7302,45
6747,45
6711,45
6668,45
6500,45
24,45
6138,45
6078,45
5991,45
5977,64
18830,45
12079,45
12078,45
5654,45
5629,45
5555,45
11622,45
11588,45
10879,45
4358,45
4258,45
4157,45
10534,45
10524,45
734,45
16725,56
3872,45
16670,56
3817,45
10227,45
3771,45
19703,48
6850,45
6243,45
6242,45
6211,45
9389,45
2834,45
5931,45
2645,45
15477,45
15455,51
2602,45
8814,45
5538,45
15152,45
2252,45
2249,45
2227,45
14995,45
2016,45
8355,64
21208,45
13110,45
5051,45
19426,52
6573,45
4914,45
1655,45
7887,45
11058,45
7855,48
20708,45
11036,45
7802,51
20655,45
1157,45
4337,45
1117,45
1003,45
8915,45
11308,45
2479,45
848,45
781,45
11153,45
7104,51
19957,45
680,45
2276,45
6552,45
5317,45
8530,45
17357,51
4504,45
98,45
10459,45
7193,45
6679,45
8074,51
20927,45
7432,45
5354,45
4954,45
19373,53
6520,45
10089,45
7762,45
1639,45
10165,45
4819,62
17672,45
21308,46
18483,46
17964,46
17922,46
17900,46
16207,46
16141,46
2606,51
15459,46
14876,46
14860,46
12783,46
11855,46
11221,46
11220,46
10284,46
9744,46
9478,46
9229,46
9187,46
9160,46
9127,46
8644,46
8614,46
8611,46
8125,46
7367,51
20220,46
7008,46
9,58
12862,46
6372,46
6349,46
11859,46
11850,46
5264,46
5188,46
11227,46
4776,46
11168,46
4657,46
4574,46
4149,46
4105,46
4094,46
4089,46
19856,64
7003,46
6999,46
3480,46
3456,46
6356,46
9189,46
2666,46
21521,47
8668,46
8619,46
2137,46
5257,46
5219,46
9741,46
1688,46
2961,46
2960,46
7686,46
16370,52
3517,46
16327,59
3474,46
3468,46
10644,46
4092,46
4085,46
10349,46
8702,46
10338,46
8155,46
4123,46
920,46
899,46
883,46
9177,46
4562,46
15380,46
541,46
887,46
21556,47
21512,47
21339,47
21303,47
21138,47
21130,47
20925,47
20907,47
20769,47
20377,47
20089,47
20080,47
20012,47
19993,47
19557,47
18674,47
18160,47
18050,47
17877,47
16214,47
2819,51
15672,47
2630,54
15483,47
14987,47
13649,47
12842,47
12791,47
12027,47
11551,47
11460,47
11447,47
11446,47
11444,47
11430,47
11297,47
10048,47
9797,47
9795,47
9720,47
9689,47
9603,47
9535,47
9356,47
15694,47
2803,53
15656,47
9134,47
8710,47
8641,47
21460,63
8607,47
8309,47
7669,47
7643,51
20496,47
13270,47
6350,47
11555,47
11450,47
4903,47
11322,47
11314,47
11163,47
4712,47
10774,47
4343,51
17196,47
10661,47
4192,47
16992,60
4139,47
7218,64
20071,47
3999,57
16852,47
7196,47
7185,58
20038,47
7136,64
19989,47
3892,51
16745,47
10213,47
13144,47
9763,47
3222,51
16075,47
9348,47
9220,47
15501,52
2648,47
15453,47
8674,47
21523,51
8670,47
2247,47
8658,47
1731,47
14270,47
15562,47
256,47
2620,47
982,47
7234,64
20087,47
4038,47
390,53
13243,47
5127,47
17980,47
13950,47
903,47
6912,47
16286,48
3433,47
21261,48
21143,48
21134,48
20035,48
19892,48
19890,48
19732,48
19464,48
19325,48
19258,48
19180,48
19155,48
17847,48
17810,48
17752,48
17596,48
17529,48
17343,48
17317,48
17168,48
17146,48
16688,48
16512,48
16420,48
15885,48
15713,48
15591,48
15504,48
15052,48
12956,48
12937,48
12717,48
12344,48
11983,48
11205,48
11088,48
11063,48
10998,48
10992,48
10901,48
10899,48
10892,48
10834,48
10817,48
10371,48
10328,48
10310,48
10173,48
10140,48
10086,48
9918,48
9804,48
9661,48
9642,48
9590,48
9489,48
9453,48
9410,48
9053,48
8977,48
8567,48
21283,63
8430,48
8255,48
8193,53
21046,48
8126,48
7896,48
7874,48
7824,48
7715,48
7344,48
725,48
7065,48
6929,48
13186,48
13151,48
6702,48
13105,48
6278,48
12636,48
12331,48
12229,48
12133,48
11982,48
5537,54
18390,48
5421,48
5328,48
11674,48
5071,48
11386,48
4339,48
10596,48
10541,48
10515,48
7060,58
19913,48
10090,48
13180,48
12853,48
9570,48
6310,63
19163,48
6030,48
15494,48
11895,48
15111,48
11837,48
15024,48
15005,48
11679,48
10066,48
6810,60
19663,48
3597,53
16450,48
6506,55
19359,48
6478,54
19331,48
3263,48
3252,48
4829,51
17682,48
1620,48
12851,48
4804,48
1601,48
9484,48
7825,48
6166,48
1300,48
2677,48
3460,48
2660,48
1816,48
9563,48
16792,58
3939,48
724,48
9510,48
5755,48
1335,48
2126,48
19378,52
6525,48
2912,48
11725,48
14485,48
6846,51
19699,48
1217,48
6807,48
15623,48
6778,48
369,48
6731,48
13141,48
7443,48
18210,52
5357,48
8572,48
945,48
3345,48
930,48
1665,48
1332,48
10442,48
10095,48
6801,50
19654,48
21177,49
21041,49
20552,49
20467,49
19906,49
19769,49
19453,49
19379,49
18922,49
18654,49
18430,49
18040,49
17880,49
17798,49
17562,49
17340,49
16707,49
16695,49
16675,49
16419,49
16289,49
15778,49
15664,49
15616,64
2763,49
15600,49
2742,53
15595,49
2611,54
15464,49
15037,49
14028,49
12822,49
12222,49
11989,49
11945,49
11484,49
11274,49
11268,49
11257,49
11126,49
10960,49
10788,49
9920,49
9332,49
15563,49
8836,49
15138,49
21073,57
8220,49
7064,49
6538,49
13,63
12866,49
12260,49
5477,49
4952,49
4824,51
17677,49
11233,49
11086,49
17224,53
4371,49
7046,49
3821,49
10088,49
6695,49
3184,60
16037,49
2933,49
9288,49
15629,49
12386,49
2027,49
7967,49
6616,49
185,49
7199,49
20021,51
7168,49
1500,49
3707,49
4064,52
16917,49
3565,49
9984,49
16787,51
3934,49
6714,49
14805,49
13787,49
9365,49
1039,49
2102,49
12304,50
10402,50
9868,50
9827,50
9588,50
9044,50
14551,50
7955,50
7167,50
6235,50
4613,50
4459,50
3864,52
16717,50
470,50
464,50
6683,50
6295,50
2928,50
9272,50
9271,50
9116,50
2440,50
15082,50
3580,50
4801,50
5960,50
1797,50
5593,50
1483,50
10109,50
2781,50
1239,50
1277,50
21565,51
21517,51
21502,51
21469,51
21369,51
21293,51
21076,51
21019,51
21018,51
20902,51
20834,51
20653,51
20465,51
20034,51
20013,51
19658,51
19556,51
19480,51
19471,51
19433,51
19432,51
18924,51
18849,51
18835,51
18774,51
18744,51
18682,51
18676,51
18616,51
18423,51
18389,51
18372,51
18332,51
18277,51
18271,51
18257,51
18228,51
18222,51
18135,51
17960,51
17707,51
17568,51
17433,51
17417,51
17302,51
17248,51
17188,51
17187,51
17177,51
17174,51
17117,51
17039,51
16903,51
16871,51
16774,51
16749,51
16734,51
16581,51
16499,51
16318,51
16196,51
16179,51
16171,51
16146,51
15988,51
15961,51
15932,51
15872,51
15447,51
2594,51
15406,56
2553,51
15306,51
15303,51
15255,51
14959,51
14839,51
14757,51
13458,51
13245,51
389,60
13242,51
13201,51
12815,51
12689,51
12489,51
12465,51
12461,51
12442,51
12423,51
12338,51
12073,51
11812,51
11706,51
11459,51
11371,51
11249,51
11174,51
11102,51
10773,51
10755,51
10750,51
10743,51
10729,51
10693,51
10606,51
10559,51
10359,51
9982,51
9933,51
9906,51
9858,51
9764,51
9681,51
9479,51
9314,51
9290,51
9253,51
9065,51
15485,51
15454,51
8755,51
8748,51
8713,51
21541,52
8688,51
8546,51
14859,52
2006,51
8405,51
8246,51
8176,51
7930,51
7897,51
7839,51
7831,51
7642,51
7592,51
7570,51
20386,62
7533,51
7496,51
7220,51
7209,51
7126,51
6922,51
19775,51
13200,51
13185,51
214,58
13067,51
6632,51
75,51
6494,51
6473,51
6436,51
12848,51
6373,51
6337,51
12654,51
12559,51
6137,51
18988,57
6135,51
12546,51
12507,51
6086,51
6083,51
6058,51
5919,51
5900,51
5792,51
5789,51
12122,51
5611,51
18464,51
5475,63
18328,51
5470,56
18323,51
5423,51
18276,51
5394,51
5392,51
11811,51
5281,51
11665,51
5190,51
11597,51
5139,51
11546,51
11523,51
5072,63
17925,51
17923,53
5070,51
11455,51
4941,51
4867,51
11242,51
4781,51
4689,51
11087,51
11043,51
4622,51
4470,51
4465,51
17318,51
4388,55
17241,51
10787,51
10760,51
10734,51
4301,64
17154,51
4297,51
4215,51
10613,51
4165,51
4061,51
10449,51
7161,51
7070,51
13462,51
16648,60
3795,51
518,51
405,54
13258,51
13236,51
13251,51
13244,51
13199,60
346,51
3534,51
302,51
3449,51
6623,51
3352,51
6498,64
19351,51
3295,60
16148,51
12900,64
47,51
46,51
3187,51
3149,51
3098,51
15951,51
3062,51
15823,62
2970,51
2930,51
9336,51
2853,51
2793,51
9208,51
2762,51
9163,51
2688,51
9069,51
2647,51
2635,51
5796,51
5788,51
15400,51
2520,51
8933,51
5643,51
8850,51
5540,58
18393,51
2310,51
2259,58
15112,51
11863,51
8623,51
6968,51
2168,51
3652,60
16505,51
2000,51
8416,51
8415,51
3526,51
9907,51
16185,52
3332,51
3329,51
3285,51
81,51
3225,51
3223,57
16076,51
9640,51
9637,51
4809,51
14440,51
1563,51
7962,51
4740,52
17593,51
1535,51
7901,51
7899,51
7873,51
7866,58
20719,51
3003,51
2936,51
2881,51
20485,52
7632,51
2785,51
11544,51
5123,51
1920,51
2681,51
10687,51
5040,51
8258,51
9834,51
10622,51
5783,51
969,51
3290,64
16143,51
10506,51
2390,51
757,51
7154,51
718,51
1519,51
3109,51
3918,51
5506,51
688,51
7085,51
15394,51
15391,56
2538,51
3748,51
6546,51
14957,51
3711,51
11734,51
7684,51
3572,51
345,51
4735,51
3528,51
6740,51
12332,51
14340,51
5870,51
15450,51
1785,51
11385,51
5154,51
3351,51
2542,51
136,51
3339,51
12969,51
9738,51
15416,51
14922,51
7304,51
6492,51
1675,51
9108,51
3340,51
3440,51
8160,51
10563,51
7260,51
4845,51
8063,51
10156,51
4135,51
16988,51
4918,57
17771,51
7659,51
1347,51
6636,58
19489,51
2013,51
13247,51
21576,52
21357,52
21292,52
20398,52
20396,52
19839,52
19786,52
19692,52
19645,52
19419,52
19167,52
18865,52
18768,52
18600,52
17986,52
17899,52
17835,52
17652,52
17247,52
17097,52
17067,52
16962,52
16776,52
16149,52
16086,52
16023,52
15315,63
2462,52
15237,52
13559,53
706,52
12905,52
12660,52
12633,52
12317,52
12281,52
11900,52
11854,52
11791,52
11490,52
11369,52
10245,52
10038,52
9915,52
9779,52
9527,52
9423,52
9285,52
9161,52
8944,52
15314,52
8873,52
8845,52
8835,52
8628,52
8359,52
8010,52
20792,60
7939,52
7030,52
13210,52
13194,52
6674,52
12959,52
19374,63
6521,52
42,52
6382,52
12699,52
12646,52
6215,52
6208,52
6189,53
19042,52
12468,52
12390,52
5740,52
12084,52
12050,52
5398,52
5363,52
5323,53
18176,52
5303,52
5148,59
18001,52
4711,52
4425,52
10768,52
4310,60
17163,52
4259,52
10590,52
3991,52
736,52
7067,52
7024,52
6961,52
3743,52
9941,52
9912,52
9909,52
3425,60
16278,52
3139,52
12697,52
12696,52
12462,52
9190,52
12201,52
5780,52
5734,52
5596,52
15149,52
5469,52
2239,52
2108,52
5276,52
5268,52
19681,64
6828,52
14842,52
3592,52
5092,52
8222,52
1673,52
1657,52
9644,52
23,52
3198,52
1598,52
8000,52
1562,52
1379,52
9382,52
1292,52
9283,52
1260,52
1243,52
15639,52
1197,52
9210,52
199,60
13052,52
1020,52
10633,52
176,52
12203,52
10521,52
4054,52
1634,52
2312,52
3089,52
553,52
6944,52
4518,52
7736,52
10128,52
6093,52
2890,52
3688,52
15217,52
16021,57
3168,52
1966,52
6477,52
1808,52
963,52
4964,52
16005,53
3152,52
850,52
6499,52
8554,52
932,52
4233,52
17086,52
14055,52
21423,53
20778,53
20270,53
20090,53
20025,53
19122,53
19017,53
19006,53
18995,53
18994,53
18872,53
18493,53
18392,53
18280,53
17748,53
17423,53
17416,53
17411,53
17384,53
17364,53
17333,53
17285,53
17275,53
17149,53
17148,53
17123,53
17103,53
16359,53
16212,53
16115,53
16098,53
16097,53
16091,53
15840,53
15742,53
15643,53
15478,53
15194,53
13119,53
12818,53
12799,53
12775,53
12763,53
12743,53
12728,53
12432,53
12404,53
11330,53
11270,53
11243,53
11210,53
11179,53
11064,53
10742,53
10703,53
10537,53
10342,53
10289,53
10255,53
9892,53
9869,53
9853,53
9771,53
9641,53
9408,53
9048,53
8656,53
14930,53
8453,53
8314,53
7879,53
20673,63
7820,53
7767,53
7636,54
20489,53
7596,53
7576,53
800,53
6869,53
439,56
13292,53
13280,53
438,56
13291,53
6770,53
13053,53
6450,53
12639,53
12555,53
12524,53
6060,53
6025,53
5887,53
5826,53
18300,57
5447,53
5388,53
5272,53
5210,53
5194,53
11324,53
4795,53
11202,53
11177,53
4679,53
4541,53
10744,53
10682,53
4173,53
4103,53
4080,53
4074,53
7119,53
6872,53
9974,53
13116,53
3488,53
220,53
6581,53
9799,53
9792,53
3309,53
3211,53
2995,53
2965,53
15675,53
2765,53
15451,53
5787,53
8861,53
15045,53
10200,53
8603,53
14867,53
3531,53
1929,53
1858,53
3442,53
9734,53
12878,53
1550,53
1445,63
14298,53
4630,53
1414,53
1407,53
1361,53
10944,53
1272,53
1269,53
9206,53
9175,53
7558,53
314,53
15556,53
4306,53
1019,53
971,53
1693,53
16922,60
4069,53
8855,53
4000,63
16853,53
1588,53
14354,53
8722,58
21575,53
697,53
11773,53
2923,53
4098,53
13266,53
12424,53
5178,53
10398,53
12395,53
9192,53
3563,53
3505,53
1761,53
7366,53
12907,53
11497,53
1076,53
1959,53
2956,53
939,53
3630,53
14875,53
1220,53
11637,53
16568,54
15959,54
12824,54
12288,54
11728,54
11400,54
11282,54
11090,54
10877,54
10112,54
10085,54
9438,54
9284,54
15528,54
8992,54
15280,54
8545,54
14729,54
8227,54
7979,54
7974,54
7725,54
7707,54
7696,54
7694,54
7349,54
7245,54
555,54
6894,54
13196,60
343,54
6661,54
6577,54
6287,54
6106,54
11730,54
11027,54
4505,54
4374,54
7063,54
16684,57
3831,54
6852,54
13062,54
6590,54
3194,54
2920,54
9268,54
2664,54
9030,54
12155,54
12045,54
2398,54
2379,54
8768,54
2230,54
10181,54
10115,54
5300,54
407,54
406,54
404,54
11636,54
9904,54
1794,54
6532,54
16107,59
3254,54
8007,54
1360,54
6120,54
4523,54
7690,54
7631,54
10833,54
14761,54
1071,54
12929,54
811,54
7189,54
7975,54
6312,54
8733,54
1488,54
2549,54
113,54
83,54
6864,54
3258,54
817,54
1173,54
11156,54
7141,54
50,54
6862,54
9040,54
3603,54
3382,54
7358,54
147,54
865,54
5694,54
8454,54
1747,54
1287,54
16518,55
16003,55
2604,64
15457,55
1313,58
14166,55
11428,55
10240,55
9551,55
9335,55
6917,55
10242,55
9578,55
9056,55
2584,55
1767,55
6457,55
1342,55
2154,55
6514,55
1814,55
21553,56
21551,56
19571,56
19515,56
19053,56
19045,56
18481,56
17619,56
17440,56
16698,56
16664,56
16585,56
16246,56
15969,56
15833,56
15822,56
15753,56
15723,56
15429,56
15348,56
12630,56
11802,56
11413,56
10699,56
9728,56
9707,56
8777,56
7757,56
7541,56
6972,56
6601,56
6335,56
5815,56
5034,63
17887,56
11241,56
4773,56
4644,56
10688,56
3760,56
11787,56
8475,56
8087,56
7544,56
6583,56
1924,56
21287,57
21228,57
21071,57
21040,57
20945,57
20797,57
20311,57
20298,57
19984,57
19874,57
19799,57
19441,57
19435,57
19270,57
18986,57
18223,57
17837,57
17785,57
17784,57
17777,57
17576,57
17182,57
17178,57
17115,57
16923,57
16873,57
16700,57
16685,57
16444,57
16427,57
16136,57
16026,57
15997,57
15682,57
14623,57
1541,63
14394,57
13704,60
851,57
13189,57
11508,57
11143,57
11041,57
11029,57
10950,57
10908,57
10883,57
10224,57
9343,57
8327,57
14619,57
8020,57
14131,57
7494,57
7490,57
7482,57
7469,57
13393,57
13212,57
13182,57
6223,57
12629,57
12610,57
6103,57
6096,57
18945,59
6092,57
12356,57
5516,57
11755,57
11744,57
4908,57
11078,57
10928,57
10872,57
10462,57
3993,57
3933,57
3920,57
3839,57
3833,57
3418,57
12988,64
135,57
3229,57
9539,57
12722,57
9472,57
6070,57
18610,62
5757,57
2540,57
5442,57
2219,57
1835,57
7993,57
10909,57
6065,57
1118,57
2714,57
16266,62
3413,57
9027,57
4884,57
7305,57
1667,57
15276,57
1577,57
2281,57
12973,57
2552,57
545,57
12978,58
125,57
11738,57
1291,57
3632,57
13211,57
7992,57
12719,57
1760,57
1354,57
4937,57
14201,57
5665,57
844,57
6856,57
3239,57
836,57
2526,57
19256,58
17113,58
16549,58
16300,58
15585,58
14263,58
12579,58
12574,58
12237,58
11451,58
11211,58
11105,58
11015,58
10894,58
10547,58
10498,58
10432,58
10387,58
10237,58
10002,58
9959,58
9618,58
9599,58
9413,58
9388,58
15278,58
8846,58
8784,58
15120,58
15029,58
8479,58
8221,58
7864,58
20523,62
7670,58
7158,58
6763,58
6635,58
12698,58
6222,58
12620,58
11643,58
4796,58
4551,58
4498,58
10566,58
10509,58
3841,58
10222,58
10208,58
10180,58
10068,58
3578,58
9414,58
9383,58
9371,58
15593,58
8797,58
5440,58
2198,58
8513,58
442,58
6734,58
11510,58
14629,58
1526,58
4437,58
10805,58
7217,58
146,58
5351,58
8467,58
4023,58
1575,58
1571,58
8791,58
11358,58
2039,58
10054,58
3598,58
21321,59
19069,59
18557,59
18459,59
17342,59
17140,59
17059,59
14928,59
14885,59
14783,59
13279,59
12814,59
12813,59
12778,59
12760,59
11826,59
11183,59
11173,59
10332,59
10322,59
10107,59
9393,59
9265,59
9207,59
9201,59
9124,59
8684,59
8654,59
15013,59
14988,59
14923,59
7143,59
13286,59
6063,59
5214,59
10678,59
4096,59
6939,59
2982,59
2977,59
9349,59
12415,59
5972,59
11893,59
2246,59
2206,59
15017,59
16492,62
3639,59
1910,59
259,59
1815,59
11230,59
11190,59
1537,59
1211,59
7577,59
7569,59
9903,59
8306,59
7501,59
908,59
10324,59
4697,59
686,62
13539,59
10367,59
293,59
3511,59
13237,59
6486,59
9374,59
12426,59
1030,59
9305,59
21253,60
19383,60
19297,60
18101,60
18038,60
17822,60
17770,60
17716,60
17666,60
17559,60
17412,60
17060,60
17015,60
16796,60
16531,60
15898,60
15785,60
15717,60
13139,60
12974,60
12250,60
12205,60
11968,60
11619,60
11522,60
11477,60
11435,60
11378,60
11136,60
11095,60
10989,60
10988,60
10971,60
10922,60
10848,60
10458,60
10453,60
10419,60
9557,60
2484,63
15337,60
8734,60
8732,60
15031,60
8373,60
21112,63
8259,60
7912,60
7225,60
745,60
6497,60
6277,60
12661,60
6199,60
6124,60
5937,60
5910,60
12221,60
12093,60
5672,60
5615,60
5559,60
5520,60
5505,60
11923,60
5350,60
5287,60
5141,60
11539,60
11465,60
4768,60
11113,60
4537,60
10414,60
3856,60
3790,60
6655,60
3180,60
2946,60
12540,60
2847,60
9059,60
9032,60
12226,60
2569,60
5608,60
12003,60
2323,60
11892,60
11864,60
5431,60
15061,60
14949,60
9928,60
1798,60
1787,60
11335,60
1666,60
12727,60
15899,62
3046,60
6246,60
3042,60
1425,60
7729,60
1104,60
9867,60
15479,60
2583,60
7407,60
984,60
978,60
11201,60
767,60
3910,60
18157,64
5304,60
6873,60
10025,60
5974,60
2365,60
8370,60
9573,60
10527,60
1280,60
7497,60
10518,60
4447,60
6853,60
2810,60
9878,61
7297,61
6861,61
5938,61
7076,61
554,61
21453,62
21237,62
21209,62
21053,62
20932,62
20668,62
20660,62
20493,62
20407,62
19674,62
19009,62
17988,62
15985,62
15886,62
15732,62
15558,62
15476,62
13026,62
12616,62
12306,62
11047,62
9678,62
9572,62
9558,62
9378,62
9273,62
15521,62
8956,62
8577,63
21430,62
13854,62
6240,62
5680,62
5658,62
4827,62
4814,62
11111,62
10926,62
4357,62
3784,62
9519,62
9429,62
2194,62
420,62
1803,62
8047,63
20900,62
1543,62
4419,62
1188,62
4351,62
4307,62
8986,62
728,62
1351,62
1642,62
12150,62
6147,62
21224,63
21176,63
21106,63
20804,63
20515,63
20380,63
19639,63
17685,63
16848,63
16480,63
16441,63
16348,63
16342,63
15130,63
13032,63
12705,63
12659,63
12649,63
12613,63
12516,63
12182,63
11993,63
11696,63
11407,63
11338,63
11300,63
11109,63
9807,63
9562,63
9425,63
9399,63
9312,63
8487,63
7516,63
7483,63
7439,63
7330,63
7191,63
6496,63
6485,63
6232,63
6187,63
12379,63
12294,63
5669,63
5657,63
11967,63
5084,63
5015,63
4901,63
11132,63
11046,63
4378,63
4261,63
4029,63
10040,63
202,63
6149,63
6123,63
12271,63
2567,63
5758,63
12163,63
15354,63
5679,63
5416,63
2188,63
16479,64
3626,63
5050,63
5018,63
138,63
126,63
4892,63
9625,63
4775,63
1469,63
1181,63
14744,63
1877,63
1837,63
7444,63
1768,63
5600,63
1752,63
12176,63
1355,63
5725,63
1311,63
3977,63
1528,63
8296,63
10008,63
6551,63
2877,63
9894,63
10983,63
1633,63
4404,63
21387,64
20584,64
20142,64
20031,64
19935,64
19860,64
19826,64
19763,64
19731,64
19711,64
19635,64
19113,64
18963,64
18898,64
18859,64
18842,64
18730,64
18342,64
17857,64
17853,64
17749,64
17710,64
17569,64
17551,64
17361,64
17349,64
16663,64
16622,64
16563,64
16459,64
16404,64
16210,64
16041,64
15993,64
15204,64
15060,64
13163,64
12707,64
12668,64
12625,64
12538,64
12350,64
12087,64
11909,64
11722,64
11623,64
11550,64
11527,64
11405,64
11348,64
10961,64
10849,64
10508,64
10158,64
10098,64
10042,64
9925,64
9809,64
9561,64
9497,64
9324,64
9252,64
9090,64
9045,64
9033,64
9020,64
8996,64
8919,64
8351,64
8217,64
7935,64
7895,64
7847,64
7464,64
7247,64
6888,64
6818,64
13103,64
6682,64
6315,64
12688,64
12685,64
5946,64
12321,64
5876,64
5873,64
12219,64
5659,64
11997,64
5533,64
11751,64
11598,64
5082,64
5081,64
11441,64
4812,64
11166,64
11133,64
4586,64
10874,64
4237,64
10446,64
797,64
712,64
3879,64
3673,64
10058,64
10052,64
376,64
12652,64
9431,64
2926,64
2867,64
6059,64
9239,64
2672,64
2570,64
12172,64
10171,64
6855,64
10018,64
11553,64
1847,64
3400,64
3395,64
5001,64
3384,64
1678,64
1628,64
14423,64
12667,64
12368,64
11526,64
162,64
8987,64
741,64
1512,64
15146,64
2297,64
6003,64
1584,64
7149,64
1029,64
8367,64
7341,64
3093,64
7296,64
11657,64
2325,64
7698,64
12852,64
1649,64
2884,64
