21568,0
20377,0
20267,0
19092,0
18225,0
17899,0
17867,0
17706,0
17574,0
17472,0
17342,0
17137,0
17003,0
16767,0
16695,0
16538,0
16194,0
15580,0
15504,0
2611,24
15464,0
2562,77
15415,0
14865,76
2012,0
389,5
13242,0
13190,0
13163,0
12956,0
12813,0
12633,0
12502,0
12489,0
12117,0
11981,0
11970,0
11935,0
11900,0
11371,0
11357,0
10388,0
10042,0
9858,0
9527,0
9473,0
9324,0
15694,0
2771,62
15624,0
15568,0
9104,0
15028,16
2175,0
2065,50
14918,0
21254,6
8401,0
21050,12
8197,0
8167,0
8141,0
8068,0
1536,42
14389,0
7930,0
1293,16
14146,0
20496,30
7643,0
20286,75
7433,0
20220,75
7367,0
725,0
551,18
13404,0
13196,28
343,0
203,64
13056,0
19037,53
6184,0
6091,29
18944,0
6060,0
18811,52
5958,0
5930,42
18783,0
5826,0
18438,10
5585,0
11958,0
5530,61
18383,0
5491,0
11315,0
11233,0
17595,18
4742,0
17540,52
4687,0
4606,0
4276,6
17129,0
4122,64
16975,0
16918,59
4065,0
470,0
9941,0
3378,0
135,54
12988,0
15963,18
3110,0
19041,13
6188,0
15807,39
2954,0
12462,0
12415,0
5954,5
18807,0
5932,0
12164,0
15179,64
2326,0
5523,78
18376,0
11932,0
1983,0
12912,69
59,0
6410,79
19263,0
12790,0
3166,0
1535,0
3117,10
15970,0
7888,0
7877,0
4328,0
8306,0
14715,74
1862,0
162,0
870,0
4791,42
17644,0
10391,0
3894,61
16747,0
19943,18
7090,0
7085,0
2952,0
2126,0
7184,45
20037,0
4338,15
17191,0
3256,0
9025,0
11775,0
12969,0
12162,0
3440,0
4739,0
3228,0
840,0
19122,1
14959,1
13085,54
232,1
9314,1
7023,1
42,1
4781,1
4689,1
17446,46
4593,1
4096,1
16649,4
3796,1
518,1
2310,1
486,1
4609,4
17462,1
969,1
8069,5
20922,1
19810,43
6957,1
3572,1
4735,1
5870,1
3473,1
21177,2
15672,54
2819,2
15345,74
2492,2
2056,14
14909,2
20419,10
7566,2
7534,2
71,44
12924,2
6375,2
5849,2
4756,2
4679,2
11007,2
4353,59
17206,2
4066,2
10394,2
3908,9
16761,2
16646,63
3793,2
6653,66
19506,2
3184,37
16037,2
2593,42
15446,2
12209,2
12208,2
12179,2
3779,2
3442,2
49,2
1252,2
4411,54
17264,2
7603,2
4201,37
17054,2
889,2
955,2
8206,2
9738,2
4106,2
16200,64
3347,2
4845,2
932,2
918,2
7698,2
10825,2
1616,2
21423,3
21293,3
20465,3
19509,3
19293,3
19065,3
18774,3
18493,3
17728,3
17246,3
17117,3
17075,3
16897,3
15742,3
15543,3
2650,52
15503,3
15122,79
2269,3
14903,3
2029,75
14882,3
12465,3
12442,3
12399,3
12073,3
11459,3
11327,3
11285,3
11211,3
10750,3
10342,3
10272,3
9853,3
9445,3
9197,3
9147,3
2421,47
15274,3
8705,3
8666,49
21519,3
15013,3
21030,18
8177,3
8089,3
20904,75
8051,3
8050,3
20746,61
7893,3
7809,79
20662,3
7427,3
7216,3
7074,6
19927,3
7064,3
13280,3
13053,3
64,10
12917,3
6348,3
19170,42
6317,3
6244,59
19097,3
12654,3
6092,54
18945,3
18732,77
5879,3
18721,42
5868,3
5244,3
5222,11
18075,3
5210,3
18048,75
5195,3
5126,10
17979,3
4816,3
4795,3
17543,77
4690,3
4666,72
17519,3
4465,5
17318,3
4438,9
17291,3
4425,3
10809,3
10590,3
4074,3
6996,3
6993,3
3520,3
16343,66
3490,3
3452,3
19474,40
6621,3
9799,3
3098,5
15951,3
9398,3
9279,3
2853,3
15680,50
2827,3
9181,3
15409,3
8806,3
2259,24
15112,3
8689,3
2238,44
15091,3
8632,3
8603,3
6968,3
2001,5
14854,3
5092,3
3455,3
11335,3
81,3
1550,3
1300,3
20525,14
7672,3
17284,72
4431,3
7621,45
20474,3
18810,4
5957,3
1077,3
16234,39
3381,3
1771,3
908,3
4780,67
17633,3
15995,12
3142,3
704,3
17544,16
4691,3
13688,3
835,3
5620,3
9196,3
8396,3
10398,3
1966,3
6708,66
19561,3
19955,17
7102,3
3472,3
9088,3
18686,37
5833,3
18062,42
5209,3
9769,3
3351,3
9760,3
8940,3
15416,3
11497,3
8086,3
3287,18
16140,3
20557,50
7704,3
10156,3
8441,3
1332,3
4331,62
17184,3
7659,3
4220,6
17073,3
21267,4
20936,4
20919,4
20721,4
20709,4
20420,4
20406,4
19505,4
19499,4
18840,4
18795,4
18746,4
18738,4
18736,4
18698,4
18689,4
18430,4
18367,4
18186,4
18085,4
18066,4
17963,4
17878,4
17875,4
17433,4
17419,4
17359,4
16658,4
16607,4
16110,4
14545,62
1692,4
13096,4
12286,4
10947,4
9031,4
8873,4
2391,44
15244,4
14974,76
2121,4
8478,4
8214,24
21067,4
8016,62
20869,4
8015,4
19651,40
6798,4
13205,28
352,4
349,4
13089,18
236,4
82,50
12935,4
6340,46
19193,4
6208,4
6177,4
5912,47
18765,4
5901,6
18754,4
5706,4
12084,4
11767,4
5273,4
5255,5
18108,4
5167,4
5118,4
11177,4
4714,4
11025,4
17429,29
4576,4
4555,64
17408,4
4552,53
17405,4
17334,76
4481,4
17306,13
4453,4
10860,4
4436,68
17289,4
4028,4
16838,62
3985,4
10192,4
3461,23
16314,4
191,4
3389,4
16195,78
3342,4
6432,13
19285,4
3189,4
3071,43
15924,4
9293,4
12315,4
5875,5
18728,4
15438,55
2585,4
5742,67
18595,4
2383,4
11858,4
2231,4
8510,55
21363,4
5268,4
248,4
12980,49
127,4
14558,4
1711,4
3303,4
3183,4
16016,59
3163,4
4664,4
11070,4
1387,4
4584,4
194,4
11118,4
543,4
489,4
2046,4
4401,37
17254,4
1875,4
7366,4
945,4
5076,70
17929,4
4474,4
4918,54
17771,4
9374,4
21567,5
21517,5
21501,5
21473,5
21391,5
21358,5
21131,5
21076,5
21023,5
20787,5
20653,5
20469,5
20186,5
20005,5
19998,5
19653,5
19557,5
19546,5
19471,5
19433,5
19432,5
19223,5
19191,5
18992,5
18782,5
18519,5
18472,5
18459,5
18421,5
18357,5
18302,5
18236,5
18231,5
18104,5
17986,5
17780,5
17686,5
17455,5
17449,5
17410,5
17406,5
17364,5
17352,5
17338,5
17279,5
17277,5
17274,5
17269,5
17245,5
17201,5
17103,5
17083,5
17074,5
17039,5
17007,5
16993,5
16957,5
16935,5
16932,5
16926,5
16794,5
16788,5
16777,5
16774,5
16680,5
16636,5
16581,5
16357,5
16331,5
16307,5
16256,5
16139,5
15872,5
2850,61
15703,5
15551,5
2594,13
15447,5
15306,5
2393,26
15246,5
15237,5
15194,5
15096,5
14981,16
2128,5
14904,5
2020,16
14873,5
14199,5
13077,5
13046,5
186,12
13039,5
12842,5
12836,5
12799,5
12791,5
12564,5
12409,5
12404,5
12028,5
12011,5
11860,5
11841,5
11833,5
11801,5
11793,5
11723,5
11706,5
11617,5
11551,5
11487,5
11447,5
11446,5
11425,5
11390,5
11330,5
11279,5
11270,5
11260,5
11252,5
11249,5
11175,5
11103,5
11102,5
11071,5
10913,5
10905,5
10876,5
10864,5
10695,5
10665,5
10642,5
10537,5
10332,5
10306,5
10302,5
10265,5
10255,5
10230,5
10080,5
10048,5
9988,5
9943,5
9923,5
9892,5
9720,5
9712,5
9657,5
9432,5
2803,55
15656,5
9110,5
9076,5
9048,5
15389,5
2353,60
15206,5
2308,56
15161,5
8699,5
21541,43
8688,5
8663,5
8641,5
21491,29
8638,5
21455,42
8602,5
21416,36
8563,5
8541,10
21394,5
14912,5
8424,45
21277,5
14826,5
21197,11
8344,5
8309,5
21078,18
8225,5
8212,68
21065,5
8178,15
21031,5
21016,50
8163,5
8106,5
20959,5
8056,33
20909,5
8012,74
20865,5
20673,19
7820,5
7669,5
20453,59
7600,5
20365,65
7512,5
7477,5
7406,30
20259,5
7391,5
7337,5
7314,5
7240,5
7148,67
20001,5
7135,5
6970,29
19823,5
19775,30
6922,5
467,37
13320,5
13270,5
13185,5
13195,14
342,5
315,14
13168,5
242,49
13095,5
19510,72
6657,5
6594,40
19447,5
6524,61
19377,5
12806,5
19199,30
6346,5
6337,5
6248,58
19101,5
12602,5
6125,5
12503,5
6058,5
12472,5
6014,75
18867,5
18851,46
5998,5
5973,5
5908,5
5895,5
5887,5
5858,5
18688,55
5835,5
5808,5
12213,5
5724,5
18577,5
5712,74
18565,5
5690,5
18464,30
5611,5
5499,29
18352,5
5495,42
18348,5
5475,58
18328,5
5394,5
18176,18
5323,5
5297,42
18150,5
5288,5
5278,5
5201,5
18036,18
5183,5
18029,79
5176,5
5160,5
11507,5
11498,5
17923,31
5070,5
11455,5
11362,5
4941,5
11198,5
4712,5
17518,14
4665,5
4513,5
10902,5
4476,58
17329,5
4451,9
17304,5
10779,5
17196,53
4343,5
4313,42
17166,5
4231,18
17084,5
4192,5
4170,5
17023,5
4156,5
4152,78
17005,5
4146,5
4120,43
16973,5
4117,78
16970,5
4048,5
10418,5
7185,24
20038,5
16835,67
3982,5
16826,10
3973,5
3930,38
16783,5
3892,5
16745,5
3870,66
16723,5
10264,5
16648,52
3795,5
10209,5
3777,38
16630,5
408,10
13261,5
6788,5
3553,5
3534,5
3222,72
16075,5
16045,73
3192,5
3157,5
3149,5
9532,5
3104,5
3086,18
15939,5
3010,5
12623,5
12609,5
2985,68
15838,5
6180,49
19033,5
12594,5
9348,5
6090,5
9184,5
9182,5
18703,42
5850,5
15451,5
2602,73
15455,5
9015,5
5796,5
8991,5
8982,5
15400,5
8895,5
15310,5
5643,5
15227,66
2374,5
8765,5
8692,5
18326,9
5473,5
5471,5
21539,64
8686,5
18309,42
5456,5
8674,5
21523,18
8670,5
11863,5
11829,5
5371,5
21441,36
8588,5
5295,18
18148,5
14907,76
2054,5
2028,58
14881,5
3622,37
16475,5
2025,5
16460,79
3607,5
5132,5
1929,5
5115,5
17968,5
1886,18
14739,5
259,5
3469,5
13090,12
237,5
1839,5
9734,5
8109,5
3275,5
20947,58
8094,5
6428,5
1,5
9628,5
19283,18
6430,5
4809,5
11225,5
1579,5
12701,5
1478,5
7866,24
20719,5
4632,5
1409,5
3003,5
20655,61
7802,5
1367,60
14220,5
1361,5
2936,5
2917,5
17341,79
4488,5
4363,61
17216,5
10781,5
1148,5
4341,19
17194,5
1125,5
15556,5
20374,19
7521,5
1088,5
1085,5
7501,5
20353,6
7500,5
13908,5
16299,42
3446,5
8270,6
21123,5
11461,5
2620,5
1019,5
176,5
13045,5
991,5
11397,5
21039,14
8186,5
4111,33
16964,5
9697,5
5670,5
18523,5
8855,5
16884,20
4031,5
2390,5
757,5
718,5
20803,42
7950,5
5525,76
18378,5
3109,5
14354,5
2301,14
15154,5
5507,5
18360,5
13530,64
677,5
688,5
1499,5
3888,5
2155,5
18605,14
5752,5
7771,5
20624,5
6534,42
19387,5
925,5
19767,10
6914,5
3711,5
14951,5
1306,5
4504,73
17357,5
3241,14
16094,5
4420,40
17273,5
16843,15
3990,5
8796,5
2775,5
9192,5
4372,77
17225,5
3563,5
9977,5
16409,18
3556,5
345,5
10355,5
3934,52
16787,5
5127,49
17980,5
9926,5
14340,5
1078,5
16909,36
4056,5
3253,5
1656,5
9051,5
16283,36
3430,5
1022,5
1808,5
1990,29
14843,5
1963,5
3152,43
16005,5
2951,79
15804,5
1951,5
15801,74
2948,5
2942,5
930,5
10548,5
903,5
16755,71
3902,5
14941,5
502,5
8098,5
16126,32
3273,5
875,5
20949,59
8096,5
1675,5
474,5
19334,37
6481,5
9777,5
16950,78
4097,5
894,5
5250,5
6941,5
16294,50
3441,5
9554,5
10563,5
8063,5
8554,5
16588,28
3735,5
4071,5
1715,5
1718,5
1356,5
9543,5
10352,5
3931,5
20479,42
7626,5
19492,49
6639,5
16286,28
3433,5
16908,38
4055,5
13247,5
10311,5
3684,5
10464,5
21480,6
21474,6
21352,6
21266,6
21240,6
21237,6
21218,6
21136,6
21135,6
21038,6
21032,6
20975,6
20735,6
20711,6
20695,6
20668,6
20640,6
20593,6
20558,6
20395,6
20385,6
20376,6
20314,6
20310,6
20228,6
20118,6
19915,6
19887,6
18816,6
18120,6
17712,6
17655,6
17489,6
16890,6
16825,6
16809,6
16800,6
16655,6
16551,6
16385,6
15819,6
2779,20
15632,6
15558,6
15119,52
2266,6
1769,20
14622,6
211,76
13064,6
12645,6
12520,6
11320,6
11115,6
10924,6
10851,6
10099,6
9973,6
9405,6
9378,6
9364,6
9316,6
9273,6
2695,10
15548,6
9049,6
8865,6
8750,6
8740,6
8738,6
15126,42
2273,6
8636,64
21489,6
2153,44
15006,6
2149,50
15002,6
15000,6
8577,61
21430,6
2130,71
14983,6
8493,46
21346,6
14900,31
2047,6
8409,6
21262,6
8399,33
21252,6
8320,24
21173,6
8313,36
21166,6
14314,10
1461,6
7843,6
7752,33
20605,6
1238,18
14091,6
7449,45
20302,6
7338,26
20191,6
20129,47
7276,6
7259,34
20112,6
7190,6
7079,6
6779,6
6273,6
12596,6
6146,6
6048,6
6017,6
18870,6
5950,6
12231,6
5680,6
11976,6
5464,6
5426,6
5314,6
5299,11
18152,6
11633,6
5212,43
18065,6
5175,64
18028,6
5029,6
17673,14
4820,6
4777,66
17630,6
4747,6
10897,6
4176,6
4141,6
20045,37
7192,6
19986,71
7133,6
3784,6
3669,58
16522,6
3667,6
3564,29
16417,6
9810,6
9429,6
6129,6
2751,6
5894,6
9066,6
2590,6
5757,54
18610,6
5749,16
18602,6
15312,74
2459,6
15221,6
2182,6
2042,6
3624,6
5215,78
18068,6
8236,6
19344,37
6491,6
45,55
12898,6
1569,6
1543,6
1527,6
4729,6
14313,29
1460,6
1467,6
1452,6
1317,6
7734,6
7733,76
20586,6
7709,44
20562,6
14093,6
18863,18
6010,6
1177,6
4351,6
1134,6
21193,65
8340,6
1122,6
3413,54
16266,6
15421,43
2568,6
14417,50
1564,6
762,18
13615,6
3960,12
16813,6
11977,6
3948,54
16801,6
4732,6
13539,43
686,6
19136,35
6283,6
1344,6
9333,6
17347,28
4494,6
1264,6
6814,59
19667,6
16457,12
3604,6
3575,24
16428,6
3582,6
3946,59
16799,6
1135,6
1111,6
2693,6
456,6
8184,11
21037,6
7381,37
20234,6
3961,41
16814,6
9372,6
533,6
19386,18
6533,6
10946,6
7398,19
20251,6
13717,6
10564,6
8060,8
20913,6
16583,18
3730,6
3629,6
21191,42
8338,6
15037,7
15055,79
2202,7
1406,7
136,7
1631,7
20230,8
20058,8
18924,8
18222,8
18014,8
17707,8
17568,8
17499,8
17221,8
17151,8
16257,8
2366,66
15219,8
2033,73
14886,8
2024,18
14877,8
14839,8
422,66
13275,8
13255,68
402,8
12490,8
11866,8
11265,8
10584,8
10049,8
9953,8
9559,8
9450,8
9203,8
15424,8
8978,8
8704,18
21557,8
8656,8
14923,8
7071,8
290,8
249,8
6647,62
19500,8
75,8
6128,8
5598,8
5544,59
18397,8
5382,8
5192,8
5139,8
17258,64
4405,8
10760,8
4249,18
17102,8
10613,8
10586,8
10505,8
10449,8
10403,8
13462,8
10122,8
13271,8
19267,33
6414,8
3155,8
15823,42
2970,8
15808,79
2955,8
2793,8
2754,73
15607,8
9163,8
8961,8
12152,8
15095,8
11843,8
562,8
18111,18
5258,8
8415,8
5168,8
6407,8
5880,8
6493,8
10506,8
4051,8
754,8
3748,8
14957,8
19699,14
6846,8
7226,36
20079,8
3181,8
7605,49
20458,8
7304,8
7311,8
17086,52
4233,8
21132,9
20974,9
20606,9
20498,9
20490,9
19704,9
19648,9
19424,9
19422,9
19369,9
17547,9
16802,9
2748,58
15601,9
11336,9
10853,9
10612,9
15521,9
8810,9
15062,9
8565,9
19712,73
6859,9
6743,9
6175,9
11980,9
18385,64
5532,9
5444,9
5390,74
18243,9
4521,9
4292,9
4169,9
3695,9
9682,9
3036,21
15889,9
12570,9
2887,9
9274,9
2851,21
15704,9
6041,9
2834,9
2815,18
15668,9
5716,9
3676,9
3639,29
16492,9
8353,14
21206,9
6455,77
19308,9
3043,72
15896,9
7568,64
20421,9
4239,9
4219,9
3957,29
16810,9
3944,67
16797,9
2115,68
14968,9
6802,44
19655,9
6794,44
19647,9
6908,79
19761,9
16521,37
3668,9
21503,10
21502,10
20887,10
20753,10
19975,10
19083,10
18479,10
18356,10
17822,10
17760,10
17716,10
17643,10
16589,10
16332,10
16159,10
16152,10
16123,10
16097,10
15967,10
15885,10
15090,42
2237,10
14672,10
1457,72
14310,10
12383,10
12059,10
12044,10
11957,10
11711,10
11522,10
11490,10
11349,10
10988,10
10845,10
10551,10
10453,10
10434,10
10419,10
9981,10
9927,10
9156,10
15366,43
2513,10
15327,59
2474,10
15281,66
2428,10
21448,77
8595,10
21406,61
8553,10
14967,10
2114,10
8373,10
21112,61
8259,10
14642,35
1789,10
8138,10
8039,10
7442,10
20232,30
7379,10
7332,10
882,43
13735,10
7225,10
13192,10
331,37
13184,10
281,10
19475,42
6622,10
19291,53
6438,10
6361,10
6277,10
6199,10
18564,35
5711,10
5627,10
5291,10
5287,10
5272,10
5141,10
4956,44
17809,10
4894,10
17746,18
4893,10
11113,10
10873,10
4160,10
10541,10
4088,72
16941,10
10414,10
7077,20
19930,10
3865,74
16718,10
3856,10
16681,38
3828,10
3790,10
3721,36
16574,10
10090,10
3649,75
16502,10
10052,10
16472,67
3619,10
13262,35
409,10
10000,10
346,76
13199,10
9884,10
6655,10
16278,55
3425,10
3420,10
6581,10
6274,42
19127,10
3039,14
15892,10
15876,21
3023,10
15769,59
2916,10
2915,57
15768,10
2838,43
15691,10
2765,10
2729,10
9139,10
9059,10
9032,10
15325,10
8830,10
5596,10
5586,10
11961,10
2257,23
15110,10
18296,38
5443,10
14949,10
6841,10
19663,18
6810,10
6721,10
6689,10
6603,10
19341,43
6488,10
36,44
12889,10
1620,10
6419,24
19272,10
1572,10
11192,10
7870,10
4585,10
12600,10
1339,10
12378,10
1104,10
2677,10
3459,49
16312,10
1024,10
1816,10
983,10
2505,10
8055,10
3205,10
16837,20
3984,10
16804,58
3951,10
3937,10
3910,10
2297,10
15944,75
3091,10
14168,67
1315,10
8943,10
12532,10
16449,52
3596,10
13243,27
390,10
9202,10
372,76
13225,10
13197,10
3971,42
16824,10
743,10
13187,66
334,10
299,10
16258,74
3405,10
4410,10
3396,10
963,10
3751,25
16604,10
130,10
17972,16
5119,10
15598,10
10868,10
4447,10
2810,10
852,10
20824,11
19769,11
19692,11
19419,11
19256,11
18952,11
18071,11
18017,11
17957,11
17810,11
17048,11
16656,11
16289,11
16179,11
16176,11
16146,11
15831,11
15767,11
2411,76
15264,11
15204,11
1651,36
14504,11
271,71
13124,11
110,76
12963,11
12281,11
12259,11
12223,11
12215,11
12156,11
12054,11
11945,11
11888,11
11848,11
11822,11
11253,11
11144,11
9410,11
9252,11
15563,11
8540,75
21393,11
8496,11
21291,18
8438,11
21214,73
8361,11
21073,54
8220,11
8205,11
20523,42
7670,11
20247,35
7394,11
6817,11
19483,53
6630,11
6445,11
6350,11
6335,11
12024,11
11920,11
11831,11
11817,11
5309,11
11441,11
11402,11
11202,11
4323,11
7060,24
19913,11
19788,47
6935,11
6815,11
366,11
13188,11
19409,28
6556,11
12910,11
12875,29
22,11
3154,11
9414,11
5955,11
15462,31
2609,11
2546,11
5121,11
17823,53
4970,11
1731,11
8103,11
14499,11
9638,11
20836,75
7983,11
11161,11
7867,11
10784,11
1623,76
14476,11
5755,11
18205,54
5352,11
1217,11
6811,18
19664,11
369,11
8730,11
50,11
12243,11
1741,11
842,11
8947,11
14055,11
13694,11
20946,12
20379,12
19839,12
19379,12
19208,12
19155,12
18768,12
17798,12
17015,12
16707,12
16675,12
16420,12
16404,12
2742,22
15595,12
2151,52
15004,12
12937,12
12225,12
12222,12
12087,12
11104,12
10559,12
10508,12
10458,12
9918,12
8717,12
8567,12
8198,30
21051,12
7810,12
20457,54
7604,12
7470,12
13753,12
19766,55
6913,12
6866,37
19719,12
12959,12
6538,12
37,73
12890,12
18988,54
6135,12
12236,12
5740,12
5675,12
11707,12
5102,12
4812,12
11086,12
4605,12
4237,12
478,12
6767,12
3180,12
16006,57
3153,12
3067,72
15920,12
9434,12
9392,12
2528,12
2419,12
5582,77
18435,12
15111,12
5469,12
2206,12
2097,12
21146,50
8293,12
21077,36
8224,12
3263,12
12883,12
1626,12
20708,61
7855,12
3026,18
15879,12
4615,12
7737,12
20546,59
7693,12
9102,12
1082,12
1072,12
2660,12
20337,75
7484,12
7453,12
185,12
4976,28
17829,12
5597,12
7199,12
4748,18
17601,12
16792,24
3939,12
7130,23
19983,12
17808,36
4955,12
553,12
1335,12
3707,12
6093,12
820,12
9893,12
6477,12
853,12
13787,12
3093,12
5899,18
18752,12
1220,12
13060,12
20829,13
20409,13
20095,13
20039,13
20034,13
17314,13
17248,13
17128,13
16962,13
16499,13
16196,13
16171,13
16149,13
14539,14
1686,13
13471,13
12830,13
12754,13
12423,13
11768,13
9847,13
8677,13
21451,36
8598,13
1975,22
14828,13
7143,13
7032,13
6928,54
19781,13
13286,13
247,13
13078,18
225,13
6225,13
5235,13
5191,13
5148,29
18001,13
4711,13
4708,13
4493,14
17346,13
4301,79
17154,13
17099,79
4246,13
16888,73
4035,13
7155,66
20008,13
13236,13
9975,13
13126,44
273,13
9912,13
3438,13
16225,23
3372,13
15851,60
2998,13
9208,13
2531,71
15384,13
5540,18
18393,13
11830,13
8623,13
3694,13
1948,13
1934,13
6420,59
19273,13
4765,60
17618,13
17593,72
4740,13
4648,13
4641,78
17494,13
17470,29
4617,13
15832,50
2979,13
256,13
10622,13
17027,29
4174,13
3928,13
15394,13
7684,13
18660,28
5807,13
6541,13
21469,14
21253,14
21133,14
21041,14
21007,14
20641,14
20584,14
20552,14
20467,14
19802,14
19645,14
19635,14
19297,14
19258,14
18962,14
18922,14
18921,14
18842,14
18654,14
18600,14
18080,14
18040,14
18038,14
18037,14
17993,14
17860,14
17719,14
17652,14
17589,14
17562,14
17559,14
17412,14
17152,14
16796,14
16459,14
16287,14
15988,14
15961,14
15932,14
15912,14
15898,14
15591,14
2708,58
15561,14
15430,68
2577,14
15197,67
2344,14
15052,14
1751,33
14604,14
14563,14
1684,54
14537,14
14263,14
14028,14
861,75
13714,14
13702,18
849,14
13139,14
13021,14
168,14
80,38
12933,14
12679,14
12668,14
12651,14
12538,14
11989,14
11909,14
11722,14
11623,14
11563,14
11559,14
11527,14
11435,14
11348,14
11257,14
11126,14
11093,14
10960,14
10941,14
10847,14
10788,14
10467,14
10310,14
9925,14
9809,14
9642,14
9497,14
9332,14
9326,14
15653,68
2800,14
9090,14
9045,14
15365,71
2512,14
8919,14
2484,58
15337,14
2458,33
15311,14
8748,14
14933,74
2080,14
8479,14
8287,48
21140,14
21117,75
8264,14
8217,14
14512,21
1659,14
7968,14
7896,14
14315,14
20744,41
7891,14
7840,44
20693,14
7715,14
7344,14
745,14
7065,14
6955,71
19808,14
13151,14
6719,32
19572,14
6527,18
19380,14
12803,14
12685,14
12661,14
12641,14
12504,14
18873,27
6020,14
5934,14
12321,14
12309,14
5876,14
5873,14
12219,14
12171,14
12133,14
5672,14
5659,14
5615,14
5559,14
11954,14
11923,14
5483,42
18336,14
5400,21
18253,14
5350,14
5335,79
18188,14
5334,29
18187,14
5293,14
5125,43
17978,14
11464,14
4824,29
17677,14
4818,55
17671,14
11134,14
11133,14
4592,14
10962,14
10874,14
17224,23
4371,14
10787,14
10768,14
4145,14
797,14
764,14
3958,33
16811,14
712,14
3879,14
3853,58
16706,14
3821,14
7003,25
19856,14
6920,43
19773,14
10102,14
3673,14
10088,14
3640,78
16493,14
376,14
13214,73
361,14
6695,14
3409,18
16262,14
19351,54
6498,14
68,14
47,76
12900,14
3251,14
16063,78
3210,14
3115,18
15968,14
12663,14
3038,14
12652,14
12540,14
2886,44
15739,14
9288,14
9239,14
15629,14
18828,58
5975,14
5949,14
9087,14
12226,14
12186,14
12172,14
8880,14
15263,66
2410,14
11892,14
15005,14
10171,14
16505,15
3652,14
11679,14
436,14
6844,53
19697,14
3626,61
16479,14
10018,14
1994,14
21208,61
8355,14
11553,14
1735,14
1673,14
1666,14
3252,14
4841,28
17694,14
1619,14
12851,14
9619,14
4772,54
17625,14
7987,47
20840,14
20837,50
7984,14
7967,14
4744,78
17597,14
1506,14
4660,78
17513,14
3053,14
15899,42
3046,14
3042,14
1407,14
1276,14
1243,14
17282,53
4429,14
4360,14
5925,58
18778,14
2671,14
1074,14
9867,14
7468,40
20321,14
14679,14
4227,79
17080,14
13052,18
199,14
6616,14
10640,14
6609,77
19462,14
8204,14
8987,14
884,14
2434,14
6312,14
1512,14
1500,14
3089,14
682,14
12173,14
2148,36
15001,14
10128,14
6930,14
2898,14
1263,14
4064,49
16917,14
787,14
13232,78
379,14
4774,14
5974,14
3565,14
9984,14
8370,14
4304,66
17157,14
16112,53
3259,14
18210,54
5357,14
9363,14
3742,14
7341,14
2896,14
1280,14
7296,14
20168,66
7315,14
497,14
850,14
5732,52
18585,14
5331,14
12852,14
1039,14
1649,14
2102,14
16155,43
3302,14
3599,14
687,14
21096,15
19198,15
19082,15
18902,15
18749,15
18527,15
18458,15
17916,15
16871,15
16854,15
15793,15
14549,62
1696,15
13900,25
1047,15
435,18
13288,15
11185,15
9905,15
9829,15
9822,15
15454,15
8829,15
8451,15
14785,72
1932,15
20476,42
7623,15
7047,15
19865,77
7012,15
12464,15
5842,15
5839,15
12080,15
5508,15
5260,15
5044,54
17897,15
4987,15
17545,42
4692,15
4634,15
19902,18
7049,15
6995,15
3589,18
16442,15
16394,24
3541,15
246,15
6619,15
3249,15
3016,15
12480,15
5472,15
21477,32
8624,15
21302,75
8449,15
5228,15
8190,15
3417,54
16270,15
897,15
9194,15
6371,15
9171,15
8172,15
924,15
16985,64
4132,15
6005,42
18858,15
21257,16
21182,16
21181,16
21100,16
21042,16
20932,16
20926,16
20768,16
18303,16
18158,16
17617,16
16598,16
16592,16
14985,16
14525,16
13026,16
12187,16
12063,16
10921,16
10885,16
10174,16
9678,16
9263,16
9103,16
21219,77
8366,16
7674,78
20527,16
756,16
13054,18
201,16
6311,16
6279,16
6240,16
6172,16
6107,16
6055,16
18888,48
6035,16
5913,16
5496,16
5451,16
5355,16
17943,64
5090,16
4999,16
4803,16
10926,16
4257,16
10573,16
7078,16
3792,68
16645,16
16635,75
3782,16
10196,16
3128,35
15981,16
6231,16
2760,37
15613,16
2561,16
12098,16
16638,62
3785,16
2101,42
14954,16
4911,16
1566,16
7964,28
20817,16
19159,18
6306,16
1384,16
1265,16
15667,16
5100,16
1009,16
2566,16
8115,55
20968,16
4054,16
1494,16
1532,16
18388,18
5535,16
1033,16
6642,16
12995,54
142,16
2099,16
16230,36
3377,16
13114,16
535,16
6505,16
7508,16
6696,16
8858,16
18415,17
17863,17
17399,17
17149,17
16241,17
16103,17
20357,42
7504,17
6632,17
11811,17
4115,68
16968,17
16288,56
3435,17
15698,17
8850,17
1995,17
3225,17
1606,17
1292,17
16233,18
3380,17
2583,17
8029,17
2912,17
6807,17
21429,18
21419,18
21376,18
21297,18
21292,18
21251,18
21134,18
21000,18
20773,18
20710,18
20137,18
20031,18
19912,18
19892,18
19874,18
19870,18
19762,18
19744,18
19731,18
19453,18
19312,18
19137,18
19113,18
18963,18
18951,18
18932,18
18930,18
18906,18
18898,18
18882,18
18872,18
18861,18
18859,18
18773,18
18682,18
18638,18
18402,18
18387,18
18254,18
18239,18
18217,18
18191,18
18145,18
18138,18
18135,18
17973,18
17960,18
17956,18
17770,18
17749,18
17723,18
17710,18
17612,18
17596,18
17573,18
17538,18
17488,18
17361,18
17349,18
17340,18
17317,18
17315,18
17125,18
17095,18
17011,18
16652,18
16510,18
16403,18
16354,18
16238,18
16211,18
16203,18
15993,18
15918,18
15736,18
2763,35
15616,18
2744,38
15597,18
15569,18
15457,57
2604,18
2303,38
15156,18
15012,67
2159,18
14978,18
2079,56
14932,18
1734,66
14587,18
1689,26
14542,18
937,72
13790,18
13224,62
371,18
12717,18
12707,18
12677,18
12625,18
12621,18
12611,18
12574,18
12531,18
12487,18
12374,18
12345,18
12344,18
12313,18
12276,18
12046,18
11983,18
11867,18
11743,18
11625,18
11550,18
11484,18
11451,18
11440,18
11405,18
11403,18
11396,18
11074,18
11039,18
10998,18
10992,18
10985,18
10978,18
10887,18
10817,18
10816,18
10498,18
10432,18
10197,18
10158,18
10114,18
10110,18
10096,18
10086,18
10057,18
10038,18
9971,18
9929,18
9920,18
9915,18
9844,18
9618,18
9590,18
9561,18
9489,18
9453,18
9443,18
9388,18
9296,18
9232,18
2658,73
15511,18
9072,18
8996,18
8948,18
8945,18
8916,18
8914,18
8780,18
8716,18
8711,18
8707,18
21538,76
8685,18
15031,18
21415,58
8562,18
21325,75
8472,18
21285,29
8432,18
21281,47
8428,18
21259,36
8406,18
8351,18
21175,50
8322,18
8240,28
21093,18
7963,18
7935,18
7928,18
7922,42
20775,18
7874,18
7872,54
20725,18
7845,44
20698,18
7823,18
20667,37
7814,18
7687,18
7671,18
20367,36
7514,18
7488,67
20341,18
20334,50
7481,18
1017,61
13870,18
20261,27
7408,18
7386,18
7357,35
20210,18
20195,47
7342,18
7209,18
758,19
13611,18
20019,31
7166,18
13532,43
679,18
7013,78
19866,18
6869,18
6849,54
19702,18
6726,18
6702,18
6660,18
13043,18
6561,18
6278,18
6218,18
12636,18
12608,18
12512,18
6067,43
18920,18
18830,61
5977,18
5937,18
5919,18
5889,18
5886,78
18739,18
5810,68
18663,18
18592,54
5739,18
18566,79
5713,18
12127,18
5689,18
5641,18
11996,18
18420,29
5567,18
5558,18
5537,24
18390,18
5517,18
11916,18
11891,18
5465,18
11872,18
5421,18
18249,47
5396,18
11763,18
5296,41
18149,18
5240,71
18093,18
5226,76
18079,18
5094,18
5091,18
11505,18
5081,18
17834,77
4981,18
11386,18
11373,18
4952,18
4910,46
17763,18
4890,18
17659,37
4806,18
4796,18
4733,18
4638,78
17491,18
4510,18
17239,68
4386,18
10790,18
10786,18
4365,18
17186,68
4333,18
17082,37
4229,18
17012,32
4159,18
10566,18
10515,18
10509,18
10446,18
4015,33
16868,18
19964,30
7111,18
7073,18
7067,18
3857,24
16710,18
7046,18
7041,18
3830,18
7011,30
19864,18
10222,18
544,18
3759,18
3758,68
16611,18
6884,49
19737,18
6850,61
19703,18
3612,72
16465,18
6797,66
19650,18
16430,79
3577,18
16316,21
3463,18
6612,18
13011,18
128,43
12981,18
16119,43
3266,18
12888,18
6425,18
9570,18
3139,18
3118,18
6276,18
3069,18
9437,18
9431,18
3008,62
15861,18
2950,64
15803,18
2930,18
6121,18
6042,40
18895,18
9259,18
5986,18
2762,18
15602,18
2718,66
15571,18
15494,18
5805,78
18658,18
2570,18
2551,54
15404,18
2435,18
15247,75
2394,18
2271,18
8691,18
8690,18
2268,54
15121,18
18308,40
5455,18
2240,74
15093,18
11873,18
18294,42
5441,18
15078,62
2225,18
5409,18
15038,18
15024,18
5376,53
18229,18
5366,18
532,18
5276,18
3592,18
6734,18
9952,18
6710,18
8331,18
1847,18
1832,18
1801,18
3395,18
1798,18
14629,18
12987,76
134,18
1628,18
9644,18
14423,18
8000,18
3103,35
15956,18
1445,58
14298,18
1456,18
12667,18
7865,18
1434,18
1427,18
2976,43
15829,18
6166,18
9381,18
2958,63
15811,18
1316,18
2897,18
10867,18
4437,18
9230,18
7629,18
20471,77
7618,18
2785,18
15596,18
12368,18
1123,18
1103,18
1052,18
13874,18
1032,18
4223,66
17076,18
978,18
10521,18
3276,18
10472,18
6461,18
11232,18
20838,77
7985,18
5545,59
18398,18
11962,18
18394,71
5541,18
15175,42
2322,18
724,18
7128,75
19981,18
15949,21
3096,18
9510,18
11107,18
685,18
20600,73
7747,18
6101,18
8467,18
6433,18
19286,18
1203,18
401,18
1575,18
6784,18
2371,18
6731,18
1996,18
1790,18
17816,28
4963,18
8572,18
18590,49
5737,18
5722,62
18575,18
2696,18
1099,18
6476,77
19329,18
1676,18
4144,44
16997,18
9108,18
1729,79
14582,18
1340,18
9861,18
6539,18
7260,18
2039,18
10151,18
3702,35
16555,18
4408,18
16597,74
3744,18
10095,18
10,18
19946,55
7093,18
2884,18
21178,19
20657,19
19862,19
19440,19
17607,19
16244,19
12613,19
12572,19
12516,19
11993,19
11529,19
11429,19
10884,19
10561,19
9566,19
9312,19
8742,19
8317,19
8300,19
14630,19
7883,34
20736,19
5629,19
18470,71
5617,19
18448,64
5595,19
4378,19
4358,19
10534,19
10524,19
3569,75
16422,19
6242,19
9428,19
9339,19
2761,19
5931,19
10046,19
19426,76
6573,19
7887,19
2613,19
8915,19
11305,19
5317,19
19357,60
6504,19
7193,19
7432,19
7762,19
21372,20
15897,20
12067,20
11572,20
11098,20
10240,20
9878,20
9313,20
9306,20
8930,20
8556,20
8502,20
14506,43
1653,20
7955,20
20747,42
7894,20
7837,20
20372,42
7519,20
7297,20
7250,20
7235,20
7146,20
13435,20
6673,20
19381,41
6528,20
5663,20
12036,20
18456,27
5603,20
18399,30
5546,20
18375,68
5522,20
5086,20
11154,20
4459,20
17292,63
4439,20
17250,32
4397,20
10484,20
4025,20
7076,20
16641,65
3788,20
517,20
514,20
3647,20
10061,20
6777,20
12996,54
143,20
6474,20
9255,20
15432,74
2579,20
2348,20
2265,49
15118,20
16587,66
3734,20
19539,71
6686,20
13005,79
152,20
1546,20
1378,20
7782,20
4446,20
17233,35
4380,20
89,20
5593,20
778,20
20766,54
7913,20
6155,20
546,20
1326,20
461,20
11994,20
6705,20
163,20
1873,20
6875,20
1239,20
18676,21
18281,21
18277,21
18099,21
17758,21
17421,21
16359,21
15973,21
15929,21
15914,21
15859,21
15858,21
15855,21
15643,21
15303,21
12338,21
12278,21
11587,21
11519,21
11437,21
11191,21
10827,21
10299,21
9290,21
20814,42
7961,21
19448,54
6595,21
5655,21
5423,74
18276,21
11065,21
11043,21
4541,21
17052,35
4199,21
6623,21
46,21
3107,28
15960,21
3072,55
15925,21
15675,21
5972,21
12375,21
1815,21
7962,21
11030,21
3001,72
15854,21
7154,21
1350,21
104,21
9550,21
12332,21
1785,21
3339,21
16170,23
3317,21
105,21
3340,21
3315,21
19657,77
6804,21
19069,22
18700,22
15481,22
15471,22
10811,22
2370,66
15223,22
15171,22
20650,42
7797,22
7066,22
13238,22
6353,22
5328,22
10662,22
4129,22
4067,22
3111,72
15964,22
381,22
5283,22
4039,22
1201,22
19832,23
19529,23
19371,23
18995,23
17766,23
17285,23
17067,23
16216,23
16120,23
13321,23
12775,23
12755,23
15417,23
15220,23
7939,51
20792,23
7576,23
791,23
6368,23
18520,64
5667,23
5363,23
5237,23
5002,23
17457,46
4604,23
4600,23
4349,23
10678,23
7119,23
690,67
13543,23
3838,23
559,23
374,23
2652,23
8696,23
3526,23
3509,23
1312,23
3390,23
3909,73
16762,23
697,23
7679,37
20532,23
9680,23
6912,23
272,23
15368,23
6801,62
19654,23
20142,24
17134,24
17113,24
16749,24
16688,24
16568,24
16549,24
16300,24
16215,24
16041,24
15959,24
15483,74
2630,24
14166,57
1313,24
12824,24
12288,24
11791,24
11638,24
11627,24
11282,24
11090,24
11015,24
10894,24
10877,24
10547,24
10387,24
10085,24
10002,24
9959,24
9599,24
9438,24
9258,24
15280,24
15278,24
8836,24
8784,24
15120,24
15029,24
8545,24
14911,24
14729,24
8227,24
8221,24
7979,24
7974,24
7864,24
7725,24
7696,24
20489,43
7636,24
20235,75
7382,24
20216,55
7363,24
7349,24
7158,24
6894,24
6763,24
6661,24
13067,27
214,24
6635,24
6578,24
6577,24
12862,65
9,24
6385,78
19238,24
6287,24
18497,25
5644,24
11730,24
11643,24
17911,76
5058,24
17632,76
4779,24
11087,24
11027,24
4551,24
4505,24
4374,24
17031,36
4178,24
17028,30
4175,24
3916,24
7063,24
3843,24
16684,54
3831,24
10238,24
10180,24
6852,24
10068,24
13258,29
405,24
16473,67
3620,24
16458,42
3605,24
3578,24
13062,24
6590,24
9371,24
12550,24
2920,24
2907,24
9268,24
15593,24
2700,59
15553,24
2664,24
9030,24
12155,24
2398,24
11915,24
5440,24
2198,24
10181,24
10115,24
8513,24
442,24
407,24
406,24
16476,77
3623,24
404,24
11636,24
9904,24
11510,24
1794,24
11393,24
6532,24
19331,37
6478,24
16107,31
3254,24
1657,24
1563,24
20811,54
7958,24
1526,24
3025,41
15878,24
1412,24
1379,24
1360,24
6120,24
10893,24
2802,54
15655,24
7631,24
10833,24
14761,24
1071,24
5040,24
12929,24
20170,50
7317,24
7217,24
7189,24
8733,24
1488,24
146,24
5351,24
6864,24
3258,24
16496,66
3643,24
4023,24
8791,24
11156,24
7141,24
20802,40
7949,24
6862,24
9040,24
3603,24
3382,24
3543,58
16396,24
11358,24
7358,24
2500,24
13333,78
480,24
3277,49
16130,24
147,24
865,24
5694,24
144,24
3738,60
16591,24
10054,24
3598,24
16197,71
3344,24
1747,24
1287,24
21386,25
18483,25
17964,25
17922,25
17900,25
16207,25
16141,25
2534,55
15387,25
14860,25
12829,25
12783,25
11855,25
11220,25
10284,25
9229,25
9187,25
9160,25
9127,25
8644,25
8614,25
8611,25
8125,25
7008,25
6372,25
6349,25
6341,25
5710,54
18563,25
11859,25
11850,25
5264,25
11227,25
11168,25
4574,25
4149,25
4094,25
4089,25
6999,25
3480,25
3456,25
6358,25
6356,25
2962,25
12463,25
9189,25
2574,76
15427,25
21521,53
8668,25
8619,25
3760,25
2137,25
5257,25
5219,25
16339,71
3486,25
5048,40
17901,25
9741,25
17463,46
4610,25
15816,41
2963,25
2961,25
2960,25
7686,25
16370,54
3517,25
3468,25
17071,64
4218,25
16953,72
4100,25
4092,25
4085,25
10349,25
8702,25
3322,74
16175,25
5661,35
18514,25
10338,25
8155,25
4123,25
920,25
899,25
883,25
9177,25
4562,25
15380,25
887,25
21238,26
20237,26
19674,26
18258,26
17795,26
15834,26
11106,26
11035,26
9097,26
8944,26
20898,79
8045,26
8017,26
20728,77
7875,26
20319,73
7466,26
388,26
6791,72
19644,26
6293,26
5993,26
5575,26
5417,26
17981,37
5128,26
13180,26
15233,77
2380,26
11031,26
1015,26
187,26
11395,26
10381,26
6934,32
19787,26
3602,26
995,26
12874,26
1283,26
17672,70
4819,26
21339,27
21303,27
18994,27
18389,27
18371,27
18095,27
17301,27
14757,27
706,79
13559,27
10289,27
9746,27
9205,27
14859,43
2006,27
21195,77
8342,27
7642,27
5566,60
18419,27
5554,43
18407,27
5453,27
5053,47
17906,27
4595,53
17448,27
4536,48
17389,27
4477,54
17330,27
7031,27
6998,27
16554,36
3701,27
416,74
13269,27
9974,27
15821,47
2968,27
2965,27
2635,27
1845,27
5042,27
17682,66
4829,27
14440,27
8298,27
8113,27
1971,27
12907,27
1959,27
21143,28
20982,28
19167,28
19006,28
17870,28
17752,28
17302,28
17168,28
16577,28
16210,28
15713,28
15664,28
12350,28
11466,28
10899,28
8546,28
8425,61
21278,28
6874,37
19727,28
19560,35
6707,28
6450,28
13,58
12866,28
6034,28
5719,28
12132,28
11982,28
5477,28
11523,28
5021,44
17874,28
4579,54
17432,28
4458,35
17311,28
4173,28
19989,32
7136,28
2933,28
6059,28
12386,28
2672,28
18604,29
5751,28
3645,28
6422,28
16029,54
3176,28
6246,28
9098,28
6620,42
19473,28
3970,28
14485,28
1153,28
1029,28
2480,28
939,28
7261,73
20114,28
21321,29
20834,29
20264,29
20090,29
18849,29
18621,29
18616,29
18403,29
18321,29
17915,29
17864,29
17384,29
17123,29
17038,29
16967,29
16667,29
16318,29
16115,29
2767,30
15620,29
15484,29
15296,29
14926,43
2073,29
14844,29
14783,29
1759,58
14612,29
14069,39
1216,29
13072,29
12778,29
12725,29
12573,29
12521,29
12400,29
12135,29
11789,29
11765,29
11746,29
11639,29
11234,29
10959,29
10704,29
10619,29
10258,29
10100,29
10062,29
9940,29
9812,29
9393,29
2728,43
15581,29
9155,29
15485,29
8683,68
21536,29
8654,29
21359,75
8506,29
8276,64
21129,29
21046,76
8193,29
20790,74
7937,29
7767,29
14178,29
7355,29
20176,58
7323,29
800,29
7221,29
780,40
13633,29
7177,29
19882,30
7029,29
6929,29
13287,29
377,29
13113,40
260,29
6494,29
6267,29
12605,29
6137,29
12534,29
12507,29
6083,29
5985,29
12394,29
5827,29
5792,29
5609,52
18462,29
5520,29
11847,29
5194,29
5190,29
11597,29
5077,52
17930,29
4867,29
17703,36
4850,29
11242,29
4713,29
4662,29
4603,29
4470,29
4388,57
17241,29
4267,29
10682,29
4215,29
4041,29
4027,29
7161,29
3886,49
16739,29
7070,29
16570,76
3717,29
6757,29
16407,35
3554,29
3211,29
6413,29
15901,62
3048,29
2973,29
2530,29
5678,47
18531,29
5677,42
18530,29
15253,29
8747,29
5511,29
2168,29
3704,29
8518,79
21371,29
16478,66
3625,29
14867,29
2010,29
2000,29
16360,36
3507,29
1889,29
6502,29
9640,29
12841,29
3207,29
11230,29
6402,76
19255,29
11190,29
7901,29
15817,63
2964,29
6163,29
2881,29
9294,29
1211,29
4385,45
17238,29
7569,29
11544,29
20392,75
7539,29
4277,29
3460,29
1040,29
9834,29
10633,29
7424,29
10593,29
7318,29
4099,79
16952,29
4069,74
16922,29
857,29
793,29
9563,29
8569,29
6951,29
6546,29
14963,61
2110,29
1184,29
7529,46
20382,29
3514,29
16367,29
284,29
6465,66
19318,29
1842,29
19410,40
6557,29
16978,72
4125,29
14922,29
4135,41
16988,29
11752,29
7222,29
816,29
20161,75
7308,29
21550,30
20989,30
20632,30
20389,30
19658,30
19551,30
19480,30
18835,30
18744,30
18372,30
18257,30
17813,30
17759,30
17748,30
17563,30
17511,30
17411,30
17403,30
17335,30
17298,30
17256,30
17236,30
17097,30
17001,30
16987,30
16929,30
16856,30
16093,30
16088,30
16077,30
2813,43
15666,30
15406,34
2553,30
14987,30
1105,66
13958,30
12690,30
12604,30
12563,30
12473,30
12457,30
11826,30
11808,30
11580,30
11558,30
11545,30
11352,30
11287,30
11183,30
11174,30
11076,30
10623,30
10608,30
10606,30
10530,30
10455,30
10334,30
9982,30
9976,30
9933,30
9795,30
9755,30
9704,30
9535,30
9356,30
9253,30
8906,30
8676,30
8608,30
8599,30
21227,42
8374,30
8275,58
21128,30
21105,47
8252,30
8246,30
20972,77
8119,30
7942,44
20795,30
7907,30
13200,30
6716,30
6681,40
19534,30
6436,30
12848,30
12639,30
18570,72
5717,30
11555,30
5095,60
17948,30
5054,62
17907,30
11450,30
17873,55
5020,30
11324,30
4821,62
17674,30
4452,67
17305,30
10767,30
4061,30
4026,30
7087,30
13251,30
10015,30
13144,30
3492,30
6310,61
19163,30
3078,30
9415,30
2764,30
15617,30
5780,30
5746,31
18599,30
11862,30
5408,30
16623,36
3770,30
354,30
13142,30
1848,30
1809,30
19451,54
6598,30
16052,68
3199,30
17622,76
4769,30
15715,47
2862,30
1197,30
4340,30
13946,30
10709,30
2681,30
1871,30
1863,30
10687,30
17025,54
4172,30
8102,30
8088,30
1588,30
5583,66
18436,30
8725,30
5506,30
4697,30
16202,47
3349,30
13285,30
16513,41
3660,30
12424,30
387,30
10831,30
6746,30
8160,30
20116,78
7263,30
6442,41
19295,30
8044,30
8080,30
17880,31
17473,31
17059,31
16946,31
16750,31
13507,31
12683,31
11406,31
11179,31
11173,31
10717,31
9124,31
7557,31
20300,36
7447,31
19854,60
7001,31
12761,31
12692,31
12655,31
12488,31
5800,31
5565,77
18418,31
5214,31
4965,31
6939,31
6872,31
15900,37
3047,31
2982,31
15501,79
2648,31
2246,31
3329,31
3223,54
16076,31
12823,31
4630,31
20485,43
7632,31
1156,31
3474,34
16327,31
1036,31
971,31
20917,54
8064,31
13206,54
353,31
10367,31
13237,31
1946,31
21201,32
20089,32
19844,32
18567,32
16991,32
13458,32
12249,32
11541,32
10903,32
10634,32
9408,32
2476,37
15329,32
14988,32
8453,32
8359,32
8347,32
8244,32
21097,32
14418,32
14293,53
1440,32
13191,42
338,32
6086,32
12468,32
6025,32
4259,32
16653,62
3800,32
2959,32
9349,32
9204,32
8933,32
8861,32
11893,32
15017,32
16450,49
3597,32
8416,32
3364,32
3320,79
16173,32
3217,32
1537,32
9302,32
9234,32
7609,32
7558,32
10749,32
1693,32
19378,46
6525,32
10808,32
3511,32
6471,32
9674,32
4302,47
17155,32
6486,32
1076,32
9761,32
834,32
1030,32
9365,32
9305,32
21337,33
21308,33
20910,33
20685,33
20651,33
20598,33
20517,33
20515,33
19142,33
19029,33
18708,33
16602,33
15295,33
12658,33
12649,33
12391,33
12382,33
12380,33
12362,33
12341,33
12258,33
12154,33
12149,33
12077,33
11884,33
11713,33
11705,33
11700,33
11614,33
11568,33
10943,33
10083,33
9478,33
9399,33
9237,33
9101,33
8708,33
2251,43
15104,33
2203,68
15056,33
21435,75
8582,33
8579,33
8085,76
20938,33
20885,36
8032,33
8030,73
20883,33
20879,58
8026,33
7838,33
7790,33
20473,77
7620,33
140,33
12351,33
11898,33
5342,33
11724,33
11567,33
4797,33
11034,33
4033,41
16886,33
10447,33
10436,33
7061,33
6787,33
6759,33
9610,33
8969,33
12017,33
15094,33
5089,33
126,33
1433,33
1428,33
17328,76
4475,33
9287,33
10840,33
1837,33
9034,33
20257,47
7404,33
6591,33
1608,33
11966,33
2342,33
1658,33
1650,33
13025,33
8981,33
11570,33
15772,42
2919,33
8995,33
6880,33
2938,33
11644,33
21176,34
15575,43
2722,34
15547,34
15429,34
14876,34
12630,34
11802,34
11413,34
11221,34
10715,34
10699,34
9744,34
9707,34
7869,34
4776,34
4105,34
2666,34
2544,71
15397,34
13231,43
378,34
1469,34
17502,76
4649,34
17180,68
4327,34
10644,34
1013,34
5822,34
21574,35
20159,35
18549,35
18488,35
18465,35
18362,35
17927,35
16488,35
16304,35
16150,35
14736,35
12788,35
12687,35
12657,35
12627,35
12592,35
12571,35
12483,35
12336,35
12274,35
12246,35
12235,35
12197,35
12147,35
12125,35
12112,35
12102,35
11960,35
11940,35
11934,35
11907,35
11602,35
11508,35
11278,35
10721,35
10328,35
9142,35
8684,35
8543,35
8134,35
13105,35
12774,35
12732,35
12694,35
6169,43
19022,35
12509,35
12316,35
12260,35
12229,35
12131,35
12101,35
11913,35
18300,54
5447,35
7075,35
16678,57
3825,35
6694,35
15984,40
3131,35
12731,35
3092,35
12696,35
12632,35
15584,35
5898,77
18751,35
2027,35
1960,35
6506,57
19359,35
4881,35
38,36
12891,35
3219,35
15410,35
8114,35
12091,35
3243,66
16096,35
12514,35
6384,35
15550,35
14805,35
3345,35
3133,35
3122,35
233,35
21413,36
21081,36
20776,36
20715,36
20680,36
20450,36
20414,36
20309,36
20273,36
20252,36
20189,36
19742,36
18627,36
16735,36
16715,36
16584,36
16263,36
15886,36
2787,44
15640,36
15211,36
15141,36
12616,36
12211,36
11528,36
11470,36
11283,36
10529,36
10430,36
10225,36
9860,36
9825,36
9091,36
8997,36
8637,53
21490,36
8559,40
21412,36
14962,36
2109,36
8262,36
8048,36
7678,52
20531,36
7354,37
20207,36
7312,53
20165,36
7264,75
20117,36
7244,36
6789,79
19642,36
19360,55
6507,36
19290,46
6437,36
6134,36
6094,36
6088,36
5926,36
11896,36
11481,36
11475,36
4773,36
4357,36
4330,36
7157,36
3755,70
16608,36
3585,36
16432,45
3579,36
9985,36
3422,54
16275,36
3416,54
16269,36
9519,36
12664,36
6165,36
15695,36
2839,42
15692,36
15570,36
12296,36
2659,36
15489,36
5793,71
18646,36
2253,36
15053,36
1902,37
14755,36
11359,36
1688,36
1381,36
4472,36
12346,36
968,36
4014,36
3996,36
5556,36
1529,36
19966,42
7113,36
2279,36
7083,36
8970,36
1722,36
6115,36
8005,36
774,36
3571,64
16424,36
5501,40
18354,36
1096,36
1070,36
1853,36
8520,42
21373,36
3680,70
16533,36
12150,36
7353,52
20206,36
2929,42
15782,36
8422,37
21275,36
21565,37
21462,37
21454,37
21060,37
21019,37
19906,37
19895,37
19826,37
19711,37
19181,37
18730,37
18667,37
18351,37
18342,37
18339,37
18252,37
18234,37
18101,37
17853,37
17847,37
17782,37
17738,37
17666,37
17569,37
17529,37
17174,37
16983,37
16961,37
16734,37
16663,37
16563,37
16531,37
16463,37
15987,37
15785,37
15636,53
2783,37
15308,37
2347,44
15200,37
13711,37
851,54
13704,37
12974,37
12702,37
12318,37
12205,37
12191,37
12106,37
12094,37
11968,37
11910,37
11274,37
11268,37
10989,37
10849,37
10848,37
10834,37
10359,37
9874,37
9814,37
9804,37
9607,37
9557,37
9053,37
8977,37
15138,37
14984,37
8544,37
8255,37
1773,79
14626,37
20825,75
7972,37
7952,37
7912,37
20497,60
7644,37
7496,37
7475,55
20328,37
7464,37
7058,37
6888,37
6682,37
6315,37
6282,37
12688,37
6124,37
5910,37
12221,37
12159,37
5727,37
12093,37
5533,37
5270,37
11598,37
11539,37
17950,72
5097,37
11465,37
4983,37
4922,66
17775,37
11271,37
4835,64
17688,37
4654,64
17507,37
4537,37
17035,61
4182,37
10596,37
4139,53
16992,37
7196,37
16779,71
3926,37
3884,66
16737,37
16726,67
3873,37
498,37
10058,37
3415,37
3367,37
3309,37
16148,71
3295,37
12853,37
9608,37
9560,37
6331,37
12716,37
12697,37
3034,37
15780,62
2927,37
2926,37
9328,37
6075,37
2867,37
2847,37
6030,37
2818,37
5965,37
15590,77
2737,37
5788,37
2569,37
5743,37
8951,37
18539,76
5686,37
2323,37
2307,37
11895,37
15061,37
6855,37
6828,52
19681,37
8448,40
21301,37
14842,37
9928,37
14666,37
3400,37
1787,37
4972,40
17825,37
6547,37
12962,67
109,37
12727,37
15930,62
3077,37
11051,37
10944,37
1301,59
14154,37
2797,37
17933,71
5080,37
9081,37
15479,37
10648,37
1020,37
13037,37
4212,37
984,37
16143,64
3290,37
4887,37
20087,53
7234,37
703,37
20771,77
7918,37
1497,37
19950,71
7097,37
15933,62
3080,37
684,37
505,37
14156,52
1303,37
10129,37
5304,37
18157,37
6003,37
10025,37
15623,37
16021,54
3168,37
15213,37
2365,37
7149,37
16392,67
3539,37
735,37
6740,37
17965,60
5112,37
6687,56
19540,37
7428,37
3387,37
8367,37
10527,37
1665,37
10518,37
6853,37
447,37
1740,37
11657,37
2325,37
10442,37
6886,37
550,37
21562,38
20757,38
19418,38
19062,38
19017,38
18665,38
18061,38
18009,38
17894,38
17431,38
17343,38
17169,38
17036,38
17000,38
16989,38
16981,38
16979,38
16759,38
16651,38
16264,38
15996,38
15989,38
15950,38
15840,38
12706,38
11574,38
10757,38
10756,38
10746,38
10632,38
9956,38
9133,38
8802,38
8706,38
2196,66
15049,38
8606,38
8490,62
21343,38
20833,75
7980,38
20671,75
7818,38
6976,38
13159,38
6441,79
19294,38
12714,38
12703,38
6215,38
6063,38
12270,38
5274,38
5060,38
11314,38
11059,38
17478,71
4625,38
10754,38
4245,44
17098,38
10594,38
4084,38
16833,52
3980,38
19982,43
7129,38
10291,38
3797,54
16650,38
10183,38
13115,38
3371,38
16206,42
3353,38
58,38
12901,65
48,38
3105,38
6301,38
2994,38
2993,38
2872,38
2858,38
9012,38
2554,38
15386,38
15321,50
2468,38
2260,38
10155,38
166,44
13019,38
17791,40
4938,38
14573,38
111,38
17372,55
4519,38
1308,38
9206,38
1919,38
4303,79
17156,38
1100,38
7437,38
20274,42
7421,38
4811,38
4000,73
16853,38
7099,38
1343,38
16201,68
3348,38
6520,70
19373,38
123,38
4544,38
940,38
21322,39
20931,39
20888,39
20415,39
20279,39
16405,39
16374,39
16365,39
15729,39
15357,76
2504,39
2116,51
14969,39
12672,39
9606,39
7755,39
7593,49
20446,39
7518,62
20371,39
464,39
6018,39
5967,39
8741,39
15067,39
5358,39
15207,39
8337,73
21190,39
2756,39
3633,77
16486,39
14970,39
21222,40
20432,40
19812,40
19466,40
19365,40
18997,40
17848,40
16911,40
16719,40
16665,40
16590,40
16337,40
16219,40
16055,40
13263,43
410,40
12569,40
12255,40
12035,40
11750,40
11565,40
11340,40
11306,40
10870,40
10600,40
10500,40
10427,40
10032,40
9970,40
9965,40
9896,40
9652,40
15679,40
2826,40
8893,40
15153,40
8635,63
21488,40
8457,40
8291,40
7817,54
20670,40
20529,60
7676,40
7462,40
20241,66
7388,40
7048,40
534,40
19713,54
6860,40
6809,40
19375,45
6522,40
18955,45
6102,40
5906,40
12239,40
5461,40
17896,71
5043,40
17866,43
5013,40
11354,40
4920,70
17773,40
10599,40
10597,40
3954,47
16807,40
16727,54
3874,40
10094,40
3631,40
10040,40
13203,40
6313,40
9525,40
5968,40
15411,63
2558,40
2488,40
8899,40
2478,40
5624,40
2270,40
3713,40
11689,40
21300,73
8447,40
6783,40
13165,40
8339,70
21192,40
9930,40
13131,40
6680,40
8027,40
1449,40
1446,40
1288,40
1284,40
1225,40
2807,40
17958,43
5105,40
12914,40
6288,40
7092,40
538,40
2924,55
15777,40
1643,40
10053,40
9994,40
3547,43
16400,40
5078,40
151,40
539,40
6931,62
19784,40
739,40
10556,40
21387,41
19807,41
17892,41
16495,41
15810,41
15459,58
2606,41
15363,41
12647,41
12579,41
12485,41
12298,41
11101,41
11088,41
9661,41
9509,41
9423,41
15674,41
15294,41
8853,41
8732,41
2275,61
15128,41
8610,41
21350,42
8497,41
20223,75
7370,41
12858,41
12644,41
6085,41
18938,41
6051,61
18904,41
5411,41
5379,41
5303,41
16850,45
3997,41
3912,41
3013,41
6157,41
9277,41
6056,41
2799,41
2752,42
15605,41
2386,60
15239,41
15149,41
8672,41
5385,66
18238,41
3545,60
16398,41
11504,41
14689,76
1836,41
16166,46
3313,41
9604,41
1269,41
1260,41
768,41
7966,41
6943,71
19796,41
2375,41
6665,41
977,41
3893,41
6499,41
10752,41
21405,42
21272,42
21265,42
21234,42
21232,42
21221,42
21209,42
21205,42
21189,42
21148,42
21114,42
21053,42
21049,42
21045,42
21017,42
21012,42
20969,42
20943,42
20930,42
20920,42
20813,42
20812,42
20800,42
20798,42
20779,42
20660,42
20648,42
20566,42
20564,42
20502,42
20470,42
20468,42
20440,42
20407,42
20388,42
20284,42
20278,42
20255,42
19978,42
19850,42
19803,42
19745,42
19710,42
19427,42
19171,42
18953,42
18283,42
17802,42
17616,42
16921,42
16818,42
16816,42
16708,42
16705,42
16687,42
16672,42
16633,42
16461,42
16448,42
16388,42
16377,42
16297,42
16015,42
16013,42
15757,42
15732,42
15559,42
15476,42
2291,52
15144,42
2118,54
14971,42
14516,42
13031,42
12721,42
12631,42
12306,42
12207,42
12085,42
12061,42
12042,42
12022,42
11879,42
11736,42
11629,42
11564,42
11500,42
11443,42
11047,42
10917,42
10478,42
10431,42
10119,42
10108,42
10037,42
9995,42
9572,42
9558,42
9427,42
9238,42
9111,42
15495,42
8956,42
15349,43
2496,42
15157,62
2304,42
15109,42
15027,42
8581,42
14998,42
8364,42
8254,42
1471,44
14324,42
7884,42
7880,42
14285,42
7728,42
7635,79
20488,42
7585,78
20438,42
7476,42
7472,42
13854,42
7331,42
7072,42
560,42
6865,42
13122,42
12904,42
6475,42
6233,42
5969,42
5922,42
12334,42
5658,42
5492,42
5389,78
18242,42
5367,42
5327,61
18180,42
5308,42
11664,42
11503,42
11478,42
4900,67
17753,42
4814,42
4807,49
17660,42
4792,42
10972,42
10891,42
17037,58
4184,42
3989,42
3922,42
698,42
466,42
19683,54
6830,42
3533,72
16386,42
6254,42
9444,42
6185,42
6173,42
9366,42
9260,42
15669,42
5994,42
12352,42
5731,42
8925,42
2490,42
2483,75
15336,42
2409,42
8826,42
15190,66
2337,42
2320,42
8731,42
5494,42
5437,42
5415,42
3772,56
16625,42
5356,42
8528,42
6827,62
19680,42
3557,60
16410,42
1846,42
6669,42
1803,42
17787,52
4934,42
8047,73
20900,42
1610,42
4805,42
1524,42
7841,42
1404,42
12505,42
2873,42
2866,73
15719,42
9270,42
4419,42
4307,42
8318,42
20358,75
7505,42
8292,42
1063,42
1849,42
13036,52
183,42
4194,42
17042,78
4189,42
13027,42
8986,42
7287,68
20140,42
12014,42
783,42
15180,42
2338,42
1492,42
12704,42
528,42
9311,42
846,42
12880,69
27,42
12869,42
6799,42
773,42
5911,42
7914,58
20767,42
11499,42
4273,42
20344,75
7491,42
6456,42
10023,42
1351,42
9964,42
15359,42
483,42
3466,71
16319,42
5650,42
7096,42
1642,42
1525,42
16874,54
4021,42
6147,42
7634,42
21576,43
20835,43
20769,43
19830,43
19464,43
18504,43
18467,43
17857,43
17619,43
17053,43
16772,43
16714,43
16676,43
16232,43
16098,43
16086,43
15478,43
13170,64
317,43
12759,43
12751,43
12728,43
12691,43
12660,43
12557,43
12449,43
11251,43
11210,43
11063,43
11048,43
10892,43
10742,43
10738,43
10702,43
10545,43
10371,43
10335,43
10098,43
9779,43
9352,43
15468,43
8835,43
8757,43
14872,43
20983,47
8130,43
8126,43
8108,43
7879,43
7839,43
7596,43
20401,47
7548,43
7452,43
7220,43
13157,64
304,43
12698,43
12599,43
12555,43
12469,43
12441,43
12398,43
5900,43
5470,50
18323,43
5429,43
5281,43
5072,73
17925,43
10674,43
10581,43
4113,64
16966,43
4075,43
3768,58
16621,43
220,43
3187,43
3051,43
2983,43
6119,43
2791,43
9190,43
5964,43
2647,43
9014,43
2578,43
2543,54
15396,43
2532,43
2520,43
2475,43
2376,43
6982,43
14960,77
2107,43
16185,79
3332,43
8023,43
1520,43
7899,43
3063,43
4623,43
7825,43
7796,43
6000,43
9175,43
314,43
5123,43
1920,43
279,43
13041,43
1023,43
87,67
12940,43
7310,43
2470,43
16117,79
3264,43
732,43
3918,43
3094,43
11121,43
15391,50
2538,43
16600,66
3747,43
14177,43
6758,43
1493,43
1207,43
3587,43
5149,43
525,43
524,43
2517,43
8162,43
14875,43
1917,43
16393,44
15702,62
2849,44
12992,46
139,44
12001,44
9868,44
9266,44
15626,47
2773,44
8736,44
8491,44
7851,44
7702,44
20535,75
7682,44
7474,44
7275,44
7167,44
19734,71
6881,44
6773,44
6741,44
6739,44
165,44
6509,44
86,44
6460,44
6324,44
6305,44
6252,44
6205,44
6043,44
6033,44
5085,44
4998,44
4560,44
4399,44
4253,44
4241,44
17081,46
4228,44
3875,44
16711,74
3858,44
3774,44
3763,44
3757,44
9901,44
19428,54
6575,44
6295,44
19128,71
6275,44
6130,44
2772,44
5914,44
2591,44
5707,44
2396,44
2385,44
2346,44
2211,44
3764,44
3750,44
531,44
13276,71
423,44
3651,44
2049,44
6825,44
3580,44
5083,44
1824,44
4990,44
1714,44
1708,44
1586,44
7990,44
1568,44
7956,44
6280,44
7850,44
1420,44
7835,44
1382,44
1298,44
2809,44
4412,44
1170,44
5960,44
6685,44
7498,44
1066,44
1783,44
4177,44
2494,44
866,44
7278,44
1648,44
1545,44
707,44
3905,44
1483,44
536,44
7346,44
2908,44
7267,44
776,44
6776,44
9993,44
9992,44
2332,44
16770,64
3917,44
2608,44
4210,44
1763,44
1555,44
6154,44
548,44
7766,44
1322,44
108,44
1496,44
6568,44
1090,44
7761,44
521,44
5528,44
1277,44
16527,74
3674,44
16454,77
3601,44
7622,44
7768,44
19304,45
18832,45
17975,45
17661,45
17558,45
16817,45
16808,45
15482,45
11687,45
11424,45
11333,45
11317,45
11018,45
10027,45
9937,45
9562,45
21244,58
8391,45
8297,45
8286,45
14540,45
7774,45
7410,45
6701,45
6670,45
6458,45
6227,45
5555,45
5316,45
10538,45
15188,73
2335,45
8350,47
21203,45
6672,45
1706,45
14524,45
1375,45
2825,45
13715,45
6299,45
5313,61
18166,45
15259,45
5984,45
5976,45
4361,45
2519,45
6529,45
5741,45
12860,45
6325,70
19178,45
1328,45
2437,45
19420,46
18865,46
17400,46
17142,46
17140,46
17127,46
17077,46
16095,46
14885,46
13003,46
12905,46
11812,46
10423,46
10348,46
7611,46
6234,59
19087,46
12454,46
4848,76
17701,46
10625,46
4081,46
15881,77
3028,46
2971,46
16336,66
3483,46
11222,46
1480,46
7124,46
15146,46
19364,55
6511,46
4043,46
21378,47
21298,47
21255,47
21179,47
21165,47
21113,47
21036,47
20896,47
20654,47
20630,47
20494,47
20443,47
20364,47
20324,47
18648,47
16803,47
16546,47
15985,47
15527,53
2674,47
15265,47
12674,47
11667,47
11301,47
8946,47
8890,47
8793,47
15023,47
8578,72
21431,47
8458,47
7994,47
7459,47
6738,47
5055,47
11111,47
17171,54
4318,47
3801,61
16654,47
494,47
3681,47
12919,69
66,47
3056,52
15909,47
6186,47
15610,69
2757,47
2236,47
2221,47
2194,47
7948,65
20801,47
7830,47
7487,57
20340,47
7441,47
1765,47
6790,47
6774,47
399,47
7520,62
20373,47
1677,47
8294,47
7362,52
20215,47
93,47
2836,47
1205,47
818,47
19666,79
6813,47
15326,47
21261,48
19837,48
18228,48
13092,48
11854,48
11579,48
15528,48
9065,48
8859,48
8021,48
6382,48
11997,48
5410,48
3867,48
8475,48
558,48
12397,48
8905,48
18280,49
17148,49
15292,49
13279,49
13023,49
11933,49
11418,49
11400,49
11123,49
10901,49
10219,49
10112,49
10067,49
9906,49
9668,49
9544,49
9505,49
9207,49
9161,49
15545,49
8992,49
8628,49
8613,78
21466,49
8571,49
14930,49
14395,49
7876,49
7570,49
7245,49
13186,49
157,49
6214,49
6189,68
19042,49
6106,49
12515,49
5789,49
5701,62
18554,49
5660,49
5398,49
11751,49
5234,49
17967,61
5114,49
11506,49
11377,49
4345,49
10744,49
736,49
7024,49
9954,49
5734,49
12045,49
2379,49
547,49
8007,49
7647,49
5902,49
5708,49
15309,49
811,49
7975,49
2549,49
20618,79
7765,49
7763,49
6944,49
113,49
6111,49
11725,49
3688,49
817,49
15217,49
6778,49
1173,49
8761,49
56,49
2542,49
5162,49
4143,49
11637,49
21553,50
21551,50
21403,50
21388,50
21248,50
21103,50
21028,50
20954,50
20918,50
20826,50
20791,50
20412,50
20393,50
20304,50
20226,50
19571,50
19515,50
19053,50
19045,50
18481,50
17440,50
16913,50
16698,50
16664,50
16642,50
16619,50
16585,50
16545,50
16380,50
16324,50
16315,50
16246,50
15969,50
15833,50
15822,50
15800,50
15753,50
15723,50
15348,50
2173,74
15026,50
10282,50
10280,50
9728,50
9417,50
15356,50
8777,50
8289,73
21142,50
7954,60
20807,50
7757,50
7541,50
6972,50
13292,78
439,50
13291,68
438,50
6709,67
19562,50
6601,50
5815,50
5243,76
18096,50
5188,50
5034,73
17887,50
11241,50
4657,50
4644,50
10688,50
3872,70
16725,50
3817,61
16670,50
3762,68
16615,50
3634,58
16487,50
9158,50
11787,50
8087,50
1210,50
1124,50
7544,50
6583,50
1924,50
541,50
14928,51
12861,51
11387,51
10708,51
21202,53
8349,51
20984,77
8131,51
12857,51
5888,51
3594,51
18432,68
5579,51
3609,51
1682,51
15639,51
18,51
2449,51
21318,52
21018,52
20398,52
19935,52
19860,52
19763,52
19383,52
19180,52
18910,52
17835,52
17687,52
17551,52
16677,52
16523,52
16512,52
15778,52
15717,52
15315,58
2462,52
15255,52
322,64
13175,52
12529,52
11619,52
11477,52
11378,52
11136,52
11095,52
10971,52
10961,52
10918,52
10071,52
9891,52
9833,52
9454,52
9413,52
9033,52
8755,52
8514,52
21283,73
8430,52
7895,52
1246,79
14099,52
7045,52
6818,52
6725,52
6697,52
6562,52
6497,52
6427,71
19280,52
5349,52
5082,52
11100,52
4622,52
4586,52
4161,52
6887,52
6454,75
19307,52
3100,52
2946,52
2945,52
2769,52
5762,52
8909,52
12083,52
5608,52
10066,52
5001,52
3384,52
6515,78
19368,52
1678,52
9538,52
1425,52
9338,52
7729,52
1228,52
1212,52
1679,52
10435,52
767,52
20021,64
7168,52
741,52
19962,79
7109,52
9345,52
15300,67
2447,52
1584,52
6714,52
9677,52
441,52
6604,52
9573,52
6927,74
19780,52
7497,52
6836,52
21556,53
21512,53
21138,53
20925,53
20907,53
19993,53
19556,53
18975,53
18674,53
18443,53
18271,53
17452,53
16903,53
16214,53
2499,63
15352,53
15234,53
11297,53
11149,53
9866,53
9797,53
9689,53
9681,53
9315,53
8857,53
8662,53
8592,53
8489,66
21342,53
7831,53
6764,53
12355,53
12340,53
5561,53
11753,53
5057,53
4903,53
4507,53
17260,64
4407,53
7218,76
20071,53
3999,54
16852,53
9792,53
2768,55
15621,53
15453,53
15270,74
2417,53
15048,53
8269,62
21122,53
8040,54
20893,53
15562,53
1897,53
7495,60
20348,53
6926,53
4038,53
5573,58
18426,53
13950,53
15450,53
3630,53
6636,56
19489,53
21357,54
21287,54
21228,54
21071,54
21040,54
20945,54
20797,54
20396,54
20311,54
20298,54
20035,54
19833,54
19831,54
19799,54
19507,54
19441,54
19435,54
19343,54
19270,54
19241,54
18986,54
18223,54
18182,54
17837,54
17785,54
17784,54
17777,54
17576,54
17182,54
17178,54
17146,54
17115,54
17004,54
16925,54
16923,54
16873,54
16700,54
16685,54
16444,54
16427,54
16145,54
16136,54
16091,54
16026,54
15997,54
15894,54
15682,54
15600,54
14982,54
14623,54
1541,73
14394,54
13189,54
12676,54
12443,54
12305,54
12237,54
11449,54
11143,54
11041,54
11029,54
10950,54
10908,54
10883,54
10843,54
10224,54
9487,54
9343,54
15077,67
2224,54
8555,62
21408,54
21362,65
8509,54
8327,54
14619,54
8020,54
7997,54
7824,54
20666,76
7813,54
14131,54
7494,54
7490,54
7482,54
7469,54
7319,54
7027,72
19880,54
13393,54
13212,54
13210,54
13194,54
13182,54
6629,67
19482,54
12949,74
96,54
6473,54
12699,54
6223,54
12629,54
12620,54
12610,54
6103,54
6096,54
12356,54
12331,54
5750,54
5516,54
5481,63
18334,54
11755,54
11748,54
11744,54
4908,54
4798,55
17651,54
11078,54
10928,54
10872,54
10462,54
3993,54
3933,54
3920,54
7115,60
19968,54
3839,54
3833,54
10213,54
3542,64
16395,54
3418,54
13006,62
153,54
3229,54
9539,54
9526,54
12722,54
9472,54
6070,54
2540,54
5723,73
18576,54
2471,58
15324,54
5671,54
8771,54
2247,54
5442,54
2219,54
8558,55
21411,54
6712,54
1835,54
1601,54
1581,54
7993,54
10909,54
6065,54
7650,54
9246,54
1118,54
2714,54
8258,54
9027,54
3394,54
16247,54
12203,54
4884,54
7305,54
1667,54
15276,54
1577,54
9582,54
3161,54
748,54
3085,54
2281,54
1477,54
12973,54
2552,54
545,54
125,54
12978,54
11738,54
1291,54
6873,54
3632,54
4787,78
17640,54
13211,54
7992,54
3129,54
12719,54
7443,54
4964,54
1354,54
4937,54
12965,54
3298,54
10895,54
14201,54
5665,54
844,54
6856,54
1044,54
3336,54
3239,54
836,54
7749,54
1213,54
2013,54
4019,79
16872,54
21401,55
21382,55
21210,55
20905,55
20734,55
19751,55
19411,55
19325,55
18917,55
18557,55
17849,55
17839,55
17776,55
17164,55
16875,55
16429,55
904,79
13757,55
13136,55
12317,55
12250,55
11460,55
11243,55
11105,55
11056,55
10445,55
10404,55
10245,55
10237,55
9850,55
9465,55
2560,68
15413,55
8962,55
8863,55
8781,55
2167,70
15020,55
8480,55
21333,55
7897,55
7826,75
20679,55
20669,70
7816,55
6220,74
19073,55
5935,55
12048,55
5377,55
11717,55
5286,55
5177,55
11492,55
4369,55
4310,71
17163,55
4153,55
10041,55
356,55
6737,55
3062,55
9403,55
2833,55
2792,55
9172,55
2638,55
5787,55
2559,55
12178,55
5756,55
14921,55
21187,64
8334,55
12878,55
14282,56
1429,55
5947,55
13966,55
4266,55
982,55
20793,61
7940,55
19963,79
7110,55
12146,55
504,55
6877,55
4142,73
16995,55
4107,55
15797,61
2944,55
15585,56
15573,68
2720,56
9284,56
8846,56
14212,68
1359,56
7707,56
7694,56
555,56
6222,56
4498,56
10208,56
9383,56
8797,56
2230,56
5300,56
7690,56
10805,56
12301,56
21575,68
8722,56
1571,56
8454,56
16518,57
16003,57
12670,57
11428,57
11273,57
11181,57
10146,57
9551,57
9335,57
6917,57
5346,57
10242,57
9578,57
9056,57
2584,57
1767,57
6457,57
1342,57
83,57
14888,57
2154,57
6514,57
1814,57
21242,58
21224,58
21034,58
20770,58
20634,58
20380,58
17788,58
16346,58
12681,58
12562,58
12364,58
12166,58
11566,58
11416,58
11338,58
11145,58
10999,58
10253,58
9818,58
9301,58
8521,58
7266,62
20119,58
6485,58
5657,58
18445,64
5592,58
5359,58
5339,58
11690,58
10919,58
17223,78
4370,58
17199,78
4346,58
4261,58
3806,58
6123,58
15709,62
2856,58
8965,58
15354,58
2350,58
15189,58
15162,74
2309,58
2316,58
5452,58
5422,58
10185,58
11649,58
1861,58
11302,58
1602,58
9625,58
17434,64
4581,58
1285,58
1200,58
2789,58
1191,58
1080,58
7444,58
210,58
1010,58
1768,58
5600,58
2333,58
12176,58
731,58
2667,58
8229,58
11630,58
9894,58
8580,58
1639,58
10165,58
490,58
18713,59
16798,59
16030,59
15307,59
13138,59
12031,59
11978,59
11452,59
9475,59
9113,59
8794,59
8481,59
14646,59
12506,59
12353,59
2518,59
2429,59
13093,59
6540,59
1438,59
6549,59
10925,59
6298,59
11540,59
1271,59
21215,60
20794,60
16819,60
16815,60
16812,60
16347,60
16284,60
16221,60
16022,60
12715,60
12624,60
10980,60
10974,60
10855,60
10601,60
9502,60
9486,60
9278,60
8860,60
15205,60
15065,73
2212,60
8394,60
8311,66
21164,60
7723,60
6181,60
6073,60
12240,60
5744,60
12110,60
18429,64
5576,60
5438,60
5407,60
11685,60
11569,60
11549,60
11479,60
715,60
3840,60
16490,75
3637,60
19690,79
6837,60
9963,60
6641,60
169,60
6213,60
6105,60
2548,60
8892,60
557,60
2112,60
10097,60
449,60
6848,60
167,60
1638,60
4788,60
1585,60
6179,60
1364,60
1251,60
1245,60
1160,60
1137,60
4216,60
6597,66
19450,60
998,60
7272,60
3994,60
1554,60
7735,60
1314,60
11733,60
1198,60
1176,60
2750,60
3672,60
7465,60
12153,60
1128,60
9231,60
21295,61
21233,61
21196,61
20976,61
20567,61
20507,61
19639,61
19459,61
17811,61
17685,61
16806,61
16441,61
16348,61
15540,63
2687,61
15130,61
13552,72
699,61
12705,61
12659,61
11696,61
11684,61
11407,61
11028,61
10966,61
10839,61
9807,61
9611,61
9425,61
14103,61
7516,61
7510,68
20363,61
7330,61
7302,61
7191,61
6521,74
19374,61
6500,61
24,61
6309,61
5991,61
12294,61
5669,61
18455,68
5602,61
5084,61
11046,61
4157,61
4029,61
734,61
15477,61
5758,61
2539,61
5679,61
15152,61
2249,61
2188,61
14995,61
2016,61
5018,61
138,61
1655,61
1366,61
1117,61
14744,61
1877,61
2663,61
848,61
781,61
7104,63
19957,61
1752,61
5725,61
4517,61
1311,61
3708,78
16561,61
98,61
8879,61
18396,76
5543,61
8296,61
5354,61
4954,61
1633,61
5321,61
20291,75
7438,61
20514,62
20493,62
16858,62
16836,62
16795,62
16679,62
16401,62
15934,62
15902,62
15759,62
15708,62
15707,62
15283,62
2405,79
15258,62
15193,62
2340,62
14586,62
12227,62
12185,62
12184,62
11930,62
11908,62
11571,62
11057,62
10542,62
10439,62
10402,62
10243,62
10162,62
10092,62
9936,62
9902,62
9827,62
9580,62
9577,62
9547,62
9503,62
15496,62
9044,62
8968,62
8928,62
8898,62
15250,66
2397,62
8788,62
8785,62
15032,62
8378,62
8028,62
7746,62
20266,75
7413,62
7385,62
20132,75
7279,62
722,62
7132,62
6861,62
6761,62
6730,62
6235,62
5938,62
5604,62
18355,66
5502,62
11756,62
11628,62
11476,62
4991,62
4613,62
17251,68
4398,62
4389,62
4344,62
4240,62
4193,62
3864,79
16717,62
3787,62
6683,62
13059,62
9613,62
9477,62
9354,62
2928,62
9240,62
9116,62
5721,62
12128,62
2440,62
15208,62
8768,62
15082,62
5414,62
10186,62
14934,62
420,62
13204,62
11433,62
5012,62
14569,73
1716,62
85,62
4801,62
9587,62
7861,62
9422,62
9385,62
4523,62
7681,62
4454,62
1234,62
4384,62
4285,62
1065,62
1820,62
1797,62
10610,62
828,62
9530,62
8724,62
7776,62
7732,62
10109,62
13223,62
2781,62
4387,62
1898,64
14751,62
20370,75
7517,62
6572,62
9369,62
5720,62
7320,62
21354,75
8501,62
12897,62
7286,62
8912,62
1341,62
8426,62
18540,78
5687,62
21369,63
20902,63
20439,63
18466,63
18160,63
17177,63
17173,63
16776,63
16212,63
12815,63
10638,63
10107,63
9064,63
8713,63
8176,63
8151,63
13834,63
4583,66
17436,63
10216,63
10214,63
6985,63
6975,78
19828,63
6638,66
19491,63
3040,63
12003,63
8667,63
19511,64
6658,63
12843,63
1519,63
9515,63
7088,63
21130,64
20080,64
20048,64
20025,64
20013,64
20012,64
19478,64
18423,64
17952,64
17877,64
17423,64
17365,64
17316,64
17247,64
17187,64
17060,64
16955,64
16279,64
16177,64
15913,64
13245,64
12748,64
12461,64
12027,64
11430,64
11291,64
10693,64
10618,64
9764,64
9654,64
9134,64
8710,64
21460,73
8607,64
8234,64
7710,64
7030,64
6576,64
6264,64
11658,64
5134,64
11322,64
11163,64
4717,64
4364,64
10774,64
10661,64
4205,66
17058,64
4103,64
6961,64
13244,64
3559,64
6659,74
19512,64
3449,64
9336,64
6054,64
6023,64
9220,64
2688,64
11861,64
8658,64
8137,64
3204,64
8105,64
10358,64
11946,64
11734,64
2843,64
1949,64
3528,64
1498,64
20927,73
8074,64
6816,64
2956,64
21360,65
21199,65
20973,65
20894,65
20652,65
20596,65
20378,65
20256,65
16668,65
16662,65
16421,65
16363,65
15980,65
15908,65
10235,65
9115,65
7970,65
7533,71
20386,65
7531,71
20384,65
6771,65
4827,65
11,65
5594,65
4775,65
1059,65
14517,65
21336,66
20180,66
20174,66
20138,66
18875,66
16644,66
15979,66
15841,66
15762,66
15210,79
2357,66
1327,77
14180,66
12680,66
12033,66
11925,66
11726,66
11381,66
11049,66
10233,66
9967,66
9869,66
9556,66
2482,67
15335,66
8799,66
8526,66
8407,77
21260,66
14697,66
8010,66
7902,66
20480,70
7627,66
13656,66
6503,66
6217,66
6113,66
5647,66
11979,66
5345,66
11708,66
11674,66
5071,66
4810,66
4751,66
10826,66
4347,66
3841,66
6752,66
6592,66
164,66
3261,66
9337,66
15641,66
2711,66
8999,66
15240,66
15107,66
6863,66
2048,66
6447,66
23,66
12831,66
8022,66
1502,66
1466,66
1414,66
1391,66
7673,66
1208,66
1084,66
4974,66
7107,66
9373,66
8547,66
7736,66
2890,66
10822,66
7120,66
3899,66
696,66
14993,66
145,66
10544,66
16122,71
3269,66
6699,66
14975,66
1732,66
10440,66
3890,66
17554,67
16839,67
16834,67
16471,67
16470,67
16469,67
16468,67
16390,67
15637,67
15299,67
14402,67
12580,67
12304,67
12119,67
12114,67
10611,67
10609,67
10076,67
10074,67
9875,67
9671,67
9612,67
9588,67
15688,67
9074,67
8908,67
8808,67
14551,67
1694,79
14547,67
14316,67
7657,67
7277,67
508,67
6733,67
6684,67
4440,67
3808,67
3807,67
554,67
53,67
9531,67
9272,67
9271,67
5662,67
12064,67
2339,67
2213,67
3765,67
2163,67
14550,67
1567,67
1363,67
692,67
702,67
700,67
695,67
693,67
691,67
529,67
513,67
512,67
509,67
3584,72
16437,67
1169,67
701,67
1345,67
10163,67
506,67
9117,67
1244,67
10565,67
5729,67
20878,68
20682,68
20270,68
19077,68
18860,68
18490,68
18332,68
18034,68
17188,68
17062,68
16481,68
16399,68
16277,68
16125,68
14544,68
13721,79
868,68
13256,68
12628,68
12224,68
11795,68
11444,68
11171,68
10729,68
9201,68
15198,68
7903,68
7606,78
20459,68
7552,68
7126,68
5692,68
5684,68
5330,68
5256,71
18109,68
5253,68
5220,68
5171,68
5146,68
11546,68
4366,68
17091,78
4238,68
16916,77
4063,68
13482,68
10262,68
12389,68
8903,68
8681,68
10200,68
323,68
1913,68
13024,68
9706,68
9675,68
4637,68
1193,68
9178,68
1152,68
9135,68
9903,68
14719,68
5052,68
4255,68
3898,68
13266,68
5178,68
1174,68
8427,68
4993,68
1761,68
922,68
4525,68
8117,68
1680,68
13274,68
890,68
5236,68
5216,68
16274,69
16074,69
2725,72
15578,69
15467,69
12040,69
12010,69
11374,69
8734,69
6178,69
12016,69
11941,69
15579,69
15560,69
5113,69
6559,74
19412,69
3009,69
16213,72
3360,69
13008,69
12908,69
2953,69
21286,70
20712,70
20381,70
19790,70
18719,70
18606,70
16912,70
15733,70
12244,70
12169,70
11683,70
11578,70
11128,70
11019,70
10964,70
10923,70
10856,70
9647,70
9003,70
8935,70
8488,70
8335,70
20583,77
7730,70
6747,70
6668,70
6257,70
6138,70
6078,70
12078,70
11622,70
11588,70
10879,70
4258,70
10227,70
3771,70
6243,70
6211,70
2820,70
2645,70
8814,70
5538,70
2252,70
5454,74
18307,70
2234,70
2227,70
13110,70
5051,70
8219,70
4914,70
11058,70
11036,70
1192,70
1157,70
4337,70
2479,70
11153,70
680,70
2276,70
8530,70
10459,70
1101,70
4554,70
10089,70
19559,71
19044,71
18509,71
18437,71
18425,71
18392,71
18374,71
17731,71
17422,71
16986,71
16939,71
16893,71
16434,71
16134,71
15226,71
15103,71
14818,74
1965,71
13649,71
13119,71
13070,71
12893,75
40,71
12885,71
12432,71
11170,71
10904,71
10773,71
10703,71
10377,71
10322,71
10292,71
9787,71
9641,71
9603,71
9265,71
7592,71
7583,71
13290,71
13281,71
6770,71
6376,71
12758,71
5818,71
5798,71
5767,71
5388,71
11771,71
11661,71
5205,71
5172,71
17751,77
4898,71
4621,71
10734,71
4297,71
4165,71
4036,71
10375,71
10347,71
10285,71
10261,71
13116,71
3488,71
213,71
124,71
6201,71
2990,71
2977,71
9069,71
5848,71
5765,71
15045,71
6952,71
13284,71
3531,71
1918,76
14771,71
1910,71
1880,71
1858,71
1272,71
1226,71
1079,71
5783,71
5769,71
896,71
873,71
2467,71
10324,71
4695,71
10315,71
4686,71
6964,71
952,71
4098,71
293,71
1909,71
3505,71
13141,71
867,71
880,71
6453,71
11160,71
4045,71
1068,71
9736,71
9146,71
20262,72
18050,72
17523,72
17417,72
17089,72
16622,72
16285,72
16251,72
16188,72
16133,72
15510,72
15230,72
12810,72
12785,72
12460,72
12413,72
12339,72
11794,72
11284,72
11205,72
10796,72
10755,72
10710,72
10416,72
10356,72
9745,72
9299,72
9217,72
8629,72
7100,72
19933,73
7080,72
7014,78
19867,72
6981,72
6483,72
12767,72
12648,72
12523,72
12435,72
5909,72
5905,72
5819,72
12068,72
11832,72
11798,72
5360,72
5269,72
11256,72
11228,72
4768,72
11166,72
4339,72
10354,72
7020,72
12846,72
6352,72
3007,72
2999,72
5945,72
12053,72
8760,72
8756,72
8728,72
8678,72
11864,72
2228,72
11837,72
10191,72
6369,72
11193,72
1444,72
9382,72
9283,72
9218,72
3482,72
15523,72
9880,72
2565,72
13739,72
4052,72
11201,72
10321,72
2064,72
9781,72
4127,72
1916,72
5223,72
21447,73
21106,73
21047,73
20804,73
20646,73
20135,73
19815,73
16848,73
16480,73
16342,73
13032,73
12182,73
11990,73
11878,73
11758,73
11754,73
11300,73
11109,73
10963,73
9334,73
8487,73
8388,73
8036,73
7739,73
7483,73
7455,73
20308,73
7439,73
7359,73
7212,73
6711,73
13118,73
6496,73
6271,73
6232,73
6187,73
12379,73
5738,77
18591,73
12079,73
5654,73
11967,73
11904,73
5015,73
4901,73
4745,73
11132,73
10973,73
7229,73
16865,75
4012,73
3952,73
10211,73
202,73
9839,73
212,73
9605,73
9389,73
6149,73
2918,73
2691,73
12271,73
2567,73
12163,73
11877,73
5416,73
2026,73
1872,73
5050,73
4892,73
41,73
2806,73
1181,73
1138,73
1003,73
10598,73
11308,73
837,73
15145,73
3900,73
6552,73
1355,73
3740,73
1258,73
3977,73
7953,73
1528,73
6679,73
1011,73
1007,73
10008,73
6551,73
4930,73
2877,73
10983,73
12115,73
484,73
859,73
4404,73
21404,74
20778,74
19758,74
19732,74
19262,74
17579,74
17479,74
17333,74
16969,74
16885,74
16369,74
13174,74
12822,74
12302,74
12216,74
12202,74
11883,74
11728,74
11514,74
11468,74
11431,74
11372,74
11370,74
11272,74
10922,74
10470,74
10173,74
10140,74
9330,74
9280,74
9242,74
9020,74
8866,74
8845,74
8435,74
8405,74
8199,74
14393,74
7322,74
7247,74
311,74
6732,74
6674,74
6537,74
12646,74
12559,74
12517,74
5946,74
5563,74
5505,74
4524,74
3846,74
552,74
6762,74
6723,74
3399,79
16252,74
3327,74
9488,74
12551,74
5951,74
12201,74
5431,74
19760,79
6907,74
6748,74
9907,74
1622,74
4804,74
11196,74
9484,74
10832,74
1159,79
14012,74
11526,74
1016,74
15448,74
10615,74
13708,74
2312,74
5500,74
4518,74
10841,74
13709,74
11385,74
11575,74
10105,74
21437,75
21436,75
21414,75
21385,75
21356,75
21330,75
21324,75
21315,75
21264,75
21211,75
21109,75
21095,75
21055,75
21044,75
21014,75
20988,75
20937,75
20915,75
20822,75
20784,75
20706,75
20639,75
20628,75
20569,75
20548,75
20533,75
20463,75
20448,75
20442,75
20391,75
20368,75
20339,75
20332,75
20299,75
20269,75
20249,75
20233,75
20221,75
20217,75
20213,75
20187,75
20181,75
20166,75
20151,75
19254,75
19174,75
18769,75
18052,75
17034,75
17032,75
16569,75
16350,75
16311,75
15515,75
13014,75
12266,75
12005,75
11060,75
10907,75
10393,75
10130,75
8745,75
8226,75
7836,75
7821,75
7726,75
13890,75
6765,75
6586,75
6047,75
5402,75
11635,75
4755,75
3968,75
3860,75
3775,79
16628,75
6840,75
196,75
160,75
9576,75
12619,75
6198,75
15594,75
8979,75
8976,75
8972,75
15079,75
2205,75
11721,75
2089,75
2055,75
14752,75
1764,75
6466,75
14,75
986,75
976,75
10532,75
74,75
6297,75
10411,75
1178,75
4376,75
1108,75
2619,75
1727,75
1644,75
8868,75
2133,75
2433,75
1087,75
21571,76
21319,76
20699,76
20352,76
19984,76
19890,76
19786,76
19679,76
18852,76
17416,76
17275,76
16963,76
16851,76
16163,76
16100,76
15060,76
12689,76
12195,76
12049,76
11663,76
11344,76
11292,76
11276,76
11064,76
10794,76
8585,76
8308,76
8091,76
7791,76
714,76
13103,76
6373,76
12546,76
12333,76
5392,76
11665,76
4785,76
4286,76
4204,76
4091,76
302,76
3352,76
2902,76
2746,76
8661,76
6953,76
5203,76
362,76
9978,76
1723,76
9637,76
3216,76
7873,76
10748,76
4306,76
2699,76
6677,76
1000,76
15425,76
7407,76
10473,76
2923,76
11599,76
5154,76
1299,76
1739,76
1347,76
21479,77
21453,77
21271,77
21256,77
21236,77
21194,77
21022,77
20672,77
20658,77
20561,77
20545,77
20499,77
20455,77
20400,77
20105,77
19723,77
19009,77
18718,77
18699,77
18155,77
17988,77
17556,77
16910,77
16376,77
16371,77
16317,77
15888,77
15790,77
15136,77
11727,77
11621,77
11543,77
11494,77
11307,77
10499,77
9961,77
9914,77
9441,77
9346,77
9267,77
9250,77
9235,77
8001,77
14300,77
12915,77
6323,77
6104,77
4794,77
4457,77
10254,77
3786,77
3697,77
5632,77
8767,77
2092,77
11666,77
6729,77
6523,77
14427,77
1320,77
6084,77
1229,77
1188,77
4288,77
12204,77
2580,77
6495,77
5682,77
7139,77
3903,77
3895,77
11112,77
4155,77
530,77
5312,77
6785,77
728,77
2298,77
9029,77
65,77
2005,77
21532,78
19625,78
19081,78
18495,78
18487,78
18463,78
18454,78
18433,78
18366,78
17442,78
16990,78
16940,78
16740,78
16415,78
16310,78
16282,78
16164,78
16142,78
13201,78
12818,78
12814,78
12743,78
12466,78
11379,78
11261,78
11137,78
10737,78
10604,78
10385,78
9700,78
9479,78
9433,78
9107,78
8726,78
8363,78
8314,78
8209,78
7584,78
7015,78
444,78
13282,78
13007,78
100,78
29,78
5830,78
12122,78
5564,78
11953,78
5485,78
5238,78
5207,78
11197,78
4741,78
4080,78
6965,78
3720,78
13172,78
330,78
9841,78
198,78
9763,78
9615,78
12752,78
3073,78
2995,78
12407,78
2555,78
5526,78
11894,78
5245,78
5231,78
1933,78
1912,78
4771,78
7591,78
7577,78
9165,78
1147,78
7555,78
1102,78
10724,78
5782,78
974,78
1681,78
4700,78
11773,78
3723,78
2522,78
5318,78
895,78
3661,78
8211,78
1158,78
6492,78
450,78
10314,78
839,78
10553,78
929,78
2529,78
12426,78
4290,78
19959,79
19649,79
19470,79
19050,79
18313,79
17876,79
17872,79
17812,79
17700,79
17506,79
17212,79
16443,79
16419,79
16023,79
15565,79
12827,79
12772,79
12763,79
12760,79
12492,79
11369,79
11299,79
11255,79
11236,79
10743,79
10714,79
10555,79
10429,79
10361,79
10318,79
9872,79
9771,79
9752,79
9742,79
9733,79
9285,79
9100,79
9075,79
9047,79
8932,79
15314,79
8823,79
8618,79
8512,79
7977,79
7847,79
7789,79
7639,79
13904,79
7352,79
7253,79
496,79
6819,79
6463,79
6434,79
12797,79
12524,79
6082,79
6027,79
12390,79
5854,79
12138,79
12050,79
5332,79
11714,79
5117,79
11515,79
4933,79
11239,79
11237,79
4640,79
4591,79
4167,79
3991,79
10313,79
7068,79
3743,79
3491,79
9909,79
3271,79
12834,79
3194,79
9549,79
6202,79
2596,79
8998,79
8975,79
2550,79
8849,79
8778,79
5474,79
2239,79
8615,79
5340,79
2108,79
13265,79
3477,79
8222,79
3285,79
3198,79
1598,79
1562,79
4659,79
14270,79
7848,79
1209,79
9210,79
1182,79
1885,79
10676,79
2637,79
4235,79
1634,79
733,79
7722,79
3699,79
424,79
393,79
3573,79
12395,79
3095,79
10694,79
12886,79
1760,79
960,79
3356,79
2491,79
941,79
2526,79
