21576,0
21574,0
21571,0
21568,0
21567,0
21565,0
21562,0
21556,0
21553,0
21551,0
21550,0
21532,0
21517,0
21512,0
21503,0
21502,0
21501,0
21473,0
21469,0
21462,0
21454,0
21429,0
21423,0
21419,0
21404,0
21401,0
21391,0
21387,0
21382,0
21376,0
21372,0
21369,0
21358,0
21339,0
21321,0
21319,0
21318,0
21303,0
21297,0
21293,0
21292,0
21267,0
21261,0
21253,0
21251,0
21210,0
21201,0
21177,0
21143,0
21138,0
21133,0
21131,0
21130,0
21096,0
21076,0
21060,0
21028,0
21023,0
21019,0
21018,0
21007,0
21000,0
20989,0
20982,0
20946,0
20936,0
20925,0
20919,0
20907,0
20905,0
20902,0
20887,0
20878,0
20840,0
20835,0
20834,0
20829,0
20824,0
20787,0
20778,0
20773,0
20769,0
20757,0
20753,0
20734,0
20721,0
20710,0
20709,0
20699,0
20682,0
20653,0
20641,0
20632,0
20584,0
20552,0
20514,0
20469,0
20467,0
20465,0
20439,0
20420,0
20409,0
20406,0
20398,0
20396,0
20389,0
20379,0
20352,0
20270,0
20267,0
20264,0
20262,0
20230,0
20186,0
20159,0
20142,0
20137,0
20095,0
20090,0
20089,0
20080,0
20058,0
20048,0
20039,0
20035,0
20034,0
20031,0
20025,0
20013,0
20012,0
20005,0
19998,0
19993,0
19984,0
19975,0
19959,0
19935,0
19912,0
19906,0
19895,0
19892,0
19890,0
19874,0
19870,0
19860,0
19844,0
19839,0
19837,0
19833,0
19832,0
19831,0
19830,0
19826,0
19807,0
19802,0
19786,0
19769,0
19763,0
19762,0
19758,0
19744,0
19732,0
19731,0
19711,0
19692,0
19679,0
19674,0
19658,0
19653,0
19649,0
19648,0
19645,0
19635,0
19625,0
19559,0
19557,0
19556,0
19551,0
19546,0
19529,0
19515,0
19509,0
19507,0
19505,0
19499,0
19480,0
19478,0
19471,0
19470,0
19464,0
19453,0
19433,0
19432,0
19424,0
19422,0
19420,0
19419,0
19418,0
19411,0
19383,0
19379,0
19371,0
19325,0
19312,0
19293,0
19262,0
19256,0
19223,0
19208,0
19198,0
19191,0
19181,0
19180,0
19167,0
19155,0
19137,0
19122,0
19092,0
19083,0
19082,0
19081,0
19077,0
19069,0
19065,0
19062,0
19053,0
19050,0
19045,0
19044,0
19017,0
19006,0
18995,0
18994,0
18992,0
18975,0
18963,0
18962,0
18952,0
18951,0
18932,0
18930,0
18924,0
18922,0
18921,0
18917,0
18910,0
18902,0
18898,0
18875,0
18872,0
18865,0
18861,0
18860,0
18852,0
18849,0
18842,0
18840,0
18835,0
18795,0
18782,0
18774,0
18773,0
18768,0
18749,0
18746,0
18744,0
18738,0
18736,0
18730,0
18700,0
18698,0
18689,0
18676,0
18674,0
18667,0
18665,0
18638,0
18621,0
18616,0
18567,0
18557,0
18549,0
18527,0
18519,0
18509,0
18504,0
18495,0
18493,0
18490,0
18488,0
18487,0
18481,0
18479,0
18472,0
18467,0
18466,0
18465,0
18463,0
18459,0
18458,0
18454,0
18443,0
18437,0
18433,0
18430,0
18425,0
18423,0
18421,0
18415,0
18403,0
18402,0
18392,0
18389,0
18387,0
18374,0
18372,0
18371,0
18367,0
18366,0
18362,0
18357,0
18356,0
18351,0
18342,0
18339,0
18332,0
18321,0
18313,0
18303,0
18302,0
18281,0
18280,0
18277,0
18271,0
18257,0
18254,0
18252,0
18239,0
18236,0
18234,0
18231,0
18228,0
18225,0
18222,0
18217,0
18191,0
18186,0
18160,0
18135,0
18104,0
18101,0
18099,0
18095,0
18085,0
18080,0
18071,0
18066,0
18061,0
18050,0
18040,0
18038,0
18037,0
18034,0
18017,0
18014,0
18009,0
17993,0
17986,0
17963,0
17960,0
17957,0
17956,0
17952,0
17927,0
17916,0
17915,0
17899,0
17894,0
17892,0
17880,0
17878,0
17877,0
17876,0
17875,0
17872,0
17870,0
17867,0
17864,0
17863,0
17860,0
17857,0
17853,0
17849,0
17847,0
17839,0
17837,0
17835,0
17822,0
17813,0
17812,0
17810,0
17782,0
17780,0
17776,0
17770,0
17766,0
17760,0
17759,0
17758,0
17752,0
17749,0
17748,0
17738,0
17731,0
17728,0
17723,0
17719,0
17716,0
17710,0
17707,0
17706,0
17700,0
17687,0
17686,0
17666,0
17652,0
17643,0
17619,0
17612,0
17596,0
17589,0
17579,0
17574,0
17573,0
17569,0
17568,0
17563,0
17562,0
17551,0
17538,0
17529,0
17523,0
17511,0
17506,0
17499,0
17488,0
17479,0
17473,0
17472,0
17455,0
17452,0
17449,0
17442,0
17440,0
17433,0
17431,0
17423,0
17422,0
17421,0
17419,0
17417,0
17416,0
17412,0
17411,0
17410,0
17406,0
17403,0
17400,0
17399,0
17384,0
17365,0
17364,0
17361,0
17359,0
17352,0
17349,0
17343,0
17342,0
17340,0
17338,0
17335,0
17333,0
17317,0
17316,0
17315,0
17314,0
17302,0
17301,0
17298,0
17285,0
17279,0
17277,0
17275,0
17274,0
17269,0
17256,0
17248,0
17247,0
17246,0
17245,0
17236,0
17221,0
17212,0
17201,0
17188,0
17187,0
17177,0
17174,0
17173,0
17169,0
17168,0
17164,0
17152,0
17151,0
17149,0
17148,0
17146,0
17142,0
17140,0
17137,0
17134,0
17128,0
17127,0
17125,0
17123,0
17117,0
17103,0
17097,0
17095,0
17089,0
17083,0
17077,0
17075,0
17074,0
17067,0
17062,0
17060,0
17059,0
17053,0
17048,0
17039,0
17038,0
17036,0
17015,0
17011,0
17007,0
17003,0
17001,0
17000,0
16993,0
16991,0
16990,0
16989,0
16987,0
16986,0
16983,0
16981,0
16979,0
16969,0
16967,0
16963,0
16962,0
16961,0
16957,0
16955,0
16946,0
16940,0
16939,0
16935,0
16932,0
16929,0
16926,0
16903,0
16897,0
16893,0
16885,0
16875,0
16871,0
16856,0
16854,0
16851,0
16796,0
16794,0
16788,0
16777,0
16776,0
16774,0
16772,0
16767,0
16759,0
16750,0
16749,0
16740,0
16734,0
16714,0
16708,0
16707,0
16695,0
16688,0
16680,0
16679,0
16677,0
16676,0
16675,0
16667,0
16663,0
16658,0
16656,0
16652,0
16651,0
16644,0
16636,0
16622,0
16607,0
16589,0
16581,0
16577,0
16538,0
16523,0
16512,0
16510,0
16499,0
16495,0
16488,0
16481,0
16463,0
16459,0
16443,0
16434,0
16429,0
16421,0
16420,0
16419,0
16415,0
16404,0
16403,0
16401,0
16399,0
16369,0
16359,0
16357,0
16354,0
16332,0
16331,0
16318,0
16311,0
16310,0
16307,0
16300,0
16297,0
16289,0
16287,0
16285,0
16282,0
16279,0
16277,0
16274,0
16264,0
16257,0
16256,0
16251,0
16241,0
16238,0
16232,0
16216,0
16215,0
16214,0
16212,0
16211,0
16210,0
16203,0
16196,0
16194,0
16188,0
16179,0
16177,0
16176,0
16171,0
16164,0
16163,0
16159,0
16152,0
16149,0
16146,0
16145,0
16142,0
16139,0
16136,0
16134,0
16133,0
16125,0
16123,0
16120,0
16115,0
16110,0
16103,0
16100,0
16098,0
16097,0
16095,0
16093,0
16091,0
16088,0
16086,0
16077,0
16074,0
16041,0
16023,0
15996,0
15993,0
15989,0
15988,0
15987,0
15979,0
15973,0
15961,0
15959,0
15950,0
15934,0
15932,0
15929,0
15918,0
15914,0
15913,0
15912,0
15908,0
15898,0
15888,0
15885,0
15872,0
15859,0
15858,0
15855,0
15841,0
15840,0
15831,0
15810,0
15793,0
15785,0
15778,0
15767,0
15762,0
15742,0
15736,0
15713,0
15707,0
2850,1
15703,0
15672,0
2819,0
15666,0
2813,0
15643,0
15636,0
2783,0
15620,0
2767,0
15616,0
2763,0
15597,19
2744,0
15595,0
2742,0
15580,0
15578,0
2725,0
15575,0
2722,0
2720,18
15573,0
15569,0
15565,0
2708,14
15561,0
15551,0
15547,0
15543,0
2687,1
15540,0
2674,15
15527,0
15510,0
15504,0
15503,0
2650,0
15484,0
2630,18
15483,0
15481,0
15478,0
15471,0
15467,0
2611,18
15464,0
15459,1
2606,0
15457,7
2604,0
15447,0
2594,0
15430,0
2577,0
15429,0
2562,15
15415,0
15406,0
2553,0
15387,11
2534,0
15363,0
2504,5
15357,0
15352,0
2499,0
15345,0
2492,0
15315,6
2462,0
15308,0
15306,0
15303,0
15299,0
15296,0
15292,0
15283,0
15264,0
2411,0
15258,0
2405,0
15255,0
15246,0
2393,0
15237,0
15234,0
15230,0
15226,0
15219,0
2366,0
15210,0
2357,0
15204,0
2347,7
15200,0
15197,0
2344,0
15194,0
15156,0
2303,0
15144,15
2291,0
15122,0
2269,0
2266,16
15119,0
15103,0
15096,0
15090,5
2237,0
15060,0
15052,0
15037,0
15026,5
2173,0
15012,7
2159,0
15004,0
2151,0
14987,0
14982,0
14981,16
2128,0
14978,0
14971,15
2118,0
14969,5
2116,0
14959,0
2079,18
14932,0
14928,0
14926,0
2073,0
14904,0
14903,0
2033,6
14886,0
14885,0
2029,10
14882,0
14877,0
2024,0
14876,0
2020,16
14873,0
14865,0
2012,0
14844,0
14839,0
14818,0
1965,0
14783,0
14757,0
14736,0
14672,0
14622,16
1769,0
1759,6
14612,0
14604,0
1751,0
14587,0
1734,0
14563,0
14549,0
1696,0
14545,0
1692,0
14544,0
1689,3
14542,0
14539,19
1686,0
1684,4
14537,0
1651,13
14504,0
14310,0
1457,0
14263,0
14199,0
14069,5
1216,0
13958,0
1105,0
13900,0
1047,0
13790,0
937,0
13757,0
904,0
13721,0
868,0
861,13
13714,0
13711,0
851,4
13704,0
13702,0
849,0
13649,0
13559,0
706,0
699,1
13552,0
13507,0
13471,0
13458,0
13288,0
435,0
13279,0
422,10
13275,0
13263,0
410,0
13256,0
13255,0
402,0
13245,0
13242,0
389,0
13224,7
371,0
13201,0
13190,0
13175,0
322,0
13174,0
13170,0
317,0
13163,0
13139,0
13136,0
13124,0
271,0
13119,0
13096,0
13092,0
13085,4
232,0
13077,0
13072,0
13070,0
13064,16
211,0
13046,0
13039,0
186,0
13031,0
13023,0
13021,0
168,0
13003,0
12992,0
139,0
12974,0
12963,0
110,0
12956,0
12937,0
12933,0
80,0
12905,0
12893,10
40,0
12885,0
12861,0
12842,0
12836,0
12830,0
12829,0
12827,0
12824,0
12818,0
12815,0
12814,0
12813,0
12810,0
12799,0
12791,0
12788,0
12785,0
12778,0
12775,0
12772,0
12763,0
12760,0
12759,0
12755,0
12754,0
12751,0
12748,0
12743,0
12728,0
12725,0
12717,0
12707,0
12706,0
12702,0
12691,0
12690,0
12689,0
12683,0
12680,0
12677,0
12672,0
12670,0
12668,0
12660,0
12651,0
12647,0
12633,0
12630,0
12628,0
12627,0
12625,0
12621,0
12611,0
12604,0
12579,0
12574,0
12573,0
12564,0
12563,0
12557,0
12538,0
12531,0
12529,0
12521,0
12502,0
12492,0
12490,0
12489,0
12487,0
12485,0
12473,0
12466,0
12465,0
12461,0
12460,0
12457,0
12449,0
12443,0
12442,0
12432,0
12423,0
12413,0
12409,0
12404,0
12400,0
12399,0
12383,0
12374,0
12345,0
12344,0
12339,0
12338,0
12318,0
12317,0
12313,0
12304,0
12302,0
12298,0
12286,0
12281,0
12278,0
12276,0
12259,0
12250,0
12249,0
12246,0
12237,0
12225,0
12224,0
12223,0
12222,0
12216,0
12215,0
12205,0
12202,0
12197,0
12195,0
12191,0
12185,0
12156,0
12135,0
12125,0
12117,0
12114,0
12106,0
12094,0
12087,0
12073,0
12067,0
12059,0
12054,0
12049,0
12046,0
12044,0
12040,0
12028,0
12027,0
12011,0
12010,0
12005,0
11983,0
11981,0
11970,0
11968,0
11957,0
11945,0
11935,0
11925,0
11910,0
11909,0
11907,0
11900,0
11888,0
11883,0
11867,0
11866,0
11860,0
11854,0
11848,0
11841,0
11833,0
11826,0
11822,0
11812,0
11808,0
11802,0
11801,0
11795,0
11794,0
11793,0
11791,0
11789,0
11768,0
11765,0
11746,0
11743,0
11728,0
11726,0
11723,0
11722,0
11711,0
11706,0
11705,0
11663,0
11639,0
11638,0
11627,0
11625,0
11623,0
11619,0
11617,0
11602,0
11587,0
11580,0
11579,0
11574,0
11563,0
11559,0
11558,0
11551,0
11550,0
11545,0
11541,0
11527,0
11522,0
11519,0
11514,0
11508,0
11490,0
11487,0
11484,0
11477,0
11468,0
11466,0
11460,0
11459,0
11451,0
11447,0
11446,0
11444,0
11440,0
11437,0
11435,0
11431,0
11430,0
11425,0
11418,0
11413,0
11406,0
11405,0
11403,0
11400,0
11396,0
11390,0
11387,0
11381,0
11379,0
11378,0
11374,0
11372,0
11371,0
11370,0
11369,0
11357,0
11352,0
11349,0
11348,0
11344,0
11330,0
11327,0
11299,0
11297,0
11292,0
11291,0
11287,0
11285,0
11284,0
11279,0
11278,0
11276,0
11274,0
11273,0
11272,0
11270,0
11265,0
11261,0
11260,0
11257,0
11255,0
11253,0
11252,0
11251,0
11249,0
11243,0
11236,0
11234,0
11221,0
11211,0
11210,0
11205,0
11191,0
11185,0
11183,0
11181,0
11179,0
11175,0
11174,0
11173,0
11171,0
11170,0
11149,0
11144,0
11137,0
11136,0
11126,0
11123,0
11104,0
11103,0
11102,0
11101,0
11095,0
11093,0
11088,0
11076,0
11074,0
11071,0
11064,0
11063,0
11057,0
11056,0
11049,0
11048,0
11041,0
11039,0
11035,0
11015,0
10998,0
10992,0
10989,0
10985,0
10978,0
10971,0
10961,0
10960,0
10959,0
10947,0
10941,0
10922,0
10918,0
10917,0
10913,0
10905,0
10904,0
10903,0
10901,0
10899,0
10894,0
10892,0
10887,0
10876,0
10864,0
10849,0
10848,0
10847,0
10845,0
10843,0
10834,0
10827,0
10817,0
10816,0
10811,0
10796,0
10794,0
10788,0
10773,0
10757,0
10756,0
10755,0
10750,0
10746,0
10743,0
10742,0
10738,0
10737,0
10729,0
10721,0
10717,0
10715,0
10714,0
10710,0
10708,0
10704,0
10703,0
10702,0
10699,0
10695,0
10693,0
10665,0
10642,0
10638,0
10634,0
10632,0
10623,0
10619,0
10618,0
10612,0
10611,0
10609,0
10608,0
10606,0
10604,0
10584,0
10559,0
10555,0
10551,0
10545,0
10537,0
10530,0
10508,0
10498,0
10470,0
10467,0
10458,0
10455,0
10453,0
10445,0
10434,0
10432,0
10431,0
10429,0
10423,0
10419,0
10416,0
10404,0
10402,0
10388,0
10387,0
10385,0
10377,0
10371,0
10361,0
10359,0
10356,0
10348,0
10342,0
10335,0
10334,0
10332,0
10328,0
10322,0
10318,0
10310,0
10306,0
10302,0
10299,0
10292,0
10289,0
10282,0
10280,0
10272,0
10265,0
10258,0
10255,0
10245,0
10243,0
10240,0
10237,0
10233,0
10230,0
10219,0
10197,0
10173,0
10162,0
10158,0
10146,0
10140,0
10114,0
10112,0
10110,0
10107,0
10100,0
10098,0
10096,0
10086,0
10080,0
10071,0
10067,0
10062,0
10057,0
10049,0
10048,0
10042,0
10038,0
10002,0
9988,0
9982,0
9981,0
9976,0
9967,0
9965,0
9956,0
9953,0
9943,0
9940,0
9933,0
9929,0
9927,0
9925,0
9923,0
9918,0
9915,0
9906,0
9905,0
9902,0
9892,0
9891,0
9874,0
9872,0
9869,0
9868,0
9866,0
9858,0
9853,0
9850,0
9847,0
9844,0
9833,0
9829,0
9827,0
9822,0
9814,0
9812,0
9809,0
9804,0
9797,0
9795,0
9787,0
9779,0
9771,0
9764,0
9755,0
9752,0
9746,0
9745,0
9744,0
9742,0
9733,0
9728,0
9720,0
9712,0
9707,0
9704,0
9700,0
9689,0
9681,0
9668,0
9661,0
9657,0
9654,0
9642,0
9641,0
9618,0
9607,0
9606,0
9603,0
9599,0
9590,0
9588,0
9580,0
9577,0
9561,0
9559,0
9557,0
9544,0
9535,0
9527,0
9509,0
9505,0
9497,0
9489,0
9479,0
9473,0
9465,0
9454,0
9453,0
9450,0
9445,0
9443,0
9433,0
9432,0
9423,0
9413,0
9410,0
9408,0
9393,0
9356,0
9352,0
9330,0
9326,0
9324,0
9315,0
9314,0
9299,0
15717,0
9296,0
9290,0
9285,0
9280,0
15694,0
9265,0
9263,0
9258,0
15674,0
9253,0
9252,0
9242,0
9238,0
15656,0
2803,0
15653,0
2800,0
9232,0
9217,0
9207,0
2771,7
15624,0
9203,0
9201,0
9197,0
9161,0
15581,0
2728,0
9156,0
9155,0
15568,0
9147,0
15563,0
9142,0
9134,0
9133,0
15548,16
2695,0
15545,0
9124,0
9115,0
9110,0
15528,0
9107,0
9104,0
9100,0
2658,6
15511,0
9090,0
9076,0
9075,0
9074,0
9072,0
9065,0
15485,0
9064,0
9053,0
9048,0
15468,0
9047,0
9045,0
9044,0
15454,0
9033,0
9031,0
9020,0
15424,0
15417,0
8996,0
15413,0
2560,0
8978,0
8977,0
15389,0
8968,0
8962,0
8948,0
15366,0
2513,0
8945,0
15365,0
2512,0
8944,0
8932,0
2496,15
15349,0
8919,0
2484,1
15337,0
8916,0
15335,0
2482,0
8914,0
15329,0
2476,0
15327,3
2474,0
8906,0
15314,0
2458,6
15311,0
15294,0
8873,0
8866,0
8863,0
15281,0
2428,0
15280,0
8859,0
15278,0
8857,0
15274,0
2421,0
8853,0
8845,0
8836,0
8835,0
15250,0
2397,0
8829,0
15244,0
2391,0
8823,0
15223,0
2370,0
8802,0
15220,0
8799,0
2353,3
15206,0
8784,0
8781,0
8780,0
15198,0
8777,0
8757,0
8755,0
15171,0
8748,0
2308,18
15161,0
2304,15
15157,0
8732,0
8726,0
15138,0
8717,0
8716,0
8713,0
8711,0
8710,0
2275,1
15128,0
8707,0
8706,0
8705,0
8704,9
21557,0
8699,0
8688,0
21541,0
8685,0
21538,0
8684,0
15104,3
2251,0
8683,0
21536,0
8677,0
8676,0
8666,0
21519,0
8663,0
8662,0
8656,0
8654,0
8641,0
8638,0
21491,0
21490,10
8637,0
21489,16
8636,0
15056,3
2203,0
21488,3
8635,0
8629,0
15049,0
2196,0
8628,0
8618,0
8613,0
21466,0
15032,0
15031,0
8610,0
15029,0
8608,0
15028,15
2175,0
21460,6
8607,0
8606,0
21455,15
8602,0
2167,6
15020,0
8599,0
21451,13
8598,0
21448,15
8595,0
15013,0
8592,0
8585,0
21431,10
8578,0
8571,0
14988,0
8567,0
14984,0
21416,10
8563,0
14983,16
2130,0
21415,1
8562,0
14974,0
2121,0
21406,1
8553,0
14967,4
2114,0
8546,0
8544,0
8543,0
14962,10
2109,0
8541,0
21394,0
8540,10
21393,0
8526,0
8514,0
14933,0
2080,0
8512,0
14930,0
21362,5
8509,0
21359,13
8506,0
14923,0
14918,0
2065,0
21350,5
8497,0
8496,0
21346,16
8493,0
14912,0
14911,0
8490,7
21343,0
8489,0
21342,0
14909,0
2056,0
8480,0
21333,0
2047,16
14900,0
8479,0
8478,0
21325,13
8472,0
8453,0
14872,0
8451,0
14859,0
2006,0
8438,0
21291,0
8435,0
8432,0
21285,0
21283,6
8430,0
21281,5
8428,0
8425,1
21278,0
8424,14
21277,0
14828,0
1975,0
21259,10
8406,0
14826,0
8405,0
21254,16
8401,0
8378,0
21227,15
8374,0
8373,0
14785,0
1932,0
8363,0
21214,6
8361,0
8359,0
8351,0
8349,0
21202,0
8347,0
8344,0
21197,0
21195,15
8342,0
21175,5
8322,0
8314,0
21164,3
8311,0
8309,0
14729,0
8308,0
8287,0
21140,0
14697,0
8276,0
21129,0
8275,1
21128,0
21117,10
8264,0
21112,1
8259,0
21105,5
8252,0
8246,0
8244,0
21097,0
8240,0
21093,0
8234,0
8225,0
21078,0
14642,0
1789,0
21073,4
8220,0
8217,0
8214,0
21067,0
8212,0
21065,0
8209,0
14626,0
1773,0
8205,0
8199,0
8198,0
21051,0
8197,0
21050,0
8193,0
21046,0
8178,0
21031,0
8177,0
21030,0
8176,0
8167,0
21016,5
8163,0
8151,0
8141,0
8138,0
8134,0
20984,15
8131,0
14551,0
20983,5
8130,0
14547,7
1694,0
8126,0
14540,0
20972,15
8119,0
8108,0
8106,0
20959,0
14512,0
1659,0
8091,0
8089,0
1653,7
14506,0
20938,14
8085,0
8068,0
8056,6
20909,0
20904,13
8051,0
8050,0
8045,0
20898,0
8039,0
8028,0
8021,0
8016,0
20869,0
8015,0
8012,0
20865,0
8010,0
14418,0
7997,0
20833,10
7980,0
7979,0
7977,0
14395,0
7974,0
14393,0
20825,13
7972,0
1536,15
14389,0
7968,0
7963,0
20814,15
7961,0
7955,0
7952,0
7942,7
20795,0
7939,0
20792,0
7937,0
20790,0
7935,0
7930,0
7928,0
7922,15
20775,0
7912,0
7907,0
7903,0
7902,0
7897,0
7896,0
7895,0
14315,0
20747,15
7894,0
1461,16
14314,0
20746,1
7893,0
7891,0
20744,0
7880,0
7879,0
7876,0
20728,10
7875,0
7874,0
14293,0
1440,0
7872,0
20725,0
7869,0
7847,0
7845,0
20698,0
7840,7
20693,0
7839,0
7831,0
7826,13
20679,0
7823,0
20673,1
7820,0
20671,13
7818,0
20669,6
7816,0
7814,0
20667,0
7813,4
20666,0
7810,0
7809,0
20662,0
20650,15
7797,0
1359,18
14212,0
7791,0
7789,0
7767,0
14178,0
7757,0
7755,0
7749,0
7746,0
1293,5
14146,0
7715,0
7710,0
7696,0
7687,0
14099,0
1246,0
20531,10
7678,0
20527,15
7674,0
7671,0
20523,15
7670,0
7669,0
20497,3
7644,0
7643,0
20496,0
7642,0
7639,0
7636,19
20489,0
20488,15
7635,0
20480,6
7627,0
20476,15
7623,0
7611,0
7606,0
20459,0
20457,4
7604,0
20453,3
7600,0
7596,0
20446,10
7593,0
7592,0
20438,15
7585,0
7584,0
7583,0
7576,0
7570,0
20419,6
7566,0
7557,0
7552,0
20401,5
7548,0
7541,0
7534,0
20386,5
7533,0
20384,5
7531,0
20372,5
7519,0
7518,0
20371,0
20367,10
7514,0
20365,5
7512,0
20363,1
7510,0
20357,15
7504,0
7496,0
7488,7
20341,0
13904,0
20334,5
7481,0
7477,0
7475,0
20328,0
7470,0
20319,6
7466,0
7464,0
7452,0
1017,1
13870,0
20300,13
7447,0
7442,0
20286,13
7433,0
7427,0
13834,0
7408,0
20261,0
7406,0
20259,0
7394,0
20247,0
7391,0
7386,0
7385,0
20235,13
7382,0
7379,0
20232,0
20223,13
7370,0
20220,13
7367,0
7363,19
20216,0
7357,0
20210,0
7355,0
20207,10
7354,0
7352,0
7344,0
20195,5
7342,0
7337,0
13753,0
7332,0
20176,14
7323,0
7322,0
13735,0
882,0
7314,0
20165,13
7312,0
7277,0
20112,16
7259,0
7253,0
7247,0
7240,0
13656,0
7235,0
7225,0
800,0
7221,0
7220,0
7216,0
780,3
13633,0
791,0
7209,0
758,1
13611,0
7177,0
7167,0
745,0
7166,0
20019,0
7148,0
20001,0
725,0
7146,0
722,0
7143,0
714,0
7135,0
7132,0
7126,0
679,0
13532,0
7100,0
19933,6
7080,0
7074,16
19927,0
7071,0
7066,0
7065,0
7064,0
7058,0
7047,0
7045,0
7032,0
7030,0
7029,0
19882,0
19880,4
7027,0
7023,0
7015,0
13435,0
7014,0
19867,0
7013,0
19866,0
19865,15
7012,0
19854,3
7001,0
6981,0
555,0
6976,0
13393,0
551,0
13404,0
6972,0
6970,0
19823,0
6955,0
19808,0
6929,0
6928,4
19781,0
6922,0
19775,0
6917,0
6913,0
19766,0
6894,0
467,0
13320,0
6888,0
6881,7
19734,0
6874,9
19727,0
13290,0
6869,0
13287,0
6866,0
19719,0
13286,0
444,0
13282,0
6861,0
13281,0
439,0
13292,0
19713,4
6860,0
13280,0
438,0
13291,0
13270,0
6849,4
19702,0
6819,0
6818,0
13238,0
6817,0
377,0
19651,3
6798,0
19644,3
6791,0
13210,0
19642,13
6789,0
13200,0
352,0
13205,0
13191,14
338,0
349,0
6770,0
13186,0
13185,0
343,0
13196,0
6764,0
13184,0
331,0
342,0
13195,0
6761,0
13168,0
315,0
6741,0
13159,0
311,0
6732,0
13151,0
6726,0
304,0
13157,0
6725,0
6719,0
19572,0
6716,0
290,0
6709,7
19562,0
6707,0
19560,0
281,0
6702,0
6697,0
13105,0
13103,0
6682,0
13113,3
260,0
6681,14
19534,0
13095,0
242,0
6674,0
249,0
13089,0
236,0
247,0
6660,0
13078,0
225,0
6657,0
19510,0
6647,0
19500,0
13056,0
203,0
214,0
13067,0
13053,0
6632,0
6630,0
19483,0
19482,4
6629,0
13043,0
201,15
13054,0
19475,15
6622,0
19448,4
6595,0
6594,14
19447,0
13007,0
165,0
157,0
6578,0
6576,0
6562,0
6561,0
12959,0
6538,0
6537,0
96,4
12949,0
6528,7
19381,0
6527,0
19380,0
6524,1
19377,0
100,0
19374,6
6521,0
86,0
6507,0
19360,0
71,7
12924,0
82,13
12935,0
6503,0
6497,0
12917,0
64,0
75,0
6494,0
6483,0
6473,0
42,0
6463,0
6460,0
37,3
12890,0
29,0
6450,0
13,14
12866,0
6445,0
6441,0
19294,0
6438,0
19291,0
12858,0
6437,10
19290,0
12857,0
6436,0
6434,0
12848,0
6427,0
19280,0
12806,0
6385,0
19238,0
12803,0
6382,0
12797,0
6376,0
6375,0
6373,0
6372,0
6368,0
6361,0
12774,0
6353,0
6350,0
6348,0
12767,0
6346,0
19199,0
6341,0
12761,0
6340,0
19193,0
12758,0
6337,0
6335,0
19170,15
6317,0
6315,0
12732,0
12714,0
12703,0
6282,0
6278,0
12698,0
6277,0
12694,0
12692,0
12688,0
6267,0
12685,0
6264,0
6248,14
19101,0
6244,3
19097,0
12661,0
6235,0
12655,0
6234,14
19087,0
12654,0
12648,0
12646,0
6225,0
12644,0
12641,0
6220,0
19073,0
12639,0
6218,0
6217,0
12636,0
6215,0
6214,0
6208,0
12620,0
6199,0
6189,0
19042,0
12608,0
12605,0
6184,0
19037,0
12602,0
12599,0
6178,0
6177,0
6169,0
19022,0
12559,0
6137,0
18988,4
6135,0
12555,0
6128,0
12546,0
6125,0
12534,0
6113,0
6106,0
12524,0
12523,0
12517,0
12515,0
6092,4
18945,0
12512,0
6091,0
18944,0
12507,0
6086,0
6085,0
18938,0
12504,0
6083,0
12503,0
6082,0
12488,0
6067,0
18920,0
6063,0
6060,0
6058,0
12472,0
6051,1
18904,0
12469,0
12468,0
12464,0
6035,16
18888,0
6034,0
12454,0
6027,0
6025,0
12441,0
6020,0
18873,0
12435,0
6014,13
18867,0
5998,0
18851,0
5985,0
12398,0
18830,1
5977,0
12394,0
5973,0
12390,0
5958,0
18811,0
5946,0
5937,0
12355,0
5934,0
5930,15
18783,0
12340,0
5919,0
12333,0
5912,16
18765,0
5910,0
5909,0
5908,0
5905,0
5901,16
18754,0
12321,0
5900,0
5895,0
5889,0
12309,0
5888,0
5887,0
5886,0
18739,0
18732,15
5879,0
5876,0
5873,0
18721,15
5868,0
5858,0
5854,0
12270,0
5849,0
5842,0
12260,0
5839,0
5835,0
18688,0
5830,0
5827,0
5826,0
5819,0
5818,0
12236,0
5815,0
5810,0
18663,0
12229,0
5808,0
12221,0
5800,0
12219,0
5798,0
12213,0
5792,0
5789,0
5767,0
12171,0
5740,0
5739,0
18592,0
12159,0
5727,0
5724,0
18577,0
5719,0
12138,0
5717,0
18570,0
5713,0
18566,0
12133,0
5712,0
18565,0
12132,0
5711,0
18564,0
12131,0
18563,11
5710,0
12127,0
5706,0
12122,0
5701,0
18554,0
5692,0
5690,0
5689,0
5684,0
5675,0
12093,0
5672,0
5667,0
18520,0
12084,0
5660,0
12080,0
5659,0
5655,0
12068,0
5647,0
18497,11
5644,0
5641,0
12050,0
12048,0
5627,0
5617,1
18470,0
5615,0
5611,0
18464,0
5609,0
18462,0
12024,0
5603,19
18456,0
5602,1
18455,0
5598,0
12016,0
5595,1
18448,0
5592,14
18445,0
5585,0
18438,0
11997,0
5576,3
18429,0
11996,0
5567,0
18420,0
5566,3
18419,0
5564,0
5563,0
11982,0
5561,0
5559,0
11979,0
5558,0
5554,0
18407,0
5546,7
18399,0
5544,14
18397,0
11958,0
5537,18
18390,0
11954,0
5533,0
11953,0
5532,16
18385,0
5530,1
18383,0
5522,7
18375,0
11941,0
5520,0
5517,0
5508,0
5505,0
11923,0
5502,0
18355,0
11920,0
5499,0
18352,0
11916,0
5495,15
18348,0
5491,0
5485,0
5483,15
18336,0
18334,4
5481,0
5477,0
5475,1
18328,0
5470,0
18323,0
5465,0
5453,0
11872,0
18300,4
5447,0
5429,0
11847,0
5423,0
18276,0
5421,0
11832,0
5411,0
11831,0
5410,0
5400,0
18253,0
5398,0
11817,0
5396,0
18249,0
5394,0
5392,0
11811,0
5390,0
18243,0
18242,15
5389,0
5388,0
5382,0
5379,0
11798,0
5363,0
5360,0
11771,0
5350,0
5349,0
11767,0
5345,0
11763,0
5335,0
18188,0
5334,0
18187,0
11753,0
5332,0
11751,0
5330,0
5328,0
5323,0
18176,0
5309,0
5303,0
18152,16
5299,0
5297,15
18150,0
11717,0
5296,19
18149,0
11714,0
5293,0
5291,0
5288,0
11708,0
5287,0
11707,0
5286,0
5281,0
5278,0
5274,0
5273,0
5272,0
5270,0
5269,0
5260,0
5256,0
18109,0
5255,0
18108,0
11674,0
5253,0
11665,0
5244,0
11664,0
18096,5
5243,0
11661,0
5240,0
18093,0
5238,0
11658,0
5237,0
5235,0
5234,0
18079,9
5226,0
5222,0
18075,0
5220,0
5214,0
18065,16
5212,0
5210,0
5207,0
5205,0
5201,0
18048,13
5195,0
5194,0
5192,0
5191,0
5190,0
5188,0
5183,0
18036,0
11598,0
5177,0
11597,0
5176,0
18029,0
18028,16
5175,0
5172,0
5171,0
5167,0
5160,0
5148,0
18001,0
5146,0
5141,0
5139,0
11555,0
5134,0
5128,3
17981,0
5126,0
17979,0
11546,0
5125,0
17978,0
11539,0
5118,0
5117,0
17967,6
5114,0
11523,0
5102,0
5097,0
17950,0
5095,3
17948,0
11515,0
5094,0
5091,0
5090,16
17943,0
11507,0
5086,0
11506,0
5085,0
11505,0
5082,0
5081,0
11498,0
5077,0
17930,0
5072,6
17925,0
11492,0
5071,0
5070,0
17923,0
5060,0
5058,19
17911,0
5057,0
5054,0
17907,0
5053,0
17906,0
11465,0
5044,4
17897,0
11464,0
5043,3
17896,0
11455,0
5034,6
17887,0
11450,0
5021,7
17874,0
11441,0
5020,0
17873,0
5013,3
17866,0
5002,0
4987,0
4983,0
11402,0
17834,15
4981,0
11386,0
4965,0
11377,0
4956,0
17809,0
11373,0
4952,0
11362,0
4941,0
4933,0
4922,0
17775,0
4910,0
17763,0
11324,0
11322,0
17753,15
4900,0
17751,15
4898,0
11315,0
4894,0
11314,0
4893,4
17746,0
4890,0
4867,0
11271,0
17703,10
4850,0
4848,0
17701,0
11256,0
4835,0
17688,0
4827,0
4824,0
17677,0
11242,0
4821,7
17674,0
11241,0
4820,16
17673,0
11239,0
4818,0
17671,0
11237,0
4816,0
11233,0
4812,0
4810,0
11228,0
17660,15
4807,0
4806,0
17659,0
17651,4
4798,0
4796,0
4795,0
4785,0
11202,0
4781,0
4779,0
17632,0
11198,0
11197,0
4776,0
4773,0
4768,0
11177,0
4756,0
4755,0
4751,0
11166,0
11163,0
17595,9
4742,0
4741,0
4733,0
4717,0
4714,0
11134,0
4713,0
11133,0
4712,0
4711,0
4708,0
11113,0
17545,15
4692,0
11111,0
17543,15
4690,0
4689,0
4687,0
17540,0
11100,0
4679,0
4666,0
17519,0
11086,0
4665,0
17518,0
4662,0
4657,0
4654,0
17507,0
11065,0
4644,0
4640,0
11059,0
4638,0
17491,0
4634,0
4625,0
17478,0
11043,0
4622,0
4621,0
4613,0
4606,0
4605,0
11025,0
4604,0
17457,0
4603,0
4600,0
4595,0
17448,0
4593,0
17446,0
4592,0
4591,0
11007,0
4586,0
4583,0
17436,0
4579,0
17432,0
4576,0
17429,0
4555,0
17408,0
4552,0
17405,0
10962,0
4541,0
4537,0
4536,0
17389,0
4524,0
4513,0
4510,0
4507,0
4493,0
17346,0
10902,0
4481,0
17334,0
4477,4
17330,0
4476,14
17329,0
10891,0
4470,0
4465,0
17318,0
4459,0
4458,0
17311,0
10874,0
4453,0
17306,0
10873,0
4452,0
17305,0
4451,16
17304,0
10860,0
4439,0
17292,0
4438,15
17291,0
4436,0
17289,0
4425,0
4407,0
17260,0
10826,0
4405,0
17258,0
4398,7
17251,0
4397,0
17250,0
10809,0
4388,7
17241,0
4386,0
17239,0
4371,0
17224,0
4370,6
17223,0
10790,0
4369,0
10787,0
4366,0
10786,0
4365,0
4364,0
10779,0
10774,0
4353,14
17206,0
4349,0
10768,0
4347,0
10767,0
4346,14
17199,0
4345,0
4344,0
4343,0
17196,0
10760,0
4339,0
10754,0
4333,0
17186,0
10744,0
4323,0
4318,16
17171,0
10734,0
4313,19
17166,0
4310,0
17163,0
4301,0
17154,0
4297,0
4286,0
4276,16
17129,0
10688,0
4267,0
10682,0
4259,0
10678,0
10674,0
4249,0
17102,0
4246,0
17099,0
4245,7
17098,0
10662,0
10661,0
4238,0
17091,0
4237,0
4231,0
17084,0
4229,0
17082,0
4228,7
17081,0
4215,0
4205,10
17058,0
10625,0
4204,0
4199,0
17052,0
4193,0
10613,0
4192,0
17035,1
4182,0
17031,13
4178,0
10596,0
4175,0
17028,0
10594,0
4173,0
4170,0
17023,0
10590,0
4167,0
10586,0
4165,0
4161,0
10581,0
4160,0
4159,0
17012,0
4156,0
4153,0
4152,0
17005,0
4146,0
10566,0
4139,0
16992,0
4129,0
4122,0
16975,0
10541,0
4120,0
16973,0
4117,0
16970,0
4115,0
16968,0
4113,0
16966,0
4105,0
4103,0
4096,0
10515,0
4091,0
10509,0
4088,0
16941,0
10505,0
4084,0
4081,0
4080,0
4075,0
4074,0
4067,0
4066,0
16918,3
4065,0
16916,15
4063,0
4061,0
4048,0
4041,0
4036,0
16888,14
4035,0
16886,3
4033,0
10449,0
4028,0
4027,0
10447,0
4026,0
10446,0
797,0
7218,0
20071,0
4015,13
16868,0
3999,4
16852,0
10418,0
3997,0
16850,0
7196,0
10414,0
3991,0
7192,16
20045,0
16838,7
3985,0
764,0
7185,18
20038,0
10403,0
16835,7
3982,0
3980,0
16833,0
10394,0
3973,0
16826,0
7161,0
3958,6
16811,0
736,0
10375,0
7155,0
20008,0
7136,0
19989,0
10354,0
712,0
7133,16
19986,0
3930,0
16783,0
7129,0
19982,0
10347,0
3926,0
16779,0
3922,0
7119,0
3916,0
7115,3
19968,0
3912,0
7111,0
19964,0
3908,0
16761,0
10313,0
3892,0
16745,0
3886,0
16739,0
7087,0
3884,0
16737,0
3879,0
3875,0
7077,7
19930,0
7076,0
3873,0
16726,0
7075,0
7073,0
10291,0
3870,1
16723,0
7070,0
7068,0
3865,0
16718,0
7067,0
10285,0
16717,19
3864,0
13482,0
3858,7
16711,0
7060,18
19913,0
3857,18
16710,0
3856,0
3853,1
16706,0
7049,0
19902,0
3846,0
7046,0
10264,0
3843,0
10262,0
3841,0
10261,0
13462,0
7041,0
3838,0
3830,0
7031,0
3828,4
16681,0
3825,0
16678,0
7024,0
7020,0
10238,0
7011,0
19864,0
3801,1
16654,0
7003,11
19856,0
16653,7
3800,0
3797,4
16650,0
3796,0
16649,0
6998,0
10216,0
3795,0
16648,0
6996,0
10214,0
3793,0
16646,0
6995,0
10213,0
3792,0
16645,0
6993,0
3790,0
10209,0
6985,0
3777,0
16630,0
16628,13
3775,0
3774,0
10192,0
3768,14
16621,0
3763,0
544,0
6965,0
559,0
10183,0
16615,5
3762,0
3759,0
6961,0
3758,0
16611,0
6975,0
19828,0
552,0
3743,0
6939,0
518,0
3721,13
16574,0
3720,0
6920,0
19773,0
19788,10
6935,0
3717,0
16570,0
498,0
10122,0
16554,10
3701,0
494,0
6884,0
19737,0
478,0
10102,0
3681,0
470,0
3673,0
6872,0
6887,0
10090,0
464,0
10088,0
6852,0
3649,13
16502,0
13271,0
6850,1
19703,0
10068,0
10061,0
3640,0
16493,0
13261,0
408,0
10058,0
3637,3
16490,0
405,19
13258,0
416,0
13269,0
6837,3
19690,0
10052,0
10041,0
16472,7
3619,0
13236,0
6815,0
13251,0
409,0
13262,0
3612,0
16465,0
13244,0
376,0
6797,0
19650,0
10015,0
3594,0
3589,0
16442,0
6788,0
10000,0
16432,14
3579,0
374,0
3577,0
16430,0
366,0
13188,0
346,0
13199,0
6767,0
13214,6
361,0
16417,16
3564,0
6762,0
356,0
3559,0
6757,0
9975,0
16407,9
3554,0
9974,0
3553,0
16395,4
3542,0
13180,0
16394,18
3541,0
6737,0
6752,0
3534,0
13172,0
330,0
9954,0
16386,15
3533,0
13144,0
302,0
6723,0
9941,0
3520,0
13116,0
3492,0
13115,0
273,0
13126,0
6694,0
9912,0
3491,0
3490,0
16343,0
9909,0
3488,0
6683,0
9884,0
3463,0
16316,0
3461,0
16314,0
6659,0
19512,0
6655,0
3452,0
246,0
3449,0
13062,0
220,0
3438,0
6638,0
19491,0
6653,10
19506,0
16288,18
3435,0
3425,0
16278,0
6623,0
9841,0
3420,0
19474,3
6621,0
198,0
6619,0
213,0
3415,0
191,0
6612,0
16262,19
3409,0
3399,0
16252,0
3389,0
6581,0
9799,0
3378,0
12996,4
143,0
13011,0
3372,0
16225,0
9792,0
3371,0
153,4
13006,0
3367,0
135,4
12988,0
6556,0
19409,0
16206,15
3353,0
3352,0
12981,0
128,0
9763,0
3342,0
16195,0
124,0
3327,0
3309,0
66,15
12919,0
19351,4
6498,0
3295,0
16148,0
53,0
12910,0
68,0
3271,0
3266,0
16119,0
12900,0
47,0
58,0
3261,0
12875,0
22,0
6454,13
19307,0
12901,5
48,0
3251,0
12888,0
46,0
3249,0
12853,0
6432,0
19285,0
12846,0
6425,0
3222,0
16075,0
19267,3
6414,0
3211,0
12834,0
6413,0
3210,0
16063,0
9615,0
3194,0
16045,6
3192,0
3189,0
9608,0
3187,0
3184,0
16037,0
3180,0
9578,0
6358,0
3155,0
3154,0
3153,0
16006,0
6352,0
9570,0
3149,0
9560,0
3139,0
15984,3
3131,0
12752,0
6331,0
9549,0
15981,16
3128,0
3118,0
3115,0
15968,0
9532,0
3111,0
15964,0
3110,0
15963,0
12731,0
6310,1
19163,0
3107,0
15960,0
9526,0
3105,0
3104,0
3100,0
6301,0
3098,0
15951,0
12716,0
6295,0
3092,0
3086,0
15939,0
3078,0
12697,0
6276,0
3073,0
12696,0
6275,7
19128,0
3072,0
15925,0
6274,15
19127,0
3071,0
15924,0
3069,0
9488,0
3067,0
15920,0
3062,0
3056,0
15909,0
9472,0
3051,0
15901,7
3048,0
3047,0
15900,0
3040,0
12663,0
3039,0
15892,0
3038,0
15889,5
3036,0
3034,0
12652,0
15881,15
3028,0
3023,0
15876,0
9437,0
3016,0
9434,0
3013,0
9431,0
3010,0
12632,0
3008,0
15861,0
3007,0
12623,0
6202,0
2999,0
6201,0
15851,3
2998,0
2995,0
9415,0
2994,0
9414,0
2993,0
2990,0
12609,0
6188,0
19041,0
2985,0
15838,0
2983,0
9403,0
2982,0
6180,0
19033,0
9398,0
2977,0
2973,0
9392,0
2971,0
12594,0
15823,5
2970,0
15821,10
2968,0
2965,0
2959,0
2955,0
15808,0
6157,0
2954,0
15807,0
2950,0
15803,0
2946,0
2945,0
2933,0
2930,0
9349,0
2928,0
12551,0
9348,0
2927,0
15780,0
2926,0
6121,0
12540,0
6119,0
9337,0
15769,14
2916,0
9336,0
2915,7
15768,0
9328,0
2907,0
2902,0
6090,0
2887,0
2886,7
15739,0
6075,0
9293,0
2872,0
9288,0
2867,0
9279,0
2858,0
12480,0
6059,0
15698,0
9277,0
6056,0
2853,0
6054,0
9272,0
15704,3
2851,0
9271,0
2847,0
12463,0
6042,3
18895,0
12462,0
15680,5
2827,0
9259,0
2838,0
15691,0
15675,0
2833,0
6030,0
6023,0
9240,0
9239,0
2818,0
6018,0
15668,3
2815,0
15641,0
9220,0
2799,0
2793,0
2792,0
12415,0
2791,0
9208,0
12407,0
5986,0
9204,0
18828,14
5975,0
5972,0
9190,0
2769,0
2757,3
15610,0
2768,0
15621,0
12389,0
2754,6
15607,0
2765,0
2764,0
15617,0
2752,15
15605,0
9184,0
12386,0
5965,0
2762,0
5964,0
9182,0
15602,0
9181,0
15613,15
2760,0
5955,0
12375,0
5954,0
18807,0
15593,0
9172,0
5951,0
15590,15
2737,0
5949,0
2746,0
5945,0
15584,0
9163,0
15579,0
9158,0
5932,0
2718,6
15571,0
2729,0
15560,0
9139,0
2711,0
5898,15
18751,0
9116,0
12315,0
2688,0
5875,0
18728,0
2672,0
9087,0
2666,0
15501,0
2648,0
15494,0
2652,0
9069,0
18703,15
5850,0
2647,0
5848,0
9059,0
2638,0
2635,0
15453,0
9032,0
15451,0
2609,0
15462,0
12226,0
5805,0
18658,0
2602,6
15455,0
15438,0
2585,0
2596,0
9015,0
5796,0
9014,0
2593,15
15446,0
9012,0
2591,0
18646,10
5793,0
2579,7
15432,0
12209,0
5788,0
15427,11
2574,0
12208,0
5787,0
2584,0
2578,0
12201,0
5780,0
8998,0
8991,0
2570,0
15411,0
2558,0
2569,0
15409,0
12186,0
5765,0
2551,4
15404,0
8982,0
2561,0
5762,0
2559,0
15400,0
12179,0
15397,0
2544,0
2555,0
12178,0
2543,4
15396,0
8975,0
2554,0
5756,0
2550,0
12172,0
5751,0
18604,0
2546,0
15386,0
5746,0
18599,0
12164,0
5743,0
8961,0
5742,0
18595,0
2532,0
5734,0
2531,0
15384,0
8951,0
2530,0
12152,0
2528,0
2520,0
5721,0
8933,0
5707,0
8909,0
5686,0
18539,0
15325,0
8903,0
5678,15
18531,0
2475,0
5677,15
18530,0
8895,0
15310,0
15321,5
2468,0
12083,0
8880,0
2459,16
15312,0
5643,0
8861,0
2440,0
2435,0
12053,0
8850,0
15270,0
2417,0
8849,0
15263,0
2410,0
2419,0
15253,0
8830,0
2409,0
5608,0
15240,0
5596,0
2386,3
15239,0
15227,0
2374,0
8806,0
2385,0
5586,0
2383,0
12003,0
5582,15
18435,0
2379,0
5579,0
18432,0
2376,0
15208,0
8778,0
2337,15
15190,0
8768,0
8765,0
8760,0
11961,0
5540,18
18393,0
15179,0
2326,0
8756,0
8747,0
5526,0
2323,0
5523,0
18376,0
2309,14
15162,0
2310,0
11932,0
5511,0
15149,0
8728,0
2307,0
11915,0
8696,0
5474,0
8692,0
2271,0
11894,0
18326,15
5473,0
2259,18
15112,0
8691,0
11893,0
5472,0
15111,0
8690,0
11892,0
5471,0
15110,0
2257,0
8689,0
2268,4
15121,0
5469,0
15107,0
8686,0
21539,0
15118,7
2265,0
8681,0
2260,0
8678,0
18309,5
5456,0
15095,0
8674,0
18308,3
5455,0
18307,6
5454,0
15093,0
2240,0
8672,0
11873,0
15091,0
2238,0
8670,0
21523,0
8668,0
21521,0
2247,0
8667,0
2246,0
11864,0
5443,0
18296,0
15082,0
8661,0
11863,0
2239,0
11862,0
18294,15
5441,0
11861,0
5440,0
8658,0
2225,9
15078,0
11858,0
2231,0
5431,0
2228,0
15067,0
11843,0
15061,0
11837,0
15055,0
2202,0
8632,0
11830,0
5409,0
15048,0
2206,0
11829,0
5408,0
15045,0
8624,0
21477,0
8623,0
15038,0
8615,0
2194,0
6982,0
10200,0
3779,0
5385,0
18238,0
15024,0
8603,0
15017,0
10191,0
16623,10
3770,0
5376,0
18229,0
547,0
6968,0
562,0
5371,0
2168,0
21441,10
8588,0
3760,0
11787,0
5366,0
15005,0
532,0
6953,0
10171,0
6952,0
10155,0
5340,0
21411,4
8558,0
2137,0
2108,0
486,0
6907,0
19760,0
3704,0
14949,0
14960,15
2107,0
3694,0
8518,0
21371,0
2097,0
5295,0
18148,0
8513,0
8510,0
21363,0
14921,0
5276,0
5268,0
14907,0
2054,0
13276,0
423,0
6855,0
3652,9
16505,0
11679,0
5258,0
18111,0
8475,0
13284,0
6863,0
442,0
10066,0
3645,0
436,0
16492,5
3639,0
11666,0
5245,0
13265,0
6844,0
19697,0
3626,1
16479,0
6828,0
19681,0
16478,5
3625,0
5231,0
21302,10
8449,0
2028,14
14881,0
8448,0
21301,0
2027,0
6841,0
16476,15
3623,0
3622,0
16475,0
5228,0
14867,0
2025,0
3609,0
18068,16
5215,0
14854,0
2001,0
13231,0
378,0
6810,0
19663,0
3607,0
16460,0
2010,0
10018,0
3597,0
16450,0
5203,0
14842,0
2000,0
3592,0
8416,0
1995,0
8415,0
1994,0
13204,0
362,0
3580,0
1983,0
5168,0
354,0
9978,0
1960,0
6748,0
3545,3
16398,0
1948,0
6734,0
9952,0
3531,0
21208,1
8355,0
1934,0
1933,0
323,0
3526,0
11553,0
5132,0
14771,0
1918,0
1929,0
5121,0
14755,13
1902,0
8334,0
21187,0
1913,0
6712,0
3509,0
13142,0
6721,0
5115,0
17968,0
1912,0
6710,0
9928,0
16360,13
3507,0
5113,0
8331,0
1910,0
6689,0
9907,0
3486,11
16339,0
5092,0
1889,0
6686,7
19539,0
3483,0
16336,0
1886,0
14739,0
259,0
3477,0
11504,0
1880,0
3469,0
21146,5
8293,0
237,0
13090,0
6658,0
19511,0
3455,0
1858,0
8269,7
21122,0
1848,0
14689,0
1836,0
1847,0
3442,0
248,0
1845,0
5042,0
1839,0
1832,0
14666,0
1824,0
1815,0
11433,0
1809,0
13024,0
6603,0
3400,0
8224,0
21077,0
8222,0
1801,0
13019,0
166,0
19451,4
6598,0
3395,0
5001,0
1798,0
3384,0
4990,0
14629,0
1787,0
11393,0
4972,3
17825,0
8190,0
3364,0
4970,0
17823,0
6573,1
19426,0
3332,0
16185,0
12980,0
127,0
6559,0
19412,0
17791,14
4938,0
1735,0
134,0
12987,0
4934,13
17787,0
14573,0
1731,0
6523,0
3320,0
16173,0
111,0
3329,0
6547,0
1723,0
9734,0
3313,0
16166,0
14558,0
8137,0
14569,6
1716,0
11335,0
1711,0
14550,0
6506,7
19359,0
3303,0
6515,0
19368,0
109,0
12962,0
6488,0
19341,0
9706,0
3285,0
8109,0
1688,0
12912,0
59,0
6491,16
19344,0
8103,0
1682,0
6478,18
19331,0
3275,0
6502,0
81,0
4881,0
1678,0
20947,14
8094,0
1673,0
12898,16
45,0
3263,0
8087,0
1666,0
12878,0
36,7
12889,0
9675,0
3254,19
16107,0
14499,0
1657,0
38,10
12891,0
49,0
3252,0
12883,0
4841,0
17694,0
6428,0
3225,0
1628,0
9644,0
3223,4
16076,0
4829,0
17682,0
1626,0
12843,0
1,0
6422,0
9640,0
3219,0
1622,0
12841,0
6420,3
19273,0
9638,0
3217,0
1620,0
6419,18
19272,0
9637,0
3216,0
8040,0
20893,0
1619,0
12831,0
6410,0
19263,0
9628,0
3207,0
12851,0
6430,0
19283,0
11230,0
4809,0
1606,0
12823,0
6402,0
19255,0
3199,0
16052,0
8023,0
9619,0
3198,0
11225,0
4804,0
8022,0
1601,0
6407,0
3204,0
11222,0
4801,0
14440,0
1598,0
9604,0
3183,0
8007,0
14427,0
14423,0
16029,4
3176,0
8000,0
1579,0
11196,0
1572,0
12790,0
6369,0
3166,0
11193,0
4772,0
17625,0
7990,0
11192,0
4771,0
16016,3
3163,0
11190,0
4769,0
17622,0
20837,5
7984,0
1563,0
4765,3
17618,0
20836,13
7983,0
1562,0
1550,0
7967,0
20817,15
7964,0
4744,0
17597,0
7962,0
11161,0
4740,0
17593,0
7958,19
20811,0
1537,0
1535,0
20801,5
7948,0
9538,0
3117,0
15970,0
1520,0
12727,0
6306,15
19159,0
3103,0
15956,0
1506,0
1502,0
12701,0
15930,7
3077,0
7901,0
1480,0
7899,0
1478,0
1460,16
14313,0
7888,0
9484,0
3063,0
1466,0
4664,0
4660,0
17513,0
3053,0
4659,0
1445,3
14298,0
7877,0
1456,0
7873,0
15899,15
3046,0
7870,0
12667,0
6246,0
3043,0
15896,0
11070,0
4649,0
17502,0
7867,0
3042,0
4648,0
7866,18
20719,0
7865,0
1444,0
4641,0
17494,0
4637,0
20708,6
7855,0
1434,0
3026,0
15879,0
4632,0
15878,19
3025,0
14270,0
11051,0
4630,0
7848,0
1427,0
4623,0
4617,0
17470,0
1414,0
3009,0
4615,0
1412,0
1409,0
4610,11
17463,0
1407,0
3003,0
11030,0
4609,0
17462,0
1406,0
9422,0
3001,0
15854,0
7825,0
1391,0
1387,0
15832,5
2979,0
4585,0
1382,0
4584,0
20655,1
7802,0
12600,0
2976,0
15829,0
4581,14
17434,0
1367,3
14220,0
7796,0
2964,0
15817,0
6166,0
2963,11
15816,0
9382,0
6163,0
9381,0
2958,0
15811,0
1361,0
1360,0
2936,0
1339,0
9338,0
2917,0
10944,0
4523,0
4519,0
17372,0
7737,0
1316,0
1301,3
14154,0
20586,3
7733,0
1312,0
7729,0
1308,0
2897,0
1300,0
1292,0
4488,0
17341,0
9302,0
2881,0
15715,5
2862,0
9294,0
4475,14
17328,0
20546,14
7693,0
1272,0
10893,0
1269,0
6065,0
9283,0
7686,0
1260,0
7673,0
1252,0
4454,0
7672,0
20525,0
10867,0
1243,0
4437,0
7650,0
15667,0
9246,0
4431,0
17284,0
1228,0
4429,0
17282,0
7647,0
1226,0
15655,19
2802,0
9234,0
9230,0
1212,0
7632,0
20485,0
1211,0
6010,16
18863,0
1210,0
10833,0
1209,0
10832,0
4411,4
17264,0
7629,0
1208,0
6000,0
15639,0
9218,0
2797,0
7621,3
20474,0
20471,15
7618,0
1197,0
1193,0
9210,0
9206,0
2785,0
7609,0
4385,1
17238,0
7603,0
1182,0
4380,7
17233,0
14012,0
1159,0
7591,0
1170,0
5960,0
9178,0
10784,0
4363,1
17216,0
12378,0
5957,0
18810,0
15596,0
9175,0
10781,0
4360,0
7577,0
1156,0
1152,0
7569,0
1148,0
12368,0
5947,0
9165,0
20421,10
7568,0
1147,0
4341,1
17194,0
4340,0
7558,0
7555,0
5925,14
18778,0
10749,0
4328,0
1125,0
10748,0
4327,0
17180,0
13966,0
314,0
11544,0
5123,0
1920,0
15562,0
7544,0
1123,0
1919,0
20392,13
7539,0
15556,0
9135,0
11526,0
5105,14
17958,0
13946,0
1104,0
4306,0
1103,0
5902,0
2699,0
1102,0
1897,0
10724,0
4303,0
17156,0
20374,1
7521,0
1100,0
279,0
9903,0
3482,0
8306,0
1885,0
1088,0
10709,0
1085,0
15523,0
9102,0
2681,0
1082,0
256,0
6677,0
3474,0
16327,0
5080,0
17933,0
14719,0
8298,0
12301,0
5880,0
9098,0
2677,0
7501,0
20353,16
7500,0
1079,0
1077,0
1871,0
2671,0
4277,0
7495,3
20348,0
1074,0
1072,0
1071,0
3460,0
1863,0
13908,0
1066,0
9880,0
3459,0
16312,0
1862,0
14715,0
1065,0
9081,0
2660,0
10687,0
4266,0
20337,13
7484,0
9867,0
16299,15
3446,0
5052,0
8270,16
21123,0
10676,0
4255,0
1052,0
7468,3
20321,0
11461,0
5040,0
14679,0
8258,0
15479,0
2637,0
1040,0
1036,0
4235,0
13874,0
7453,0
1032,0
10648,0
4227,0
17080,0
1024,0
13041,0
199,0
13052,0
6620,15
19473,0
3417,4
16270,0
1820,0
2620,0
1023,0
10644,0
4223,0
17076,0
1020,0
13037,0
9834,0
16266,16
3413,0
1816,0
1019,0
10640,0
7437,0
1016,0
4218,11
17071,0
1015,0
1013,0
15448,0
10633,0
4212,0
7424,0
176,0
19450,3
6597,0
3394,4
16247,0
1797,0
6609,15
19462,0
13045,0
20274,15
7421,0
1000,0
10622,0
4201,0
17054,0
194,0
10615,0
991,0
162,0
6583,0
16233,9
3380,0
8204,0
15425,0
2583,0
10610,0
4189,15
17042,0
7407,0
16234,5
3381,0
3390,0
984,0
5783,0
983,0
185,0
12203,0
5782,0
2568,16
15421,0
982,0
978,0
11397,0
4976,0
17829,0
11395,0
1771,0
974,0
15410,0
4174,0
17027,0
971,0
5769,0
8987,0
2566,0
10593,0
17025,4
4172,0
969,0
8186,0
21039,0
1765,0
2565,0
5708,0
2505,0
4111,0
16964,0
908,0
20968,15
8115,0
10521,0
4100,11
16953,0
13739,0
7318,0
897,0
6493,0
87,0
12940,0
3290,0
16143,0
8114,0
1693,0
4099,0
16952,0
896,0
7310,0
889,0
8102,0
1681,0
4887,0
8105,0
884,0
9697,0
1679,0
10506,0
4085,0
2470,0
13715,0
873,0
3264,0
16117,0
8088,0
12091,0
5670,0
18523,0
15309,0
2467,0
870,0
16922,9
4069,0
13708,0
20140,15
7287,0
857,0
8069,0
20922,0
4054,0
10473,0
4052,0
10472,0
4051,0
14476,0
1623,0
8055,0
1634,0
3243,10
16096,0
6461,0
8855,0
2434,0
7234,0
20087,0
16884,7
4031,0
828,0
3205,0
11232,0
4811,0
8029,0
7217,0
10435,0
5597,0
4000,6
16853,0
5593,0
2390,0
778,0
7199,0
793,0
4791,15
17644,0
1588,0
5583,0
18436,0
768,0
16837,7
3984,0
11201,0
4780,0
17633,0
9582,0
20838,15
7985,0
10391,0
3970,0
767,0
7168,0
20021,0
13615,16
762,0
7975,0
16813,16
3960,0
757,0
16810,5
3957,0
754,0
9563,0
3142,0
15995,0
4748,0
17601,0
7966,0
733,0
7154,0
16804,14
3951,0
5545,3
18398,0
11962,0
5541,0
18394,0
16797,5
3944,0
741,0
15175,15
2322,0
16792,18
3939,0
10358,0
3937,0
718,0
20803,15
7950,0
732,0
11946,0
5525,0
18378,0
3928,0
7130,0
19983,0
724,0
20793,1
7940,0
1519,0
707,0
7128,13
19981,0
703,0
7124,0
6312,0
9530,0
3109,0
14354,0
1512,0
15154,0
2301,0
2312,0
3918,0
5507,0
18360,0
15146,0
8725,0
3910,0
5506,0
3909,14
16762,0
8722,0
21575,0
7110,0
19963,0
704,0
13530,0
677,0
688,0
7109,0
19962,0
3096,0
15949,0
1499,0
9515,0
3094,0
11121,0
4700,0
20771,15
7918,0
1497,0
5500,0
2297,0
10324,0
19957,1
7104,0
15944,10
3091,0
11118,0
4697,0
10321,0
686,16
13539,0
697,0
9510,0
3089,0
4695,0
3898,0
7099,0
3085,0
17544,15
4691,0
1488,0
7097,0
19950,0
10315,0
3894,1
16747,0
6283,16
19136,0
3080,0
15933,0
11107,0
4686,0
1483,0
7107,0
3888,0
685,0
7090,0
19943,0
684,0
7088,0
682,0
1477,0
7085,0
146,0
16202,5
3349,0
17808,13
4955,0
5755,0
15394,0
955,0
9373,0
2952,0
7776,0
5358,0
2155,0
543,0
6964,0
558,0
12173,0
5752,0
18605,0
15391,0
2538,0
952,0
7771,0
20624,0
1350,0
3747,0
16600,0
553,0
11773,0
18205,4
5352,0
8569,0
2148,10
15001,0
6957,0
19810,0
7765,0
20618,0
1343,0
6943,0
19796,0
7763,0
6951,0
3748,0
14177,0
1335,0
6944,0
9345,0
15777,3
2924,0
2923,0
14168,7
1315,0
20600,6
7747,0
505,0
6926,0
3723,0
14968,5
2115,0
8547,0
2126,0
6546,0
125,4
12978,0
104,0
6525,0
19378,0
16175,11
3322,0
6534,15
19387,0
8943,0
2522,0
7346,0
925,0
19787,3
6934,0
2912,0
4518,0
7736,0
5318,0
14957,0
14156,0
1303,0
6914,0
19767,0
3711,0
12532,0
6111,0
2908,0
10129,0
16561,1
3708,0
504,0
10128,0
3707,0
11734,0
14963,1
2110,0
14951,0
1306,0
6930,0
6101,0
2898,0
4504,6
17357,0
7722,0
11725,0
5304,0
18157,0
8113,0
83,0
4098,0
895,0
12514,0
6093,0
2890,0
3699,0
4494,16
17347,0
10109,0
3688,0
489,0
1264,0
13285,0
3661,0
2064,0
6873,0
7684,0
1263,0
3660,0
16513,0
1658,0
18514,11
5661,0
15300,0
2447,0
4064,0
16917,0
7679,0
20532,0
14485,0
20917,4
8064,0
13688,0
835,0
2843,0
19699,9
6846,0
3643,0
16496,0
14888,0
8467,0
2046,0
3241,0
16094,0
27,15
12880,0
4038,0
6433,0
19286,0
13266,0
424,0
5620,0
7226,13
20079,0
820,0
10841,0
4420,3
17273,0
1217,0
12424,0
6003,0
1203,0
393,0
3596,0
16449,0
10822,0
4401,0
17254,0
6807,0
10025,0
3604,16
16457,0
13243,0
390,0
401,0
6384,0
3181,0
17640,4
4787,0
1584,0
3990,0
16843,0
787,0
6802,0
19655,0
381,0
3584,0
16437,0
13232,0
379,0
6811,0
19664,0
15623,0
9202,0
2781,0
10808,0
7605,0
20458,0
1184,0
387,0
1575,0
15217,0
8796,0
2375,0
7184,6
20037,0
9196,0
2775,0
6778,0
372,0
13225,0
776,0
12397,0
9194,0
13197,0
3573,0
13206,4
353,0
369,0
3572,0
11599,0
5178,0
8396,0
6784,0
6371,0
16021,4
3168,0
4774,0
1571,0
15213,0
2371,0
10398,0
12395,0
5974,0
9192,0
1174,0
6774,0
16424,10
3571,0
5573,14
18426,0
1971,0
4372,15
17225,0
1169,0
2365,0
3971,15
16824,0
9984,0
3563,0
1966,0
9171,0
1153,0
16400,3
3547,0
9977,0
3556,0
16409,0
8370,0
1949,0
6758,0
5543,1
18396,0
8761,0
7149,0
10367,0
743,0
16392,7
3539,0
13187,0
334,0
345,0
9550,0
3129,0
11156,0
4735,0
5535,3
18388,0
2332,0
735,0
21206,16
8353,0
4338,0
17191,0
10355,0
3934,0
16787,0
3528,0
6740,0
5127,0
17980,0
1924,0
10338,0
3917,0
16770,0
293,0
6714,0
3511,0
8730,0
17965,3
5112,0
14751,0
1898,0
1909,0
12332,0
15550,0
13950,0
20382,8
7529,0
6708,0
19561,0
9926,0
3505,0
3514,0
16367,0
3095,0
14340,0
1498,0
4304,14
17157,0
1493,0
7102,0
19955,0
3899,0
696,0
20370,13
7517,0
284,0
13141,0
299,0
9893,0
3472,0
1875,0
1078,0
6687,18
19540,0
13709,0
867,0
5870,0
9088,0
10694,0
9677,0
3256,0
20927,6
8074,0
9680,0
3259,9
16112,0
6477,0
56,0
4056,0
16909,0
853,0
6471,0
50,0
9674,0
3253,0
1656,0
12886,0
6465,0
19318,0
441,0
6877,0
6665,0
1842,0
5833,0
18686,0
9051,0
16283,13
3430,0
1029,0
12243,0
5822,0
1022,0
3405,0
16258,0
1808,0
15450,0
10831,0
4410,0
1207,0
13237,0
6816,0
5807,0
18660,0
9025,0
7428,0
3603,0
18062,16
5209,0
8427,0
1996,0
3396,0
995,0
13025,0
6604,0
3587,0
1990,0
14843,0
3387,0
4993,0
8211,0
1790,0
6794,0
19647,0
3382,0
8206,0
1785,0
14805,0
1963,0
4963,0
17816,0
1760,0
9781,0
3360,0
16213,0
21037,16
8184,0
13008,0
963,0
11385,0
1761,0
20234,16
7381,0
960,0
9573,0
3152,0
16005,0
16814,16
3961,0
1158,0
2951,0
15804,0
3751,0
16604,0
18210,4
5357,0
11575,0
5154,0
1951,0
2948,0
15801,0
11775,0
14993,0
8572,0
130,0
145,0
9769,0
3348,0
16201,0
8172,0
3351,0
6746,0
5149,0
8367,0
1946,0
2542,0
13787,0
7366,0
945,0
9363,0
2942,0
1345,0
3742,0
3345,0
136,0
19410,3
6557,0
11358,0
5737,0
18590,0
930,0
9760,0
3339,0
6533,16
19386,0
12969,0
10548,0
4127,0
924,0
5722,7
18575,0
8940,0
4125,0
16978,0
922,0
4525,0
6931,0
19784,0
525,0
524,0
17972,16
5119,0
1916,0
5720,0
2517,0
10544,0
7341,0
6520,6
19373,0
9738,0
3317,0
16170,0
123,0
2500,0
10527,0
4106,0
903,0
13333,0
480,0
6912,0
6927,0
19780,0
3093,0
3902,0
16755,0
5899,0
18752,0
9117,0
2696,0
4302,10
17155,0
20373,5
7520,0
8117,0
2896,0
1299,0
14941,0
6908,0
19761,0
502,0
6511,0
19364,0
105,0
15416,0
977,0
16230,10
3377,0
12907,0
6486,0
8098,0
1677,0
3277,0
16130,0
1680,0
880,0
1280,0
5283,0
14922,0
21354,15
8501,0
483,0
2480,0
7304,0
6492,0
11497,0
5076,6
17929,0
7497,0
1076,0
3473,0
6476,15
19329,0
3273,0
16126,0
7296,0
875,0
20949,3
8096,0
1675,0
10895,0
4474,0
3668,15
16521,0
474,0
16319,5
3466,0
13114,0
272,0
12908,0
3269,0
16122,0
6481,0
19334,0
2756,0
5162,0
1959,0
2956,0
14201,0
9777,0
3356,0
147,0
7286,0
865,0
8086,0
1665,0
8912,0
2491,0
10518,0
4097,0
16950,0
20168,10
7315,0
894,0
497,0
6453,0
10868,0
4447,0
13274,0
6853,0
5250,0
450,0
850,0
8162,0
1741,0
3347,0
16200,0
144,0
12162,0
4144,7
16997,0
20215,10
7362,0
941,0
4544,0
7762,0
1341,0
6941,0
3738,3
16591,0
7465,0
1044,0
16294,5
3441,0
10314,0
3893,0
9108,0
6699,0
3287,0
16140,0
6499,0
7311,0
890,0
14582,0
1729,0
1740,0
4143,0
940,0
1340,0
9761,0
3340,0
9861,0
3440,0
9554,0
3133,0
11160,0
4739,0
6539,0
8160,0
1739,0
10563,0
4142,6
16995,0
939,0
20913,16
8060,0
7260,0
839,0
4045,0
7263,0
20116,0
842,0
6442,0
19295,0
4845,0
8063,0
1239,0
2039,0
20557,5
7704,0
10151,0
3730,16
16583,0
14975,0
8554,0
2133,0
3630,0
11657,0
5236,0
14875,0
4039,0
6836,0
3228,0
1631,0
834,0
15368,0
8947,0
2526,0
10553,0
4132,0
16985,0
929,0
10156,0
3735,0
16588,0
5732,0
18585,0
2529,0
4135,0
16988,0
20206,10
7353,0
932,0
1732,0
6541,0
1917,0
1220,0
5223,0
8441,0
8044,0
1068,0
4071,0
4918,4
17771,0
1715,0
918,0
9736,0
3315,0
1718,0
1332,0
9374,0
2953,0
1356,0
8080,0
18,0
9543,0
3122,0
2325,0
10352,0
3931,0
9146,0
10752,0
4331,0
17184,0
11752,0
5331,0
3702,9
16555,0
12426,0
6005,15
18858,0
4408,0
20479,15
7626,0
8426,0
3744,0
16597,0
541,0
7659,0
10442,0
7698,0
1277,0
10095,0
3674,7
16527,0
6886,0
4233,0
17086,0
1030,0
13060,0
6639,0
19492,0
233,0
4107,0
12852,0
10,0
19657,15
6804,0
6813,15
19666,0
10825,0
1201,0
6801,0
19654,0
21275,10
8422,0
9365,0
15797,1
2944,0
1347,0
550,0
3344,18
16197,0
6636,18
19489,0
3433,0
16286,0
1039,0
2810,0
14055,0
1213,0
11637,0
5216,0
2013,0
7222,0
10440,0
16872,4
4019,0
816,0
17672,6
4819,0
1616,0
1649,0
2449,0
4055,0
16908,0
13694,0
852,0
2102,0
3302,0
16155,0
3599,0
13247,0
7093,0
19946,0
10311,0
3890,0
687,0
4290,0
5687,7
18540,0
8905,0
20161,10
7308,0
9305,0
2884,0
10105,0
3684,0
10464,0
4043,0
7261,6
20114,0
840,0
4220,3
17073,0
21295,1
21233,1
21224,1
21196,1
20976,1
20770,1
20685,1
20634,1
20567,1
20507,1
20380,1
19862,1
19639,1
19459,1
19440,1
17811,1
17685,1
17607,1
16806,1
16441,1
16348,1
15130,1
12681,1
12659,1
12613,1
12516,1
12364,1
11993,1
11696,1
11684,1
11568,1
11529,1
11429,1
11416,1
11407,1
11145,1
11106,1
10966,1
10884,1
10839,1
9818,1
9807,1
9611,1
9566,1
9425,1
9312,1
9301,1
21430,16
8577,1
8521,1
8481,1
8286,1
14646,1
14630,1
8026,3
20879,1
7883,14
20736,1
14103,1
7516,1
7330,1
7191,1
6701,1
6500,1
6485,1
24,1
6309,1
5991,1
12294,1
5669,1
5657,1
5629,1
5555,1
5084,1
11046,1
4378,1
4358,1
4261,1
4157,1
10534,1
10524,1
4029,1
734,1
16670,5
3817,1
3569,15
16422,1
2761,1
12353,1
15477,1
5758,1
8965,1
2539,1
5679,1
15189,1
15152,1
2249,1
2188,1
14995,1
10046,1
2016,1
6672,1
5018,1
138,1
1655,1
9625,1
4775,1
7887,1
1366,1
2789,1
1191,1
1117,1
14744,1
1080,1
2663,1
1768,1
8915,1
848,1
5600,1
781,1
1752,1
5725,1
4517,1
5317,1
1311,1
19357,3
6504,1
98,1
8879,1
7193,1
5984,1
6298,1
4361,1
5354,1
4954,1
2519,1
20251,16
7398,1
1633,1
5321,1
20291,15
7438,1
20377,2
21337,3
21238,3
21215,3
20910,3
20668,3
20651,3
20598,3
20517,3
20432,3
20237,3
19812,3
19142,3
18832,3
18708,3
18258,3
17975,3
17848,3
17795,3
17661,3
17558,3
16911,3
16890,3
16858,3
16819,3
16817,3
16815,3
16812,3
16795,3
16719,3
16665,3
16347,3
16337,3
16284,3
16221,3
16055,3
16022,3
15834,3
15482,3
15295,3
13138,3
12715,3
12658,3
12649,3
12624,3
12572,3
12391,3
12382,3
12380,3
12362,3
12258,3
12255,3
12154,3
12149,3
12031,3
11978,3
11884,3
11750,3
11713,3
11687,3
11614,3
11452,3
11424,3
11340,3
11320,3
11306,3
11301,3
10980,3
10974,3
10964,3
10943,3
10870,3
10855,3
10601,3
10600,3
10500,3
10427,3
10083,3
10032,3
10027,3
9970,3
9937,3
9896,3
9652,3
9502,3
9486,3
9475,3
9278,3
15679,3
2826,3
9237,3
9113,3
9103,3
9101,3
15496,3
8893,3
8860,3
8794,3
15205,3
15153,3
8708,3
15065,6
2212,3
21435,10
8582,3
8579,3
21412,10
8559,3
21252,16
8399,3
8394,3
8317,3
8297,3
8291,3
20885,16
8032,3
20807,5
7954,3
7817,4
20670,3
7774,3
20605,16
7752,3
7723,3
7676,3
20529,3
20473,15
7620,3
7462,3
20302,16
7449,3
20241,10
7388,3
20191,16
7338,3
7266,7
20119,3
534,3
6809,3
13192,3
6670,3
140,3
6458,3
6293,3
6227,3
6187,3
6181,3
6172,3
6102,3
18955,3
12506,3
6073,3
5993,3
12351,3
5906,3
12240,3
12239,3
5744,3
12110,3
11898,3
5461,3
5438,3
5407,3
5342,3
5316,3
11685,3
11633,3
11569,3
11567,3
11549,3
11479,3
4920,6
17773,3
4797,3
11034,3
4292,3
10599,3
10597,3
10538,3
10436,3
3954,15
16807,3
715,3
16727,4
3874,3
3840,3
16608,10
3755,3
10094,3
3631,3
10040,3
13203,3
9963,3
6759,3
6641,3
169,3
164,3
9605,3
6313,3
6213,3
6123,3
6105,3
5968,3
15553,18
2700,3
8969,3
2548,3
2518,3
2488,3
2478,3
8892,3
2429,3
5624,3
15233,15
2380,3
15188,6
2335,3
15094,3
2234,3
557,3
3713,3
2112,3
10097,3
3676,3
11689,3
449,3
6848,3
420,3
21300,5
8447,3
6783,3
16410,15
3557,3
8350,16
21203,3
8339,6
21192,3
9930,3
13131,3
5089,3
6680,3
13093,3
8219,3
167,3
6540,3
4892,3
14524,3
1638,3
4788,3
1585,3
1446,3
1438,3
6179,3
1364,3
1288,3
1284,3
9287,3
1251,3
1245,3
2825,3
1225,3
10840,3
2807,3
1160,3
1137,3
4239,3
2613,3
4216,3
998,3
20257,5
7404,3
6591,3
7272,3
1608,3
3994,3
1554,3
10381,3
11966,3
2342,3
7113,13
19966,3
6299,3
12176,3
6549,3
7735,3
5313,6
18166,3
11733,3
10925,3
10053,3
15259,3
19667,16
6814,3
1198,3
5976,3
1176,3
9994,3
2750,3
7949,19
20802,3
18354,13
5501,3
5078,3
8981,3
11570,3
2919,3
15772,3
8995,3
3672,3
1271,3
2938,3
12153,3
10556,3
11644,3
6325,6
19178,3
1128,3
6147,3
9231,3
2437,3
21357,4
21287,4
21228,4
21071,4
21040,4
20945,4
20797,4
20311,4
20298,4
19799,4
19751,4
19441,4
19435,4
19343,4
19270,4
19241,4
18986,4
18223,4
18182,4
18138,4
17785,4
17784,4
17777,4
17576,4
17182,4
17178,4
17115,4
17004,4
16925,4
16923,4
16873,4
16700,4
16685,4
16444,4
16427,4
16026,4
15997,4
15967,4
15894,4
15682,4
15600,4
14623,4
1541,6
14394,4
13189,4
12676,4
12305,4
11449,4
11143,4
11029,4
10988,4
10950,4
10908,4
10883,4
10224,4
9487,4
9343,4
15077,7
2224,4
8555,7
21408,4
8327,4
14619,4
8020,4
7824,4
14131,4
7494,4
7490,4
7482,4
7469,4
7319,4
496,4
13212,4
13194,4
13182,4
12699,4
6223,4
12629,4
12610,4
6103,4
6096,4
12356,4
12331,4
5750,4
5516,4
5377,4
11755,4
11748,4
11744,4
4908,4
11078,4
10928,4
10872,4
10462,4
3993,4
3933,4
3920,4
3839,4
3833,4
3831,18
16684,4
6830,15
19683,4
16275,13
3422,4
3418,4
16269,13
3416,4
6575,7
19428,4
3229,4
9539,4
12722,4
6070,4
18610,16
5757,4
2540,4
5723,6
18576,4
2471,14
15324,4
5671,4
8771,4
11895,4
5442,4
2219,4
1835,4
152,7
13005,4
1581,4
7993,4
10909,4
3517,11
16370,4
1118,4
2714,4
9027,4
4884,4
7305,4
1667,4
15276,4
1577,4
3161,4
748,4
16801,16
3948,4
7913,7
20766,4
2281,4
12973,4
2552,4
545,4
12146,4
11738,4
1291,4
3632,4
13211,4
7992,4
12719,4
7443,4
4964,4
1354,4
142,15
12995,4
4937,4
12965,4
3298,4
15598,4
5665,4
844,4
447,4
6856,4
3336,4
3239,4
836,4
4021,15
16874,4
21403,5
21388,5
21386,5
21360,5
21322,5
21298,5
21257,5
21255,5
21248,5
21209,5
21205,5
21199,5
21181,5
21176,5
21165,5
21148,5
21113,5
21103,5
21036,5
21017,5
20974,5
20973,5
20954,5
20943,5
20931,5
20930,5
20918,5
20894,5
20888,5
20826,5
20791,5
20654,5
20652,5
20596,5
20494,5
20493,5
20468,5
20415,5
20393,5
20388,5
20378,5
20364,5
20324,5
20304,5
20299,5
20279,5
20256,5
20226,5
17034,5
16913,5
16803,5
16687,5
16668,5
16664,5
16662,5
16642,5
16619,5
16585,5
16546,5
16545,5
16405,5
16380,5
16374,5
16365,5
16363,5
16315,5
16013,5
15980,5
15969,5
15833,5
15822,5
15800,5
15753,5
15732,5
15729,5
15723,5
2748,14
15601,5
15476,5
15348,5
12674,5
10235,5
15521,5
15356,5
15023,5
15002,16
2149,5
8289,6
21142,5
7970,5
13854,5
6771,5
9,18
12862,5
5663,5
5658,5
10972,5
4521,5
3872,6
16725,5
3788,7
16641,5
3634,14
16487,5
11,5
5594,5
8741,5
2236,5
1469,5
1124,5
7487,7
20340,5
1059,5
7317,19
20170,5
1564,16
14417,5
15207,5
8337,6
21190,5
15359,5
14517,5
3633,15
16486,5
8338,16
21191,5
14970,5
21308,6
21286,6
21178,6
21106,6
21047,6
20804,6
20712,6
20646,6
20515,6
20381,6
20135,6
19790,6
19466,6
19365,6
19304,6
18606,6
16912,6
16848,6
16808,6
16602,6
16480,6
16342,6
16244,6
15733,6
13032,6
12705,6
12341,6
12244,6
12182,6
12169,6
12077,6
12035,6
11990,6
11758,6
11700,6
11683,6
11578,6
11317,6
11300,6
11128,6
11028,6
11019,6
11018,6
10963,6
10923,6
10856,6
9562,6
9478,6
9399,6
9334,6
9003,6
8935,6
8742,6
8488,6
8487,6
8391,14
21244,6
8388,6
8335,6
8036,6
8030,14
20883,6
8017,6
7838,6
7739,6
7483,6
7455,14
20308,6
7439,6
7410,6
7359,6
7302,6
7212,6
6859,15
19712,6
6747,6
6711,6
13118,6
6668,6
6601,6
19375,14
6522,6
6496,6
6271,6
6232,6
6078,6
12379,6
12079,6
12078,6
5654,6
11967,6
11904,6
18180,15
5327,6
11622,6
11588,6
5015,6
11354,6
4901,6
4745,6
11132,6
10879,6
4258,6
3952,6
10227,6
3771,6
202,6
9839,6
212,6
6592,6
6243,6
6242,6
6211,6
9428,6
9389,6
6149,6
2918,6
2834,6
2820,6
12271,6
2645,6
2567,6
12163,6
15354,6
8814,6
5538,6
2270,6
11877,6
2252,6
2227,6
5416,6
2026,6
13165,6
13110,6
5051,6
5050,6
126,6
41,6
20900,15
8047,6
11058,6
1433,6
1428,6
11036,6
1375,6
15719,15
2866,6
2806,6
1192,6
1181,6
1157,6
1138,6
4337,6
8340,16
21193,6
1877,6
1837,6
7444,6
9034,6
1003,6
10598,6
11305,6
11308,6
2479,6
11153,6
15145,6
680,6
2276,6
6552,6
1355,6
3740,6
8530,6
10459,6
3977,6
1528,6
1101,6
8296,6
6679,6
7432,6
1007,6
10008,6
6551,6
539,6
4930,6
2877,6
10089,6
6880,6
10983,6
12115,6
16533,13
3680,6
484,6
4404,6
17554,7
16839,7
16836,7
16834,7
16518,7
16471,7
16470,7
16469,7
16468,7
16393,7
16390,7
16003,7
15902,7
15897,7
15759,7
15702,7
2849,7
15640,13
2787,7
15637,7
15193,7
2340,7
14586,7
14402,7
1313,18
14166,7
12580,7
12227,7
12184,7
12119,7
12001,7
11930,7
11908,7
11572,7
11571,7
11428,7
11098,7
10542,7
10439,7
10092,7
10076,7
10074,7
9936,7
9878,7
9875,7
9671,7
9612,7
9551,7
9547,7
9503,7
9335,7
9313,7
9306,7
15688,7
9266,7
15626,16
2773,7
8930,7
8928,7
8908,7
8898,7
8808,7
8788,7
8785,7
8736,7
15006,16
2153,7
8556,7
8502,7
8491,7
14324,15
1471,7
14316,7
7851,7
7837,7
7702,7
20535,10
7682,7
7657,7
7474,7
20266,10
7413,7
7297,7
20132,10
7279,7
7275,7
7250,7
508,7
6773,7
6739,7
6733,7
6730,7
6684,7
6673,7
6509,7
6324,7
6305,7
6252,7
6205,7
6043,7
6033,7
5938,7
12036,7
5604,7
5346,7
11756,7
11628,7
11476,7
4998,7
4991,7
11154,7
4560,7
4440,7
4399,7
4389,7
4253,7
4241,7
4240,7
10484,7
4025,7
13543,9
690,7
10242,7
3808,7
3807,7
3787,7
554,7
3757,7
517,7
514,7
3647,7
3620,18
16473,7
6777,7
9901,7
13059,7
6474,7
9613,7
9531,7
9477,7
9354,7
2856,14
15709,7
9255,7
2772,7
5914,7
9056,7
12128,7
5662,7
12064,7
2396,7
2348,7
2346,7
2339,7
2213,7
5414,7
2211,7
10186,7
3765,7
3764,7
2163,7
3750,7
531,7
16587,10
3734,7
14934,7
3651,7
2049,7
19680,15
6827,7
6825,7
5083,7
5012,7
1767,7
1714,7
1708,7
85,7
6457,7
1586,7
9587,7
1568,7
1567,7
1546,7
7956,7
6280,7
7861,7
7850,7
1420,7
7835,7
1378,7
9385,7
1363,7
7782,7
1298,7
20562,16
7709,7
15708,7
7681,7
4446,7
1234,7
2809,7
4412,7
4384,7
6685,7
4285,7
7498,7
1783,7
4177,7
2494,7
89,7
866,7
7278,7
1648,7
1545,7
692,7
8724,7
3905,7
702,7
700,7
695,7
693,7
691,7
6155,7
536,7
1342,7
1326,7
529,7
513,7
7732,7
512,7
509,7
461,7
7267,7
13223,7
4387,7
6776,7
9993,7
9992,7
11994,7
701,7
6705,7
2608,7
4210,7
1763,7
6572,7
1555,7
6154,7
548,7
2154,7
9369,7
7766,7
10163,7
1322,7
108,7
506,7
1496,7
7320,7
1873,7
12897,7
6875,7
6568,7
1244,7
10565,7
1090,7
6514,7
7761,7
5729,7
521,7
5528,7
16454,15
3601,7
7622,7
7768,7
1814,7
5565,15
18418,8
4903,8
21134,9
21041,9
19297,9
19258,9
19113,9
18906,9
18882,9
18859,9
18654,9
18145,9
17973,9
17798,9
17559,9
16563,9
16304,9
16150,9
15664,9
15591,9
14028,9
13321,9
12822,9
12687,9
12679,9
12657,9
12592,9
12571,9
12483,9
12350,9
12336,9
12274,9
12235,9
12147,9
12112,9
12102,9
11989,9
11960,9
11940,9
11934,9
11268,9
9920,9
9332,9
8734,9
8255,9
6124,9
12509,9
12316,9
12101,9
11913,9
11891,9
4145,9
3821,9
6695,9
15629,9
15247,10
2394,9
14282,18
1429,9
1425,9
6616,9
183,15
13036,9
3276,9
1500,9
3565,9
6731,9
1099,9
1676,9
21414,10
21385,10
21378,10
21356,10
21336,10
21330,10
21211,10
21179,10
21109,10
20896,10
20776,10
20715,10
20706,10
20680,10
20640,10
20630,10
20569,10
20548,10
20490,10
20463,10
20443,10
20414,10
20412,10
20309,10
20273,10
20269,10
20249,10
20233,10
20221,10
20217,10
20189,10
20187,10
20180,10
20174,10
20166,10
20151,10
20138,10
19174,10
19029,10
17964,10
16735,10
16715,10
16698,10
16584,10
16263,10
16246,10
15886,10
15757,10
15559,10
15515,10
15211,10
1327,15
14180,10
12783,10
9860,10
9417,10
8890,10
8745,10
8407,15
21260,10
21166,16
8313,10
8262,10
8048,10
7994,10
7726,10
7264,10
20117,10
6586,10
6134,10
6047,10
5402,10
5055,10
17630,16
4777,10
4357,10
4330,10
3860,10
7061,10
10211,10
3585,10
9985,10
196,10
9519,10
12570,10
15695,10
2839,15
15692,10
15570,10
15489,10
8976,10
8972,10
2253,10
15079,10
2055,10
1764,10
11359,10
6447,10
1381,10
7505,15
20358,10
986,10
3996,10
5556,10
1529,10
8970,10
6790,10
4376,10
7120,10
1108,10
1096,10
7491,15
20344,10
2619,10
1727,10
8520,15
21373,10
8294,10
93,10
12150,10
2929,15
15782,10
1205,10
19571,11
18483,11
17922,11
17900,11
16207,11
16141,11
14860,11
11855,11
11220,11
10284,11
9229,11
9187,11
9160,11
9127,11
8644,11
8614,11
8611,11
8125,11
7008,11
6349,11
11859,11
11850,11
5264,11
11227,11
11168,11
4574,11
4149,11
4094,11
4089,11
6999,11
3480,11
3456,11
6356,11
2962,11
9189,11
8619,11
5257,11
5219,11
5048,14
17901,11
9741,11
2961,11
2960,11
3468,11
4092,11
10349,11
8702,11
2279,11
8155,11
4123,11
920,11
899,11
883,11
9177,11
4562,11
15380,11
887,11
9205,12
21437,13
21436,13
21413,13
21324,13
21315,13
21265,13
21264,13
21095,13
21081,13
21055,13
21044,13
21014,13
20988,13
20937,13
20915,13
20822,13
20784,13
20639,13
20628,13
20564,13
20533,13
20450,13
20448,13
20442,13
20391,13
20368,13
20339,13
20332,13
20252,13
20213,13
20181,13
19742,13
19254,13
18769,13
18627,13
18052,13
17032,13
16569,13
16350,13
15141,13
13014,13
12616,13
12266,13
12211,13
12033,13
11528,13
11470,13
11283,13
11060,13
10907,13
10529,13
10430,13
10393,13
10225,13
10130,13
9825,13
9091,13
8997,13
8226,13
7836,13
7821,13
7790,13
13890,13
7244,13
6765,13
6094,13
5926,13
11724,13
11635,13
11481,13
11475,13
4012,14
16865,13
3968,13
7157,13
3782,15
16635,13
6840,13
6787,13
160,13
9682,13
9576,13
12664,13
12619,13
6198,13
15594,13
12296,13
2659,13
8979,13
15336,15
2483,13
5415,13
15053,13
2205,13
11721,13
2089,13
14752,13
6466,13
14,13
4472,13
12346,13
976,13
968,13
10532,13
74,13
4014,13
6297,13
7083,13
6115,13
1314,13
8005,13
10411,13
1178,13
774,13
5911,13
1070,13
1853,13
1644,13
8868,13
1087,13
21447,14
21242,14
21222,14
21034,14
20794,14
20657,14
19815,14
18997,14
18719,14
18713,14
17788,14
16798,14
16590,14
16346,14
16219,14
16030,14
15307,14
12569,14
12562,14
12166,14
11878,14
11754,14
11566,14
11565,14
11338,14
11333,14
11109,14
10999,14
10561,14
10253,14
9647,14
9097,14
8457,14
8300,14
20583,15
7730,14
7048,14
388,14
6257,14
6138,14
5738,15
18591,14
5575,14
5359,14
5339,14
11690,14
10973,14
10919,14
4184,15
17037,14
7229,14
3806,14
16522,16
3669,14
9610,14
9525,14
9339,14
5931,14
2691,14
8999,14
8899,14
12017,14
2350,14
2316,14
5452,14
2221,14
5422,14
10185,14
2048,14
11649,14
1872,14
1861,14
4914,14
1706,14
11302,14
8027,14
1602,14
1449,14
11031,14
1285,14
1200,14
1084,14
210,14
1010,14
4974,14
12914,14
837,14
2333,14
3900,14
6288,14
7092,14
538,14
1258,14
1643,14
16799,16
3946,14
7953,14
731,14
20767,15
7914,14
2667,14
1650,14
8229,14
1011,14
11630,14
3602,14
151,14
4554,14
16396,18
3543,14
11540,14
6529,14
9894,14
8580,14
12874,14
5741,14
739,14
1639,14
859,14
12860,14
10165,14
490,14
21479,15
21453,15
21405,15
21272,15
21271,15
21256,15
21236,15
21234,15
21232,15
21221,15
21194,15
21189,15
21182,15
21114,15
21100,15
21053,15
21049,15
21045,15
21042,15
21022,15
21012,15
20969,15
20926,15
20920,15
20813,15
20812,15
20800,15
20798,15
20779,15
20768,15
20672,15
20660,15
20658,15
20648,15
20566,15
20561,15
20545,15
20502,15
20499,15
20498,15
20470,15
20455,15
20440,15
20407,15
20400,15
20284,15
20278,15
20255,15
20105,15
19978,15
19850,15
19803,15
19745,15
19723,15
19710,15
19427,15
19171,15
19009,15
18953,15
18718,15
18699,15
18283,15
18158,15
18155,15
17988,15
17802,15
17616,15
17556,15
16910,15
16818,15
16816,15
16802,15
16705,15
16672,15
16461,15
16388,15
16377,15
16376,15
16371,15
16324,15
16317,15
15985,15
15790,15
15136,15
14985,15
14525,15
14516,15
13026,15
12721,15
12631,15
12306,15
12207,15
12187,15
12085,15
12063,15
12061,15
12042,15
11879,15
11736,15
11727,15
11667,15
11629,15
11621,15
11564,15
11543,15
11500,15
11494,15
11443,15
11307,15
11047,15
10921,15
10885,15
10853,15
10499,15
10478,15
10119,15
10037,15
9995,15
9961,15
9914,15
9558,15
9556,15
9441,15
9427,15
9346,15
9267,15
9250,15
9235,15
9111,15
15495,15
8956,15
8810,15
2273,16
15126,15
15109,15
8581,15
14998,15
8458,15
8366,16
21219,15
8364,15
8254,15
8001,15
7884,15
14300,15
14285,15
7728,15
7476,15
7472,15
7459,15
7331,15
7276,16
20129,15
756,15
7072,15
560,15
6865,15
12915,15
12904,15
6475,15
6323,15
6311,15
6240,15
6233,15
6104,15
6055,15
5969,15
5922,15
12334,15
5913,15
5492,15
5367,15
5355,15
5308,15
11503,15
11478,15
4999,15
4814,15
4794,15
4792,15
4457,15
4257,15
10573,15
3989,15
698,15
7078,15
10254,15
3786,15
3697,15
466,15
3605,18
16458,15
6254,15
6231,15
9444,15
6186,15
6185,15
6173,15
9366,15
9274,15
9260,15
15669,15
5994,15
12352,15
5731,15
5716,15
8925,15
2490,15
5632,15
8826,15
8767,15
2320,15
8731,15
5494,15
5437,15
16638,18
3785,15
3772,18
16625,15
5356,15
14954,15
2101,15
8528,15
2092,15
6729,15
1846,15
6669,15
1803,15
4911,15
19308,16
6455,15
1610,15
4805,15
1524,15
7841,15
7830,15
1404,15
1384,15
1320,15
12505,15
6084,15
2873,15
1265,15
9270,15
1229,15
4419,15
1188,15
4307,15
8318,15
4288,15
8292,15
1063,15
1849,15
7441,15
4219,15
4194,15
187,15
12204,15
2580,15
13027,15
8986,15
6495,15
5682,15
12014,15
783,15
15180,15
2338,15
7139,15
3903,15
1494,15
1492,15
3895,15
11112,15
12704,15
4155,15
530,15
1722,15
528,15
5312,15
9311,15
846,15
12869,15
6799,15
6785,15
773,15
728,15
2298,15
11499,15
4273,15
6456,15
1033,15
6642,15
9029,15
10023,15
1351,15
2099,15
65,15
5650,15
535,15
7096,15
1642,15
2433,15
1525,15
2005,15
7634,15
8858,15
21480,16
21474,16
21352,16
21266,16
21240,16
21237,16
21218,16
21136,16
21135,16
21132,16
21038,16
21032,16
20975,16
20932,16
20735,16
20711,16
20695,16
20606,16
20593,16
20558,16
20395,16
20385,16
20376,16
20314,16
20310,16
20228,16
20118,16
19915,16
19887,16
19704,16
19369,16
18816,16
18648,16
18120,16
17712,16
17655,16
17617,16
17547,16
17489,16
16825,16
16809,16
16800,16
16655,16
16598,16
16592,16
16551,16
16385,16
15819,16
2779,19
15632,16
15558,16
12645,16
12520,16
12022,16
11336,16
11115,16
10924,16
10851,16
10174,16
10108,16
10099,16
9973,16
9678,16
9572,16
9405,16
9378,16
9364,16
9316,16
9273,16
9049,16
8946,16
8865,16
8793,16
8750,16
8740,16
8738,16
15062,16
15000,16
8565,16
8409,16
21262,16
8320,18
21173,16
7843,16
1238,19
14091,16
7190,16
7079,16
6779,16
6743,16
6738,16
6279,16
6273,16
12596,16
6175,16
6146,16
6107,16
6048,16
6017,16
18870,16
5950,16
12231,16
5680,16
11980,16
11976,16
5496,16
11896,16
5464,16
5451,16
5444,16
5426,16
5417,16
5314,16
5029,16
4803,16
4747,16
10926,16
10897,16
4176,16
4169,16
4141,16
3867,16
3784,16
10196,16
3695,16
3667,16
9810,16
9429,16
6165,16
6129,16
6041,16
5967,16
2751,16
5894,16
9066,16
2590,16
5749,16
18602,16
12098,16
15221,16
2182,16
2042,16
3624,16
8236,16
1569,16
1566,16
1543,16
1527,16
4729,16
1467,16
1452,16
1317,16
7734,16
14093,16
1177,16
4351,16
1134,16
1122,16
5100,16
1009,16
11977,16
4732,16
1344,16
9333,16
3575,18
16428,16
3582,16
1532,16
1135,16
1111,16
2693,16
456,16
399,16
9372,16
9964,16
533,16
10946,16
13717,16
10564,16
2836,16
1283,16
3629,16
818,16
6505,16
6696,16
15326,16
18682,17
9971,17
3157,17
18600,18
17113,18
15585,18
11282,18
11105,18
10877,18
10547,18
9959,18
9438,18
9284,18
8846,18
8227,18
8221,18
7864,18
7725,18
7707,18
7694,18
7245,18
6763,18
6577,18
6222,18
5935,18
11643,18
11087,18
4551,18
4498,18
4374,18
7063,18
10222,18
10208,18
10180,18
3578,18
6590,18
9383,18
9371,18
12550,18
2920,18
9268,18
8797,18
2230,18
2198,18
10181,18
5300,18
404,18
9904,18
11510,18
1794,18
6532,18
23,18
1379,18
6120,18
7690,18
7631,18
10805,18
12929,18
5351,18
113,18
6864,18
8791,18
7141,18
6862,18
7358,18
8454,18
10054,18
1747,18
16568,19
16549,19
16531,19
12288,19
11933,19
11090,19
10085,19
9388,19
8992,19
15120,19
8545,19
7349,19
7158,19
6661,19
6635,19
6287,19
6088,19
11730,19
11027,19
4505,19
6130,19
2664,19
9030,19
12155,19
12045,19
2398,19
10115,19
407,19
406,19
11636,19
1526,19
1276,19
14761,19
811,19
7189,19
8733,19
2549,19
546,19
3258,19
817,19
4023,19
1173,19
9040,19
163,19
5694,19
3598,19
1287,19
