21574,0
21571,0
21568,0
21567,0
21565,0
21550,0
21532,0
21517,0
21503,0
21502,0
21501,0
21473,0
21469,0
21429,0
21419,0
21404,0
21401,0
21387,0
21376,0
21369,0
21358,0
21321,0
21293,0
21292,0
21253,0
21210,0
21201,0
21177,0
21133,0
21131,0
21130,0
21076,0
21041,0
21023,0
21019,0
21018,0
21007,0
21000,0
20982,0
20946,0
20905,0
20902,0
20887,0
20878,0
20835,0
20824,0
20778,0
20773,0
20769,0
20753,0
20734,0
20710,0
20699,0
20641,0
20632,0
20584,0
20552,0
20469,0
20465,0
20439,0
20409,0
20389,0
20379,0
20377,0
20352,0
20267,0
20262,0
20230,0
20186,0
20142,0
20137,0
20095,0
20090,0
20058,0
20048,0
20039,0
20034,0
20031,0
20025,0
20005,0
19984,0
19975,0
19959,0
19912,0
19906,0
19892,0
19890,0
19844,0
19839,0
19837,0
19832,0
19807,0
19802,0
19769,0
19763,0
19758,0
19731,0
19711,0
19692,0
19679,0
19658,0
19653,0
19649,0
19645,0
19635,0
19557,0
19551,0
19546,0
19529,0
19505,0
19480,0
19478,0
19471,0
19470,0
19464,0
19453,0
19432,0
19420,0
19419,0
19418,0
19379,0
19371,0
19325,0
19312,0
19297,0
19293,0
19262,0
19256,0
19223,0
19208,0
19191,0
19181,0
19167,0
19155,0
19122,0
19092,0
19083,0
19082,0
19069,0
19065,0
19062,0
19006,0
18995,0
18994,0
18992,0
18975,0
18963,0
18952,0
18951,0
18932,0
18930,0
18924,0
18922,0
18921,0
18917,0
18902,0
18898,0
18882,0
18872,0
18865,0
18861,0
18852,0
18842,0
18782,0
18774,0
18773,0
18768,0
18749,0
18676,0
18674,0
18667,0
18654,0
18616,0
18600,0
18567,0
18557,0
18527,0
18519,0
18509,0
18495,0
18490,0
18488,0
18472,0
18467,0
18466,0
18463,0
18459,0
18443,0
18437,0
18433,0
18430,0
18415,0
18402,0
18389,0
18387,0
18372,0
18371,0
18367,0
18357,0
18356,0
18339,0
18332,0
18303,0
18302,0
18281,0
18280,0
18277,0
18271,0
18254,0
18239,0
18236,0
18234,0
18231,0
18228,0
18225,0
18217,0
18191,0
18186,0
18160,0
18135,0
18101,0
18099,0
18095,0
18085,0
18080,0
18071,0
18066,0
18050,0
18040,0
18037,0
18034,0
18017,0
18014,0
17986,0
17963,0
17960,0
17956,0
17952,0
17915,0
17899,0
17894,0
17892,0
17880,0
17878,0
17877,0
17875,0
17872,0
17870,0
17867,0
17864,0
17863,0
17860,0
17857,0
17822,0
17813,0
17812,0
17798,0
17780,0
17776,0
17766,0
17759,0
17758,0
17749,0
17748,0
17731,0
17728,0
17707,0
17706,0
17686,0
17666,0
17643,0
17589,0
17579,0
17574,0
17568,0
17563,0
17562,0
17559,0
17511,0
17499,0
17473,0
17472,0
17455,0
17452,0
17449,0
17433,0
17431,0
17423,0
17422,0
17421,0
17417,0
17412,0
17411,0
17406,0
17400,0
17399,0
17384,0
17364,0
17361,0
17352,0
17349,0
17343,0
17342,0
17338,0
17333,0
17317,0
17316,0
17315,0
17314,0
17302,0
17301,0
17298,0
17285,0
17275,0
17248,0
17247,0
17236,0
17221,0
17188,0
17187,0
17177,0
17173,0
17168,0
17164,0
17152,0
17151,0
17149,0
17142,0
17140,0
17137,0
17134,0
17128,0
17127,0
17123,0
17117,0
17103,0
17097,0
17095,0
17077,0
17075,0
17060,0
17059,0
17048,0
17039,0
17038,0
17015,0
17011,0
17007,0
17003,0
17000,0
16993,0
16991,0
16989,0
16987,0
16981,0
16979,0
16967,0
16962,0
16961,0
16955,0
16946,0
16939,0
16903,0
16875,0
16871,0
16851,0
16788,0
16777,0
16776,0
16774,0
16767,0
16750,0
16749,0
16734,0
16714,0
16708,0
16707,0
16695,0
16688,0
16676,0
16675,0
16667,0
16658,0
16652,0
16651,0
16607,0
16589,0
16581,0
16538,0
16531,0
16510,0
16499,0
16495,0
16488,0
16481,0
16459,0
16429,0
16419,0
16403,0
16359,0
16332,0
16331,0
16318,0
16310,0
16300,0
16289,0
16287,0
16279,0
16277,0
16257,0
16256,0
16241,0
16238,0
16215,0
16214,0
16212,0
16210,0
16203,0
16196,0
16194,0
16179,0
16177,0
16171,0
16152,0
16149,0
16146,0
16145,0
16139,0
16136,0
16125,0
16123,0
16120,0
16115,0
16110,0
16103,0
16097,0
16095,0
16093,0
16091,0
16086,0
16077,0
16041,0
15996,0
15993,0
15987,0
15973,0
15959,0
15950,0
15929,0
15918,0
15914,0
15913,0
15912,0
15908,0
15872,0
15859,0
15858,0
15855,0
15831,0
15810,0
15793,0
15767,0
15742,0
15713,0
2850,8
15703,0
15672,55
2819,0
15666,0
2813,0
15664,0
15643,0
15636,48
2783,0
15620,0
2767,0
15616,0
2763,0
15597,44
2744,0
15595,0
2742,0
15591,0
15580,0
15575,67
2722,0
15569,0
15565,0
15547,0
15543,0
2687,36
15540,0
2674,43
15527,0
15504,0
15503,0
2650,0
15484,0
15481,0
15478,0
15471,0
2611,20
15464,0
15457,7
2604,0
15447,0
2594,0
15430,41
2577,0
2562,66
15415,0
15406,62
2553,0
15363,0
15352,65
2499,0
15345,0
2492,0
15306,0
15303,0
15292,0
15264,0
2411,0
15255,0
15237,0
15230,0
2366,5
15219,0
2357,5
15210,0
15204,0
2347,70
15200,0
15197,70
2344,0
15194,0
2303,29
15156,0
15122,0
2269,0
15096,0
15060,0
15052,0
15037,0
15012,70
2159,0
2151,63
15004,0
14978,0
14971,43
2118,0
14969,50
2116,0
14959,0
2079,20
14932,0
14928,0
14903,0
2033,10
14886,0
14885,0
2029,40
14882,0
14877,0
2024,0
14876,0
2020,69
14873,0
14865,67
2012,0
14844,0
14839,0
1965,48
14818,0
14783,0
14736,0
1751,47
14604,0
1734,5
14587,0
14563,0
14549,70
1696,0
14545,14
1692,0
14544,0
1689,57
14542,0
14539,0
1686,0
1684,34
14537,0
14263,0
14069,27
1216,0
13958,67
1105,0
13900,62
1047,0
13757,0
904,0
13721,0
868,0
13702,0
849,0
13649,0
13559,0
706,0
13507,0
13458,0
435,13
13288,0
13279,0
422,5
13275,0
13263,12
410,0
13255,0
402,0
13245,0
13242,16
389,0
13224,70
371,0
13190,0
13175,63
322,0
13163,0
13139,0
271,29
13124,0
13119,0
13096,0
13085,55
232,0
13077,0
13070,0
13064,26
211,0
13039,0
186,0
13023,0
13021,0
168,0
13003,0
139,14
12992,0
12963,0
110,0
12956,0
12937,0
12933,0
80,0
12905,0
12885,0
12861,0
12836,0
12829,0
12822,0
12818,0
12815,0
12799,0
12788,0
12775,0
12772,0
12763,0
12760,0
12755,0
12754,0
12751,0
12748,0
12725,0
12707,0
12691,0
12690,0
12689,0
12683,0
12679,0
12672,0
12670,0
12668,0
12660,0
12651,0
12633,0
12630,0
12625,0
12621,0
12611,0
12573,0
12564,0
12557,0
12531,0
12502,0
12492,0
12490,0
12489,0
12485,0
12473,0
12466,0
12465,0
12461,0
12460,0
12457,0
12432,0
12423,0
12404,0
12399,0
12374,0
12345,0
12344,0
12339,0
12338,0
12317,0
12302,0
12298,0
12286,0
12281,0
12278,0
12276,0
12259,0
12250,0
12249,0
12246,0
12224,0
12223,0
12222,0
12215,0
12202,0
12191,0
12135,0
12117,0
12114,0
12106,0
12087,0
12073,0
12054,0
12049,0
12046,0
12011,0
11983,0
11981,0
11970,0
11957,0
11945,0
11935,0
11909,0
11900,0
11888,0
11867,0
11866,0
11860,0
11854,0
11841,0
11826,0
11822,0
11812,0
11808,0
11802,0
11795,0
11793,0
11791,0
11789,0
11768,0
11743,0
11723,0
11711,0
11663,0
11639,0
11638,0
11627,0
11625,0
11617,0
11602,0
11587,0
11580,0
11579,0
11559,0
11558,0
11550,0
11541,0
11527,0
11522,0
11519,0
11514,0
11508,0
11490,0
11487,0
11477,0
11468,0
11460,0
11459,0
11447,0
11437,0
11431,0
11430,0
11425,0
11418,0
11413,0
11406,0
11405,0
11403,0
11387,0
11379,0
11372,0
11371,0
11369,0
11348,0
11344,0
11330,0
11327,0
11299,0
11292,0
11291,0
11285,0
11279,0
11278,0
11273,0
11265,0
11260,0
11255,0
11253,0
11252,0
11249,0
11243,0
11221,0
11211,0
11210,0
11191,0
11183,0
11181,0
11175,0
11174,0
11173,0
11149,0
11144,0
11126,0
11123,0
11104,0
11103,0
11101,0
11093,0
11088,0
11076,0
11074,0
11064,0
11056,0
11048,0
11039,0
10998,0
10992,0
10989,0
10959,0
10941,0
10904,0
10903,0
10901,0
10892,0
10876,0
10864,0
10849,0
10847,0
10834,0
10827,0
10817,0
10816,0
10811,0
10794,0
10788,0
10773,0
10743,0
10742,0
10738,0
10729,0
10721,0
10717,0
10715,0
10714,0
10708,0
10704,0
10703,0
10699,0
10693,0
10665,0
10642,0
10638,0
10634,0
10619,0
10618,0
10608,0
10604,0
10584,0
10559,0
10545,0
10537,0
10508,0
10498,0
10467,0
10453,0
10429,0
10423,0
10404,0
10388,0
10359,0
10348,0
10342,0
10334,0
10332,0
10328,0
10310,0
10306,0
10302,0
10299,0
10292,0
10289,0
10258,0
10245,0
10237,0
10230,0
10158,0
10146,0
10114,0
10110,0
10107,0
10098,0
10096,0
10086,0
10042,0
10038,0
10002,0
9988,0
9965,0
9953,0
9943,0
9929,0
9925,0
9920,0
9918,0
9915,0
9906,0
9905,0
9872,0
9866,0
9858,0
9853,0
9850,0
9847,0
9829,0
9822,0
9814,0
9797,0
9787,0
9771,0
9752,0
9746,0
9744,0
9742,0
9728,0
9712,0
9707,0
9689,0
9681,0
9668,0
9661,0
9657,0
9642,0
9641,0
9607,0
9559,0
9557,0
9535,0
9509,0
9505,0
9497,0
9479,0
9473,0
9450,0
9445,0
9423,0
9413,0
9410,0
9408,0
9393,0
9356,0
9332,0
9326,0
9324,0
9314,0
9290,0
15694,0
9265,0
9258,0
15674,0
9253,0
9252,0
15656,0
2803,0
2800,15
15653,0
9232,0
9207,0
9205,0
2771,70
15624,0
9201,0
9197,0
9161,0
15581,0
2728,0
9156,0
9155,0
15568,0
9147,0
15563,0
9142,0
9133,0
15548,26
2695,0
15545,0
9124,0
9110,0
15528,0
9104,0
9100,0
9090,0
9075,0
9065,0
15485,0
9064,0
9053,0
9048,0
15468,0
9045,0
9031,0
9020,0
15417,0
8996,0
15413,20
2560,0
8978,0
8948,0
2513,19
15366,0
8945,0
15365,41
2512,0
8944,0
8932,0
2496,43
15349,0
2484,66
15337,0
8916,0
8914,0
15329,0
2476,0
8906,0
2458,53
15311,0
15294,0
8873,0
15278,0
8857,0
2421,49
15274,0
8853,0
8845,0
8836,0
2391,14
15244,0
8802,0
15220,0
8781,0
8780,0
15198,0
8757,0
8755,0
2308,20
15161,0
15138,0
8717,0
8713,0
2275,8
15128,0
8705,0
8704,0
21557,0
8688,0
21541,0
8685,28
21538,0
8684,0
8683,51
21536,0
8677,0
8663,0
8656,0
8641,0
8638,0
21491,0
21489,26
8636,0
2196,5
15049,0
8618,0
8613,0
21466,0
15031,0
15028,11
2175,0
8606,0
21455,43
8602,0
2167,10
15020,0
21451,22
8598,0
15013,0
8585,0
21431,60
8578,0
8571,0
14988,0
8567,0
21416,73
8563,0
14983,26
2130,0
21415,66
8562,0
21406,8
8553,0
14967,2
2114,0
8546,0
8544,0
8543,0
14962,73
2109,0
8541,0
21394,0
8540,60
21393,0
8514,0
14933,19
2080,0
14930,0
21359,40
8506,0
14923,0
2065,73
14918,0
21350,50
8497,0
21346,26
8493,0
14912,0
14911,0
8490,70
21343,0
8489,5
21342,0
14909,0
2056,0
8480,5
21333,0
2047,26
14900,0
8479,0
8478,0
21325,40
8472,0
8453,0
14872,0
14859,67
2006,0
8438,45
21291,0
8435,0
8432,0
21285,0
14828,0
1975,0
21259,66
8406,0
8405,0
21254,26
8401,0
21227,43
8374,0
14785,0
1932,0
21214,77
8361,0
8359,0
21202,23
8349,0
8344,0
21197,0
21195,43
8342,0
21175,1
8322,0
8314,0
8309,0
8308,0
21140,4
8287,0
8276,0
21129,0
8275,66
21128,0
21117,73
8264,0
21112,30
8259,0
8240,3
21093,0
8225,0
21078,0
21073,34
8220,0
21067,32
8214,0
8212,0
21065,0
8209,0
8198,3
21051,0
8197,0
21050,0
8193,16
21046,0
8178,0
21031,0
8177,0
21030,0
8176,0
8167,0
21016,1
8163,0
20983,50
8130,0
14547,70
1694,0
20972,60
8119,0
8106,3
20959,0
1659,59
14512,0
8091,0
1653,39
14506,0
20938,53
8085,0
8068,0
8056,35
20909,0
20904,66
8051,0
8050,0
8045,5
20898,0
8021,0
8016,14
20869,0
20865,3
8012,0
14418,0
20833,40
7980,0
7979,0
14395,0
1536,43
14389,0
7968,0
20814,43
7961,0
7942,70
20795,0
7939,0
20792,0
7937,14
20790,0
7935,0
7930,0
7928,0
7912,0
7897,0
7896,0
14315,0
7891,0
20744,0
7874,0
14293,0
1440,0
7869,0
7847,0
7845,14
20698,0
7839,0
7831,0
7826,40
20679,0
7823,0
20671,60
7818,0
7814,0
20667,0
7813,34
20666,0
7810,0
7809,0
20662,0
20650,43
7797,0
1359,20
14212,0
7791,0
14178,0
7757,0
7755,0
1293,11
14146,0
7710,0
14099,63
1246,0
14091,26
1238,0
20523,43
7670,0
20496,23
7643,0
7642,0
7639,0
20488,43
7635,0
20480,10
7627,0
7611,0
7606,38
20459,0
20457,34
7604,0
20453,79
7600,0
20446,50
7593,0
7592,0
7576,0
7570,0
20419,33
7566,0
7557,0
7552,0
7534,0
20386,50
7533,0
20367,73
7514,0
20365,49
7512,0
20363,8
7510,0
20357,43
7504,0
7496,0
7488,70
20341,0
7477,0
20328,59
7475,0
7470,0
20319,77
7466,0
7452,0
20300,22
7447,0
20286,40
7433,0
13834,0
7408,13
20261,0
7406,16
20259,0
7394,0
20247,0
7391,0
7386,0
7379,5
20232,0
20223,40
7370,0
20220,22
7367,0
7357,0
20210,0
7355,0
20207,31
7354,0
7352,0
7337,0
13753,0
20176,36
7323,0
7322,0
7314,0
20165,22
7312,0
20112,26
7259,0
7253,0
7240,0
7220,0
791,0
7209,0
758,8
13611,0
7166,0
20019,0
7148,70
20001,0
725,0
7143,0
7071,0
7066,0
7064,0
7032,0
7030,0
7014,9
19867,0
7013,0
19866,0
19865,43
7012,0
19854,57
7001,0
13393,0
551,63
13404,0
6972,0
6955,67
19808,0
6929,0
6928,34
19781,0
19775,24
6922,0
6913,0
19766,0
6894,0
467,13
13320,0
6881,70
19734,0
6874,27
19727,0
13287,0
6866,0
19719,0
13286,0
439,25
13292,0
19713,13
6860,0
13280,0
6849,34
19702,0
13238,0
6817,0
377,0
19644,57
6791,0
13200,0
13191,42
338,0
349,0
13186,0
13196,45
343,0
6764,0
13184,0
331,0
342,3
13195,0
13168,0
315,0
13159,0
311,0
13151,0
6726,0
19572,59
6719,0
6716,0
290,0
6707,0
19560,0
281,0
6702,0
13105,0
13103,0
6682,0
13113,42
260,0
6681,42
19534,0
13095,0
242,0
249,0
236,51
13089,0
247,0
6660,0
13078,13
225,0
6657,6
19510,0
6647,46
19500,0
13056,0
203,0
214,34
13067,0
13053,0
6632,0
6630,0
19483,0
13043,0
201,11
13054,0
19448,55
6595,0
6594,42
19447,0
157,0
6578,0
6576,0
6561,0
12959,0
6538,0
6537,0
6528,11
19381,0
6527,2
19380,0
6507,0
19360,0
71,39
12924,0
75,0
6494,0
42,0
6463,0
37,42
12890,0
29,0
6441,0
19294,0
6438,2
19291,0
12858,0
6437,66
19290,0
12857,0
6436,0
12806,0
6385,38
19238,0
12803,0
6382,0
12797,0
6375,0
6373,0
6368,0
6361,0
6350,0
12767,0
6346,12
19199,0
12761,0
19193,32
6340,0
6337,0
19170,43
6317,0
12703,0
12698,0
6277,0
12694,0
12692,0
6267,0
12685,0
6264,0
6248,79
19101,0
6244,42
19097,0
12655,0
6234,66
19087,0
12654,0
12648,0
6225,0
12644,0
12641,0
6220,19
19073,0
12639,0
6218,0
12636,0
6214,0
6199,0
6189,0
19042,0
12608,0
12605,0
12602,0
12599,0
6178,0
12559,0
12555,0
6128,0
12546,0
12524,0
12515,0
6092,55
18945,0
12512,0
6091,0
18944,0
12507,0
6086,0
6085,0
18938,0
12503,0
6082,0
12488,0
6067,0
18920,0
6063,0
6060,0
6058,0
12472,0
12468,0
12464,0
6035,11
18888,0
6034,0
6027,0
6020,0
18873,0
5998,0
18851,0
12394,0
12390,0
18811,4
5958,0
5937,0
12355,0
5934,0
5930,43
18783,0
12340,0
5900,0
12309,0
5888,0
18739,13
5886,0
18732,43
5879,0
18721,43
5868,0
5858,0
5854,0
12270,0
5849,0
5842,0
5835,0
18688,0
5827,0
5826,0
5818,0
5810,76
18663,0
12229,0
5808,0
5800,0
12219,0
5798,0
12213,0
5792,0
5789,0
12171,0
5740,0
5739,12
18592,0
5727,0
5724,0
18577,0
12138,0
5717,65
18570,0
5713,0
18566,0
5712,19
18565,0
12132,0
5711,19
18564,0
12131,0
5706,0
12122,0
5701,70
18554,0
5675,0
5672,0
5667,0
18520,0
12084,0
5660,0
12080,0
5659,0
5655,0
12068,0
5641,0
5617,8
18470,0
5615,0
5611,0
18464,0
5609,63
18462,0
12024,0
5603,7
18456,0
5602,8
18455,0
5598,0
5595,8
18448,0
5592,36
18445,0
18438,41
5585,0
11997,0
5576,57
18429,0
11996,0
18420,14
5567,0
5566,57
18419,0
5564,0
5559,0
5558,0
5554,67
18407,0
5544,66
18397,0
11958,0
5537,20
18390,0
11953,0
5532,11
18385,0
5530,8
18383,0
5522,39
18375,0
11920,0
5499,0
18352,0
11916,0
5495,43
18348,0
5491,0
5475,8
18328,0
18323,67
5470,0
5465,0
5453,0
11872,0
18300,34
5447,0
5423,19
18276,0
5411,0
11831,0
5410,0
5400,0
18253,0
5398,0
5394,0
11811,0
5388,0
5382,0
5379,0
5363,0
5350,0
5349,0
11767,0
5335,13
18188,0
5334,0
18187,0
11753,0
5332,0
11751,0
5330,0
5328,0
5323,67
18176,0
5309,0
5296,44
18149,0
11714,0
5293,0
5288,0
11707,0
5281,0
5278,0
5272,0
5270,0
5260,0
18109,12
5256,0
5255,67
18108,0
11665,0
5244,0
18096,1
5243,0
11661,0
5240,41
18093,0
5238,0
5237,0
5234,0
5226,0
18079,0
18075,67
5222,0
5220,0
5214,0
5210,0
5205,0
5192,0
5191,0
5190,0
5188,0
18036,45
5183,0
11597,0
5176,65
18029,0
18028,26
5175,0
5172,0
5171,0
5160,0
5148,14
18001,0
5126,19
17979,0
11546,0
17978,63
5125,0
17967,30
5114,0
11523,0
5102,0
5097,13
17950,0
5091,0
5090,11
17943,0
11507,0
11506,0
5081,0
5070,0
17923,0
5060,0
5058,44
17911,0
5054,14
17907,0
5053,0
17906,0
5044,55
17897,0
5043,42
17896,0
11455,0
5021,70
17874,0
11441,0
5020,0
17873,0
4987,0
4983,0
11402,0
17834,66
4981,0
4965,0
11373,0
11362,0
4933,0
17763,34
4910,0
11324,0
17753,43
4900,0
11315,0
4894,0
4893,34
17746,0
4890,0
11271,0
4848,0
17701,0
17688,59
4835,0
11242,0
4821,70
17674,0
4818,0
17671,0
4816,0
11233,0
17660,43
4807,0
17651,55
4798,0
4796,0
4795,0
4785,0
11202,0
4781,0
4779,20
17632,0
4773,0
4756,0
11166,0
17595,4
4742,0
4733,0
4717,0
11134,0
11133,0
4711,0
4708,0
11113,0
17545,43
4692,0
17543,43
4690,0
4689,0
17540,63
4687,0
11100,0
4679,0
4666,9
17519,0
11086,0
17518,59
4665,0
4654,0
17507,0
11065,0
4640,0
4638,0
17491,0
4634,0
17478,74
4625,0
11043,0
4622,0
4606,0
4605,0
11025,0
17457,72
4604,0
4600,0
4595,0
17448,0
4593,0
17446,0
4592,0
4583,50
17436,0
4579,34
17432,0
4576,32
17429,0
17408,56
4555,0
17405,56
4552,0
4541,0
4536,45
17389,0
4524,0
4513,0
4507,0
4493,0
17346,0
10902,0
4481,32
17334,0
4477,34
17330,0
4476,36
17329,0
4465,0
17318,0
4458,9
17311,0
4453,32
17306,0
4452,46
17305,0
4451,49
17304,0
4439,69
17292,0
17289,56
4436,0
4425,0
4407,0
17260,0
4405,64
17258,0
4398,70
17251,0
4397,39
17250,0
10809,0
4388,7
17241,0
4386,24
17239,0
4371,0
17224,0
10787,0
4364,0
10779,0
10774,0
4353,36
17206,0
4349,0
10768,0
4346,53
17199,0
4345,0
4343,12
17196,0
10760,0
4339,0
17186,76
4333,0
4323,0
4318,26
17171,0
10734,0
4313,57
17166,0
4310,0
17163,0
4301,0
17154,0
4297,0
4286,0
4276,26
17129,0
10688,0
4267,0
10682,0
4259,0
10678,0
4249,0
17102,0
4245,39
17098,0
10662,0
10661,0
4237,0
4231,0
17084,0
4228,70
17081,0
4215,0
4205,5
17058,0
10625,0
17052,23
4199,0
10613,0
17031,22
4178,0
10596,0
4175,44
17028,0
10594,0
4173,0
10590,0
4167,0
10586,0
10581,0
4159,2
17012,0
4156,0
4152,29
17005,0
4146,0
10566,0
4145,0
4129,0
4122,0
16975,0
10541,0
4117,0
16970,0
4115,76
16968,0
16966,67
4113,0
4105,0
4096,0
10509,0
10505,0
4081,0
4075,0
4074,0
4067,0
4066,0
16918,42
4065,0
16916,43
4063,0
4061,0
4048,0
16888,77
4035,0
10449,0
10446,0
797,0
20071,23
7218,0
4015,22
16868,0
3999,55
16852,0
10418,0
16850,30
3997,0
10414,0
3991,0
764,0
10403,0
3980,51
16833,0
10394,0
16826,2
3973,0
7161,0
736,0
7155,5
20008,0
19989,48
7136,0
10354,0
7129,29
19982,0
10347,0
3926,59
16779,0
7119,0
3916,0
3912,0
7111,0
19964,0
3908,50
16761,0
16745,48
3892,0
3886,0
16739,0
7087,0
3879,0
16726,14
3873,0
3870,5
16723,0
7070,0
7068,0
7067,0
7060,20
19913,0
3853,36
16706,0
19902,55
7049,0
3846,0
3843,0
7041,0
3830,0
7031,0
3828,59
16681,0
16678,7
3825,0
7024,0
3821,0
10238,0
19864,4
7011,0
3801,30
16654,0
3796,0
16649,0
6998,0
10216,0
16648,4
3795,0
10214,0
3793,0
16646,0
6995,0
16645,11
3792,0
6993,0
10208,0
6985,0
3777,15
16630,0
16628,40
3775,0
10192,0
559,0
3759,0
6961,0
16611,34
3758,0
6939,0
518,0
3720,0
6920,67
19773,0
19788,60
6935,0
10122,0
16554,43
3701,0
19737,13
6884,0
478,0
10102,0
470,0
6872,0
6887,0
10090,0
464,0
10088,0
13271,0
6850,8
19703,0
3640,38
16493,0
408,5
13261,0
10058,0
405,20
13258,0
416,32
13269,0
6837,57
19690,0
10041,0
13251,0
13244,0
6797,5
19650,0
10015,0
3589,0
16442,0
6788,0
16432,30
3579,0
374,0
3577,0
16430,0
366,0
13188,0
13199,50
346,0
6767,0
13214,77
361,0
356,0
3559,0
6757,0
9974,0
16395,55
3542,0
16394,20
3541,0
6737,0
9954,0
13144,0
302,0
9941,0
3520,0
13116,0
6695,0
3492,0
13115,0
6694,0
9912,0
3488,0
3463,0
16316,0
16314,32
3461,0
6659,0
19512,0
246,0
3449,0
3438,0
6638,5
19491,0
6653,5
19506,0
16288,20
3435,0
3425,5
16278,0
6623,0
3420,0
3415,0
6612,0
16262,44
3409,0
9799,0
3378,0
13011,0
16225,58
3372,0
3371,0
135,34
12988,0
19409,45
6556,0
3352,0
12981,13
128,0
9763,0
3342,32
16195,0
124,0
3327,0
3309,0
19351,55
6498,0
3295,59
16148,0
12910,0
68,0
3271,0
16119,67
3266,0
47,61
12900,0
58,0
12875,14
22,0
12888,0
46,0
12853,0
19285,32
6432,0
6425,0
16075,23
3222,0
19267,42
6414,0
12834,0
16063,76
3210,0
9615,0
3194,0
16045,77
3192,0
3184,59
16037,0
3180,0
3157,0
3154,0
3153,0
16006,0
6352,0
9570,0
9560,0
3139,0
6331,0
9549,0
3115,0
15968,0
9532,0
3111,9
15964,0
3110,0
15963,0
6310,8
19163,0
3107,0
15960,0
3104,0
3100,0
3098,0
15951,0
3092,0
3086,0
15939,0
12697,0
6276,0
3073,0
12696,0
6275,39
19128,0
3072,0
15925,0
15924,32
3071,0
3067,9
15920,0
3062,0
3056,63
15909,0
15900,59
3047,0
3040,0
15892,63
3039,0
3038,0
15889,49
3036,0
3034,0
12652,0
15881,66
3028,0
3023,5
15876,0
3016,0
9434,0
9431,0
3007,0
2999,0
6201,0
15851,57
2998,0
9414,0
2990,0
6188,0
19041,0
2985,0
15838,0
2983,0
9403,0
2982,0
6180,20
19033,0
9398,0
9392,0
2971,0
12594,0
15823,49
2970,0
15821,33
2968,0
2965,0
2959,0
15808,45
2955,0
15807,31
2954,0
2950,0
15803,0
2930,0
9349,0
9348,0
15780,14
2927,0
2926,0
6121,0
9336,0
2907,0
2902,0
6090,0
6075,0
9293,0
2872,0
9279,0
12480,0
15698,0
6056,0
2853,0
15704,57
2851,0
6042,42
18895,0
12462,0
9259,0
15691,59
2838,0
2833,0
6023,0
2818,0
6018,0
2793,0
2792,0
12415,0
2791,0
15629,0
9208,0
12407,0
5986,0
9204,0
5972,0
9190,0
2768,0
15621,0
2754,77
15607,0
2765,0
2752,43
15605,0
9184,0
12386,0
2762,0
9181,0
15613,11
2760,0
5955,0
12375,0
5954,0
18807,0
15593,0
15590,43
2737,0
2746,0
15584,0
9158,0
5932,0
9139,0
5898,43
18751,0
18728,32
5875,0
2648,23
15501,0
15494,0
2652,0
2647,0
2638,0
2635,0
15451,0
2609,0
15462,0
12226,0
18658,4
5805,0
2602,77
15455,0
2585,32
15438,0
2596,0
5796,0
9014,0
2593,43
15446,0
18646,73
5793,0
12209,0
15427,21
2574,0
12208,0
5787,0
12201,0
8998,0
8991,0
2570,0
2558,30
15411,0
15409,0
2551,34
15404,0
5762,0
15400,0
12179,0
15397,0
2544,0
12178,0
2543,34
15396,0
2554,0
5756,0
2550,0
5751,45
18604,0
2546,0
15386,0
5746,0
18599,0
12164,0
8961,0
5742,7
18595,0
2532,0
5734,0
2531,76
15384,0
12152,0
2528,0
2520,0
8933,0
5686,59
18539,0
8895,0
15310,0
8880,0
5643,0
8861,0
12053,0
8850,0
15263,19
2410,0
2419,0
8830,0
2386,57
15239,0
15227,19
2374,0
8806,0
5586,0
12003,0
5579,0
18432,0
8768,0
8765,0
11961,0
15179,0
2326,0
8756,0
8747,0
5526,0
5523,38
18376,0
2310,0
11932,0
5511,0
2307,0
11915,0
8696,0
5474,0
2271,0
18326,43
5473,0
2259,20
15112,0
8691,0
11893,0
5472,0
15111,0
8690,0
15110,0
2257,0
8689,0
2268,34
15121,0
5469,0
8686,0
21539,0
15118,69
2265,0
8681,0
18309,49
5456,0
15095,0
8674,0
18308,42
5455,0
15093,0
2240,0
11873,0
8670,48
21523,0
2247,0
2246,0
5443,2
18296,0
8661,0
11863,0
2239,0
11862,0
18294,43
5441,0
11861,0
11858,0
2231,0
2228,0
11843,0
11837,0
2202,63
15055,0
8632,0
5409,0
2206,0
11829,0
15045,0
21477,23
8624,0
15038,0
5385,5
18238,0
15024,0
8603,0
15017,0
10191,0
562,0
2168,0
3760,0
5366,0
15005,0
6953,0
10155,0
5340,0
21411,34
8558,0
2137,0
486,0
3704,0
14960,43
2107,0
3694,0
8518,0
21371,0
2097,0
5295,5
18148,0
5276,0
5268,0
14907,0
2054,0
3652,0
16505,0
11679,0
8475,0
13284,0
442,0
3645,0
436,0
16492,49
3639,0
6828,2
19681,0
16478,49
3625,0
2028,36
14881,0
21301,59
8448,0
2027,0
6841,0
16475,12
3622,0
5228,0
14854,12
2001,0
13231,0
378,0
3607,0
16460,0
2010,0
3597,0
16450,0
2000,0
3592,0
8416,0
1995,0
8415,0
362,0
1983,0
5168,0
1960,0
6748,0
1948,0
6734,0
9952,0
3531,0
323,0
3526,0
11553,0
5132,0
1929,0
5121,0
14755,22
1902,0
8334,0
21187,0
6712,0
3509,0
13142,0
17968,12
5115,0
6710,0
16360,22
3507,0
9907,0
5092,0
1889,0
6686,39
19539,0
16336,5
3483,0
1886,0
14739,0
259,0
3477,0
1880,0
3469,0
21146,1
8293,0
237,0
13090,0
6658,0
19511,0
1858,0
14689,2
1836,0
3442,0
1845,0
5042,0
1832,0
1815,0
13024,0
6603,0
21077,53
8224,0
8222,0
1801,0
166,14
13019,0
19451,34
6598,0
14629,0
1787,0
11393,0
3364,0
4970,0
17823,0
152,11
13005,0
6573,8
19426,0
3332,74
16185,0
127,32
12980,0
17791,42
4938,0
1735,0
134,2
12987,0
1731,0
3320,0
16173,0
3329,0
1723,0
3313,0
16166,0
14558,0
11335,0
1711,0
6506,7
19359,0
6515,0
19368,0
6488,0
19341,0
3285,0
8109,0
12912,78
59,0
8103,0
1682,0
3275,0
6502,0
81,0
20947,36
8094,0
1673,0
12898,26
45,0
3263,0
8087,0
1666,0
12878,0
3254,44
16107,0
14499,0
1657,0
38,73
12891,0
49,0
3252,0
6428,0
3225,0
1628,0
9644,0
3223,55
16076,0
17682,61
4829,0
1626,0
12843,0
1,0
1622,0
6420,42
19273,0
9638,0
3217,0
6419,20
19272,0
3216,0
1619,0
6410,0
19263,0
9628,0
6430,0
19283,0
4809,0
1606,0
12823,0
6402,67
19255,0
16052,76
3199,0
8023,0
9619,0
3198,0
4804,0
1601,0
6407,0
11222,0
14440,0
1598,0
9604,0
3183,0
14423,0
16029,55
3176,0
11196,0
1572,0
12790,0
3166,0
4772,55
17625,0
16016,42
3163,0
4769,0
17622,0
7987,50
20840,0
20837,1
7984,0
1563,0
4765,57
17618,0
20836,60
7983,0
1562,0
1550,0
4744,41
17597,0
7962,0
11161,0
4740,0
17593,0
1537,0
1535,0
1526,0
9538,0
3117,37
15970,0
6306,11
19159,0
15956,63
3103,0
1506,0
12701,0
15930,70
3077,0
7901,0
1480,0
1478,0
9484,0
3063,0
4660,0
17513,0
4659,0
1445,35
14298,0
7877,0
15899,43
3046,0
12667,0
3043,0
15896,0
17502,37
4649,0
4648,0
7866,44
20719,0
1444,0
4641,41
17494,0
4637,0
20708,8
7855,0
1434,0
3026,0
15879,0
4632,0
11051,0
4630,0
7848,0
1427,0
4617,0
17470,0
4615,0
1412,0
1409,0
4610,21
17463,0
1407,0
3003,0
11030,0
4609,74
17462,0
1406,0
3001,9
15854,0
15832,31
2979,0
4585,0
2976,67
15829,0
4581,36
17434,0
1367,57
14220,0
7796,0
15817,64
2964,0
6163,0
2958,0
15811,0
1361,0
1360,0
10944,0
4519,0
17372,0
7737,0
20586,26
7733,0
1312,0
2897,0
1300,0
1292,0
4488,37
17341,0
9302,0
2881,0
9294,0
1276,0
20546,79
7693,0
7686,0
1260,0
4454,0
7672,0
20525,0
10867,0
1243,0
17284,9
4431,0
4429,0
17282,0
7647,0
1226,0
9234,0
9230,0
1212,0
7632,0
20485,0
6010,26
18863,0
1210,0
10833,0
7629,0
6000,0
15639,0
20471,43
7618,0
1197,0
2785,0
7609,0
7603,0
4380,39
17233,0
1159,34
14012,0
10784,0
15596,0
10781,0
7577,0
1156,0
7569,0
12368,0
4341,36
17194,0
4340,0
7558,0
7555,0
5925,30
18778,0
10749,0
4328,0
1125,0
10748,0
17180,76
4327,0
13966,0
314,0
11544,0
5123,0
1920,0
1919,0
15556,0
11526,0
13946,0
1104,0
1103,0
5902,0
2699,0
1102,0
1897,0
9903,0
8306,0
10709,0
1085,0
9102,0
2681,0
1082,0
256,0
3474,0
16327,0
5080,59
17933,0
14719,0
8298,0
5880,0
9098,0
2677,0
7501,0
20353,26
7500,0
1077,0
1871,0
2671,0
4277,0
1074,0
1072,0
3460,0
3459,0
16312,0
1862,0
14715,0
2660,0
10687,0
4266,0
20337,22
7484,0
5052,0
8270,26
21123,0
10676,0
7468,42
20321,0
5040,0
2637,0
1036,0
4235,0
7453,0
1032,0
10648,0
4227,50
17080,0
13041,0
199,4
13052,0
3417,34
16270,0
1023,0
10644,0
9834,0
1019,0
10640,0
4218,21
17071,0
15448,0
10633,0
4212,0
176,0
6609,43
19462,0
13045,0
20274,43
7421,0
1000,0
10622,0
4201,13
17054,0
10615,0
991,0
162,0
6583,0
3380,0
16233,0
8204,0
15425,0
2583,0
7407,0
16234,27
3381,0
3390,0
984,0
5783,0
185,0
982,0
978,0
11397,0
4976,45
17829,0
15410,0
17027,32
4174,0
971,0
8987,0
2566,0
17025,55
4172,0
969,0
4111,0
16964,0
908,0
20968,11
8115,0
4100,21
16953,0
7318,0
6493,0
3290,59
16143,0
8114,0
1693,0
4099,0
16952,0
896,0
7310,0
8102,0
4887,0
884,0
10506,0
2470,0
3264,0
16117,0
8088,0
5670,0
18523,0
15309,0
2467,0
870,0
16922,4
4069,0
20140,43
7287,0
857,0
8069,0
20922,0
4054,0
4051,0
1623,54
14476,0
8055,0
3243,5
16096,0
6461,0
8855,0
16884,27
4031,0
3205,0
11232,0
8029,0
5597,0
4000,77
16853,0
5593,0
2390,0
778,0
7199,0
4791,43
17644,0
1588,0
5583,19
18436,0
768,0
11201,0
17633,12
4780,0
10391,0
7168,63
20021,0
13615,26
762,0
7975,0
16813,26
3960,0
757,0
16810,49
3957,0
9563,0
3142,0
15995,0
17601,63
4748,0
7966,0
7154,0
18394,56
5541,0
10358,0
718,0
20803,43
7950,0
732,0
11946,0
5525,50
18378,0
3928,0
7130,0
19983,0
20793,8
7940,0
1519,0
7128,40
19981,0
6312,0
3109,0
14354,0
1512,0
15154,37
2301,0
3918,0
5507,0
18360,0
15146,0
3909,66
16762,0
21575,61
8722,0
7110,0
19963,0
704,0
1500,0
677,63
13530,0
688,0
3096,0
15949,0
1499,0
9515,0
11121,0
4700,0
20771,43
7918,0
2297,0
19957,8
7104,0
15944,40
3091,0
4697,0
697,0
9510,0
3089,0
3898,0
17544,11
4691,0
1488,0
19950,23
7097,0
10315,0
3894,8
16747,0
6283,26
19136,0
15933,70
3080,0
11107,0
3888,0
19943,2
7090,0
684,0
7088,0
682,0
7085,0
16202,50
3349,0
17808,22
4955,0
5755,0
15394,0
2952,0
2155,0
15391,25
2538,0
7771,3
20624,0
1350,0
553,0
11773,0
2148,31
15001,0
7765,0
20618,0
19796,44
6943,0
7763,0
14177,0
1335,0
6944,0
2923,0
20600,33
7747,0
6926,0
3723,0
8547,0
2126,0
104,0
6525,0
19378,0
16175,21
3322,0
6534,43
19387,0
8943,0
925,0
19787,5
6934,0
4518,0
5318,0
14957,0
14156,78
1303,0
6914,0
19767,0
12532,0
16561,8
3708,0
504,0
10128,0
3707,0
11734,0
1306,0
6930,0
6101,0
2898,0
7722,0
8113,0
4098,0
6093,0
4494,26
17347,0
489,0
13285,0
2064,0
7684,0
1263,0
16513,58
3660,0
18514,21
5661,0
4064,72
16917,0
7679,59
20532,0
13688,0
835,0
2843,0
6846,0
19699,0
8467,0
16094,12
3241,0
6433,63
19286,0
424,0
5620,0
7226,22
20079,0
4023,0
820,0
10841,0
1217,0
12424,0
6003,0
1203,0
393,0
6807,0
10025,0
3604,26
16457,0
13243,0
390,0
6384,0
3181,0
16843,38
3990,0
787,0
381,0
13232,41
379,0
6811,12
19664,0
15623,0
9202,0
10808,0
7605,0
20458,0
387,0
8796,0
2375,0
7184,30
20037,0
9196,0
6778,0
372,0
13225,0
12397,0
9194,0
13197,0
3573,0
369,0
3572,0
11599,0
5178,0
8396,0
16021,55
3168,0
2371,0
10398,0
12395,0
9192,0
6774,0
5573,36
18426,0
1971,0
4372,43
17225,0
3565,0
3563,0
1966,0
9171,0
1153,0
8370,0
1949,0
6758,0
5543,8
18396,0
8761,0
10367,0
16392,70
3539,0
13187,0
334,0
345,0
9550,0
3129,0
4735,0
5535,11
18388,0
735,0
4338,0
17191,0
10355,0
3934,4
16787,0
3528,0
6740,0
5127,0
17980,0
10338,0
3917,14
16770,0
293,0
6714,0
3511,0
8730,0
14751,46
1898,0
1909,0
12332,0
15550,0
13950,0
20382,14
7529,0
3505,0
3514,0
16367,0
3095,0
14340,0
1498,0
4304,5
17157,0
1493,0
19955,12
7102,0
13141,0
299,0
3472,0
1078,0
6687,20
19540,0
5870,0
9088,0
3256,0
16112,13
3259,0
6477,0
16909,70
4056,0
853,0
6471,0
50,0
9674,0
3253,0
1656,0
12886,0
6877,0
6665,0
1842,0
5833,0
18686,0
9051,0
16283,22
3430,0
1029,0
12243,0
1022,0
3405,59
16258,0
1808,0
10831,0
1207,0
13237,0
6816,0
5807,0
18660,0
9025,0
7428,0
18062,49
5209,0
8427,0
3396,0
1990,0
14843,0
3387,0
4993,0
8211,0
1790,0
1785,0
14805,0
1963,0
4963,0
17816,0
3360,78
16213,0
21037,26
8184,0
11385,0
1761,0
9573,0
16005,32
3152,0
2951,0
15804,0
3751,53
16604,0
18210,34
5357,0
5154,0
1951,0
11775,0
8572,0
9769,0
3348,29
16201,0
8172,0
3351,0
6746,0
5149,0
1946,0
2542,0
13787,0
7366,0
945,0
9363,0
3345,0
136,0
19410,42
6557,0
18590,4
5737,0
930,0
9760,0
3339,0
6533,26
19386,0
12969,0
10548,0
924,0
5722,70
18575,0
8940,0
922,0
4525,0
6931,14
19784,0
17972,11
5119,0
1916,0
7341,0
6520,10
19373,0
9738,0
3317,0
16170,0
4106,0
903,0
19780,63
6927,0
3093,0
3902,0
16755,0
5899,0
18752,0
2696,0
8117,0
2896,0
14941,0
502,0
6511,17
19364,0
105,0
15416,0
977,0
16230,31
3377,0
12907,0
6486,0
8098,0
3277,0
16130,0
1280,0
5283,0
14922,0
2480,0
6492,0
11497,0
5076,10
17929,0
1076,0
3473,0
6476,43
19329,0
3273,0
16126,0
7296,0
875,0
20949,79
8096,0
3668,11
16521,0
474,0
272,0
3269,5
16122,0
6481,0
19334,0
1959,0
9777,0
3356,0
1665,0
16950,41
4097,0
894,0
497,0
6453,0
10868,0
13274,0
5250,0
850,0
1741,0
16200,65
3347,0
144,0
12162,0
4144,70
16997,0
941,0
6941,0
3738,57
16591,0
1044,0
10314,0
3893,0
9108,0
3287,13
16140,0
7311,0
14582,0
1729,0
4143,0
1340,0
9761,0
3340,0
9861,0
3440,0
9554,0
4739,0
1739,0
10563,0
4142,77
16995,0
7260,0
7263,0
20116,0
842,0
6442,0
19295,0
4845,0
8063,0
2039,0
20557,31
7704,0
10151,0
3730,26
16583,0
8554,0
3630,0
4039,0
3228,0
1631,0
834,0
15368,0
8947,0
2526,0
4132,9
16985,0
10156,0
3735,0
16588,0
5732,63
18585,0
4135,44
16988,0
932,0
6541,0
1917,0
1068,0
4071,0
4918,34
17771,0
1715,0
918,0
9736,0
3315,0
1332,0
9374,0
1356,0
18,0
3122,0
3931,0
10752,0
4331,70
17184,0
5331,0
12426,0
6005,43
18858,0
4408,0
3744,0
16597,0
541,0
7659,0
10442,0
7698,0
17086,63
4233,0
1030,0
13060,0
19492,67
6639,0
233,0
4107,0
12852,0
19657,43
6804,0
6813,43
19666,0
10825,0
6801,46
19654,0
9365,0
15797,8
2944,0
1347,0
6636,20
19489,0
3433,48
16286,0
2810,0
14055,0
2013,0
7222,0
1616,0
1649,0
2449,0
4055,0
16908,0
13694,0
2102,0
3599,0
13247,0
7093,0
19946,0
687,0
4290,0
8905,0
20161,40
7308,0
9305,0
2884,0
3684,0
10464,0
4043,0
7261,77
20114,0
840,0
4220,70
17073,0
21403,1
21388,1
21386,1
21248,1
21113,1
21103,1
21028,1
20954,1
20918,1
20826,1
20791,1
20412,1
20393,1
20324,1
20304,1
20226,1
17034,1
16913,1
16664,1
16642,1
16619,1
16585,1
16546,1
16545,1
16380,1
16315,1
15969,1
15833,1
15822,1
15800,1
15753,1
15723,1
15348,1
2173,19
15026,1
15002,26
2149,1
8289,77
21142,1
7954,57
20807,1
7481,5
20334,1
6601,1
3872,10
16725,1
3817,8
16670,1
3762,51
16615,1
3634,36
16487,1
2827,19
15680,1
1124,1
7487,7
20340,1
7317,20
20170,1
1564,26
14417,1
3441,65
16294,1
21382,2
21297,2
17973,2
16796,2
14672,2
10988,2
10551,2
10419,2
9981,2
9844,2
9443,2
21281,60
8428,2
14393,2
7872,55
20725,2
7332,2
7225,2
6051,8
18904,2
5505,2
5421,2
5291,2
5094,2
4812,2
10786,2
3865,19
16718,2
16472,70
3619,2
3612,9
16465,2
6723,2
6274,43
19127,2
3069,2
15769,35
2916,2
15325,2
9675,2
7865,2
2963,21
15816,2
10832,2
1816,2
2505,2
11962,2
16792,20
3939,2
3971,43
16824,2
441,2
4410,2
10518,2
6853,2
21391,3
20829,3
19433,3
18835,3
18744,3
18700,3
17279,3
16963,3
16932,3
16929,3
16088,3
14904,3
12830,3
12604,3
12563,3
11390,3
11352,3
10623,3
10255,3
9982,3
9933,3
9704,3
9315,3
9076,3
2353,57
15206,3
8676,3
8662,3
21490,73
8637,3
21488,42
8635,3
8608,3
8599,3
8592,3
21097,75
8244,3
8151,3
8141,3
7907,3
20497,66
7644,3
714,3
5973,3
5908,3
5895,3
5546,39
18399,3
5297,43
18150,3
5235,3
5057,3
11198,3
10767,3
4026,3
7196,3
10375,3
3078,3
12609,3
9015,3
5540,45
18393,3
8667,3
5408,3
16623,31
3770,3
2025,3
1848,3
20655,8
7802,3
15715,66
2862,3
1863,3
13908,3
11461,3
21039,4
8186,3
8725,3
5506,3
18605,59
5752,3
14951,3
1680,3
1675,3
8080,3
21318,4
21251,4
20834,4
20398,4
19935,4
19895,4
19870,4
19744,4
18321,4
17716,4
17652,4
17596,4
17488,4
16983,4
16512,4
16404,4
15885,4
15315,77
2462,4
15308,4
11484,4
11095,4
10918,4
9940,4
8711,4
7427,4
7344,4
7177,4
7065,4
19882,37
7029,4
19823,59
6970,4
6278,4
6137,4
5919,4
11954,4
4956,14
17809,4
17703,73
4850,4
10744,4
712,4
3856,4
3790,4
376,4
3010,4
9288,4
19663,71
6810,4
21208,8
8355,4
3053,4
9381,4
2936,4
7424,4
767,4
15175,43
2322,4
3910,4
15300,46
2447,4
16449,63
3596,4
4774,4
284,4
9677,4
2942,4
20168,5
7315,4
6836,4
11752,4
3702,23
16555,4
1039,4
21378,5
21238,5
20180,5
18875,5
17506,5
17256,5
16644,5
16369,5
15841,5
15762,5
15296,5
12225,5
12216,5
12195,5
12033,5
11925,5
11726,5
11049,5
11035,5
10922,5
10445,5
10140,5
10067,5
9967,5
9465,5
2658,66
15511,5
2428,29
15281,5
15223,37
2370,5
8799,5
8407,43
21260,5
21164,26
8311,5
14697,5
8010,5
7903,5
7902,5
13656,5
19374,36
6521,5
6503,5
6113,5
12236,5
5647,5
5627,5
11979,5
5502,70
18355,5
5345,5
11708,5
11674,5
17775,13
4922,5
4810,5
17630,26
4777,5
4751,5
10826,5
4347,5
16737,13
3884,5
3841,5
552,5
3721,66
16574,5
13180,5
3490,5
16343,5
9884,5
9328,5
15641,5
2711,5
5596,5
2337,43
15190,5
15107,5
3734,39
16587,5
21363,32
8510,5
2048,5
6721,5
3486,21
16339,5
6447,5
12831,5
1502,5
1466,5
1391,5
1339,5
1208,5
1193,5
1152,5
1084,5
11395,5
4974,5
1765,5
10472,5
16837,39
3984,5
3747,72
16600,5
7736,5
11725,5
2890,5
3643,20
16496,5
7120,5
19561,21
6708,5
3899,5
19318,14
6465,5
3602,5
20234,26
7381,5
14993,5
3742,5
10544,5
15598,5
14975,5
1732,5
10095,5
10440,5
3890,5
20825,60
7972,6
7952,6
6968,6
19697,45
6844,6
11118,6
4302,60
17155,6
16518,7
16003,7
1313,20
14166,7
11428,7
10240,7
9580,7
9551,7
9335,7
20747,43
7894,7
7235,7
7146,7
6861,7
86,7
10242,7
10061,7
12996,55
143,7
9578,7
15768,76
2915,7
9056,7
2591,7
2584,7
1767,7
6457,7
1342,7
83,7
1169,7
2154,7
6514,7
1814,7
21295,8
21196,8
20770,8
20634,8
20567,8
20507,8
19862,8
19639,8
19459,8
19440,8
17811,8
17685,8
17607,8
16806,8
16348,8
15130,8
13552,9
699,8
12659,8
12613,8
12516,8
11993,8
11696,8
11684,8
11529,8
11429,8
11145,8
11106,8
10966,8
10884,8
10561,8
9818,8
9807,8
9611,8
9566,8
9425,8
21430,26
8577,8
21278,45
8425,8
8286,8
14630,8
7893,19
20746,8
7883,53
20736,8
14103,8
7516,8
13870,59
1017,8
7330,8
7191,8
19377,65
6524,8
6500,8
6485,8
24,8
6309,8
5991,8
12294,8
5669,8
5629,8
18180,11
5327,8
5084,8
11046,8
4378,8
4358,8
4182,13
17035,8
4157,8
4029,8
3569,66
16422,8
2761,8
15477,8
2539,8
15152,8
2249,8
2188,8
14995,8
16479,63
3626,8
10046,8
2016,8
5018,8
1655,8
4775,8
7887,8
1366,8
17216,65
4363,8
1117,8
14744,8
7521,37
20374,8
2663,8
8915,8
848,8
781,8
1752,8
5725,8
4517,8
5317,8
1311,8
2110,72
14963,8
19357,26
6504,8
98,8
8879,8
7193,8
6298,8
7432,8
5354,8
4954,8
20251,26
7398,8
1633,8
20291,60
7438,8
17523,9
17089,9
16285,9
16251,9
16188,9
16133,9
15551,9
15510,9
14310,15
1457,9
12810,9
12785,9
12413,9
11794,9
11284,9
10796,9
10755,9
10737,9
10710,9
10416,9
10356,9
9745,9
9299,9
9217,9
21519,41
8666,9
8629,9
8628,9
7100,9
19933,77
7080,9
19880,34
7027,9
6981,9
6483,9
12523,9
5909,9
5905,9
5819,9
5485,9
11832,9
11798,9
5360,9
5269,9
11256,9
11228,9
4768,9
16941,41
4088,9
7075,9
7020,9
330,9
16386,43
3533,9
12846,9
5945,9
8760,9
8728,9
8678,9
11864,9
6369,9
11193,9
9218,9
3482,9
15523,9
9880,9
2565,9
13739,9
10321,9
16437,39
3584,9
9781,9
4125,24
16978,9
5223,9
21286,10
20381,10
18606,10
16912,10
15733,10
12244,10
12169,10
11683,10
11128,10
11019,10
10963,10
10923,10
10856,10
9647,10
8935,10
8488,10
8335,10
20583,43
7730,10
6747,10
6496,10
6257,10
6078,10
12078,10
11622,10
11588,10
17887,25
5034,10
17773,42
4920,10
10879,10
4258,10
10227,10
10211,10
3771,10
16608,31
3755,10
2834,10
2820,10
8814,10
5538,10
5454,19
18307,10
2227,10
8447,42
21300,10
21192,42
8339,10
13110,10
8219,10
4914,10
41,10
11058,10
1157,10
2479,10
11153,10
680,10
2276,10
8530,10
4554,10
7762,10
16533,22
3680,10
19178,30
6325,10
4819,49
17672,10
21257,11
21182,11
21181,11
21132,11
21100,11
21042,11
20932,11
20926,11
20768,11
20606,11
19704,11
18158,11
17617,11
17547,11
15985,11
14985,11
2128,54
14981,11
14525,11
13026,11
12187,11
12063,11
11336,11
10921,11
10885,11
10174,11
9678,11
9572,11
9313,11
9306,11
9103,11
8810,11
8556,11
7837,11
7674,41
20527,11
7250,11
756,11
6743,11
6311,11
6279,11
6240,11
6055,11
5913,11
12036,11
11980,11
5496,11
5451,11
5444,11
5355,11
4999,11
4803,11
10926,11
17291,51
4438,11
4257,11
4169,11
10573,11
7078,11
16635,60
3782,11
10196,11
12919,78
66,11
3128,23
15981,11
6231,11
2815,45
15668,11
2561,11
18602,26
5749,11
5716,11
12098,11
16638,44
3785,11
2101,43
14954,11
4911,11
1566,11
7964,19
20817,11
1384,11
1265,11
15667,11
7568,58
20421,11
5100,11
4219,11
1009,11
89,11
1494,11
461,11
1532,11
6642,11
12995,34
142,11
2099,11
1873,11
13114,11
535,11
2836,11
6505,11
6696,11
8858,11
21576,12
20787,12
20264,12
20012,12
18403,12
17619,12
17419,12
17365,12
17246,12
16957,12
16935,12
16897,12
16759,12
16680,12
16434,12
16357,12
16098,12
2073,62
14926,12
14199,12
13256,12
13170,16
317,12
12842,12
12791,12
12318,12
11833,12
10371,12
10265,12
9432,12
15389,12
8707,12
14826,12
8234,12
8126,12
7636,20
20489,12
13904,12
19475,43
6622,12
64,18
12917,12
19022,23
6169,12
6025,12
12441,12
5887,12
18152,73
5299,12
5201,12
11539,12
5117,12
11239,12
4470,12
3930,29
16783,12
7077,39
19930,12
3768,42
16621,12
19474,42
6621,12
9488,12
2995,12
6119,12
18703,43
5850,12
2435,12
10200,12
3779,12
21302,40
8449,12
14867,12
1839,12
9734,12
15878,44
3025,12
1252,12
5105,42
17958,12
1079,12
2568,26
15421,12
724,12
3094,12
8569,12
13266,12
9977,12
9926,12
20927,77
8074,12
2517,12
14875,12
10352,12
21319,13
19258,13
19137,13
18638,13
17770,13
17723,13
17700,13
17569,13
17125,13
16563,13
16211,13
15898,13
937,35
13790,13
13174,13
12827,13
12717,13
12677,13
12487,13
11910,13
11274,13
11268,13
10978,13
10848,13
10555,13
9388,13
15314,13
15056,79
2203,13
1773,41
14626,13
20673,26
7820,13
20195,50
7342,13
13532,28
679,13
5910,13
5719,13
11505,13
11465,13
11386,13
4952,13
17659,59
4806,13
4537,13
4246,51
17099,13
4229,27
17082,13
4139,23
16992,13
10515,13
6830,43
19683,13
6413,13
6202,13
6030,13
9087,13
2569,13
11895,13
532,13
6907,19
19760,13
1994,13
9928,13
12883,13
4841,45
17694,13
8000,13
14282,20
1429,13
1123,13
15479,13
13874,13
1020,13
3276,13
10473,13
1634,13
20838,43
7985,13
748,13
703,13
685,13
10129,13
18157,59
5304,13
17254,56
4401,13
9984,13
3556,74
16409,13
9893,13
56,13
20514,14
18621,14
17212,14
17036,14
16399,14
15578,78
2725,14
15283,14
2405,29
15258,14
12521,14
12400,14
12185,14
11234,14
10243,14
10162,14
10100,14
10062,14
9902,14
15335,34
2482,14
8866,14
15032,14
20371,31
7518,14
722,14
6917,14
6741,14
165,14
6460,14
4193,14
15861,37
3008,14
9240,14
5721,14
5677,43
18530,14
15253,14
1824,14
8137,14
109,29
12962,14
12841,14
1460,26
14313,14
4523,14
1170,14
20392,66
7539,14
1066,14
1820,14
10593,14
828,14
707,14
776,14
20370,40
7517,14
1345,14
5720,14
9117,14
20373,50
7520,14
7286,14
1341,14
15226,15
11883,15
11205,15
9489,15
9453,15
12517,15
18243,50
5390,15
9792,15
2559,15
13708,15
6784,15
1220,15
18860,16
17001,16
15459,36
2606,16
13201,16
9654,16
7888,16
8105,16
754,16
14968,49
2115,16
9680,16
6912,16
20682,18
17957,18
11063,18
10434,18
20669,33
7816,18
7671,18
20235,40
7382,18
12646,18
5303,18
16252,19
3399,18
5743,18
3395,18
7867,18
1316,18
4223,50
17076,18
401,18
1760,18
6499,18
17927,19
17067,19
16885,19
15979,19
13136,19
12893,66
40,19
12680,19
12059,19
12044,19
11381,19
11272,19
10233,19
10197,19
10173,19
9956,19
9927,19
9874,19
9280,19
9242,19
9072,19
8863,19
2397,70
15250,19
8716,19
21448,43
8595,19
14984,19
8526,19
8039,19
1461,26
14314,19
20728,60
7875,19
7442,19
882,67
13735,19
7247,19
6674,19
6376,19
11717,19
5071,19
4160,19
4027,19
7073,19
3858,70
16711,19
3649,60
16502,19
13262,23
409,19
6762,19
6752,19
3261,19
12551,19
6054,19
12389,19
5965,19
15602,19
5951,19
2729,19
5848,19
9032,19
8903,19
2459,26
15312,19
2417,54
15270,19
2309,33
15162,19
5431,19
2108,19
6863,19
11504,19
19412,27
6559,19
6547,19
36,70
12889,19
1620,19
8022,19
7870,19
1414,19
1269,19
9135,19
1024,19
1016,19
19450,57
6597,19
983,19
16804,66
3951,19
3937,19
5500,19
7107,19
9373,19
6111,19
696,19
13709,19
995,19
963,19
11575,19
2948,54
15801,19
130,19
145,19
3674,70
16527,19
11637,19
17479,20
16216,20
15585,20
15573,76
2720,20
15483,48
2630,20
12574,20
12288,20
11370,20
11282,20
10894,20
10877,20
10547,20
10387,20
10085,20
9618,20
9438,20
9284,20
15280,20
8846,20
8784,20
8732,20
21173,26
8320,20
8227,20
8221,20
7789,20
7725,20
7707,20
7694,20
7687,20
7158,20
555,20
6763,20
6577,20
6222,20
5935,20
18497,21
5644,20
11087,20
4505,20
4498,20
4374,20
10790,20
20038,23
7185,20
7063,20
16684,34
3831,20
10180,20
16473,70
3620,20
16458,43
3605,20
3578,20
13062,20
6590,20
9383,20
9371,20
12550,20
2920,20
9268,20
2700,42
15553,20
2664,20
2398,20
8797,20
5440,20
2230,20
2198,20
16625,43
3772,20
10181,20
5300,20
8513,20
407,20
406,20
16476,43
3623,20
1794,20
6532,20
19331,59
6478,20
6120,20
10893,20
7690,20
2802,55
15655,20
7631,20
10805,20
12301,20
12929,20
146,20
5351,20
14168,70
1315,20
16428,26
3575,20
1571,20
8791,20
11156,20
7141,20
3603,20
3543,30
16396,20
11358,20
7358,20
865,20
8454,20
1747,20
18483,21
17922,21
17900,21
16207,21
16141,21
2534,55
15387,21
14860,21
11855,21
11220,21
10612,21
10611,21
10609,21
10284,21
10282,21
10280,21
9229,21
9187,21
9160,21
9127,21
8644,21
8614,21
8611,21
8125,21
7008,21
6372,21
6353,21
6349,21
6341,21
6335,21
5710,34
18563,21
11859,21
11850,21
5264,21
11227,21
11168,21
4574,21
4149,21
4094,21
4089,21
19856,59
7003,21
6999,21
3480,21
3456,21
6358,21
6356,21
2962,21
12463,21
9189,21
21521,23
8668,21
8619,21
5257,21
5219,21
5048,42
17901,21
9741,21
2961,21
2960,21
16370,34
3517,21
3468,21
10610,21
4092,21
4085,21
10349,21
8702,21
2279,21
8155,21
4123,21
920,21
899,21
883,21
9177,21
4562,21
15380,21
887,21
21437,22
21413,22
21324,22
21315,22
21265,22
21081,22
21044,22
20639,22
20564,22
20533,22
20450,22
20368,22
20252,22
20181,22
19742,22
18627,22
16569,22
2787,70
15640,22
15141,22
14504,50
1651,22
12005,22
11528,22
11470,22
11283,22
11060,22
10529,22
10430,22
10225,22
9825,22
9091,22
8997,22
8226,22
13890,22
7244,22
6789,59
19642,22
6765,22
6094,22
18867,65
6014,22
5926,22
11724,22
11635,22
11481,22
11475,22
7157,22
3422,34
16275,22
9576,22
12664,22
12619,22
12296,22
8979,22
15336,43
2483,22
5415,22
15053,22
11721,22
17787,63
4934,22
4472,22
12346,22
10532,22
4014,22
7083,22
6115,22
8005,22
10411,22
1178,22
774,22
5911,22
5501,42
18354,22
1070,22
1853,22
21556,23
21512,23
21339,23
21303,23
21138,23
20925,23
20907,23
20159,23
20089,23
20080,23
19993,23
18549,23
18465,23
18362,23
16304,23
16150,23
14757,23
13321,23
12687,23
12657,23
12627,23
12592,23
12571,23
12483,23
12336,23
12274,23
12235,23
12197,23
12147,23
12125,23
12112,23
12102,23
12027,23
11989,23
11960,23
11940,23
11934,23
11907,23
11848,23
11746,23
11551,23
11444,23
10458,23
9795,23
9764,23
9606,23
9603,23
9134,23
15327,42
2474,23
8424,30
21277,23
14642,23
1789,23
12774,23
12509,23
12333,23
12316,23
12260,23
12101,23
12093,23
11913,23
11817,23
11450,23
11314,23
690,70
13543,23
3554,32
16407,23
15984,42
3131,23
12731,23
12632,23
9220,23
5964,23
8269,70
21122,23
4881,23
3219,23
8040,55
20893,23
14270,23
15562,23
7495,57
20348,23
12091,23
7234,59
20087,23
12514,23
4038,23
3133,23
20989,24
17403,24
15988,24
15932,24
10913,24
10750,24
8246,24
8089,24
800,24
780,42
13633,24
6869,24
6125,24
6083,24
4041,24
9172,24
5780,24
8951,24
793,24
6546,24
1184,24
8160,24
816,24
21553,25
21551,25
19571,25
19515,25
19053,25
19045,25
18481,25
17440,25
7541,25
13291,51
438,25
6709,70
19562,25
5815,25
11241,25
4644,25
11787,25
7544,25
1924,25
21480,26
21474,26
21352,26
21240,26
21237,26
21218,26
21136,26
21032,26
20975,26
20735,26
20711,26
20640,26
20593,26
20558,26
20395,26
20385,26
20376,26
20314,26
20310,26
20228,26
20118,26
19915,26
19887,26
18816,26
18120,26
17712,26
17655,26
17489,26
16825,26
16809,26
16800,26
16655,26
16551,26
16385,26
15819,26
2779,27
15632,26
15558,26
15119,63
2266,26
1769,27
14622,26
12645,26
12520,26
11320,26
11115,26
10924,26
10851,26
10099,26
9973,26
9405,26
9378,26
9364,26
9316,26
2773,70
15626,26
9049,26
8946,26
8865,26
8793,26
8750,26
8740,26
8738,26
15126,43
2273,26
2153,70
15006,26
15000,26
8409,26
21262,26
8399,35
21252,26
8313,66
21166,26
7752,79
20605,26
7723,26
7449,30
20302,26
7338,57
20191,26
20129,60
7276,26
19927,74
7074,26
6779,26
6738,26
6273,26
12596,26
6146,26
6048,26
6017,26
18870,26
5950,26
18765,32
5912,26
18754,32
5901,26
12231,26
5680,26
11976,26
11896,26
5426,26
5417,26
5314,26
11633,26
5212,72
18065,26
5029,26
17673,59
4820,26
10897,26
4141,26
20045,65
7192,26
19986,48
7133,26
3867,26
3784,26
3669,36
16522,26
9810,26
6129,26
5967,26
2751,26
5894,26
9066,26
2590,26
5757,34
18610,26
15221,26
2182,26
2042,26
8236,26
19344,27
6491,26
1569,26
1543,26
4729,26
1467,26
1452,26
1317,26
7734,26
7709,70
20562,26
1251,26
4351,26
1134,26
21193,33
8340,26
1122,26
3413,55
16266,26
11977,26
3948,34
16801,26
4732,26
13539,67
686,26
9333,26
6814,42
19667,26
3582,26
3946,42
16799,26
1135,26
1111,26
456,26
399,26
3961,45
16814,26
533,26
10946,26
13717,26
7362,63
20215,26
10564,26
8060,64
20913,26
3629,26
21191,50
8338,26
1128,26
818,26
9231,26
18351,27
17835,27
15467,27
12529,27
11257,27
9296,27
8962,27
8734,27
8509,34
21362,27
8373,27
6770,27
6655,27
6454,40
19307,27
5113,27
3009,27
1182,27
1059,27
6616,27
183,43
13036,27
546,27
10527,27
1676,27
2756,27
15961,28
9285,28
12732,28
12469,28
12398,28
5690,28
4591,28
10674,28
4204,28
4411,55
17264,28
16400,35
3547,28
21562,29
20757,29
18425,29
18061,29
18009,29
17169,29
16264,29
15989,29
15840,29
12706,29
11574,29
10757,29
10756,29
10746,29
10632,29
10455,29
10272,29
9700,29
9590,29
8706,29
8699,29
7216,29
7135,29
6976,29
19280,63
6427,29
12714,29
6215,29
5692,29
5684,29
5274,29
11059,29
10754,29
4084,29
10291,29
3797,34
16650,29
10183,29
16206,43
3353,29
3105,29
2994,29
2993,29
2858,29
9012,29
5765,29
15321,49
2468,29
8692,29
2260,29
1912,29
14573,29
111,29
1308,29
9206,29
4303,50
17156,29
1100,29
7437,29
5782,29
4811,29
123,29
880,29
4544,29
6699,29
940,29
4045,29
9543,29
852,29
21178,30
21034,30
20976,30
19304,30
18832,30
17975,30
17661,30
17558,30
16817,30
16808,30
16441,30
15601,49
2748,30
15482,30
14612,32
1759,30
12705,30
11407,30
11333,30
11300,30
11028,30
11018,30
9937,30
9562,30
21244,36
8391,30
14540,30
7774,30
7410,30
7302,30
6701,30
6670,30
6522,77
19375,30
6458,30
5977,59
18830,30
5555,30
5359,30
5316,30
17223,41
4370,30
3806,30
5758,30
5679,30
15188,33
2335,30
8350,66
21203,30
6672,30
6540,30
1706,30
11302,30
2825,30
1200,30
17238,38
4385,30
1877,30
13715,30
6299,30
5313,30
18166,30
10925,30
5984,30
8296,30
4361,30
2519,30
6529,30
9894,30
12874,30
5741,30
1639,30
5321,30
12860,30
1328,30
20680,31
16715,31
16698,31
16311,31
15886,31
1327,43
14180,31
12616,31
8048,31
7678,63
20531,31
4357,31
4330,31
3637,57
16490,31
9682,31
15695,31
15570,31
15489,31
11359,31
1381,31
3996,31
8970,31
2929,43
15782,31
21267,32
20936,32
20919,32
20721,32
20709,32
20420,32
20406,32
18840,32
18795,32
18746,32
18738,32
18736,32
18698,32
18689,32
16969,32
12313,32
11765,32
10947,32
10080,32
8654,32
8199,32
7767,32
19651,42
6798,32
82,40
12935,32
12534,32
10860,32
16838,70
3985,32
16570,45
3717,32
191,32
3389,32
3211,32
3189,32
12315,32
3303,32
3207,32
11230,32
11070,32
4584,32
5957,64
18810,32
1040,32
194,32
543,32
6951,32
2046,32
2775,32
1875,32
4474,32
6539,32
20712,33
20135,33
19790,33
18258,33
11578,33
11317,33
11301,33
9399,33
9003,33
8607,67
21460,33
8030,77
20883,33
7739,33
7483,33
7212,33
6859,43
19712,33
6668,33
6138,33
5654,33
5563,33
5015,33
6592,33
6243,33
6211,33
9339,33
15571,63
2718,33
2645,33
8741,33
2252,33
2221,33
5416,33
5051,33
1602,33
1375,33
2806,33
1192,33
6552,33
1355,33
1528,33
1101,33
20767,43
7914,33
6679,33
13025,33
6551,33
10983,33
21357,34
21287,34
21228,34
21071,34
21040,34
20945,34
20797,34
20311,34
20298,34
19833,34
19799,34
19751,34
19507,34
19435,34
19411,34
19270,34
19241,34
18986,34
18182,34
18138,34
17837,34
17784,34
17777,34
17760,34
17612,34
17573,34
17178,34
17053,34
17004,34
16925,34
16700,34
16444,34
16443,34
16427,34
16307,34
16163,34
15894,34
1541,77
14394,34
13704,59
851,34
13189,34
12676,34
12305,34
12237,34
12156,34
11968,34
11449,34
11041,34
11029,34
10908,34
10843,34
10432,34
9976,34
9755,34
9487,34
15077,70
2224,34
8555,70
21408,34
8512,34
8327,34
7977,34
7963,34
7824,34
7490,34
7469,34
7319,34
7126,34
496,34
13212,34
13210,34
13194,34
13182,34
6629,70
19482,34
12949,61
96,34
12699,34
12620,34
12610,34
6135,45
18988,34
12331,34
5889,34
5750,34
5516,34
5377,34
11755,34
11748,34
4908,34
11078,34
4510,34
10928,34
10872,34
10462,34
3933,34
3920,34
7115,57
19968,34
3874,42
16727,34
3839,34
3833,34
544,34
16269,40
3416,34
6575,70
19428,34
9539,34
8975,34
2540,34
5723,77
18576,34
2475,34
2219,34
5376,37
18229,34
14771,67
1918,34
1835,34
9637,34
7650,34
1209,34
2797,34
1118,34
2714,34
14679,34
8258,34
3394,34
16247,34
12203,34
4884,34
15276,34
1577,34
3161,34
7913,39
20766,34
3085,34
2281,34
1477,34
545,34
125,34
12978,34
12146,34
1291,34
6873,34
8064,68
20917,34
4787,41
17640,34
13211,34
7992,34
12719,34
7443,34
4964,34
1354,34
4937,34
12965,34
3298,34
10895,34
844,34
6856,34
3336,34
3239,34
836,34
1213,34
4019,76
16872,34
10311,34
18708,35
16577,35
15967,35
12362,35
12077,35
11884,35
11700,35
11614,35
11306,35
10083,35
9301,35
9237,35
9101,35
8579,35
20473,43
7620,35
12435,35
5342,35
11567,35
4033,44
16886,35
1288,35
1284,35
9287,35
9034,35
20257,50
7404,35
1658,35
11540,35
21233,36
20657,36
20380,36
17788,36
15561,78
2708,36
12681,36
12364,36
12166,36
11566,36
11416,36
11338,36
10999,36
10839,36
9330,36
8521,36
8430,63
21283,36
8300,36
14646,36
8026,79
20879,36
11690,36
10919,36
4261,36
10534,36
10524,36
734,36
5975,63
18828,36
12353,36
5931,36
8965,36
2350,36
15189,36
2316,36
5452,36
10185,36
11649,36
1861,36
1285,36
1191,36
1080,36
210,36
1010,36
1768,36
5600,36
731,36
2667,36
11630,36
8580,36
490,36
18104,37
17410,37
17269,37
17201,37
17083,37
16926,37
16856,37
16794,37
13046,37
11706,37
11357,37
11287,37
10905,37
9544,37
15171,37
15104,79
2251,37
5565,43
18418,37
5561,37
4903,37
4170,65
17023,37
4153,37
4120,72
16973,37
16835,70
3982,37
16717,44
3864,37
10264,37
6975,41
19828,37
9975,37
3534,37
9415,37
2764,64
15617,37
8982,37
2376,37
11830,37
9978,37
11225,37
3204,37
1579,37
16299,43
3446,37
4255,37
6620,43
19473,37
1771,37
733,37
18205,55
5352,37
15777,42
2924,37
4504,77
17357,37
15450,37
1996,37
8441,37
8044,37
20479,43
7626,37
19625,38
19081,38
18458,38
17442,38
16854,38
11261,38
10322,38
8451,38
5839,38
18242,43
5389,38
11197,38
13172,38
2555,38
8190,38
11190,38
4475,53
17328,38
7591,38
1147,38
10724,38
974,38
10324,38
450,38
929,38
2529,38
3344,55
16197,38
16393,39
15897,39
14586,39
12067,39
11572,39
11098,39
15688,39
8930,39
8736,39
8502,39
8491,39
20693,63
7840,39
7702,39
20266,73
7413,39
6773,39
6673,39
5663,39
5346,39
5086,39
4991,39
11154,39
10484,39
4025,39
3875,39
16641,49
3788,39
517,39
514,39
3647,39
6777,39
6474,39
3048,74
15901,39
9255,39
15432,48
2579,39
5707,39
5662,39
2385,39
2348,39
10186,39
3750,39
1546,39
1378,39
7782,39
1298,39
2809,39
4412,39
4285,39
6155,39
1326,39
13223,39
11994,39
6705,39
4210,39
163,39
1763,39
6875,39
5729,39
5528,39
21436,40
21414,40
21356,40
21336,40
21330,40
21109,40
21095,40
21055,40
20937,40
20915,40
20822,40
20706,40
20628,40
20569,40
20391,40
20269,40
20249,40
20233,40
20221,40
20213,40
20187,40
20166,40
20151,40
19254,40
18052,40
15211,40
13714,63
861,40
12211,40
10907,40
10393,40
10130,40
7836,40
7726,40
7388,42
20241,40
5402,40
5195,64
18048,40
4012,77
16865,40
3860,40
6840,40
196,40
160,40
6198,40
8972,40
15079,40
6466,40
14,40
6297,40
3571,51
16424,40
1108,40
7491,43
20344,40
2619,40
19198,41
19050,41
18665,41
18487,41
18454,41
18374,41
18366,41
17062,41
16990,41
16940,41
16740,41
16415,41
16164,41
16142,41
16134,41
16100,41
13471,41
12814,41
12813,41
12743,41
12628,41
11276,41
11137,41
10606,41
10385,41
9812,41
9433,41
9107,41
8829,41
2121,51
14974,41
8363,41
8347,41
8138,41
20438,43
7585,41
7584,41
20384,50
7531,41
7015,41
444,41
13007,41
6434,41
12758,41
5830,41
5767,41
5392,41
5253,41
5207,41
5194,41
5146,41
5077,63
17930,41
4741,41
4238,41
17091,41
4165,41
4091,41
4036,41
13482,41
10262,41
3838,41
16653,70
3800,41
6965,41
9841,41
12901,49
48,41
12752,41
5582,43
18435,41
11894,41
5245,41
5231,41
18068,49
5215,41
1913,41
11192,41
4771,41
1211,41
9178,41
9165,41
4306,41
1885,41
4189,43
17042,41
1681,41
7099,41
1174,41
10694,41
480,44
13333,41
890,41
839,41
5236,41
10553,41
5216,41
5687,70
18540,41
21337,42
21222,42
20432,42
19812,42
19466,42
19365,42
18997,42
18713,42
17848,42
16911,42
16719,42
16665,42
16590,42
16337,42
16244,42
16219,42
15307,42
13138,42
12572,42
12569,42
12255,42
12035,42
12031,42
11750,42
11687,42
11565,42
11452,42
11424,42
11340,42
10964,42
10870,42
10600,42
10500,42
10427,42
10032,42
10027,42
9970,42
9896,42
9652,42
9475,42
15679,42
2826,42
9113,42
9097,42
8893,42
8742,42
15153,42
21412,73
8559,42
8457,42
8317,42
8297,42
8291,42
7817,55
20670,42
20529,57
7676,42
7462,42
7048,42
534,42
6809,42
6711,42
6227,42
6187,42
6102,42
18955,42
12506,42
5906,42
12239,42
5461,42
17866,45
5013,42
10599,42
10597,42
10538,42
3954,43
16807,42
10094,42
3631,42
10040,42
13203,42
6313,42
9525,42
9428,42
5968,42
2518,42
2488,42
8899,42
2429,42
5624,42
2270,42
2234,42
3713,42
11689,42
6783,42
9930,42
13131,42
6680,42
13093,42
17825,59
4972,42
4892,42
14524,42
8027,42
1449,42
1446,42
1438,42
11031,42
14154,59
1301,42
1225,42
2807,42
20474,61
7621,42
2613,42
12914,42
18398,67
5545,42
6288,42
7092,42
538,42
1643,42
10053,42
15259,42
17273,51
4420,42
5976,42
9994,42
7949,44
20802,42
5078,42
151,42
539,42
1271,42
739,42
10556,42
2437,42
21453,43
21405,43
21272,43
21271,43
21256,43
21236,43
21234,43
21232,43
21221,43
21194,43
21189,43
21114,43
21053,43
21049,43
21045,43
21022,43
21012,43
20969,43
20920,43
20813,43
20812,43
20800,43
20798,43
20779,43
20672,43
20660,43
20658,43
20648,43
20566,43
20561,43
20502,43
20499,43
20498,43
20470,43
20440,43
20407,43
20400,43
20284,43
20278,43
20255,43
20105,43
19978,43
19850,43
19803,43
19745,43
19723,43
19710,43
19427,43
19171,43
18953,43
18718,43
18283,43
18155,43
17802,43
17616,43
17556,43
16910,43
16818,43
16816,43
16802,43
16705,43
16672,43
16461,43
16388,43
16377,43
16376,43
16371,43
16324,43
16317,43
15790,43
2291,63
15144,43
14516,43
12721,43
12631,43
12306,43
12207,43
12085,43
12061,43
12042,43
11879,43
11736,43
11727,43
11667,43
11629,43
11621,43
11564,43
11543,43
11500,43
11494,43
11443,43
11307,43
11047,43
10853,43
10499,43
10478,43
10119,43
10108,43
10037,43
9995,43
9961,43
9914,43
9558,43
9556,43
9427,43
9346,43
9263,43
9111,43
15495,43
8956,43
15157,46
2304,43
15109,43
8581,43
14998,43
8458,43
8366,69
21219,43
8364,43
8254,43
8131,65
20984,43
8001,43
20775,45
7922,43
1471,70
14324,43
7884,43
14300,43
14285,43
7728,43
7476,43
7472,43
7459,43
7331,43
7072,43
560,43
6865,43
12915,43
12904,43
6475,43
6323,43
6233,43
6104,43
5969,43
5922,43
12334,43
5492,43
18336,59
5483,43
5367,43
5308,43
11664,43
11503,43
11478,43
4898,56
17751,43
4814,43
4794,43
4792,43
4457,43
17037,53
4184,43
3989,43
698,43
10254,43
3697,43
466,43
6254,43
9444,43
6186,43
6185,43
6173,43
9366,43
9274,43
15692,66
2839,43
9260,43
15669,43
5994,43
12352,43
5731,43
8925,43
2490,43
18531,67
5678,43
5632,43
8826,43
8767,43
2320,43
8731,43
5494,43
5437,43
5356,43
8528,43
2092,43
6827,70
19680,43
3557,57
16410,43
6729,43
1846,43
6669,43
1803,43
8047,77
20900,43
1610,43
4805,43
1524,43
7841,43
7830,43
1404,43
1320,43
12505,43
6084,43
2873,43
2866,77
15719,43
9270,43
1229,43
4419,43
1188,43
4307,43
8318,43
20358,60
7505,43
8292,43
1063,43
1849,43
7441,43
4194,43
187,43
12204,43
13027,43
8986,43
6495,43
5682,43
12014,43
783,43
15180,43
2338,43
7113,66
19966,43
3903,43
1492,43
3895,43
11112,43
12704,43
1722,43
528,43
9311,43
846,43
12880,78
27,43
12869,43
6799,43
6785,43
773,43
728,43
2298,43
11499,43
4273,43
6456,43
1033,43
9029,43
10023,43
1351,43
9964,43
21373,73
8520,43
65,43
5650,43
7096,43
1642,43
16486,50
3633,43
1525,43
16874,55
4021,43
3601,70
16454,43
7634,43
17113,44
16568,44
16549,44
16232,44
11933,44
11105,44
11090,44
11015,44
10112,44
10057,44
9959,44
9599,44
8992,44
15120,44
15029,44
8545,44
14729,44
7974,44
7876,44
7864,44
7696,44
7363,44
20216,44
7349,44
7245,44
6661,44
6635,44
12862,50
9,44
6287,44
6106,44
6088,44
5689,44
11730,44
5286,44
11643,44
5177,44
11027,44
4551,44
16710,63
3857,44
10222,44
6852,44
10068,44
9437,44
9030,44
12155,44
12045,44
2379,44
10115,44
404,44
11636,44
9904,44
11510,44
20811,55
7958,44
1456,44
4437,44
14761,44
1071,44
7217,44
811,44
7189,44
8733,44
2312,44
2549,44
113,44
6864,44
3258,44
817,44
10822,44
1575,44
1173,44
6862,44
9040,44
3382,44
2500,44
147,44
5694,44
10054,44
3598,44
1287,44
21143,45
19830,45
19732,45
18962,45
18313,45
17752,45
17174,45
15736,45
12647,45
12579,45
11466,45
10899,45
8496,45
352,51
13205,45
6450,45
13,66
12866,45
6445,45
11982,45
5477,45
10000,45
2933,45
6059,45
2672,45
10171,45
6422,45
7967,45
6246,45
1052,45
3970,45
14485,45
10,45
20668,46
12824,46
12304,46
10402,46
9878,46
9868,46
9827,46
9671,46
9588,46
9044,46
8968,46
8378,46
14551,46
8028,46
7297,46
7167,46
6235,46
4613,46
7076,46
6683,46
153,55
13006,46
53,46
6295,46
2928,46
9272,46
9271,46
9116,46
2440,46
15082,46
13276,56
423,46
13204,46
3580,46
11433,46
14569,77
1716,46
4801,46
1382,46
5960,46
1797,46
12940,67
87,46
1483,46
2908,46
10109,46
19655,49
6802,46
2781,46
19647,49
6794,46
21354,66
8501,46
1239,46
1277,46
11400,47
11377,47
10447,47
7673,47
1013,47
5358,47
19044,48
18423,48
15234,48
14987,48
11170,48
10377,48
10048,48
9720,48
15454,48
13270,48
6184,74
19037,48
11163,48
4712,48
10285,48
10261,48
15453,48
15048,48
21441,66
8588,48
6952,48
5769,48
889,48
4695,48
4686,48
955,48
6371,48
867,48
16319,49
3466,48
11160,48
21360,49
21148,49
21135,49
21038,49
21017,49
20974,49
20894,49
20695,49
20468,49
19648,49
19369,49
18648,49
16921,49
16803,49
16687,49
16668,49
16662,49
16633,49
16448,49
16297,49
16015,49
16013,49
15980,49
15757,49
15732,49
15559,49
15476,49
2237,78
15090,49
13092,49
13031,49
12674,49
12022,49
10917,49
10431,49
10235,49
9273,49
15521,49
15356,49
8859,49
15062,49
15027,49
8565,49
7880,49
7843,49
7519,69
20372,49
13854,49
7190,49
7079,49
13122,49
6175,49
4747,49
11111,49
10972,49
4521,49
10891,49
4176,49
3922,49
3695,49
3667,49
3564,58
16417,49
9429,49
6130,49
6041,49
2409,49
5594,49
2194,49
11666,49
8353,59
21206,49
6523,49
6455,66
19308,49
14427,49
1527,49
14093,49
1177,49
3944,70
16797,49
1344,49
1264,49
2919,79
15772,49
15359,49
1677,49
483,49
14517,49
1283,49
6147,49
15326,49
21322,50
21298,50
21255,50
21209,50
21205,50
21199,50
21179,50
21165,50
21036,50
20973,50
20943,50
20931,50
20930,50
20888,50
20654,50
20652,50
20596,50
20494,50
20493,50
20415,50
20388,50
20378,50
20364,50
20279,50
20256,50
20138,50
19424,50
19422,50
18252,50
16986,50
16421,50
16405,50
16374,50
16365,50
16363,50
16023,50
15729,50
15357,54
2504,50
11349,50
9115,50
8252,56
21105,50
7970,50
7548,67
20401,50
6771,50
5658,50
11,50
9337,50
2887,50
15240,50
2236,50
15067,50
14949,50
14666,50
23,50
7948,69
20801,50
15213,50
15207,50
743,50
8337,77
21190,50
14970,50
10105,50
20270,51
19998,51
19559,51
19556,51
19509,51
19499,51
17416,51
8610,51
8134,51
7669,51
6348,51
12048,51
5273,51
5167,51
6996,51
13236,51
13126,70
273,51
3452,51
3118,51
6301,51
2383,51
8672,51
3455,51
248,51
1387,51
1343,51
13206,55
353,51
8086,51
4103,52
21308,53
21176,53
20515,53
16602,53
15265,53
9478,53
8777,53
8481,53
7838,53
7455,77
20308,53
12379,53
4755,53
4657,53
9839,53
6123,53
15709,70
2856,53
15354,53
15324,55
2471,53
126,53
1688,53
1469,53
1433,53
1428,53
1837,53
74,53
2333,53
1650,53
6908,67
19761,53
6880,53
2938,53
2133,53
20653,54
18682,54
11102,54
11071,54
9971,54
8205,54
8015,54
6562,54
5134,54
5002,54
4603,54
11007,54
3149,54
3013,54
5471,54
2917,54
7124,54
3711,54
3587,54
1299,54
1718,54
19441,55
19343,55
18223,55
17785,55
17576,55
17182,55
17146,55
17115,55
16923,55
16873,55
16685,55
16026,55
15997,55
15682,55
15600,55
14982,55
14623,55
13072,55
12443,55
12383,55
11143,55
10950,55
10883,55
10224,55
9804,55
9343,55
14619,55
8020,55
7997,55
14131,55
7494,55
7482,55
6473,55
6223,55
12629,55
6103,55
6096,55
12356,55
5481,62
18334,55
11744,55
4369,55
3993,55
10213,55
6815,55
3418,55
3229,55
9526,55
12722,55
9472,55
6157,55
6070,55
15675,55
2799,55
5671,55
8771,55
5442,55
547,55
14921,55
9640,55
1581,55
7993,55
10909,55
9246,55
9027,55
7305,55
1667,55
12973,55
2552,55
2912,55
11738,55
3632,55
14201,55
5665,55
7749,55
18392,56
17359,56
16420,56
11440,56
7583,56
13290,56
13281,56
6208,56
6177,56
12127,56
12050,56
4714,56
4713,56
4662,56
9069,56
8849,56
4664,56
873,56
952,56
2365,56
21215,57
20794,57
20237,57
17795,57
16819,57
16815,57
16347,57
16284,57
16221,57
16022,57
15834,57
12715,57
12624,57
10980,57
10974,57
10855,57
10601,57
9502,57
9486,57
9278,57
8860,57
15205,57
15065,77
2212,57
8394,57
7623,76
20476,57
6293,57
6181,57
6172,57
6073,57
5993,57
12240,57
5744,57
12110,57
5575,57
5438,57
5407,57
11685,57
11569,57
11549,57
17981,59
5128,57
17948,65
5095,57
11479,57
4292,57
715,57
3840,57
9963,57
6641,57
169,57
164,57
6213,57
6105,57
2548,57
8892,57
15233,66
2380,57
557,57
2112,57
10097,57
3676,57
449,57
6848,57
16398,58
3545,57
167,57
1638,57
4788,57
1585,57
6179,57
1364,57
1245,57
1160,57
1137,57
4239,57
4216,57
998,57
7272,57
1554,57
4155,57
7735,57
1314,57
11733,57
1198,57
1176,57
2750,57
5112,59
17965,57
3672,57
12153,57
16656,58
11179,58
2977,58
1934,58
1910,58
9706,58
1379,58
505,58
525,58
550,58
21462,59
21454,59
21060,59
20467,59
19826,59
19762,59
18859,59
18730,59
18342,59
18038,59
17853,59
17847,59
17782,59
17738,59
17719,59
17710,59
17529,59
17340,59
16663,59
16463,59
16159,59
15785,59
13711,59
12974,59
12702,59
12538,59
12205,59
12094,59
12028,59
11722,59
11623,59
11563,59
11435,59
11396,59
10219,59
9809,59
8977,59
8919,59
8351,59
8255,59
8217,59
7715,59
7464,59
745,59
7058,59
6888,59
6315,59
6282,59
12688,59
12661,59
12504,59
5946,59
12321,59
5876,59
5873,59
12221,59
12159,59
12133,59
5533,59
5517,59
11923,59
11847,59
18249,69
5396,59
11763,59
11598,59
11515,59
11492,59
11464,59
10874,59
498,59
3673,59
3367,59
9608,59
12716,59
12663,59
12540,59
2886,70
15739,59
2867,59
2847,59
9239,59
5949,59
9059,59
12186,59
12172,59
2323,59
11892,59
15061,59
6855,59
10018,59
1847,59
3400,59
1798,59
12727,59
3042,59
12378,59
4360,59
5947,59
9081,59
13037,59
7109,63
19962,59
1497,59
558,59
12173,59
5974,59
7149,59
8367,59
447,59
1740,59
11657,59
2325,59
6886,59
21264,60
21211,60
21014,60
20988,60
20896,60
20784,60
20630,60
20548,60
20545,60
20490,60
20455,60
20448,60
20443,60
20442,60
20339,60
20332,60
20299,60
19174,60
18769,60
17032,60
16350,60
16246,60
15515,60
13014,60
12266,60
8890,60
15023,60
7994,60
7821,60
7279,70
20132,60
6586,60
5055,60
3968,60
2205,60
2089,60
2055,60
14752,60
1764,60
976,60
8294,60
1644,60
8868,60
93,60
1205,60
1087,60
21423,61
21096,61
18849,61
18493,61
12778,61
11728,61
6732,61
4080,61
213,61
2522,61
1158,61
939,61
16622,62
15429,62
12442,62
9561,62
7023,62
13435,62
4776,62
4192,62
10052,62
2666,62
19810,67
6957,62
21261,63
21134,63
19874,63
19860,63
19383,63
19180,63
19113,63
18910,63
18906,63
18145,63
17810,63
17687,63
17551,63
17538,63
16677,63
16523,63
15778,63
15717,63
14028,63
12350,63
11619,63
11378,63
11136,63
10985,63
10971,63
10961,63
10960,63
10887,63
10470,63
10071,63
9891,63
9833,63
9454,63
9033,63
8823,63
8748,63
7895,63
7045,63
6818,63
6725,63
6697,63
6497,63
5082,63
4824,64
17677,63
4586,63
10962,63
4365,63
4161,63
3958,77
16811,63
7046,63
3251,63
2946,63
2945,63
2769,63
8909,63
12083,63
5608,63
15247,73
2394,63
8778,63
2238,70
15091,63
15078,70
2225,63
5258,64
18111,63
10066,63
5001,63
3384,63
1678,63
12851,63
1425,63
6166,63
9382,63
9338,63
7729,63
6065,63
9283,63
1228,63
9867,63
10521,63
1679,63
2434,63
10435,63
741,63
9345,63
1584,63
6731,63
5822,63
6604,63
960,63
1099,63
7497,63
2956,63
20206,73
7353,63
21275,73
8422,63
16155,67
3302,63
9203,64
15424,64
12848,64
5139,64
4941,64
13462,64
3155,64
3051,64
9163,64
7873,64
1148,64
6677,64
3748,64
8206,64
7304,64
19017,65
18421,65
18257,65
17335,65
17277,65
17274,65
17245,65
2393,69
15246,65
11545,65
11451,65
11446,65
11236,65
10695,65
10530,65
10049,65
9923,65
7879,65
304,72
13157,65
11891,65
11658,65
11555,65
11498,65
11322,65
11177,65
10209,65
3553,65
12623,65
5371,65
354,65
1809,65
1088,65
2620,65
9697,65
4052,65
4127,65
1201,65
21479,66
21242,66
21224,66
20414,66
20217,66
19142,66
19029,66
19009,66
18699,66
17988,66
16812,66
16798,66
16584,66
16346,66
16263,66
16030,66
15136,66
12562,66
11109,66
9441,66
9312,66
9267,66
9250,66
9235,66
8794,66
8745,66
8708,66
8582,79
21435,66
8032,79
20885,66
7682,70
20535,66
7359,66
7266,70
20119,66
6134,66
5738,66
18591,66
5339,66
3786,66
6165,66
12570,66
15594,66
2659,66
8999,66
8976,66
11877,66
5422,66
138,66
9625,66
2789,66
1181,66
4288,66
2580,66
6591,66
968,66
11305,66
3994,66
10381,66
7139,66
530,66
5312,66
1096,66
8229,66
1011,66
2433,66
2005,66
20396,67
20013,67
18504,67
17876,67
17849,67
17148,67
17074,67
16176,67
12759,67
12728,67
12449,67
12409,67
11801,67
11297,67
11270,67
11251,67
10361,67
10335,67
10318,67
9892,67
9779,67
9733,67
9352,67
9047,67
8835,67
8710,67
8108,67
7221,67
13282,67
6819,67
13185,67
12454,67
5508,67
4867,67
11237,67
10313,67
3743,67
3491,67
9909,67
220,67
3249,67
3187,67
9182,67
5788,67
2578,67
15149,67
8658,67
8623,67
8615,67
6982,67
13265,67
5203,67
8331,67
6689,67
7899,67
1272,67
9175,67
3699,67
3688,67
14888,67
5162,67
2491,67
8162,67
21372,69
19674,69
16598,69
16592,69
15888,69
9238,69
7955,69
6107,69
4827,69
4459,69
494,69
15610,78
2757,69
8007,69
4446,69
1015,69
7465,69
17554,70
16890,70
16858,70
16839,70
16836,70
16834,70
16795,70
16679,70
16471,70
16470,70
16469,70
16468,70
16401,70
16390,70
15934,70
15902,70
15759,70
15707,70
15702,70
2849,70
15637,70
15299,70
15193,70
2340,70
14402,70
12580,70
12227,70
12184,70
12119,70
12001,70
11930,70
11908,70
11571,70
11057,70
10542,70
10439,70
10092,70
10076,70
10074,70
9936,70
9875,70
9612,70
9577,70
9547,70
9503,70
9266,70
15496,70
9074,70
8928,70
8908,70
8898,70
8808,70
8788,70
8785,70
14316,70
7851,70
7746,70
7657,70
7474,70
7385,70
7277,70
7275,70
7132,70
508,70
6761,70
6739,70
6733,70
6730,70
6684,70
6509,70
6324,70
6305,70
6252,70
6205,70
6043,70
6033,70
5938,70
5604,70
11756,70
11628,70
5085,70
11476,70
4998,70
4560,70
4440,70
4399,70
4389,70
4344,70
4253,70
4241,70
4240,70
3808,70
3807,70
3787,70
3774,70
3763,70
554,70
3757,70
9901,70
13059,70
9613,70
9531,70
9477,70
9354,70
2772,70
5914,70
12128,70
12064,70
2396,70
15208,70
2346,70
2339,70
2213,70
5414,70
2211,70
3765,70
3764,70
2163,70
531,70
14934,70
3651,70
2049,70
420,70
6825,70
5083,70
5012,70
4990,70
1714,70
14550,70
1708,70
85,70
1586,70
9587,70
7990,70
1568,70
1567,70
7956,70
6280,70
7861,70
7850,70
1420,70
7835,70
9422,70
9385,70
1363,70
15708,70
7681,70
1234,70
4384,70
6685,70
7498,70
1065,70
1783,70
4177,70
2494,70
866,70
7278,70
1648,70
1545,70
9530,70
692,70
8724,70
3905,70
702,70
700,70
695,70
693,70
691,70
7776,70
536,70
529,70
7346,70
513,70
7732,70
512,70
509,70
7267,70
4387,70
6776,70
9993,70
9992,70
2332,70
701,70
2608,70
6572,70
1555,70
6154,70
548,70
9369,70
7766,70
10163,70
1322,70
108,70
506,70
1496,70
7320,70
12897,70
6568,70
8912,70
1244,70
10565,70
1090,70
7761,70
521,70
8426,70
7622,70
7768,70
16636,71
16354,71
7596,71
5708,71
9582,71
19786,72
18479,72
18222,72
17839,72
16772,72
10702,72
8726,72
5429,72
5072,77
17925,72
198,72
9277,72
14842,72
1520,72
4623,72
7825,72
9210,72
895,72
15217,72
21385,73
21266,73
20776,73
20715,73
20463,73
20309,73
20273,73
20189,73
20174,73
17964,73
16735,73
12783,73
9860,73
9417,73
8262,73
7264,73
20117,73
6047,73
5464,73
7061,73
3681,73
3585,73
9985,73
9519,73
2253,73
3624,73
986,73
5556,73
1529,73
6790,73
4376,73
2693,73
9372,73
1727,73
12150,73
10845,74
9527,74
11771,74
5118,74
10873,74
4028,74
3594,74
2973,74
2688,74
2530,74
3609,74
279,74
524,74
9146,74
20035,75
19077,76
17916,76
16282,76
11185,76
11171,76
7047,76
100,76
5985,76
4621,76
4366,76
6619,76
1933,76
897,76
6964,76
3661,76
21447,77
21106,77
21047,77
20804,77
20646,77
19815,77
18719,77
16848,77
16480,77
16342,77
13032,77
12341,77
12182,77
11990,77
11878,77
11758,77
11754,77
10253,77
9334,77
8487,77
8388,77
8036,77
8017,77
7439,77
13118,77
6271,77
6232,77
12079,77
11967,77
11904,77
11354,77
4901,77
4745,77
11132,77
10973,77
7229,77
3952,77
202,77
212,77
9605,77
6242,77
9389,77
6149,77
2918,77
2691,77
12271,77
2567,77
12163,77
2026,77
13165,77
1872,77
5050,77
11036,77
1138,77
4337,77
7444,77
1003,77
10598,77
11308,77
837,77
15145,77
3900,77
3740,77
1258,77
10459,77
3977,77
7953,77
1007,77
10008,77
4930,77
2877,77
10089,77
12115,77
484,77
859,77
10165,77
4404,77
19831,78
17993,78
16893,78
16274,78
16074,78
12040,78
12010,78
11374,78
6124,78
12016,78
11941,78
5520,78
5287,78
5141,78
6581,78
15579,78
15560,78
12600,78
13008,78
12908,78
4447,78
2953,78
20910,79
20685,79
20651,79
20598,79
20517,79
16055,79
15295,79
15103,79
12658,79
12649,79
12391,79
12382,79
12380,79
12258,79
12154,79
12149,79
11978,79
11713,79
11705,79
11568,79
10943,79
9869,79
7790,79
388,79
13192,79
140,79
6217,79
12351,79
5657,79
11898,79
4797,79
11034,79
10436,79
6787,79
6759,79
9610,79
8969,79
2478,79
12017,79
15094,79
5089,79
10840,79
1608,79
11966,79
2342,79
12176,79
6549,79
8981,79
11570,79
8995,79
11644,79
