21576,0
21574,0
21571,0
21568,0
21567,0
21565,0
21550,0
21517,0
21502,0
21501,0
21473,0
21469,0
21423,0
21419,0
21401,0
21387,0
21369,0
21358,0
21321,0
21293,0
21292,0
21267,0
21253,0
21210,0
21201,0
21177,0
21130,0
21023,0
21019,0
21018,0
21007,0
21000,0
20936,0
20919,0
20905,0
20902,0
20887,0
20878,0
20835,0
20824,0
20778,0
20773,0
20769,0
20753,0
20721,0
20710,0
20709,0
20699,0
20653,0
20632,0
20584,0
20552,0
20514,0
20493,0
20469,0
20465,0
20439,0
20420,0
20409,0
20406,0
20389,0
20379,0
20352,0
20270,0
20267,0
20262,0
20230,0
20186,0
20159,0
20142,0
20137,0
20095,0
20090,0
20058,0
20048,0
20035,0
20034,0
20031,0
20025,0
20013,0
20005,0
19984,0
19975,0
19912,0
19890,0
19844,0
19832,0
19830,0
19807,0
19802,0
19786,0
19769,0
19763,0
19758,0
19732,0
19731,0
19711,0
19692,0
19658,0
19653,0
19635,0
19559,0
19557,0
19556,0
19551,0
19546,0
19529,0
19509,0
19505,0
19499,0
19480,0
19478,0
19471,0
19470,0
19464,0
19453,0
19432,0
19420,0
19419,0
19418,0
19371,0
19325,0
19293,0
19262,0
19223,0
19191,0
19181,0
19167,0
19122,0
19092,0
19069,0
19065,0
19062,0
19017,0
19006,0
18995,0
18994,0
18992,0
18962,0
18952,0
18932,0
18930,0
18924,0
18922,0
18917,0
18902,0
18872,0
18865,0
18860,0
18852,0
18840,0
18795,0
18782,0
18774,0
18773,0
18768,0
18746,0
18738,0
18736,0
18698,0
18689,0
18682,0
18676,0
18674,0
18667,0
18665,0
18621,0
18616,0
18567,0
18557,0
18549,0
18519,0
18504,0
18495,0
18493,0
18488,0
18472,0
18467,0
18466,0
18465,0
18463,0
18459,0
18443,0
18433,0
18430,0
18421,0
18402,0
18392,0
18389,0
18387,0
18372,0
18371,0
18367,0
18362,0
18357,0
18356,0
18339,0
18332,0
18303,0
18302,0
18281,0
18280,0
18277,0
18271,0
18257,0
18254,0
18234,0
18231,0
18225,0
18222,0
18217,0
18186,0
18160,0
18135,0
18101,0
18099,0
18095,0
18085,0
18071,0
18066,0
18040,0
18034,0
18017,0
18014,0
17986,0
17963,0
17952,0
17915,0
17899,0
17894,0
17892,0
17880,0
17878,0
17877,0
17876,0
17875,0
17872,0
17870,0
17867,0
17864,0
17863,0
17860,0
17857,0
17822,0
17813,0
17780,0
17766,0
17759,0
17758,0
17748,0
17731,0
17728,0
17707,0
17706,0
17686,0
17666,0
17643,0
17619,0
17574,0
17573,0
17568,0
17563,0
17562,0
17554,0
17523,0
17499,0
17473,0
17472,0
17452,0
17433,0
17431,0
17423,0
17422,0
17421,0
17417,0
17416,0
17412,0
17411,0
17406,0
17403,0
17399,0
17365,0
17364,0
17361,0
17359,0
17352,0
17349,0
17343,0
17342,0
17338,0
17335,0
17333,0
17316,0
17315,0
17302,0
17301,0
17298,0
17285,0
17275,0
17269,0
17256,0
17247,0
17236,0
17221,0
17212,0
17201,0
17187,0
17177,0
17174,0
17173,0
17168,0
17164,0
17152,0
17149,0
17148,0
17142,0
17140,0
17137,0
17134,0
17128,0
17127,0
17125,0
17117,0
17103,0
17097,0
17095,0
17089,0
17077,0
17075,0
17074,0
17060,0
17059,0
17053,0
17039,0
17038,0
17036,0
17011,0
17007,0
17003,0
17001,0
17000,0
16993,0
16991,0
16989,0
16987,0
16981,0
16979,0
16967,0
16962,0
16961,0
16957,0
16946,0
16935,0
16903,0
16890,0
16875,0
16871,0
16858,0
16851,0
16839,0
16836,0
16834,0
16795,0
16788,0
16777,0
16776,0
16774,0
16750,0
16749,0
16734,0
16714,0
16708,0
16688,0
16680,0
16679,0
16676,0
16667,0
16658,0
16656,0
16651,0
16607,0
16589,0
16581,0
16577,0
16538,0
16499,0
16471,0
16470,0
16469,0
16468,0
16429,0
16419,0
16401,0
16393,0
16390,0
16359,0
16354,0
16332,0
16331,0
16318,0
16310,0
16304,0
16300,0
16289,0
16285,0
16279,0
16274,0
16257,0
16256,0
16251,0
16241,0
16232,0
16214,0
16212,0
16210,0
16196,0
16194,0
16188,0
16179,0
16177,0
16171,0
16150,0
16149,0
16146,0
16145,0
16139,0
16136,0
16133,0
16123,0
16120,0
16115,0
16110,0
16103,0
16097,0
16095,0
16093,0
16091,0
16086,0
16077,0
16074,0
15996,0
15993,0
15988,0
15987,0
15973,0
15950,0
15934,0
15932,0
15929,0
15914,0
15908,0
15902,0
15872,0
15859,0
15858,0
15855,0
15831,0
15810,0
15767,0
15759,0
15742,0
15736,0
15713,0
15707,0
15702,0
2849,0
15672,8
2819,0
15666,0
2813,0
15643,0
15640,12
2787,0
15637,0
15636,18
2783,0
15620,0
2767,0
2763,8
15616,0
15597,13
2744,0
15595,0
2742,0
15580,0
15578,0
2725,0
2722,5
15575,0
15543,0
2687,6
15540,0
2674,4
15527,0
15510,0
15504,0
15503,18
2650,0
15484,0
15481,0
15478,0
15471,0
2611,13
15464,0
15459,6
2606,0
15457,13
2604,0
15447,0
2594,0
15430,15
2577,0
2562,4
15415,0
15406,5
2553,0
15363,0
2504,5
15357,0
15352,0
2499,0
2492,9
15345,0
15306,0
15303,0
15299,0
15283,0
15264,0
2411,0
2405,9
15258,0
15255,0
2393,3
15246,0
15237,0
15230,0
15226,0
2366,3
15219,0
15204,0
15200,0
2347,0
2344,14
15197,0
15194,0
15193,0
2340,0
2303,9
15156,0
15122,14
2269,0
15096,0
15052,0
15037,0
15012,0
2159,0
14981,16
2128,0
14971,4
2118,0
14969,5
2116,0
14959,0
14928,0
14926,19
2073,0
14903,0
2033,7
14886,0
14885,0
2024,14
14877,0
2020,4
14873,0
14865,0
2012,0
14844,0
14839,0
1965,17
14818,0
14783,0
14736,0
1751,1
14604,0
1734,3
14587,0
14586,0
14563,0
14549,0
1696,0
14545,13
1692,0
14544,0
14539,13
1686,0
14402,0
14310,9
1457,0
14263,0
14069,5
1216,0
1105,3
13958,0
13900,5
1047,0
904,15
13757,0
13721,0
868,0
13702,0
849,0
13649,0
699,6
13552,0
13507,0
13471,0
13458,0
13321,0
13279,0
422,3
13275,0
13263,11
410,0
13255,0
402,0
13245,0
13242,0
389,0
13224,0
371,0
13201,0
13190,0
13175,14
322,0
13170,0
317,0
13163,0
271,17
13124,0
13119,0
13096,0
13085,8
232,0
13070,0
13064,16
211,0
13046,0
13023,0
13021,0
168,0
13003,0
139,13
12992,0
12963,0
110,0
12956,0
12933,19
80,0
12861,0
12836,0
12829,0
12827,0
12810,0
12799,0
12788,0
12785,0
12778,0
12775,0
12772,0
12763,0
12760,0
12759,0
12755,0
12754,0
12751,0
12748,0
12728,0
12707,0
12691,0
12690,0
12689,0
12687,0
12683,0
12672,0
12670,0
12668,0
12660,0
12657,0
12651,0
12647,0
12633,0
12627,0
12625,0
12621,0
12611,0
12592,0
12580,0
12579,0
12564,0
12557,0
12502,0
12492,0
12490,0
12489,0
12483,0
12465,0
12461,0
12460,0
12449,0
12442,0
12423,0
12413,0
12404,0
12399,0
12374,0
12344,0
12338,0
12336,0
12317,0
12313,0
12304,0
12302,0
12286,0
12281,0
12278,0
12276,0
12274,0
12259,0
12250,0
12249,0
12246,0
12235,0
12227,0
12224,0
12223,0
12222,0
12215,0
12197,0
12191,0
12184,0
12147,0
12135,0
12125,0
12119,0
12117,0
12112,0
12106,0
12102,0
12073,0
12054,0
12049,0
12046,0
12040,0
12011,0
12010,0
12001,0
11989,0
11981,0
11970,0
11960,0
11957,0
11945,0
11940,0
11935,0
11934,0
11930,0
11909,0
11908,0
11907,0
11900,0
11888,0
11867,0
11866,0
11854,0
11848,0
11833,0
11826,0
11822,0
11794,0
11793,0
11791,0
11789,0
11768,0
11746,0
11728,0
11723,0
11706,0
11638,0
11627,0
11625,0
11617,0
11602,0
11587,0
11580,0
11579,0
11571,0
11559,0
11558,0
11551,0
11545,0
11541,0
11519,0
11514,0
11508,0
11487,0
11460,0
11459,0
11447,0
11444,0
11440,0
11425,0
11406,0
11405,0
11403,0
11387,0
11372,0
11371,0
11369,0
11357,0
11348,0
11330,0
11327,0
11299,0
11291,0
11284,0
11279,0
11278,0
11273,0
11270,0
11265,0
11255,0
11252,0
11251,0
11249,0
11243,0
11234,0
11211,0
11210,0
11191,0
11183,0
11179,0
11175,0
11174,0
11173,0
11149,0
11103,0
11102,0
11101,0
11093,0
11076,0
11071,0
11064,0
11063,0
11057,0
11056,0
11048,0
11039,0
10998,0
10992,0
10959,0
10947,0
10941,0
10913,0
10901,0
10887,0
10876,0
10864,0
10849,0
10847,0
10845,0
10834,0
10827,0
10817,0
10811,0
10796,0
10794,0
10788,0
10773,0
10755,0
10750,0
10742,0
10738,0
10729,0
10721,0
10717,0
10714,0
10710,0
10708,0
10704,0
10703,0
10702,0
10693,0
10619,0
10618,0
10584,0
10559,0
10555,0
10545,0
10542,0
10537,0
10498,0
10470,0
10445,0
10439,0
10429,0
10423,0
10416,0
10402,0
10388,0
10361,0
10359,0
10356,0
10348,0
10334,0
10332,0
10328,0
10322,0
10318,0
10310,0
10306,0
10302,0
10299,0
10289,0
10265,0
10258,0
10245,0
10243,0
10237,0
10230,0
10162,0
10114,0
10107,0
10100,0
10096,0
10092,0
10076,0
10074,0
10062,0
10049,0
10042,0
10038,0
10002,0
9988,0
9953,0
9943,0
9936,0
9925,0
9923,0
9915,0
9906,0
9892,0
9875,0
9866,0
9858,0
9853,0
9847,0
9827,0
9822,0
9814,0
9787,0
9779,0
9771,0
9752,0
9746,0
9745,0
9728,0
9707,0
9681,0
9668,0
9657,0
9654,0
9642,0
9641,0
9612,0
9607,0
9603,0
9588,0
9577,0
9559,0
9557,0
9547,0
9544,0
9527,0
9509,0
9505,0
9503,0
9479,0
9473,0
9450,0
9445,0
9432,0
9423,0
9413,0
9408,0
9393,0
9356,0
9352,0
9330,0
9326,0
9324,0
9314,0
9299,0
9290,0
9266,0
9265,0
15674,0
9253,0
15656,18
2803,0
9232,0
9217,0
9207,0
15626,16
2773,0
9205,0
15624,0
2771,0
9201,0
9197,0
9161,0
15581,5
2728,0
9155,0
15568,0
9147,0
15563,0
9133,0
9110,0
15528,0
9104,0
9100,0
15496,0
9075,0
9074,0
9065,0
15485,0
9064,0
9053,0
9047,0
9045,0
9044,0
15454,0
15417,0
8978,0
15389,0
8968,0
8962,0
8948,0
2513,11
15366,0
8944,0
8928,0
15335,8
2482,0
8914,0
15329,0
2476,0
8908,0
15327,2
2474,0
8906,0
8898,0
15314,0
2458,7
15311,0
15294,0
8873,0
8857,0
2421,16
15274,0
8845,0
8836,0
8835,0
15250,3
2397,0
15244,0
2391,0
8823,0
8808,0
2370,3
15223,0
8802,0
15220,0
8788,0
8785,0
15198,0
8757,0
8755,0
15171,0
2308,13
15161,0
2304,4
15157,0
8736,0
8732,0
15138,0
8713,0
2275,6
15128,0
8707,0
8705,0
8704,14
21557,0
8688,0
21541,0
21538,15
8685,0
8684,0
15104,1
2251,0
8683,0
21536,0
8677,0
2224,8
15077,0
8656,0
8641,0
8638,0
21491,0
21489,16
8636,0
8629,0
2196,3
15049,0
8613,0
21466,0
15032,0
8610,0
15028,4
2175,0
8606,0
2167,7
15020,0
21451,12
8598,0
21448,4
8595,0
15013,0
15006,16
2153,0
8585,0
8571,0
14988,0
21416,12
8563,0
14983,16
2130,0
14974,15
2121,0
21406,6
8553,0
8546,0
8544,0
14962,12
2109,0
8541,3
21394,0
8540,12
21393,0
21359,12
8506,0
14923,0
2065,12
14918,0
21350,16
8497,0
21346,16
8493,0
14912,0
8491,0
14911,0
8490,0
21343,0
8489,3
21342,0
14909,0
2056,0
21333,15
8480,0
8479,0
8478,0
8453,0
14872,0
14859,0
2006,0
8438,14
21291,0
8432,14
21285,0
14828,0
1975,0
21259,1
8406,0
8405,0
21254,16
8401,0
8378,0
21227,4
8374,0
1932,17
14785,0
8359,0
21202,18
8349,0
8344,0
21197,0
21195,4
8342,0
8309,0
8308,0
8276,0
21129,0
8246,0
8244,18
21097,0
8240,18
21093,0
8234,0
21078,14
8225,0
1789,19
14642,0
21073,8
8220,0
8214,0
21067,0
8212,9
21065,0
8209,0
14626,14
1773,0
21050,14
8197,0
8193,0
21046,0
8178,17
21031,0
8177,0
21030,0
8176,0
8167,0
8134,0
20984,4
8131,0
14551,0
20983,16
8130,0
1694,8
14547,0
8126,0
20972,4
8119,0
8108,0
8106,18
20959,0
1659,19
14512,0
8091,0
8089,0
1653,13
14506,0
20938,1
8085,0
8068,0
8056,1
20909,0
20904,1
8051,0
8050,0
8045,3
20898,0
8028,0
8021,0
8016,13
20869,0
8015,0
20865,18
8012,0
14418,0
20833,12
7980,0
7979,0
7977,0
14395,0
20825,12
7972,0
1536,4
14389,0
7968,0
20814,4
7961,0
7952,0
7942,0
20795,0
7939,3
20792,0
7937,0
20790,0
7935,0
7930,0
7928,0
7912,0
14324,4
1471,0
7897,0
7896,0
14316,0
7891,0
20744,0
7879,0
14293,0
1440,0
7851,0
20693,14
7840,0
7839,0
7831,0
7823,0
20671,12
7818,0
20669,7
7816,0
7814,0
20667,0
7813,8
20666,0
7809,0
20662,0
20650,4
7797,0
1359,13
14212,0
7791,0
7767,0
14178,0
7746,0
1293,16
14146,0
7710,0
7702,0
20535,1
7682,0
7671,0
20523,4
7670,0
7669,0
7657,0
20496,18
7643,0
7642,0
7639,0
7636,13
20489,0
20480,7
7627,0
7611,0
7606,17
20459,0
20457,8
7604,0
7596,0
20446,5
7593,0
7592,0
7576,0
7570,0
20419,7
7566,0
7557,0
20401,16
7548,0
7534,0
20386,5
7533,0
20371,5
7518,0
20365,16
7512,0
20363,6
7510,0
20341,11
7488,0
7477,0
7474,0
20319,7
7466,0
7452,0
20286,12
7433,0
13834,0
20266,12
7413,0
7408,0
20261,0
20259,18
7406,0
20247,17
7394,0
7391,0
7386,0
7385,0
7379,14
20232,0
20220,12
7367,0
7363,13
20216,0
7357,0
20210,0
7352,0
7337,0
20176,6
7323,0
7314,0
20165,12
7312,0
20132,12
7279,0
7277,0
7275,0
20119,1
7266,0
7253,0
7240,0
7225,0
7220,0
791,0
7209,0
758,6
13611,0
7167,0
7166,0
20019,0
7148,0
20001,0
725,0
7143,0
714,0
7132,0
679,14
13532,0
7100,0
19933,7
7080,0
7071,0
7064,0
7032,0
7030,0
7029,17
19882,0
19880,8
7027,0
7023,0
7014,17
19867,0
7013,17
19866,0
19865,4
7012,0
6981,0
13393,0
551,14
13404,0
6955,17
19808,0
508,0
6928,8
19781,0
6922,0
19775,0
6913,0
19766,0
6894,0
467,14
13320,0
6881,0
19734,0
13290,0
6869,0
13287,0
19719,14
6866,0
13286,0
13281,0
439,5
13292,0
13280,0
377,0
19651,2
6798,0
19644,10
6791,0
13200,0
13205,19
352,0
6773,0
13191,2
338,0
349,0
6770,0
13196,19
343,0
6764,0
342,18
13195,0
6761,0
13168,0
315,0
6741,0
6739,0
13159,0
6733,0
311,0
6730,0
304,0
13157,0
19572,19
6719,0
6716,0
290,0
19562,5
6709,0
6707,0
19560,0
281,0
13105,0
6684,0
6682,0
13113,2
260,0
6681,2
19534,0
13095,0
242,0
249,0
13089,0
236,0
247,0
6660,0
13078,14
225,0
6647,0
19500,0
203,9
13056,0
214,8
13067,0
13053,0
6632,0
6630,11
19483,0
19482,8
6629,0
13043,0
201,16
13054,0
19448,8
6595,0
165,0
6578,0
6576,0
6561,0
6537,0
6528,13
19381,0
6527,14
19380,0
6524,6
19377,0
6509,0
19360,14
6507,0
71,13
12924,0
82,12
12935,0
75,0
6494,0
6483,0
42,0
29,0
6445,0
6441,0
19294,0
6438,19
19291,0
6437,1
19290,0
12857,0
6436,0
12848,0
12806,0
6385,17
19238,0
12803,0
6382,0
12797,0
6375,0
6373,0
6368,0
6361,0
12774,0
6348,0
6346,0
19199,0
12761,0
6340,0
19193,0
6337,0
6324,0
19170,4
6317,0
12732,0
6305,0
12703,0
12698,0
12694,0
12692,0
6252,0
6248,1
19101,0
6244,2
19097,0
6235,0
12655,0
6234,1
19087,0
12654,0
12648,0
6225,0
12644,0
12641,0
6220,3
19073,0
12639,0
6218,0
12636,0
6208,0
6205,0
6189,0
19042,0
12608,0
6184,0
19037,0
12602,0
12599,0
6178,0
6177,0
6169,0
19022,0
6137,0
12555,0
6128,0
12546,0
6125,0
12523,0
6092,8
18945,0
12512,0
6091,18
18944,0
12509,0
12507,0
6085,11
18938,0
6083,0
12503,0
6067,0
18920,0
6063,0
6058,0
6051,6
18904,0
12469,0
12468,0
6043,0
6035,4
18888,0
6034,0
6033,0
6027,0
6025,0
12441,0
6020,0
18873,0
6014,12
18867,0
5998,0
18851,0
12398,0
18811,14
5958,0
5938,0
12355,0
5930,4
18783,0
12340,0
5912,16
18765,0
5909,0
5905,0
5901,16
18754,0
5900,0
12316,0
5888,0
18739,14
5886,0
18732,4
5879,0
18721,4
5868,0
5854,0
12270,0
5849,0
5842,0
12260,0
5835,0
18688,0
5827,0
5826,0
5819,0
5818,0
5810,18
18663,0
12229,0
5800,0
12213,0
5789,0
12171,0
5740,0
5739,9
18592,0
5727,0
5724,19
18577,0
5719,0
12138,0
5717,0
18570,0
5713,14
18566,0
5712,3
18565,0
12132,0
5711,9
18564,0
12131,0
5706,0
12122,0
5701,0
18554,0
5690,0
12101,0
5672,0
5667,0
18520,0
12084,0
5659,0
5655,0
5641,0
12048,0
5617,6
18470,0
5611,0
18464,0
5609,14
18462,0
5604,0
12024,0
5603,13
18456,0
5602,6
18455,0
5598,0
12016,0
5595,6
18448,0
5592,6
18445,0
18438,15
5585,0
11997,0
5576,10
18429,0
11996,0
5567,0
18420,0
5566,10
18419,0
5565,4
18418,0
5564,0
5561,0
5559,0
5558,0
5554,0
18407,0
11958,0
5537,13
18390,0
11953,0
5532,16
18385,0
5530,6
18383,0
11941,0
18355,3
5502,0
5499,0
18352,0
11916,0
5495,4
18348,0
11913,0
5491,0
18334,8
5481,0
5475,6
18328,0
5470,0
18323,0
5453,0
18300,8
5447,0
5423,19
18276,0
11832,0
5411,0
11831,0
5400,0
18253,0
5398,0
11817,0
5394,0
11811,0
5382,0
11798,0
5360,0
11767,0
11756,0
18188,14
5335,0
18187,14
5334,0
11753,0
5332,0
5330,0
5328,0
5323,0
18176,0
5303,0
18152,16
5299,0
5296,13
18149,0
5288,0
5287,0
5286,0
5281,0
5278,0
5273,0
5272,0
5270,0
5269,0
18109,17
5256,0
5255,0
18108,0
11665,0
5244,0
18096,12
5243,0
11661,0
5240,15
18093,0
11658,0
5237,0
5235,0
5234,0
18079,14
5226,0
5222,0
18075,0
5214,0
5210,0
11628,0
5201,0
5192,0
5191,0
5190,0
5177,0
5176,9
18029,0
18028,16
5175,0
5172,0
5171,0
5167,0
5160,0
5148,0
18001,0
5141,0
11555,0
5134,0
5126,3
17979,0
11546,0
17978,14
5125,0
5118,0
5117,0
17967,6
5114,0
11523,0
5102,0
5097,14
17950,0
5095,10
17948,0
11507,0
11506,0
5085,0
5081,0
11498,0
5072,7
17925,0
11492,0
5070,0
17923,0
5060,0
5058,13
17911,0
11476,0
5054,13
17907,0
17906,17
5053,0
11455,0
11450,0
5021,0
17874,0
11441,0
5020,0
17873,0
5013,2
17866,0
5002,0
4998,0
4987,0
4983,0
11402,0
17834,4
4981,0
4965,0
11362,0
4933,0
17763,8
4910,0
11324,0
4903,0
17753,4
4900,0
17751,4
4898,0
11315,0
4867,0
11271,0
4848,0
17701,0
11256,0
17688,14
4835,0
11242,0
4821,0
17674,0
11239,0
11237,0
4816,0
11233,0
11228,0
17660,4
4807,0
4796,0
4795,0
4785,0
4781,0
4779,13
17632,0
4773,0
4768,0
4756,0
11166,0
11163,0
17595,14
4742,0
4717,0
4714,0
11134,0
4713,0
4711,0
4708,0
17545,4
4692,0
17543,4
4690,0
4689,0
17540,9
4687,0
4679,0
4666,0
17519,0
4662,0
4654,0
17507,0
11065,0
4640,0
17491,14
4638,0
4625,0
17478,0
11043,0
4613,0
4606,0
11025,0
4604,0
17457,0
4603,0
4600,0
4595,0
17448,0
4593,0
17446,0
11007,0
4583,3
17436,0
4579,8
17432,0
4576,0
17429,0
4560,0
17408,9
4555,0
4552,0
17405,0
4541,0
4536,19
17389,0
4524,0
4513,0
4507,0
4493,0
17346,0
10902,0
4481,0
17334,0
4477,8
17330,0
4476,6
17329,0
4465,15
17318,0
4458,0
17311,0
17306,9
4453,0
10873,0
4452,0
17305,0
4451,16
17304,0
4440,0
10860,0
4439,13
17292,0
4438,16
17291,0
4436,0
17289,0
4407,0
17260,0
4405,9
17258,0
4399,0
17251,17
4398,0
4397,13
17250,0
4389,0
10809,0
4388,13
17241,0
17239,9
4386,0
4371,0
17224,0
4365,0
4353,2
17206,0
4349,0
4346,1
17199,0
4345,0
4344,0
4343,8
17196,0
10760,0
4339,0
17186,9
4333,0
10744,0
4323,0
4318,16
17171,0
10734,0
4313,4
17166,0
4310,14
17163,0
4301,14
17154,0
4286,0
4276,16
17129,0
10688,0
4267,0
10682,0
4259,0
10674,0
4253,0
4249,0
17102,0
17099,11
4246,0
4245,0
17098,0
10662,0
4241,0
4240,0
4238,17
17091,0
4231,0
17084,0
17081,14
4228,0
4215,0
10625,0
4204,0
4199,9
17052,0
10613,0
4192,0
17031,10
4178,0
10596,0
4175,13
17028,0
10594,0
4173,0
4170,0
17023,0
10590,0
4167,0
10586,0
10581,0
4159,14
17012,0
4156,0
4153,0
4152,9
17005,0
4129,0
4122,0
16975,0
10541,0
4117,0
16970,0
4115,15
16968,0
4113,0
16966,0
4103,0
4096,0
10509,0
16941,15
4088,0
10505,0
4080,0
4074,0
4067,0
4066,0
16918,2
4065,0
16916,4
4063,0
4061,0
4041,0
16888,7
4035,0
16886,2
4033,0
10449,0
4028,0
10446,0
797,0
20071,18
7218,0
4015,1
16868,0
3999,8
16852,0
10418,0
16850,5
3997,0
10414,0
3991,0
7192,16
20045,0
3985,0
16838,0
764,0
10403,0
3982,0
16835,0
3980,0
16833,0
16826,19
3973,0
7161,0
736,0
7155,3
20008,0
10354,0
7129,9
19982,0
10347,0
7119,0
3916,0
3912,0
690,0
13543,0
7111,0
19964,0
3908,16
16761,0
10313,0
16745,18
3892,0
3886,0
16739,0
7087,0
7070,0
7067,0
3864,0
16717,0
16711,14
3858,0
7060,13
19913,0
3853,6
16706,0
10264,0
3843,0
13462,0
7041,0
3838,0
7031,0
3828,19
16681,0
16678,13
3825,0
7024,0
7020,0
10238,0
3808,0
3807,0
3800,0
16653,0
3796,0
16649,0
6998,0
10216,0
10214,0
3793,0
16646,0
16645,16
3792,0
6993,0
10209,0
3787,0
6985,0
3777,9
16630,0
16628,12
3775,0
3774,0
10192,0
3768,2
16621,0
3763,0
559,0
16615,7
3762,0
6961,0
16611,8
3758,0
554,0
3757,0
3743,0
6939,0
518,0
3720,0
19788,12
6935,0
10122,0
16554,4
3701,0
478,0
470,0
6872,0
6887,0
10090,0
464,0
10088,0
13271,0
6850,6
19703,0
3640,0
16493,0
408,14
13261,0
405,13
13258,0
416,17
13269,0
6837,10
19690,0
10041,0
3620,13
16473,0
3619,3
16472,0
13236,0
13251,0
409,9
13262,0
16465,14
3612,0
6797,3
19650,0
10015,0
3594,0
3589,0
16442,0
6788,0
16432,2
3579,0
374,0
3577,0
16430,0
13188,0
13199,3
346,0
16417,16
3564,0
356,0
3559,0
6757,0
9975,0
3554,17
16407,0
9974,0
3553,0
16395,8
3542,0
16394,13
3541,0
6737,0
3534,0
9954,0
16386,4
3533,0
13144,0
302,0
9941,0
3520,0
13116,0
3492,0
273,0
13126,0
6694,0
9912,0
3491,0
16343,3
3490,0
6683,0
9901,0
3463,17
16316,0
3461,0
16314,0
6659,0
19512,0
3452,0
246,0
3438,0
13059,0
6638,3
19491,0
6653,3
19506,0
16288,13
3435,0
16278,3
3425,0
6623,0
3415,0
191,0
6612,0
16262,13
3409,0
16252,3
3399,0
3389,0
6581,0
9799,0
3378,0
19428,8
6575,0
13011,0
3372,0
16225,0
3371,0
153,8
13006,0
19409,14
6556,0
3352,0
9763,0
3342,0
16195,0
124,0
3327,0
3309,0
66,16
12919,0
19351,8
6498,0
3295,14
16148,0
53,0
12910,0
68,0
3271,0
3266,19
16119,0
12900,0
47,0
58,0
12875,0
22,0
3251,0
12888,0
46,0
3249,0
12853,0
6432,9
19285,0
12846,0
6425,0
16075,18
3222,0
19267,2
6414,0
12834,0
6413,0
16063,17
3210,0
9615,0
3194,0
9613,0
3187,0
3184,14
16037,0
3157,0
3154,0
6352,0
3149,0
9560,0
3139,0
15984,2
3131,0
6331,0
9549,0
15981,16
3128,0
3115,0
15968,0
9532,0
3111,0
15964,0
9531,0
3110,0
15963,0
12731,0
6310,6
19163,0
3107,0
15960,0
3104,0
6301,0
3098,0
15951,0
6295,0
3092,0
3086,0
15939,0
12697,0
6276,0
12696,0
6275,0
19128,0
3072,14
15925,0
3071,0
15924,0
15920,14
3067,0
3062,0
9477,0
3056,14
15909,0
3048,0
15901,0
15900,14
3047,0
3040,0
3034,0
12652,0
15881,4
3028,0
3023,14
15876,0
9431,0
3010,0
12632,0
3008,0
15861,0
3007,0
6202,0
2999,0
15851,10
2998,0
2995,0
9415,0
9414,0
6188,0
19041,0
2985,0
15838,0
2983,0
6180,13
19033,0
9398,0
2973,0
2971,0
12594,0
15823,16
2970,0
15821,3
2968,0
2965,0
2959,0
2955,0
15808,0
15807,5
2954,0
2950,0
15803,0
9354,0
2930,0
9349,0
2928,0
9348,0
6121,0
6119,0
9336,0
2907,0
6090,0
15739,19
2886,0
6075,0
9293,0
2872,0
9279,0
9277,0
2856,1
15709,0
2853,0
6054,0
9272,0
9271,0
6042,2
18895,0
12462,0
15680,16
2827,0
9259,0
15691,3
2838,0
6030,0
6023,0
9240,0
2818,0
2793,0
2792,0
12415,0
2791,0
9208,0
5986,0
9204,0
2772,0
5972,0
9190,0
2757,16
15610,0
2768,15
15621,0
2754,7
15607,0
2765,0
2764,9
15617,0
2752,4
15605,0
12386,0
2762,0
9182,0
15613,16
2760,0
5955,0
12375,0
5954,0
18807,0
15593,0
9172,0
15590,4
2737,0
2746,0
5945,0
15584,0
9163,0
15579,0
5932,0
15560,0
5914,0
5898,4
18751,0
9116,0
12315,0
2688,0
5875,0
18728,0
2648,18
15501,0
15494,0
2652,0
9069,0
2647,0
2635,0
15451,0
2609,0
15462,0
12226,0
18658,11
5805,0
15438,0
2585,0
9014,0
2593,4
15446,0
12209,0
5788,0
15427,5
2574,0
12208,0
5787,0
2578,0
12201,0
5780,0
8991,0
2570,0
2558,5
15411,0
15409,0
2551,8
15404,0
8982,0
12179,0
15397,5
2544,0
12178,0
2554,0
2550,0
15386,0
5746,0
18599,0
12164,0
5743,0
8961,0
5742,13
18595,0
5734,0
2531,17
15384,0
8951,0
2530,0
12152,0
2520,0
5721,0
12128,0
5707,0
5678,4
18531,0
5677,4
18530,0
8895,0
15310,0
8880,0
12064,0
8861,0
2440,0
2435,0
8850,0
8849,0
15263,3
2410,0
2396,0
2386,10
15239,0
15227,3
2374,0
8806,0
2385,0
5586,0
2383,0
12003,0
5579,0
18432,0
2376,0
15208,0
8778,0
8768,0
2346,0
8765,0
8760,0
2339,0
11961,0
15179,0
2326,0
8747,0
5526,0
5523,17
18376,0
2310,0
11932,0
5511,0
15149,0
8728,0
2307,0
8696,0
5474,0
2271,0
18326,4
5473,0
2259,13
15112,0
11893,0
5472,0
5471,0
15110,0
2257,0
8689,0
5469,0
8686,0
21539,0
8681,0
8678,0
15095,0
8674,0
15093,9
2240,0
8672,0
15091,19
2238,0
8670,18
21523,0
2247,0
2246,0
11864,0
5443,19
18296,0
8661,0
11863,0
2239,0
11862,0
11861,0
2225,14
15078,0
11858,0
2231,0
2228,0
11843,0
11837,0
2202,14
15055,0
2213,0
5414,0
8632,0
2211,0
11830,0
2206,0
15045,0
8623,0
15038,0
8615,0
10200,0
3779,0
15024,0
8603,0
15017,0
10191,0
5376,0
18229,0
6968,0
562,0
10186,0
3765,0
2168,0
3764,0
15005,0
2163,0
6953,0
3750,0
531,0
10155,0
21411,8
8558,0
2137,0
486,0
3704,0
3694,0
8518,15
21371,0
14934,0
8510,3
21363,0
5276,0
14907,0
2054,0
13276,0
423,0
3652,14
16505,0
11679,0
18111,14
5258,0
3651,0
8475,0
2049,0
13284,0
442,0
3645,0
436,0
16492,16
3639,0
13265,0
6844,0
19697,0
16478,16
3625,0
21302,12
8449,0
2028,6
14881,0
19680,4
6827,0
2027,0
420,0
6825,0
3622,19
16475,0
5228,0
14867,0
3609,0
14854,9
2001,0
378,5
13231,0
3607,0
16460,0
3597,17
16450,0
5203,0
14842,0
2000,0
3592,0
1995,0
8415,0
1994,0
13204,0
362,0
3580,0
1983,0
5168,0
9978,0
1960,0
3545,10
16398,0
1948,0
3531,0
1934,0
323,0
3526,0
11553,0
5132,0
14771,17
1918,0
1929,0
14755,12
1902,0
8334,0
21187,0
6712,0
13142,0
5115,0
17968,0
16360,12
3507,0
8331,0
9907,0
1889,0
16336,9
3483,0
1886,0
14739,0
259,0
3477,0
5083,0
1880,0
3469,0
13090,15
237,0
6658,15
19511,0
3455,0
1858,0
21122,18
8269,0
14689,0
1836,0
3442,0
248,0
1845,0
5042,0
1832,0
1815,0
11433,0
5012,0
1809,0
13024,0
6603,0
13019,0
166,0
19451,8
6598,0
3395,0
4990,0
1787,0
11393,0
3364,0
6573,6
19426,0
3332,0
16185,0
12980,0
127,0
17791,2
4938,0
134,14
12987,0
1731,0
3320,11
16173,0
3329,0
1723,0
3313,11
16166,0
14558,0
8137,0
14569,7
1716,0
1714,0
11335,0
1711,0
14550,0
1708,0
85,0
3303,0
6515,0
19368,0
12962,13
109,0
6488,15
19341,0
3285,0
8109,0
12912,0
59,0
8103,0
3275,0
81,0
20947,6
8094,0
1673,0
12898,16
45,0
12878,0
12889,19
36,0
9675,0
3254,13
16107,0
14499,0
38,12
12891,0
49,0
3252,0
3225,0
1628,0
3223,8
16076,0
17682,3
4829,0
12843,0
1,0
3219,0
1622,0
6420,2
19273,0
9638,0
3217,0
6419,13
19272,0
3216,0
1619,0
6410,14
19263,0
9628,0
19283,14
6430,0
4809,0
1606,0
12823,0
6402,14
19255,0
16052,9
3199,0
3198,0
1601,0
6407,0
3204,0
11222,0
4801,0
14440,0
1598,0
9604,0
3183,0
1586,0
1579,0
11196,0
12790,0
6369,0
9587,0
3166,0
11193,0
7990,0
1568,0
1567,0
16016,2
3163,0
11190,0
4769,0
17622,0
7987,12
20840,0
4765,10
17618,0
20836,12
7983,0
7962,0
4740,0
17593,0
1537,0
7956,0
1535,0
9538,0
15970,14
3117,0
1520,0
15956,14
3103,0
1506,0
12701,0
6280,0
3077,0
15930,0
7901,0
1480,0
7899,0
1478,0
1460,16
14313,0
7888,0
3063,0
4664,0
4659,0
1445,1
14298,0
7877,0
15899,4
3046,0
12667,0
15896,5
3043,0
11070,0
4649,5
17502,0
4648,0
7866,13
20719,0
1444,0
7861,0
4641,17
17494,0
4637,0
20708,6
7855,0
1434,0
15879,14
3026,0
7850,0
15878,11
3025,0
14270,0
11051,0
4630,0
7848,0
1427,0
4623,0
1420,0
4617,0
17470,0
7835,0
1412,0
1409,0
4610,5
17463,0
1407,0
3003,0
11030,0
4609,0
17462,0
1406,0
9422,0
3001,0
15854,0
7825,0
1387,0
15832,12
2979,0
4585,0
1382,0
4584,0
2976,0
15829,0
4581,6
17434,0
1367,10
14220,0
9385,0
2964,0
15817,0
2963,5
15816,0
1363,0
2958,0
15811,0
1361,0
1360,0
2936,0
10944,0
4519,0
17372,0
1316,0
20586,10
7733,0
1312,0
1300,0
1298,0
1292,0
20562,16
7709,0
4488,0
17341,0
9302,0
2881,0
1272,0
15708,0
7681,0
1260,0
1252,0
4454,0
20525,14
7672,0
10867,0
1243,0
1234,0
4431,0
17284,0
4429,0
17282,0
7647,0
1226,0
9234,0
2809,0
1212,0
7632,0
20485,0
1210,0
10833,0
4412,0
4411,8
17264,0
7629,0
6000,0
15639,0
9218,0
7621,2
20474,0
1197,0
9210,0
2785,0
7609,0
4385,6
17238,0
7603,0
1182,0
4384,0
4380,13
17233,0
1159,14
14012,0
5957,9
18810,0
7577,0
1156,0
12368,0
20421,16
7568,0
4341,6
17194,0
4340,0
7558,0
7555,0
5925,6
18778,0
10749,0
4328,0
1125,0
10748,0
17180,9
4327,0
314,0
11544,0
5123,0
1920,0
1919,0
20392,1
7539,0
15556,0
11526,0
5105,2
17958,0
13946,0
1104,0
1103,0
5902,0
1897,0
4303,3
17156,0
20374,6
7521,0
6685,0
279,0
9903,0
3482,0
8306,0
1885,0
1088,0
10709,0
1085,0
15523,0
2681,0
4285,0
1082,0
256,0
3474,5
16327,0
14719,0
8298,0
5880,0
2677,0
7501,0
20353,16
7500,0
1079,0
7498,0
1077,0
1871,0
2671,0
1074,0
1072,0
3460,0
9880,0
16312,9
3459,0
1862,0
14715,0
1065,0
10687,0
5052,0
8270,16
21123,0
4255,0
7468,2
20321,0
5040,0
2637,0
1036,0
4235,0
4227,3
17080,0
199,11
13052,0
6620,4
19473,0
1023,0
4223,9
17076,0
9834,0
1019,0
10640,0
1013,0
15448,0
10633,0
176,0
1797,0
13045,0
20274,4
7421,0
1000,0
10622,0
4201,14
17054,0
194,0
10615,0
991,0
162,0
16233,14
3380,0
1783,0
15425,0
7407,0
16234,5
3381,0
3390,0
984,0
5783,0
2568,16
15421,0
982,0
11397,0
4177,0
15410,0
971,0
8987,0
2566,0
10593,0
969,0
2565,0
5708,0
16964,9
4111,0
908,0
20968,16
8115,0
2494,0
13739,0
7318,0
897,0
6493,0
87,0
12940,0
3290,14
16143,0
8114,0
1693,0
4099,0
16952,0
896,0
7310,0
889,0
8102,0
8105,0
884,0
10506,0
873,0
3264,0
16117,0
12091,0
5670,0
18523,0
15309,0
2467,0
16922,9
4069,0
20140,4
7287,0
866,0
7278,0
857,0
8069,0
20922,0
1648,0
4052,0
4051,0
14476,0
1623,0
8055,0
1634,0
3243,3
16096,0
6461,0
8855,0
16884,13
4031,0
11232,0
8029,0
4000,7
16853,0
5593,0
2390,0
778,0
4791,4
17644,0
1588,0
5583,3
18436,0
17633,9
4780,0
9582,0
10391,0
7168,14
20021,0
7975,0
757,0
16810,16
3957,0
754,0
9563,0
15995,14
3142,0
4748,14
17601,0
7966,0
1545,0
733,0
7154,0
5545,2
18398,0
5541,0
18394,0
16797,16
3944,0
10358,0
718,0
20803,4
7950,0
11946,0
5525,3
18378,0
3928,0
1519,0
7124,0
6312,0
9530,0
3109,0
14354,0
3918,0
5507,0
18360,0
15146,0
692,0
8724,0
3909,7
16762,0
8722,14
21575,0
7110,11
19963,0
704,0
677,14
13530,0
688,0
3096,0
15949,0
1499,0
3905,0
702,0
3094,0
11121,0
20771,4
7918,0
2297,0
10324,0
700,0
19957,6
7104,0
15944,12
3091,0
11118,0
4697,0
10321,0
697,0
9510,0
3898,0
695,0
7099,0
693,0
17544,16
4691,0
7097,0
19950,0
10315,0
691,0
6283,16
19136,0
3080,18
15933,0
1483,0
3888,0
684,0
7088,0
682,0
7085,0
16202,12
3349,0
5755,0
15394,0
955,0
2952,0
7776,0
5358,0
2155,0
543,0
6964,0
15391,5
2538,0
952,0
7771,18
20624,0
1350,0
16600,3
3747,0
11773,0
536,0
19810,11
6957,0
1343,0
7763,0
14177,0
6944,0
15777,2
2924,0
2923,0
1315,13
14168,0
505,0
6926,0
3723,0
14968,16
2115,0
8547,0
529,0
104,0
6525,0
19378,0
16175,5
3322,0
6534,4
19387,0
8943,0
2522,0
7346,0
925,0
513,0
19787,3
6934,0
2912,0
4518,0
5318,0
14957,0
14156,14
1303,0
19767,14
6914,0
3711,0
6111,0
2908,0
7732,0
16561,6
3708,0
504,0
10128,0
11734,0
512,0
1306,0
6930,0
509,0
6101,0
7722,0
8113,0
4098,0
12514,0
6093,0
3699,0
10109,0
3688,0
489,0
13285,0
2064,0
6873,0
7684,0
1263,0
3660,0
16513,0
18514,5
5661,0
2447,14
15300,0
4064,0
16917,0
20917,8
8064,0
13688,0
835,0
7267,0
2843,0
19699,14
6846,0
14888,0
8467,0
2046,0
16094,9
3241,0
27,4
12880,0
5620,0
7226,12
20079,0
4420,2
17273,0
12424,0
6003,0
1203,0
393,0
4401,19
17254,0
6807,0
13243,18
390,0
6384,0
3181,0
16843,17
3990,0
787,0
13223,0
19655,16
6802,0
381,0
16437,13
3584,0
6811,0
19664,0
15623,0
9202,0
2781,0
10808,0
4387,0
7605,0
20458,0
15217,0
8796,0
2375,0
9196,0
6778,0
776,0
12397,0
9194,0
13197,0
6776,0
3573,0
13206,8
353,0
369,0
9993,0
3572,0
11599,0
8396,0
16021,8
3168,0
2371,0
6774,0
9992,0
5573,6
18426,0
1971,0
4372,4
17225,0
3563,0
1966,0
9977,0
16409,11
3556,0
8370,0
1949,0
5543,6
18396,0
10367,0
3539,0
16392,0
345,0
9550,0
3129,0
4735,0
5535,16
18388,0
2332,0
4338,0
17191,0
10355,0
3934,14
16787,0
6740,0
17980,18
5127,0
16770,18
3917,0
293,0
3511,0
8730,0
14751,13
1898,0
1909,0
15550,0
13950,0
7529,0
20382,0
9926,0
16367,9
3514,0
14340,0
701,0
4304,3
17157,0
1493,0
7102,17
19955,0
20370,12
7517,0
13141,0
299,0
3472,0
1875,0
1078,0
6687,13
19540,0
5870,0
3256,0
20927,7
8074,0
9680,0
4056,0
16909,0
853,0
6471,0
50,0
9674,0
3253,0
12886,0
6465,3
19318,0
6877,0
6665,0
1842,0
5833,0
18686,0
9051,0
16283,1
3430,0
1029,0
12243,0
5822,0
1022,0
1808,0
2608,0
10831,0
1207,0
13237,0
6816,0
5807,0
18660,0
9025,0
7428,0
18062,16
5209,0
8427,0
3396,0
13025,0
3587,0
1990,0
14843,0
4993,0
1790,0
1785,0
14805,0
1963,0
4963,0
17816,0
9781,0
3360,0
16213,0
21037,16
8184,0
1763,0
6572,0
13008,0
11385,0
960,0
9573,0
3152,0
16005,0
1555,0
6154,0
2951,0
15804,0
548,0
3751,10
16604,0
5154,0
1951,0
9369,0
15801,19
2948,0
11775,0
3348,9
16201,0
8172,0
3351,0
6746,0
5149,0
1946,0
2542,0
7366,0
945,0
9363,0
2942,0
7766,0
1345,0
10163,0
136,0
19410,2
6557,0
18590,14
5737,0
930,0
3339,0
6533,16
19386,0
10548,0
4127,0
924,0
5722,0
18575,0
4125,0
16978,0
4525,0
1322,0
19784,5
6931,0
525,0
524,0
17972,16
5119,0
1916,0
5720,0
2517,0
7341,0
6520,7
19373,0
9738,0
3317,0
16170,0
108,0
4106,0
903,0
6912,0
19780,14
6927,0
506,0
1496,0
16755,17
3902,0
5899,0
18752,0
9117,0
2696,0
4302,12
17155,0
20373,16
7520,0
8117,0
7320,0
2896,0
1299,0
14941,0
19761,5
6908,0
502,0
19364,11
6511,0
105,0
15416,0
977,0
12907,0
6486,0
8098,0
16130,11
3277,0
1280,0
5283,0
14922,0
21354,4
8501,0
2480,0
6492,0
11497,0
5076,7
17929,0
1076,0
3473,0
12897,0
6476,4
19329,0
16126,17
3273,0
7296,0
875,0
20949,1
8096,0
4474,0
3668,16
16521,0
272,0
12908,0
3269,3
16122,0
6481,17
19334,0
5162,0
1959,0
2956,0
6568,0
8086,0
8912,0
16950,17
4097,0
497,0
6453,0
10868,0
1244,0
850,0
8162,0
1741,0
16200,18
3347,0
144,0
12162,0
10565,0
4144,0
16997,0
941,0
1341,0
6941,0
3738,10
16591,0
1044,0
16294,12
3441,0
3893,0
9108,0
1090,0
6499,0
7311,0
1729,11
14582,0
7761,0
3340,0
3440,0
9554,0
3133,0
4739,0
6539,0
4142,7
16995,0
7263,0
20116,0
842,0
6442,14
19295,0
4845,0
8063,0
2039,0
20557,12
7704,0
3730,16
16583,0
8554,0
14875,0
4039,0
3228,0
1631,0
834,0
15368,0
2526,0
4132,17
16985,0
10156,0
3735,0
16588,0
4135,0
16988,0
932,0
6541,0
5223,0
8441,0
8044,0
4071,0
1715,0
918,0
521,0
3315,0
1718,0
1332,0
9374,0
2953,0
1356,0
18,0
3122,0
10352,0
3931,0
9146,0
10752,0
4331,0
17184,0
16555,11
3702,0
12426,0
6005,4
18858,0
4408,0
20479,4
7626,0
8426,0
7659,0
1277,0
16527,14
3674,0
17086,14
4233,0
1030,0
6639,0
19492,0
4107,0
19657,4
6804,0
16454,4
3601,0
6813,4
19666,0
7622,0
1201,0
6801,0
19654,0
9365,0
15797,6
2944,0
7768,0
550,0
6636,13
19489,0
3433,18
16286,0
14055,0
2013,0
16872,8
4019,0
1616,0
2449,0
4055,0
16908,0
13694,0
16155,14
3302,0
3599,0
13247,0
7093,14
19946,0
687,0
18540,15
5687,0
20161,12
7308,0
9305,0
2884,0
10464,0
4043,0
4220,0
17073,0
21413,1
21386,1
21242,1
21224,1
20918,1
20910,1
20685,1
20651,1
20598,1
20517,1
20515,1
20414,1
20226,1
20217,1
19142,1
19029,1
19009,1
18708,1
16812,1
16798,1
16642,1
16602,1
16584,1
16346,1
16263,1
16030,1
15295,1
40,3
12893,1
12658,1
12649,1
12562,1
12391,1
12382,1
12380,1
12258,1
12154,1
12149,1
11978,1
11884,1
11713,1
11705,1
11614,1
11568,1
11109,1
10943,1
10529,1
10430,1
10393,1
10083,1
9825,1
9818,1
9478,1
9250,1
9237,1
15511,3
2658,1
15337,14
2484,1
8794,1
8745,1
8708,1
8637,18
21490,1
2203,9
15056,1
8582,1
21435,1
8562,14
21415,1
21252,16
8399,1
21166,16
8313,1
21128,11
8275,1
8032,1
20885,1
20879,6
8026,1
7790,1
20605,16
7752,1
7644,19
20497,1
20473,4
7620,1
7600,9
20453,1
13890,1
6789,14
19642,1
13192,1
140,1
12866,14
13,1
6134,1
6094,1
12351,1
5738,1
18591,1
5657,1
18397,9
5544,1
11898,1
5339,1
11724,1
11567,1
17943,18
5090,1
11481,1
4797,1
11034,1
4184,4
17037,1
10436,1
7061,1
10211,1
3786,1
16574,14
3721,1
6787,1
16422,6
3569,1
6759,1
9610,1
9519,1
6165,1
12570,1
6123,1
2839,4
15692,1
15594,1
2659,1
5793,19
18646,1
8999,1
8979,1
8976,1
8969,1
15354,1
15324,8
2471,1
12017,1
2253,1
15094,1
5422,1
8588,18
21441,1
21203,2
8350,1
5089,1
126,1
6466,1
19308,16
6455,1
7984,14
20837,1
1438,1
7693,15
20546,1
9287,1
2862,18
15715,1
10840,1
2789,1
1181,1
1124,1
1080,1
9034,1
20257,12
7404,1
6591,1
968,1
74,1
11305,1
1608,1
5600,1
3951,3
16804,1
11966,1
2342,1
2333,1
19966,4
7113,1
12176,1
6549,1
5312,1
1658,1
20037,11
7184,1
774,1
1096,1
1853,1
8229,1
1011,1
8981,1
11570,1
15772,16
2919,1
8995,1
2938,1
3680,7
16533,1
2433,1
11644,1
12860,1
21337,2
21222,2
20432,2
19812,2
19704,2
19466,2
19365,2
18997,2
18832,2
18713,2
17975,2
17848,2
17661,2
17558,2
16911,2
16817,2
16719,2
16665,2
16590,2
16337,2
16244,2
16219,2
16055,2
15482,2
15307,2
13138,2
12572,2
12569,2
12362,2
12255,2
12035,2
12031,2
11750,2
11700,2
11687,2
11565,2
11452,2
11424,2
11340,2
11333,2
11317,2
11306,2
11300,2
11018,2
10964,2
10870,2
10600,2
10500,2
10427,2
10032,2
10027,2
9970,2
9937,2
9896,2
9652,2
9475,2
15679,2
2826,2
9113,2
9101,2
9097,2
8893,2
8742,2
15153,2
8635,18
21488,2
21412,3
8559,2
8457,2
21277,18
8424,2
21244,6
8391,2
8317,2
8297,2
8291,2
8286,2
14540,2
7817,8
20670,2
7774,2
20529,10
7676,2
7462,2
20308,7
7455,2
20302,16
7449,2
20241,12
7388,2
13633,11
780,2
7048,2
534,2
388,2
6809,2
6711,2
6701,2
6670,2
19447,19
6594,2
6522,7
19375,2
12890,15
37,2
6458,2
6227,2
6187,2
6102,2
18955,2
12506,2
5906,2
12239,2
5461,2
5342,2
5316,2
11690,2
17896,9
5043,2
4920,7
17773,2
10599,2
10597,2
10538,2
16811,14
3958,2
3954,4
16807,2
16727,8
3874,2
16608,16
3755,2
10094,2
3631,2
10040,2
13203,2
202,2
6621,9
19474,2
9605,2
6313,2
9525,2
9428,2
2916,19
15769,2
2815,14
15668,2
5968,2
15553,13
2700,2
2518,2
2488,2
8899,2
2478,2
2429,2
5624,2
15188,7
2335,2
2270,2
5455,11
18308,2
2234,2
3713,2
11689,2
21300,7
8447,2
6783,2
13165,2
8339,7
21192,2
9930,2
13131,2
6680,2
13093,2
17901,5
5048,2
17825,14
4972,2
6540,2
1706,2
4892,2
14524,2
8027,2
4775,2
1449,2
1446,2
11031,2
14154,14
1301,2
1288,2
1284,2
2825,2
1225,2
2807,2
2613,2
12914,2
6299,2
6288,2
7092,2
538,2
5313,6
18166,2
10925,2
1643,2
10053,2
15259,2
19667,16
6814,2
5984,2
5976,2
9994,2
3547,14
16400,2
16799,16
3946,2
7949,13
20802,2
18354,12
5501,2
20767,4
7914,2
5078,2
151,2
539,2
11540,2
6529,2
1271,2
739,2
10556,2
6325,7
19178,2
1328,2
2437,2
21378,3
21238,3
21034,3
20794,3
20180,3
19674,3
18875,3
17700,3
17506,3
16986,3
16644,3
16023,3
15979,3
15888,3
15841,3
15762,3
15296,3
15292,3
15210,14
2357,3
15026,12
2173,3
1327,4
14180,3
13136,3
12702,3
12521,3
12059,3
12033,3
11925,3
11726,3
11418,3
11400,3
11381,3
11049,3
10434,3
10233,3
10197,3
10140,3
10067,3
9967,3
9927,3
9869,3
9590,3
9465,3
9280,3
2428,9
15281,3
8799,3
8716,3
8526,3
8407,4
21260,3
21164,10
8311,3
8289,7
21142,3
14697,3
8039,3
8010,3
7903,3
7902,3
20746,6
7893,3
7876,3
20728,12
7875,3
20334,12
7481,3
7442,3
882,14
13735,3
13656,3
6732,3
6503,3
12917,9
64,3
6217,3
6113,3
12517,3
5660,3
5647,3
5627,3
11979,3
5396,14
18249,3
18243,16
5390,3
5345,3
11717,3
11708,3
11674,3
5071,3
11377,3
17775,19
4922,3
4827,3
4810,3
17630,16
4777,3
4751,3
10826,3
4347,3
17058,9
4205,3
4160,3
10447,3
16737,19
3884,3
7073,3
16723,11
3870,3
3841,3
494,3
3649,12
16502,3
10000,3
6762,3
13180,3
6752,3
9909,3
6592,3
3261,3
12619,3
12551,3
9337,3
15641,3
5965,3
15571,14
2718,3
2729,3
2711,3
9032,3
2417,18
15270,3
15240,3
2337,4
15190,3
2309,6
15162,3
15107,3
15118,13
2265,3
18307,7
5454,3
18238,11
5385,3
3734,13
16587,3
2108,3
14949,3
6863,3
2048,3
6721,3
14666,3
6547,3
6447,3
23,3
1620,3
12831,3
8022,3
20801,12
7948,3
1502,3
1466,3
7870,3
1414,3
1391,3
1339,3
7673,3
1208,3
8340,16
21193,3
1084,3
19450,10
6597,3
11395,3
4974,3
1765,3
10472,3
3205,3
3937,3
5500,3
7107,3
9373,3
7736,3
11725,3
2890,3
3643,13
16496,3
10841,3
10822,3
6784,3
15213,3
4376,3
743,3
334,14
13187,3
7120,3
19561,5
6708,3
3899,3
3602,3
995,3
20234,16
7381,3
14993,3
145,3
10544,3
7315,14
20168,3
12874,3
6699,3
14975,3
1732,3
11637,3
10440,3
852,3
3890,3
10105,3
21479,4
21453,4
21405,4
21272,4
21271,4
21265,4
21256,4
21236,4
21234,4
21232,4
21221,4
21194,4
21189,4
21114,4
21053,4
21049,4
21045,4
21022,4
21012,4
20969,4
20920,4
20896,4
20813,4
20812,4
20800,4
20798,4
20779,4
20672,4
20660,4
20658,4
20648,4
20630,4
20566,4
20564,4
20561,4
20545,4
20502,4
20499,4
20498,4
20470,4
20455,4
20448,4
20440,4
20407,4
20400,4
20284,4
20278,4
20255,4
20105,4
19978,4
19850,4
19803,4
19745,4
19723,4
19710,4
19427,4
19171,4
18953,4
18769,4
18718,4
18699,4
18283,4
18155,4
17988,4
17802,4
17616,4
17556,4
16910,4
16818,4
16816,4
16802,4
16715,4
16705,4
16672,4
16461,4
16388,4
16377,4
16376,4
16371,4
16350,4
16324,4
16317,4
15790,4
15265,4
2291,14
15144,4
15136,4
14516,4
12721,4
12631,4
12306,4
12207,4
12085,4
12061,4
12042,4
11879,4
11736,4
11727,4
11667,4
11629,4
11621,4
11564,4
11543,4
11500,4
11494,4
11443,4
11307,4
11047,4
10853,4
10499,4
10478,4
10225,4
10119,4
10108,4
10037,4
9995,4
9961,4
9914,4
9572,4
9558,4
9556,4
9441,4
9427,4
9346,4
9267,4
9263,4
9235,4
9111,4
15495,4
8956,4
15349,9
2496,4
2273,16
15126,4
15109,4
8602,18
21455,4
8581,4
14998,4
8458,4
8366,16
21219,4
8364,4
8254,4
8001,4
20775,14
7922,4
7894,13
20747,4
7884,4
14300,4
14285,4
7730,7
20583,4
7728,4
7674,17
20527,4
7635,14
20488,4
7585,17
20438,4
7504,19
20357,4
7476,4
7472,4
7459,4
7331,4
7276,16
20129,4
7072,4
560,4
6865,4
19712,7
6859,4
6622,14
19475,4
12915,4
12904,4
6475,4
6323,4
6279,4
6233,4
6104,4
5969,4
5922,4
12334,4
5492,4
18336,19
5483,4
5389,17
18242,4
5367,4
5308,4
18150,18
5297,4
11664,4
11503,4
11478,4
4814,4
4794,4
4792,4
10926,4
4457,4
4330,4
3989,4
7157,4
698,4
10254,4
3697,4
466,4
19683,8
6830,4
3605,13
16458,4
3353,9
16206,4
19127,19
6274,4
6254,4
9444,4
6186,4
6185,4
6173,4
9366,4
9274,4
9260,4
15669,4
5994,4
12352,4
5850,18
18703,4
5731,4
8925,4
2490,4
2483,12
15336,4
5632,4
8826,4
2380,10
15233,4
18435,15
5582,4
8767,4
2320,4
8731,4
5494,4
5441,19
18294,4
5437,4
5415,4
3772,13
16625,4
5356,4
14954,16
2101,4
8528,4
2107,17
14960,4
2092,4
3623,13
16476,4
3557,10
16410,4
6729,4
1846,4
6669,4
1803,4
17787,14
4934,4
8047,7
20900,4
1610,4
4805,4
1524,4
7841,4
7830,4
1404,4
1320,4
12505,4
6084,4
2873,4
2866,7
15719,4
9270,4
1229,4
4419,4
7618,14
20471,4
1188,4
4307,4
8318,4
4288,4
20358,12
7505,4
8292,4
1063,4
3446,18
16299,4
1849,4
7441,4
19462,14
6609,4
13036,14
183,4
4194,4
17042,15
4189,4
187,4
12204,4
2580,4
13027,4
8986,4
6495,4
5682,4
12014,4
783,4
7985,14
20838,4
15180,4
2338,4
2322,14
15175,4
7139,4
3903,4
1492,4
3895,4
11112,4
12704,4
15001,14
2148,4
530,4
1722,4
528,4
9311,4
846,4
12869,4
6799,4
6785,4
773,4
16824,19
3971,4
728,4
5911,4
2298,4
11499,4
4273,4
20344,12
7491,4
6456,4
1033,4
9029,4
10023,4
399,4
1351,4
9964,4
21373,12
8520,4
65,4
5650,4
7096,4
1642,4
16486,5
3633,4
15782,12
2929,4
1525,4
1205,4
2005,4
16874,8
4021,4
7634,4
21553,5
21551,5
21322,5
21199,5
21028,5
20931,5
20596,5
20415,5
20256,5
19571,5
19515,5
19424,5
19422,5
19053,5
19045,5
18483,5
18481,5
17964,5
17922,5
17900,5
17440,5
16421,5
16405,5
16374,5
16365,5
16363,5
16311,5
16207,5
16141,5
15980,5
15729,5
15547,5
15429,5
2534,8
15387,5
14876,5
14860,5
12783,5
12630,5
11855,5
11802,5
11413,5
11221,5
11220,5
10715,5
10699,5
10612,5
10611,5
10609,5
10284,5
10282,5
10280,5
9965,5
9744,5
9606,5
9417,5
9229,5
9187,5
9160,5
9127,5
9115,5
9090,5
8859,5
8777,5
8644,5
8614,5
8611,5
8509,15
21362,5
8125,5
7970,5
7869,5
7757,5
7755,5
7541,5
20112,16
7259,5
13435,5
7008,5
6972,5
19713,8
6860,5
13291,9
438,5
6771,5
9,13
12862,5
6372,5
6349,5
6341,5
6335,5
5815,5
5710,8
18563,5
5644,13
18497,5
11859,5
11850,5
5410,5
5264,5
5188,5
5086,5
5034,7
17887,5
11241,5
11227,5
4776,5
11168,5
4657,5
4644,5
4574,5
4149,5
4105,5
4094,5
4089,5
3801,6
16654,5
19856,19
7003,5
6999,5
3637,10
16490,5
3480,5
3456,5
11,5
6358,5
6356,5
2962,5
12463,5
6018,5
9189,5
9158,5
2666,5
8741,5
21521,18
8668,5
15067,5
8619,5
3760,5
11787,5
5257,5
21301,19
8448,5
5219,5
16339,14
3486,5
8224,14
21077,5
9741,5
1688,5
8087,5
2961,5
2960,5
7686,5
16370,8
3517,5
7544,5
3468,5
1059,5
10644,5
17071,18
4218,5
6583,5
10610,5
16953,15
4100,5
4092,5
4085,5
10349,5
8702,5
2279,5
1264,5
15207,5
1924,5
10338,5
8155,5
8337,7
21190,5
4123,5
920,5
899,5
883,5
9177,5
2756,5
4562,5
15380,5
2836,5
14970,5
541,5
8905,5
887,5
21295,6
21233,6
21196,6
21178,6
21176,6
20976,6
20770,6
20657,6
20634,6
20567,6
20507,6
20380,6
19862,6
19639,6
19459,6
19440,6
17811,6
17788,6
17685,6
17607,6
16806,6
16441,6
16348,6
15969,6
15703,9
2850,6
15601,16
2748,6
15561,14
2708,6
15130,6
12705,6
12681,6
12659,6
12613,6
12516,6
12364,6
12166,6
11993,6
11696,6
11684,6
11566,6
11529,6
11429,6
11416,6
11407,6
11338,6
11145,6
11106,6
11028,6
10999,6
10966,6
10884,6
10839,6
10561,6
9807,6
9611,6
9566,6
9425,6
9312,6
9301,6
21430,16
8577,6
8521,6
8481,6
21278,19
8425,6
8300,6
8259,15
21112,6
14646,6
14630,6
7883,6
20736,6
14103,6
7516,6
13870,19
1017,6
7410,6
7330,6
7302,6
7191,6
6521,19
19374,6
6500,6
6485,6
24,6
6309,6
5991,6
5977,19
18830,6
12294,6
5669,6
5629,6
5555,6
5359,6
18180,16
5327,6
5084,6
11046,6
10919,6
4378,6
4358,6
4261,6
4182,11
17035,6
4157,6
10534,6
10524,6
4029,6
734,6
16670,16
3817,6
16522,16
3669,6
16487,12
3634,6
9339,6
5975,14
18828,6
2761,6
12353,6
5931,6
15477,6
5758,6
8965,6
2539,6
5679,6
2350,6
15189,6
2316,6
15152,6
5452,6
2249,6
2188,6
10185,6
14995,6
16479,14
3626,6
10046,6
11649,6
2016,6
8355,14
21208,6
6672,6
1861,6
5018,6
138,6
11302,6
1655,6
1602,6
9625,6
1469,6
7887,6
7802,18
20655,6
1366,6
1285,6
1200,6
1191,6
17216,9
4363,6
1117,6
14744,6
1877,6
2663,6
210,6
1010,6
1768,6
8915,6
13715,6
848,6
781,6
7940,14
20793,6
16747,18
3894,6
1752,6
5725,6
4517,6
5317,6
1311,6
2110,17
14963,6
19357,16
6504,6
98,6
8879,6
7193,6
731,6
6298,6
8296,6
7432,6
11630,6
4361,6
5354,6
4954,6
16396,13
3543,6
2519,6
20251,16
7398,6
9894,6
8580,6
5741,6
1639,6
1633,6
5321,6
490,6
20291,12
7438,6
21447,7
21388,7
21308,7
21286,7
21106,7
21047,7
20804,7
20712,7
20646,7
20381,7
20135,7
19815,7
19790,7
19304,7
18719,7
18606,7
16912,7
16848,7
16808,7
16480,7
16342,7
15733,7
2462,14
15315,7
14612,9
1759,7
14394,8
1541,7
13032,7
12341,7
12244,7
12182,7
12169,7
12077,7
11990,7
11878,7
11758,7
11754,7
11683,7
11578,7
11128,7
11019,7
10963,7
10923,7
10856,7
10253,7
9647,7
9562,7
9399,7
9334,7
9003,7
8935,7
2212,10
15065,7
8607,18
21460,7
8579,7
8488,7
8487,7
8430,14
21283,7
8388,7
8361,11
21214,7
8335,7
8322,14
21175,7
8036,7
8030,7
20883,7
8017,7
7838,7
7739,7
7483,7
7439,7
7359,7
7212,7
6747,7
13118,7
6668,7
6601,7
6496,7
6271,7
6257,7
6232,7
6138,7
6078,7
12379,7
12079,7
12078,7
5654,7
5575,7
11967,7
11904,7
11622,7
11588,7
5015,7
11354,7
4901,7
4745,7
11132,7
10973,7
10879,7
17223,17
4370,7
4258,7
7229,7
16865,12
4012,7
3952,7
16725,12
3872,7
10227,7
3806,7
3771,7
361,14
13214,7
9839,7
212,7
3192,17
16045,7
6243,7
6242,7
6211,7
9389,7
6149,7
2918,7
2834,7
2820,7
2691,7
12271,7
2645,7
15455,18
2602,7
2567,7
12163,7
18576,8
5723,7
8814,7
5538,7
11877,7
2252,7
2227,7
5416,7
2026,7
13110,7
5092,7
1872,7
5051,7
5050,7
8219,7
4914,7
41,7
11058,7
1433,7
1428,7
11036,7
1375,7
17328,17
4475,7
2806,7
1192,7
1157,7
1138,7
4337,7
1837,7
7444,7
1003,7
10598,7
11308,7
2479,7
837,7
11153,7
15145,7
3900,7
680,7
2276,7
6552,7
1355,7
3740,7
7747,15
20600,7
8530,7
17357,9
4504,7
1258,7
10459,7
3977,7
7953,7
1528,7
1101,7
2667,7
6679,7
1650,7
1007,7
10008,7
4554,7
6551,7
4930,7
2877,7
10089,7
6880,7
10983,7
12115,7
7762,7
484,7
859,7
10165,7
4404,7
4819,16
17672,7
20114,14
7261,7
21357,8
21319,8
21287,8
21228,8
21071,8
21040,8
20945,8
20797,8
20396,8
20311,8
20298,8
19833,8
19831,8
19799,8
19751,8
19441,8
19435,8
19411,8
19343,8
19270,8
19241,8
18986,8
18921,8
18223,8
18182,8
18138,8
17837,8
17785,8
17784,8
17777,8
17612,8
17576,8
17182,8
17178,8
17146,8
17115,8
17004,8
16925,8
16923,8
16873,8
16700,8
16685,8
16444,8
16443,8
16427,8
16307,8
16163,8
16026,8
15997,8
15894,8
15682,8
15600,8
14982,8
14623,8
14537,14
1684,8
13704,19
851,8
13189,8
13072,8
12680,8
12676,8
12443,8
12383,8
12305,8
12237,8
11968,8
11449,8
11431,8
11143,8
11041,8
11029,8
10950,8
10908,8
10883,8
10843,8
10432,8
10224,8
9804,8
9487,8
9343,8
8555,13
21408,8
8543,8
8512,8
8327,8
21117,12
8264,8
14619,8
8020,8
7997,8
7963,8
20725,14
7872,8
7824,8
14131,8
7494,8
7490,8
7482,8
7469,8
7319,8
7126,8
7074,16
19927,8
496,8
19702,19
6849,8
13212,8
13210,8
13194,8
13182,8
12949,9
96,8
6473,8
12699,8
6223,8
12629,8
12620,8
12610,8
6135,14
18988,8
6103,8
6096,8
12356,8
12331,8
5750,8
5516,8
5377,8
11755,8
11748,8
11744,8
17897,17
5044,8
4908,8
17746,11
4893,8
4798,15
17651,8
11078,8
10928,8
10872,8
4369,8
10462,8
3993,8
3933,8
3920,8
7115,10
19968,8
7049,17
19902,8
3839,8
3833,8
3831,13
16684,8
16650,9
3797,8
10213,8
544,8
6815,8
16275,12
3422,8
3418,8
16269,12
3416,8
143,13
12996,8
12988,14
135,8
3229,8
9539,8
9526,8
12722,8
9472,8
6157,8
6070,8
15675,8
2799,8
18610,16
5757,8
15396,17
2543,8
2540,8
2475,8
5671,8
8771,8
15121,14
2268,8
5442,8
2219,8
6907,19
19760,8
14921,8
1835,8
6506,13
19359,8
9640,8
20893,18
8040,8
1581,8
3176,11
16029,8
7993,8
1572,8
17625,19
4772,8
7958,13
20811,8
10909,8
6065,8
7650,8
9246,8
15655,13
2802,8
2797,8
1118,8
2714,8
8258,8
16270,17
3417,8
16266,16
3413,8
9027,8
3394,8
16247,8
12203,8
4172,9
17025,8
4884,8
7305,8
1667,8
15276,8
1577,8
3161,8
748,8
16801,16
3948,8
11962,8
7913,13
20766,8
3085,8
2281,8
1477,8
12973,8
2552,8
5352,11
18205,8
545,8
125,8
12978,8
12146,8
11738,8
1291,8
3632,8
4787,17
17640,8
13211,8
7992,8
12719,8
7443,8
4964,8
1354,8
5357,14
18210,8
142,16
12995,8
4937,8
12965,8
2500,8
3298,8
10895,8
14201,8
5665,8
844,8
6856,8
3336,8
3239,8
10151,8
836,8
17771,9
4918,8
7749,8
233,8
16197,9
3344,8
1213,8
21562,9
21096,9
20834,9
20787,9
20757,9
20682,9
20398,9
20264,9
18849,9
18490,9
18425,9
18403,9
18321,9
18252,9
18228,9
18061,9
18009,9
17916,9
17839,9
17511,9
17449,9
17419,9
17410,9
17277,9
17274,9
17248,9
17246,9
17245,9
17188,9
17169,9
17123,9
16939,9
16897,9
16893,9
16759,9
16434,9
16399,9
16357,9
16264,9
16176,9
16125,9
16098,9
15989,9
15551,9
15103,9
13256,9
12885,9
12725,9
12706,9
12573,9
12400,9
12318,9
12216,9
12202,9
11639,9
11236,9
11205,9
11185,9
11137,9
10757,9
10756,9
10746,9
10632,9
10530,9
10455,9
10292,9
10272,9
9940,9
9489,9
9453,9
15653,9
2800,9
9203,9
9142,9
9124,9
15424,9
15413,13
2560,9
8932,9
8866,9
8706,9
8699,9
14984,9
2047,16
14900,9
8435,9
7583,9
7552,9
13904,9
20300,12
7447,9
7427,9
7066,9
7047,9
19854,10
7001,9
6976,9
13186,9
331,19
13184,9
19510,15
6657,9
19280,14
6427,9
6353,9
12714,9
5985,9
5887,9
5692,9
5684,9
12050,9
5522,13
18375,9
5508,9
5388,9
11771,9
11714,9
5274,9
5220,9
5207,9
18048,12
5195,9
18036,14
5183,9
5139,9
5077,14
17930,9
4941,9
17703,16
4850,9
17677,14
4824,9
11177,9
11100,9
11059,9
4621,9
4470,9
10754,9
16973,18
4120,9
4084,9
4048,9
16783,17
3930,9
10291,9
13482,9
6996,9
10183,9
13115,9
3488,9
9792,9
3189,9
3155,9
3105,9
3051,9
15889,16
3036,9
9437,9
2994,9
2993,9
2982,9
2915,13
15768,9
2858,9
2833,9
12389,9
9184,9
9139,9
2596,9
5796,9
9012,9
5765,9
2559,9
5751,19
18604,9
8903,9
15321,16
2468,9
5643,9
8692,9
2260,9
18309,16
5456,9
2221,9
5295,14
18148,9
354,9
6748,9
9952,9
6686,13
19539,9
4970,11
17823,9
14573,9
111,9
1682,9
6502,9
4804,9
9484,9
7873,9
6163,9
1308,9
1193,9
9206,9
9175,9
1152,9
1148,9
9135,9
1100,9
6677,9
9098,9
1024,9
7437,9
5782,9
17027,17
4174,9
10521,9
13708,9
4811,9
8569,9
19796,11
6943,9
3748,9
13266,9
16424,12
3571,9
6714,9
696,9
284,9
56,9
1656,9
8206,9
1761,9
9769,9
922,9
123,9
880,9
7304,9
13274,9
4544,9
940,9
9861,9
20913,16
8060,9
839,9
4045,9
1068,9
9736,9
9543,9
11752,9
7698,9
10825,9
1347,9
4290,9
21215,10
20237,10
19742,10
18258,10
17795,10
16819,10
16815,10
16347,10
16284,10
16221,10
16022,10
15834,10
14542,19
1689,10
1651,12
14504,10
12715,10
12624,10
11301,10
11035,10
10980,10
10974,10
10855,10
10601,10
9956,10
9502,10
9486,10
9278,10
8860,10
15206,18
2353,10
15205,10
8394,10
8262,10
20807,12
7954,10
7623,17
20476,10
20191,16
7338,10
6293,10
6181,10
6172,10
6073,10
5993,10
12240,10
5744,10
12110,10
5438,10
5407,10
11685,10
11569,10
11549,10
17981,14
5128,10
11479,10
4755,10
4292,10
715,10
3840,10
9963,10
6641,10
169,10
164,10
6213,10
6105,10
2851,14
15704,10
2548,10
8892,10
557,10
2112,10
10097,10
3676,10
449,10
6848,10
11504,10
167,10
19412,14
6559,10
11359,10
1638,10
4788,10
1585,10
6179,10
1364,10
1269,10
1251,10
1245,10
1160,10
1137,10
20348,18
7495,10
4239,10
1015,10
4216,10
998,10
7272,10
3994,10
1554,10
10381,10
4155,10
7735,10
1314,10
11733,10
1198,10
1176,10
2750,10
5112,14
17965,10
3672,10
7465,10
12153,10
1128,10
8422,14
21275,10
9231,10
21404,11
21131,11
19839,11
19837,11
19256,11
19137,11
18951,11
18861,11
18415,11
17957,11
17927,11
17849,11
17776,11
17760,11
17723,11
17579,11
17479,11
17151,11
17067,11
16652,11
16636,11
16495,11
16481,11
16459,11
16277,11
16238,11
16215,11
16211,11
16041,11
15913,11
15840,11
15565,11
13077,11
12905,11
12677,11
12339,11
12298,11
12195,11
12156,11
12044,11
11711,11
11490,11
11468,11
11451,11
11253,11
11144,11
11105,11
11088,11
9971,11
9959,11
9874,11
9296,11
9252,11
9031,11
8945,11
8916,11
8853,11
8781,11
21519,15
8666,11
8628,11
15029,11
8496,11
21325,12
8472,11
7874,11
7847,11
7789,11
7496,11
13151,11
13103,11
6463,11
12858,11
6277,11
6264,11
6215,11
6060,11
5889,11
5858,11
12068,11
11982,11
11920,11
5465,11
5309,11
5094,11
11505,11
11373,11
4622,11
4510,11
4425,11
10678,11
10566,11
4075,11
4027,11
6975,17
19828,11
6884,15
19737,11
366,11
9884,11
3420,11
12981,14
128,11
3069,11
9403,11
12550,11
2902,11
15698,11
6056,11
15602,11
9181,11
5762,11
8975,11
8933,11
12053,11
11873,11
5268,11
6855,11
2025,11
2010,11
8416,11
1847,11
1798,11
14629,11
3263,11
9637,11
8000,11
11161,11
2917,11
10784,11
15596,11
2699,11
4277,11
4266,11
10676,11
8204,11
4887,11
8088,11
10473,11
7234,14
20087,11
768,11
19983,14
7130,11
2312,11
19943,14
7090,11
7765,18
20618,11
1217,11
16449,14
3596,11
401,11
2775,11
13225,19
372,11
12332,11
9088,11
3259,14
16112,11
1996,11
16814,16
3961,11
12969,11
15598,11
8160,11
1739,11
10563,11
10553,11
3744,19
16597,11
21437,12
21436,12
21414,12
21403,12
21385,12
21356,12
21336,12
21330,12
21324,12
21315,12
21298,12
21264,12
21248,12
21211,12
21179,12
21165,12
21113,12
21109,12
21103,12
21095,12
21081,12
21055,12
21044,12
21036,12
21014,12
20988,12
20954,12
20937,12
20915,12
20826,12
20822,12
20784,12
20776,12
20715,12
20706,12
20680,12
20639,12
20628,12
20569,12
20548,12
20533,12
20490,12
20463,12
20450,12
20443,12
20442,12
20412,12
20393,12
20391,12
20368,12
20339,12
20332,12
20324,12
20309,12
20304,12
20299,12
20273,12
20269,12
20252,12
20249,12
20233,12
20221,12
20213,12
20189,12
20187,12
20181,12
20174,12
20166,12
20151,12
20138,12
19254,12
19174,12
18627,12
18052,12
17034,12
17032,12
16913,12
16735,12
16698,12
16664,12
16619,12
16585,12
16569,12
16546,12
16545,12
16315,12
16246,12
15886,12
15833,12
15800,12
15753,12
15723,12
15515,12
15211,12
15141,12
14882,17
2029,12
13714,14
861,12
13014,12
12616,12
12266,12
12211,12
12005,12
11528,12
11470,12
11283,12
11060,12
10907,12
10130,12
9860,12
9091,12
8997,12
8890,12
15023,12
15002,16
2149,12
8578,18
21431,12
8428,14
21281,12
8226,12
8163,17
21016,12
8048,12
7994,12
7836,12
20679,15
7826,12
7821,12
7726,12
7678,14
20531,12
7514,14
20367,12
7382,14
20235,12
7370,15
20223,12
7354,14
20207,12
7342,14
20195,12
7264,12
20117,12
7244,12
6765,12
6586,12
6047,12
5926,12
5402,12
11635,12
5055,12
11475,12
4357,12
3968,12
3860,12
3782,16
16635,12
6840,12
3585,12
9985,12
196,12
160,12
9682,12
19307,14
6454,12
9576,12
12664,12
6198,12
15695,12
15570,12
12296,12
15489,12
8972,12
2394,14
15247,12
15079,12
2236,12
15053,12
2205,12
3770,18
16623,12
11721,12
2089,12
2055,12
14752,12
8293,14
21146,12
1764,12
14,12
1381,12
4472,12
12346,12
7487,13
20340,12
7484,14
20337,12
986,12
976,12
10532,12
7317,13
20170,12
4014,12
3996,12
1564,16
14417,12
5556,12
1529,12
19981,14
7128,12
6297,12
7083,12
4955,14
17808,12
8970,12
6115,12
8005,12
10411,12
1178,12
6790,12
1108,12
1070,12
2619,12
3377,19
16230,12
8294,12
1644,12
8868,12
93,12
2133,12
12150,12
7353,14
20206,12
1087,12
21372,13
18600,13
17113,13
16568,13
16549,13
16518,13
16003,13
15959,13
15897,13
15632,16
2779,13
15585,13
15573,17
2720,13
15569,13
15483,18
2630,13
14932,14
2079,13
14622,16
1769,13
14166,13
1313,13
12824,13
12574,13
12288,13
12185,13
12114,13
12067,13
11933,13
11572,13
11428,13
11282,13
11123,13
11098,13
11090,13
11015,13
10894,13
10877,13
10547,13
10387,13
10240,13
10112,13
10085,13
10057,13
9902,13
9878,13
9868,13
9671,13
9618,13
9599,13
9580,13
9551,13
9438,13
9335,13
9313,13
9306,13
9284,13
15688,13
8992,13
8930,13
15280,13
15278,13
8846,13
8784,13
15120,13
8556,13
8545,13
8502,13
21173,16
8320,13
14729,13
8227,13
8221,13
7974,13
7955,13
7864,13
7845,13
20698,13
7837,13
7725,13
7707,13
7696,13
7694,13
7687,13
20372,16
7519,13
7349,13
7297,13
7250,13
7245,13
7235,13
7158,13
7146,13
722,13
555,13
6917,13
6874,14
19727,13
6861,13
6763,13
6673,13
6661,13
6635,13
6577,13
86,13
6460,13
6287,13
6222,13
6106,13
6088,13
5935,13
5689,13
5663,13
12036,13
18399,18
5546,13
5346,13
11730,13
11643,13
4991,13
17809,19
4956,13
11154,13
11087,13
11027,13
4551,13
4505,13
4498,13
4459,13
4374,13
10790,13
4193,13
10484,13
4025,13
20038,18
7185,13
3875,13
19930,19
7077,13
7076,13
3873,14
16726,13
7063,13
16710,14
3857,13
10242,13
10222,13
16641,16
3788,13
10208,13
10180,13
517,13
514,13
6852,13
10068,13
3647,13
10061,13
3578,13
6777,13
13062,13
6590,13
6474,13
9578,13
9383,13
9371,13
2927,14
15780,13
2920,13
9268,13
9255,13
2664,13
9056,13
9030,13
2591,13
15432,18
2579,13
2584,13
12155,13
5662,13
12045,13
2398,13
2379,13
8797,13
2348,13
15082,13
5440,13
2230,13
2198,13
3785,16
16638,13
10181,13
10115,13
5300,13
8513,13
407,13
406,13
404,13
11636,13
9904,13
11510,13
1824,13
1794,13
1767,13
13005,14
152,13
6532,13
19331,14
6478,13
6457,13
1657,13
8023,13
8007,13
1563,13
1546,13
1456,13
1429,14
14282,13
1379,13
1378,13
7782,13
6120,13
4523,13
10893,13
7690,13
4446,13
7631,13
10805,13
1170,13
5960,13
14761,13
12301,13
1071,13
1066,13
13041,13
1820,13
12929,13
89,13
2470,13
828,13
7217,13
811,13
7189,13
3984,19
16837,13
3939,14
16792,13
732,13
707,13
8733,13
1488,13
146,13
6155,13
2549,13
5351,13
546,13
1342,13
1326,13
113,13
83,13
6864,13
3258,13
461,13
817,13
4023,13
16428,16
3575,13
1571,13
11994,13
8791,13
1173,13
1169,13
11156,13
7141,13
6705,13
6862,13
9040,13
4210,13
3603,13
19647,16
6794,13
3382,13
163,13
2154,13
11358,13
7358,13
1727,13
13333,17
480,13
1873,13
6875,13
147,13
7286,13
865,13
5694,13
6514,13
1239,13
8454,13
10054,13
5729,13
5528,13
1747,13
1287,13
1814,13
21503,14
21429,14
21376,14
21318,14
21297,14
21261,14
21251,14
21134,14
21133,14
21060,14
21041,14
20641,14
19935,14
19906,14
19895,14
19892,14
19874,14
19860,14
19826,14
19649,14
19645,14
19383,14
19379,14
19297,14
19258,14
19208,14
19180,14
19155,14
19113,14
18963,14
18910,14
18906,14
18898,14
18882,14
18842,14
18730,14
18654,14
18638,14
18479,14
18351,14
18342,14
18313,14
18239,14
18191,14
18145,14
18080,14
18037,14
17993,14
17973,14
17960,14
17956,14
17853,14
17847,14
17835,14
17810,14
17782,14
17770,14
17749,14
17738,14
17716,14
17687,14
17652,14
17596,14
17589,14
17569,14
17559,14
17551,14
17538,14
17488,14
17340,14
17317,14
17015,14
16983,14
16796,14
16707,14
16695,14
16677,14
16675,14
16663,14
16563,14
16531,14
16523,14
16512,14
16510,14
16463,14
16420,14
16404,14
16403,14
16369,14
16287,14
16216,14
16203,14
15961,14
15918,14
15912,14
15898,14
15885,14
15785,14
15778,14
15717,14
15591,14
15467,14
15308,14
2266,16
15119,14
15090,16
2237,14
15004,14
2151,14
14978,14
14028,14
937,18
13790,14
13288,17
435,14
13174,14
13039,18
186,14
12974,14
12937,14
12717,14
12679,14
12571,14
12531,14
12529,14
12485,14
12350,14
12345,14
12225,14
12205,14
12094,14
12028,14
11860,14
11841,14
11812,14
11743,14
11663,14
11619,14
11550,14
11527,14
11522,14
11477,14
11396,14
11378,14
11374,14
11349,14
11274,14
11268,14
11136,14
11126,14
11104,14
11095,14
10985,14
10978,14
10971,14
10961,14
10960,14
10918,14
10892,14
10816,14
10467,14
10458,14
10404,14
10371,14
10335,14
10219,14
10158,14
10146,14
10110,14
10098,14
10086,14
10071,14
9920,14
9918,14
9891,14
9850,14
9844,14
9833,14
9497,14
9454,14
9443,14
9388,14
9332,14
9258,14
9072,14
9033,14
9020,14
8977,14
8780,14
8748,14
8734,14
8717,14
8711,14
15031,14
8567,14
8514,14
14933,19
2080,14
8373,14
8287,14
21140,14
8205,14
8198,18
21051,14
7895,14
14315,14
20673,16
7820,14
7810,14
1246,17
14099,14
14091,16
1238,14
7475,15
20328,14
7464,14
7344,14
13753,14
745,14
7065,14
7058,14
7045,14
6970,17
19823,14
6888,14
6819,14
6818,14
6817,14
6726,14
6725,14
6702,14
6697,14
6562,14
12959,14
6538,14
6497,14
6315,14
6282,14
12688,14
12685,14
6199,14
12605,14
12559,14
6124,14
5937,14
5934,14
5919,14
5910,14
12309,14
12236,14
12221,14
12219,14
12159,14
5675,14
12093,14
5615,14
11954,14
5533,14
5520,14
11891,14
11872,14
5421,14
5379,14
11763,14
5293,14
11707,14
11598,14
11597,14
11515,14
5091,14
5082,14
11464,14
11386,14
4952,14
4890,14
17671,19
4818,14
4812,14
4806,14
17659,14
4733,14
11133,14
11086,14
4605,14
4586,14
10962,14
4537,14
10786,14
4237,14
17082,15
4229,14
4161,14
4145,14
10515,14
712,14
16779,17
3926,14
3879,14
3856,14
7046,14
3830,14
3821,14
3795,18
16648,14
3790,14
6920,17
19773,14
498,14
10102,14
10058,14
376,14
6695,14
6655,14
3367,14
9608,14
3180,14
16006,18
3153,14
3118,14
12716,14
9488,14
3039,14
15892,14
3038,14
9434,14
3013,14
9392,14
2946,14
2945,14
2933,14
2926,14
9288,14
2867,14
6059,14
2847,14
15629,14
2769,14
9087,14
2638,14
2528,14
8909,14
18539,17
5686,14
12083,14
2419,14
5608,14
18393,18
5540,14
11915,14
11895,14
8691,14
15111,14
8690,14
5409,14
11829,14
547,14
5366,14
532,14
10171,14
5340,14
2097,14
10066,14
6828,14
19681,14
6810,14
19663,14
6734,14
5121,14
3509,14
6710,14
9928,14
5113,14
6689,14
3400,14
1801,14
5001,14
3384,14
6491,16
19344,14
1678,14
1666,14
12883,14
4841,19
17694,14
9644,14
1626,14
12851,14
9619,14
14423,14
7967,14
4744,17
17597,14
1526,14
12727,14
6306,16
19159,14
3053,14
1425,14
3009,14
4615,14
12600,14
7796,14
6166,14
9381,14
9338,14
7737,14
7729,14
1276,14
4437,14
1228,14
9230,14
6010,16
18863,14
1209,14
5947,14
17933,18
5080,14
9081,14
9867,14
14679,14
15479,14
13874,14
7453,14
1032,14
1020,14
13037,14
6616,14
4212,14
2583,14
978,14
4976,19
17829,14
8186,18
21039,14
3276,14
1679,14
4054,14
2434,14
10435,14
5597,14
7199,14
767,14
741,14
724,14
1512,14
15154,18
2301,14
3910,14
1500,14
7109,14
19962,14
3089,14
11107,14
685,14
1335,14
9345,14
2126,14
2898,14
5304,19
18157,14
4494,16
17347,14
20532,18
7679,14
19286,19
6433,14
10025,14
3604,16
16457,14
1584,14
387,14
1575,14
2365,14
3565,14
9984,14
7149,14
735,14
6731,14
9893,14
9677,14
6477,14
441,14
16258,19
3405,14
6604,14
3387,14
1760,14
8572,14
8367,14
13787,14
3742,14
3345,14
8940,14
10527,14
3093,14
1099,14
7497,14
1676,14
474,14
1665,14
10518,14
6853,14
447,14
20215,16
7362,14
16140,17
3287,14
1740,14
1340,14
7260,14
11657,14
6836,14
8947,14
18585,18
5732,14
2325,14
6886,14
13060,14
12852,14
3598,14
1039,14
1649,14
2102,14
3684,14
840,14
20946,15
20734,15
19959,15
19870,15
19744,15
19679,15
19312,15
18236,15
17812,15
17048,15
16164,15
16159,15
13559,17
706,15
12814,15
12813,15
11983,15
11484,15
10737,15
10638,15
10606,15
10508,15
10080,15
9872,15
9742,15
9733,15
9410,15
15545,15
15468,15
14967,19
2114,15
7015,15
12767,15
6278,15
6082,15
11751,15
5146,15
11113,15
4591,15
4146,15
7196,15
7068,15
7011,18
19864,15
6995,15
330,15
9059,15
8998,15
5756,15
5596,15
8756,15
6841,15
8222,15
11192,15
1562,15
4660,17
17513,15
7867,15
1211,15
9178,15
1102,15
2660,15
7424,15
1771,15
11201,15
13615,16
762,15
16813,16
3960,15
1497,15
553,15
12532,15
424,15
820,15
3095,15
890,15
5236,15
5216,15
21480,16
21474,16
21360,16
21352,16
21266,16
21257,16
21255,16
21240,16
21237,16
21218,16
21209,16
21205,16
21182,16
21181,16
21148,16
21136,16
21135,16
21132,16
21100,16
21042,16
21038,16
21032,16
21017,16
20975,16
20974,16
20973,16
20943,16
20932,16
20930,16
20926,16
20894,16
20888,16
20791,16
20768,16
20735,16
20711,16
20695,16
20668,16
20654,16
20652,16
20640,16
20606,16
20593,16
20558,16
20494,16
20468,16
20395,16
20388,16
20385,16
20378,16
20376,16
20364,16
20314,16
20310,16
20279,16
20228,16
20118,16
19915,16
19887,16
19648,16
19369,16
18816,16
18648,16
18158,16
18120,16
17712,16
17655,16
17617,16
17547,16
17489,16
16921,16
16825,16
16809,16
16803,16
16800,16
16687,16
16668,16
16662,16
16655,16
16633,16
16598,16
16592,16
16551,16
16448,16
16385,16
16380,16
16297,16
16015,16
16013,16
15985,16
15822,16
15819,16
15757,16
15732,16
15559,16
15558,16
15476,16
15348,16
14985,16
14525,16
13092,16
13031,16
13026,16
12674,16
12645,16
12520,16
12187,16
12063,16
12022,16
11336,16
11320,16
11115,16
10924,16
10921,16
10917,16
10885,16
10851,16
10431,16
10235,16
10174,16
10099,16
9973,16
9678,16
9405,16
9378,16
9364,16
9316,16
9273,16
9238,16
2695,19
15548,16
9103,16
15521,16
9049,16
8946,16
15356,16
8865,16
8810,16
8793,16
8750,16
8740,16
8738,16
15062,16
15027,16
15000,16
8565,16
8409,16
21262,16
8252,18
21105,16
14314,19
1461,16
7880,16
7843,16
7723,16
7531,17
20384,16
13854,16
7190,16
756,16
7079,16
6779,16
6743,16
6738,16
13122,16
6311,16
6273,16
6240,16
12596,16
6175,16
6146,16
6107,16
6055,16
6048,16
6017,16
18870,16
5950,16
5913,16
12231,16
5680,16
5658,16
11980,16
11976,16
5496,16
11896,16
5464,16
5451,16
5444,16
5426,16
5417,16
5355,16
5314,16
11633,16
5212,17
18065,16
5029,16
4999,16
17673,19
4820,16
4803,16
4747,16
11111,16
10972,16
4521,16
10897,16
10891,16
4257,16
4176,16
4169,16
10573,16
4141,16
19986,17
7133,16
3922,16
7078,16
3867,16
3784,16
10196,16
3695,16
3681,16
3667,16
9810,16
48,17
12901,16
6231,16
9429,16
6130,16
6129,16
2887,16
6041,16
5967,16
2751,16
5894,16
9066,16
2590,16
2561,16
5749,16
18602,16
5716,16
12098,16
15312,19
2459,16
2409,16
5594,16
15221,16
2194,16
2182,16
11666,16
2042,16
3624,16
5215,17
18068,16
8353,19
21206,16
8236,16
6523,16
4911,16
14427,16
1569,16
1566,16
7964,19
20817,16
1543,16
1527,16
4729,16
1467,16
1452,16
1384,16
1317,16
7734,16
1265,16
14093,16
15667,16
1177,16
4351,16
1134,16
1122,16
5100,16
4219,16
1009,16
11977,16
4732,16
1494,16
13539,17
686,16
1344,16
9333,16
3582,16
1532,16
1135,16
1111,16
2693,16
456,16
6642,16
9372,16
533,16
10946,16
15359,16
2099,16
1677,16
483,16
13717,16
14517,16
3466,17
16319,16
13114,16
535,16
10564,16
1283,16
3629,16
8338,16
21191,16
818,16
6147,16
6505,16
6696,16
15326,16
8858,16
21532,17
21076,17
19998,17
19625,17
19507,17
19198,17
19082,17
19081,17
19077,17
19050,17
19044,17
18749,17
18527,17
18509,17
18487,17
18458,17
18454,17
18437,17
18374,17
18366,17
17442,17
17400,17
17384,17
17062,17
16990,17
16969,17
16940,17
16854,17
16772,17
16767,17
16740,17
16488,17
16415,17
16282,17
16142,17
16134,17
16100,17
15793,17
12818,17
12743,17
12628,17
12466,17
12432,17
11795,17
11765,17
11437,17
11379,17
11276,17
11261,17
11181,17
11171,17
11170,17
10903,17
10743,17
10634,17
10604,17
10385,17
10377,17
10342,17
9905,17
9829,17
9812,17
9700,17
9433,17
9107,17
9048,17
2512,19
15365,17
8829,17
8726,17
8654,17
8618,17
14930,17
8451,17
8363,17
8347,17
8314,17
8199,17
8138,17
7584,17
800,17
7221,17
7177,17
7135,17
6929,17
444,17
13282,17
13238,17
13007,17
100,17
6434,17
6376,17
12758,17
6214,17
12534,17
12524,17
12488,17
12464,17
12394,17
5839,17
5830,17
5798,17
5767,17
12080,17
5485,17
5429,17
5392,17
5260,17
5253,17
5238,17
5205,17
5194,17
11197,17
4741,17
4634,17
4366,17
4364,17
4297,17
4091,17
4081,17
4036,17
10394,17
7075,17
10285,17
10262,17
10261,17
6965,17
16570,19
3717,17
13172,17
220,17
9841,17
198,17
6619,17
213,17
3211,17
12752,17
3073,17
3016,17
2990,17
2977,17
12480,17
12407,17
5848,17
2555,17
11894,17
21477,18
8624,17
6982,17
5371,17
6952,17
5245,17
5231,17
1933,17
1913,17
1912,17
1910,17
8190,17
9734,17
9706,17
4881,17
12841,17
3207,17
11230,17
4771,17
1550,17
9294,17
7591,17
7569,17
9165,17
1147,17
13966,17
4306,17
10724,17
1040,17
10648,17
974,17
5769,17
1681,17
870,17
793,17
4700,17
4695,17
4686,17
6951,17
6546,17
895,17
3661,17
379,19
13232,17
1184,17
5178,17
6371,17
10398,17
12395,17
9192,17
1174,17
9171,17
6758,17
8761,17
3505,17
1498,17
867,17
10694,17
8211,17
1158,17
9760,17
5250,17
450,17
10314,17
9761,17
11160,17
3630,17
929,17
2529,17
1917,17
7222,17
816,17
21556,18
21512,18
21391,18
21339,18
21303,18
21138,18
20989,18
20925,18
20907,18
20829,18
20377,18
20089,18
20080,18
20039,18
20012,18
19993,18
19433,18
19083,18
18975,18
18835,18
18744,18
18700,18
18423,18
18104,18
18050,18
17455,18
17314,18
17279,18
17083,18
16963,18
16955,18
16932,18
16929,18
16926,18
16856,18
16794,18
16088,18
15234,18
14987,18
14904,18
14757,18
14199,18
12842,18
12830,18
12815,18
12791,18
12604,18
12563,18
12473,18
12457,18
12409,18
12027,18
11910,18
11574,18
11446,18
11430,18
11390,18
11352,18
11297,18
11287,18
11285,18
11260,18
11074,18
10905,18
10695,18
10665,18
10642,18
10623,18
10608,18
10255,18
10048,18
9982,18
9976,18
9933,18
9797,18
9795,18
9764,18
9755,18
9720,18
9712,18
9704,18
9689,18
9535,18
9315,18
15694,18
9134,18
9076,18
8710,18
8676,18
8663,18
8662,18
8608,18
8599,18
8592,18
14826,18
8151,18
8141,18
7907,18
7355,18
13270,18
157,18
6350,18
6267,18
6086,18
12472,18
12454,18
12435,18
5973,18
12333,18
5908,18
5895,18
5808,18
5792,18
5363,18
5057,18
11322,18
11314,18
11202,18
11198,18
4712,18
17518,19
4665,18
10779,18
10774,18
10767,18
10661,18
4165,18
16992,19
4139,18
4026,18
10375,18
7136,19
19989,18
13244,18
3449,18
9570,18
3078,18
12623,18
6201,18
12609,18
9220,18
5964,18
15453,18
9015,18
15400,18
2546,18
15253,18
8830,18
8667,18
8658,18
15048,18
5408,18
1848,18
1839,18
1735,18
6428,18
11225,18
4632,18
10781,18
15562,18
1863,18
13908,18
11461,18
2620,18
9697,18
8725,18
5506,18
9515,18
18605,19
5752,18
14951,18
4038,18
3528,18
15450,18
1680,18
1675,18
9777,18
894,18
8080,18
5331,18
10311,18
21462,19
21454,19
21382,19
21143,19
20982,19
20467,19
19762,19
18859,19
18038,19
17798,19
17752,19
17719,19
17710,19
17529,19
16885,19
16622,19
16152,19
15967,19
15664,19
15060,19
14672,19
13711,19
13139,19
12822,19
12538,19
12487,19
12087,19
11883,19
11808,19
11801,19
11722,19
11623,19
11563,19
11466,19
11435,19
11370,19
11344,19
11292,19
11272,19
11257,19
10989,19
10988,19
10922,19
10904,19
10899,19
10848,19
10551,19
10453,19
10419,19
10173,19
9981,19
9929,19
9809,19
9661,19
9561,19
9285,19
9242,19
9156,19
8996,19
8919,19
8863,19
8351,19
8255,19
8217,19
14393,19
7715,19
7470,19
7332,19
7322,19
7247,19
7216,19
13185,19
6674,19
6450,19
12661,19
12646,19
12515,19
12504,19
12390,19
5946,19
12321,19
5876,19
5873,19
12133,19
12127,19
5563,19
5517,19
5505,19
11923,19
5477,19
11847,19
5350,19
5349,19
5291,19
11539,19
11465,19
4894,19
4592,19
10874,19
10787,19
10768,19
3865,19
16718,19
3846,19
3759,19
552,19
3673,19
10052,19
6767,19
6723,19
3100,19
12663,19
12540,19
9328,19
9239,19
5951,19
5949,19
2672,19
2569,19
12186,19
12172,19
2532,19
15325,19
2323,19
11892,19
5431,19
15061,19
10018,19
6422,19
6246,19
3042,19
7865,19
9382,19
2897,19
9283,19
10832,19
12378,19
4360,19
1123,19
9102,19
1052,19
1816,19
1016,19
983,19
185,19
2505,19
3970,19
703,19
558,19
12173,19
10129,19
3707,19
14485,19
4774,19
5974,19
1153,19
13709,19
4410,19
963,19
11575,19
130,19
3356,19
2491,19
4447,19
4143,19
939,19
1220,19
10442,19
10095,19
10,19
2810,19
