21267,0
20936,0
20919,0
20721,0
20709,0
20420,0
18840,0
18795,0
18773,0
18746,0
18738,0
18736,0
18698,0
18689,0
18367,0
16991,0
12286,0
8214,44
21067,0
6340,59
19193,0
12608,0
5912,32
18765,0
5901,4
18754,0
17429,35
4576,0
17334,59
4481,0
17306,59
4453,0
4249,28
17102,0
16838,17
3985,0
191,0
3389,0
16195,51
3342,0
3189,0
2754,46
15607,0
5875,19
18728,0
15438,2
2585,0
15038,0
8510,16
21363,0
12980,25
127,0
14558,0
3303,0
4584,0
2976,45
15829,0
5957,52
18810,0
194,0
543,0
2046,0
3181,0
1875,0
2696,0
4474,0
834,0
21372,1
20514,1
17554,1
16839,1
16834,1
16518,1
16390,1
16003,1
15934,1
15897,1
15637,1
2604,39
15457,1
15299,1
2344,28
15197,1
2159,44
15012,1
14402,1
12580,1
12304,1
12119,1
11428,1
10542,1
10076,1
10074,1
9875,1
9671,1
9612,1
9588,1
15688,1
9074,1
15335,16
2482,1
8908,1
2224,5
15077,1
14316,1
7277,1
7235,1
20001,56
7148,1
6733,1
19562,31
6709,1
6684,1
19482,5
6629,1
12036,1
17753,48
4900,1
17305,56
4452,1
4440,1
3982,25
16835,1
3873,50
16726,1
3808,1
3807,1
9056,1
5662,1
2265,54
15118,1
3765,1
2163,1
14550,1
109,25
12962,1
16797,8
3944,1
3080,44
15933,1
1315,16
14168,1
2447,7
15300,1
3584,2
16437,1
10163,1
9117,1
1244,1
10565,1
1341,1
5729,1
19890,2
17523,2
17384,2
17089,2
16969,2
16961,2
16285,2
16251,2
16188,2
16133,2
16100,2
16091,2
15987,2
15742,2
2720,22
15573,2
15510,2
15122,38
2269,2
14310,16
1457,2
13790,47
937,2
13721,16
868,2
699,46
13552,2
13256,2
317,25
13170,2
12818,2
12743,2
12413,2
11957,2
11794,2
11284,2
11270,2
11205,2
11185,2
11181,2
11171,2
11137,2
10845,2
10796,2
10743,2
10738,2
10710,2
10416,2
10356,2
10342,2
10328,2
10318,2
10292,2
10272,2
9812,2
9771,2
9745,2
9352,2
9299,2
2728,47
15581,2
9142,2
9048,2
15389,2
8707,2
8629,2
14930,2
14872,2
8314,2
21016,31
8163,2
8138,2
7879,2
20650,32
7797,2
7576,2
20384,11
7531,2
20300,11
7447,2
7100,2
19933,24
7080,2
7066,2
19880,5
7027,2
19865,48
7012,2
19854,14
7001,2
6981,2
6707,47
19560,2
6434,2
6368,2
12555,2
12523,2
12488,2
5909,2
5905,2
5819,2
11953,2
5429,2
11832,2
11798,2
5360,2
5328,2
18152,21
5299,2
18075,54
5222,2
18065,33
5212,2
5054,55
17907,2
4795,2
17545,48
4692,2
17519,52
4666,2
4604,30
17457,2
10873,2
4366,2
4364,2
4346,29
17199,2
4286,2
16973,56
4120,2
4103,2
16941,50
4088,2
4081,2
4067,2
16833,58
3980,2
10394,2
7020,2
16465,39
3612,2
374,2
16417,40
3564,2
16343,9
3490,2
16316,59
3463,2
12846,2
6301,2
15920,19
3067,2
6054,2
5945,2
15451,2
5686,28
18539,2
2435,2
8760,2
11961,2
8728,2
8678,2
18309,4
5456,2
2231,2
16450,19
3597,2
13142,2
3320,38
16173,2
9706,2
12878,2
11192,2
15854,45
3001,2
12378,2
9175,2
4306,2
3482,2
15523,2
9880,2
10648,2
971,2
2565,2
13739,2
11232,2
10321,2
1343,2
19378,58
6525,2
2522,2
6111,2
4098,2
372,38
13225,2
10398,2
9977,2
8761,2
3505,2
1498,2
10694,2
1842,2
5822,2
6816,2
7428,2
14843,58
1990,2
4125,35
16978,2
4106,2
16126,27
3273,2
20949,42
8096,2
2956,2
5250,2
8162,2
3287,54
16140,2
939,2
3630,2
14875,2
5223,2
9736,2
16568,3
15959,3
15483,6
2630,3
15464,19
2611,3
12824,3
12288,3
11400,3
11282,3
11090,3
10877,3
10112,3
10085,3
9438,3
9284,3
8992,3
15280,3
8545,3
14729,3
8227,3
20865,56
8012,3
7979,3
7974,3
7725,3
7707,3
7696,3
7694,3
20489,35
7636,3
20216,54
7363,3
7349,3
7245,3
555,3
6894,3
6661,3
6577,3
6287,3
6106,3
18390,54
5537,3
11730,3
18149,54
5296,3
17911,35
5058,3
4613,3
11027,3
4505,3
4374,3
17031,14
4178,3
7063,3
16710,54
3857,3
16684,5
3831,3
6852,3
13258,25
405,3
3541,27
16394,3
13062,3
3435,25
16288,3
6590,3
3194,3
15861,54
3008,3
2920,3
9268,3
2700,43
15553,3
2664,3
9030,3
12155,3
12045,3
2398,3
2379,3
8768,3
2230,3
3785,36
16638,3
16625,48
3772,3
10181,3
10115,3
5300,3
407,3
406,3
16476,48
3623,3
404,3
11636,3
9904,3
1794,3
6532,3
19331,19
6478,3
16107,45
3254,3
8007,3
20811,35
7958,3
1360,3
6120,3
4523,3
7690,3
2802,54
15655,3
7631,3
14761,3
1071,3
12929,3
20170,31
7317,3
811,3
7189,3
7975,3
6312,3
8733,3
1488,3
2549,3
113,3
83,3
6864,3
3258,3
817,3
1173,3
11156,3
7141,3
20802,43
7949,3
19540,58
6687,3
50,3
6862,3
9040,3
3603,3
3382,3
3543,12
16396,3
7358,3
13333,51
480,3
865,3
5694,3
8454,3
1747,3
1287,3
21405,4
21221,4
21205,4
21148,4
21135,4
21053,4
21017,4
20660,4
20658,4
20596,4
20566,4
19803,4
18303,4
17712,4
16921,4
16890,4
16858,4
16816,4
16708,4
16687,4
16633,4
16538,4
16448,4
16317,4
16015,4
16013,4
15211,4
2118,52
14971,4
12672,4
12022,4
10609,4
10119,4
10108,4
9995,4
9558,4
9427,4
9238,4
15205,4
2175,30
15028,4
15027,4
8602,56
21455,4
14998,4
8497,47
21350,4
8428,56
21281,4
14285,4
7728,4
7678,38
20531,4
7519,17
20372,4
7518,55
20371,4
7476,4
338,59
13191,4
13122,4
12904,4
6088,4
18783,54
5930,4
5389,51
18242,4
18150,52
5297,4
4807,44
17660,4
10972,4
17291,30
4438,4
3864,58
16717,4
19683,35
6830,4
3605,16
16458,4
9366,4
6130,4
15669,4
15605,38
2752,4
5731,4
8925,4
18435,50
5582,4
6669,4
1610,4
15667,4
4351,4
20358,32
7505,4
4194,4
10610,4
2566,4
8986,4
778,4
3903,4
12704,4
8970,4
6785,4
4273,4
3377,35
16230,4
3466,27
16319,4
17073,59
4220,4
21319,5
21287,5
21228,5
21071,5
21040,5
20945,5
20797,5
20311,5
20298,5
19984,5
19799,5
19441,5
19435,5
19270,5
18986,5
18223,5
17837,5
17785,5
17784,5
17777,5
17576,5
17182,5
17178,5
17115,5
16923,5
16873,5
16700,5
16685,5
16667,5
16444,5
16427,5
16145,5
16136,5
16026,5
15997,5
15682,5
14623,5
14537,44
1684,5
1541,24
14394,5
13704,39
851,5
13189,5
232,52
13085,5
11508,5
11143,5
11029,5
10950,5
10908,5
10883,5
10224,5
9343,5
8555,17
21408,5
8327,5
8220,19
21073,5
14619,5
8020,5
20670,43
7817,5
20666,54
7813,5
14131,5
7604,54
20457,5
7494,5
7490,5
7482,5
7469,5
7319,5
13393,5
13212,5
13182,5
6595,52
19448,5
12949,16
96,5
6223,5
12629,5
12610,5
6135,54
18988,5
6103,5
6096,5
18945,45
6092,5
12356,5
5516,5
5481,35
18334,5
5447,51
18300,5
11755,5
11748,5
11744,5
17897,51
5044,5
4908,5
4798,38
17651,5
11078,5
10928,5
10462,5
16852,10
3999,5
3993,5
3933,5
3920,5
3839,5
3833,5
3542,15
16395,5
16275,21
3422,5
3418,5
16269,21
3416,5
143,49
12996,5
6575,17
19428,5
13006,55
153,5
12988,39
135,5
3229,5
9539,5
12722,5
6070,5
15404,28
2551,5
18610,33
5757,5
15396,54
2543,5
2540,5
5442,5
2219,5
8558,19
21411,5
1835,5
6598,58
19451,5
16076,25
3223,5
1581,5
3176,19
16029,5
7993,5
10909,5
6065,5
17264,28
4411,5
1118,5
2714,5
16270,51
3417,5
16266,36
3413,5
9027,5
4172,56
17025,5
4884,5
7305,5
1667,5
15276,5
1577,5
16801,33
3948,5
7913,49
20766,5
2281,5
12973,5
2552,5
5352,47
18205,5
545,5
12978,22
125,5
11738,5
1291,5
8064,25
20917,5
3632,5
4787,51
17640,5
353,30
13206,5
13211,5
3168,44
16021,5
7992,5
16400,43
3547,5
12719,5
1760,5
1354,5
142,8
12995,5
4937,5
14201,5
5665,5
844,5
6856,5
3239,5
836,5
2526,5
17771,59
4918,5
4021,48
16874,5
4019,50
16872,5
3599,5
21556,6
21512,6
21339,6
21303,6
21138,6
21023,6
20925,6
20907,6
20080,6
20012,6
19993,6
18674,6
14987,6
14757,6
12842,6
12791,6
11430,6
11297,6
10048,6
9797,6
9764,6
9720,6
9689,6
9535,6
9134,6
8710,6
8641,6
21460,24
8607,6
8424,42
21277,6
8349,58
21202,6
8309,6
8275,11
21128,6
7942,49
20795,6
7669,6
7643,59
20496,6
13270,6
5858,6
18029,38
5176,6
5090,48
17943,6
11163,6
4712,6
4595,56
17448,6
10774,6
10661,6
4205,37
17058,6
16992,19
4139,6
7218,39
20071,6
10418,6
7185,22
20038,6
7136,54
19989,6
3892,35
16745,6
13144,6
3222,59
16075,6
9220,6
15453,6
2602,46
15455,6
2579,49
15432,6
15400,6
8674,6
21523,59
8670,6
8668,41
21521,6
8658,6
8624,51
21477,6
21441,21
8588,6
8269,55
21122,6
8040,52
20893,6
14270,6
15562,6
7495,14
20348,6
7234,39
20087,6
4038,6
15450,6
3347,52
16200,6
16286,19
3433,6
17867,7
17847,7
15467,7
10989,7
10458,7
9752,7
15327,43
2474,7
8734,7
21254,32
8401,7
14642,53
1789,7
7715,7
6881,49
19734,7
19727,47
6874,7
6849,54
19702,7
12093,7
5287,7
5141,7
17082,50
4229,7
3378,7
6454,48
19307,7
5113,7
6559,16
19412,7
6491,33
19344,7
6422,7
3009,7
183,48
13036,7
16143,59
3290,7
10527,7
1676,7
2953,7
21257,8
21255,8
21182,8
21181,8
21132,8
21100,8
21042,8
20974,8
20943,8
20930,8
20926,8
20768,8
20695,8
20654,8
20606,8
20498,8
20415,8
20388,8
20364,8
19704,8
19369,8
18718,8
18158,8
17617,8
17556,8
17547,8
16815,8
16802,8
16795,8
16598,8
16592,8
2748,29
15601,8
15357,10
2504,8
15265,8
14985,8
2128,59
14981,8
14873,58
2020,8
14525,8
14180,36
1327,8
13092,8
12674,8
12187,8
12063,8
11336,8
10885,8
10853,8
9961,8
9486,8
9103,8
8859,8
8810,8
15062,8
21260,11
8407,8
21219,48
8366,8
8252,56
21105,8
8130,25
20983,8
14300,8
7843,8
14146,57
1293,8
7674,51
20527,8
7190,8
756,8
7079,8
19712,46
6859,8
6743,8
13054,54
201,8
6323,8
6311,8
6175,8
6055,8
5913,8
11980,8
5496,8
5451,8
5444,8
5390,16
18243,8
5355,8
4999,8
4803,8
4521,8
4457,8
17304,56
4451,8
4292,8
4257,8
4176,8
4169,8
7078,8
10254,8
3801,24
16654,8
3792,45
16645,8
16635,32
3782,8
10196,8
3695,8
3667,8
9682,8
3128,53
15981,8
3036,50
15889,8
6231,8
2954,52
15807,8
9274,8
6041,8
2834,8
2815,28
15668,8
2760,57
15613,8
18751,59
5898,8
2561,8
18602,33
5749,8
5716,8
12098,8
5473,58
18326,8
2182,8
2101,48
14954,8
3676,8
8353,39
21206,8
4911,8
6455,48
19308,8
1566,8
7964,50
20817,8
1527,8
19159,39
6306,8
1384,8
1320,8
1265,8
14093,8
7618,54
20471,8
1177,8
5100,8
4239,8
4219,8
1009,8
3957,58
16810,8
1494,8
4691,25
17544,8
2115,10
14968,8
1264,8
15207,8
1532,8
18388,28
5535,8
2298,8
1033,8
6642,8
5209,39
18062,8
5119,58
17972,8
8337,24
21190,8
7520,55
20373,8
2099,8
16521,39
3668,8
13114,8
535,8
2836,8
3633,48
16486,8
8338,33
21191,8
14970,8
6505,8
7508,8
6696,8
8858,8
21297,9
20682,9
17822,9
17007,9
16986,9
16885,9
16644,9
16481,9
16434,9
16399,9
16369,9
15841,9
15762,9
15296,9
15219,59
2366,9
15156,59
2303,9
15103,9
12885,9
12573,9
12531,9
12383,9
12202,9
12059,9
11883,9
11381,9
11049,9
10922,9
10453,9
9981,9
15653,52
2800,9
15548,33
2695,9
15413,35
2560,9
15281,50
2428,9
2397,17
15250,9
15056,42
2203,9
15049,53
2196,9
2114,54
14967,9
21394,54
8541,9
21342,10
8489,9
14697,9
1773,10
14626,9
14547,17
1694,9
20904,21
8051,9
8050,9
8039,9
14393,9
7902,9
1461,40
14314,9
20728,21
7875,9
7442,9
20232,10
7379,9
5647,9
5563,9
5502,17
18355,9
17979,52
5126,9
17775,28
4922,9
4894,9
11113,9
17436,59
4583,9
3973,35
16826,9
16737,38
3884,9
3865,16
16718,9
552,9
16472,55
3619,9
13262,53
409,9
6797,28
19650,9
9884,9
6556,19
19409,9
9560,9
9337,9
9328,9
15680,31
2827,9
15641,9
5586,9
5431,9
6748,9
4972,43
17825,9
6547,9
12831,9
3199,56
16052,9
1572,9
1502,9
1466,9
7870,9
1339,9
7673,9
2806,9
1209,9
1193,9
1152,9
17180,13
4327,9
9135,9
9098,9
3459,58
16312,9
17076,44
4223,9
1016,9
19450,14
6597,9
16964,56
4111,9
18436,56
5583,9
9373,9
3643,44
16496,9
3971,48
16824,9
3514,59
16367,9
3899,9
13709,9
4410,9
20234,40
7381,9
130,9
145,9
10544,9
16122,39
3269,9
15598,9
6699,9
1732,9
10440,9
852,9
21130,10
20829,10
20769,10
20409,10
20377,10
20089,10
20039,10
19557,10
19167,10
18357,10
18160,10
18050,10
17877,10
17760,10
17365,10
17335,10
17256,10
16856,10
16214,10
16095,10
2819,59
15672,10
2813,47
15666,10
2783,50
15636,10
15406,34
2553,10
2393,37
15246,10
14982,10
14844,10
13649,10
13046,10
12861,10
12725,10
12676,10
12604,10
12027,10
11551,10
11545,10
11460,10
11447,10
11446,10
11444,10
11437,10
10555,10
10306,10
9795,10
9704,10
9654,10
9356,10
15694,10
2803,16
15656,10
8704,50
21557,10
8662,10
21490,21
8637,10
21488,43
8635,10
8599,10
8592,10
14983,33
2130,10
21195,48
8342,10
21030,19
8177,10
8151,10
8141,10
20984,48
8131,10
8106,56
20959,10
7611,10
20259,25
7406,10
7314,10
7029,27
19882,10
13210,10
12857,10
6034,10
18079,19
5226,10
11555,10
5043,43
17896,10
11450,10
4903,10
11322,10
11314,10
4713,10
4662,10
4579,38
17432,10
4524,10
4513,10
4192,10
4115,13
16968,10
7196,10
16650,13
3797,10
10213,10
3438,10
16225,59
3372,10
9763,10
3153,38
16006,10
9532,10
6310,29
19163,10
15803,54
2950,10
2764,52
15617,10
15501,44
2648,10
2475,10
8681,10
2247,10
8667,10
5408,10
1948,10
1880,10
1731,10
9638,10
4519,13
17372,10
1226,10
20485,58
7632,10
1197,10
1159,50
14012,10
13946,10
1885,10
1088,10
2620,10
3390,10
982,10
8102,10
8088,10
2467,10
8029,10
5507,10
18360,10
8725,10
5506,10
9515,10
1477,10
8569,10
504,10
8113,10
390,16
13243,10
20458,59
7605,10
5127,25
17980,10
13950,10
20382,52
7529,10
11575,10
6912,10
20116,51
7263,10
4132,51
16985,10
3735,35
16588,10
1718,10
1201,10
14055,10
21336,11
21324,11
21248,11
21179,11
20822,11
20639,11
20533,11
20517,11
20332,11
20304,11
20299,11
20255,11
20187,11
20174,11
19742,11
18769,11
16619,11
15908,11
13275,52
422,11
12829,11
12033,11
11990,11
11566,11
10430,11
9914,11
9556,11
15511,35
2658,11
15274,19
2421,11
8559,43
21412,11
8262,11
20909,52
8056,11
7790,11
7676,43
20529,11
7433,19
20286,11
7359,11
20117,21
7264,11
7212,11
19290,47
6437,11
6047,11
18867,56
6014,11
11724,11
4184,48
17037,11
7061,11
3840,11
10211,11
6592,11
164,11
12619,11
15489,11
8999,11
8979,11
8976,11
5437,11
2048,11
3507,27
16360,11
1764,11
11359,11
6447,11
6179,11
17328,53
4475,11
7693,38
20546,11
7539,35
20392,11
1080,11
6591,11
74,11
3994,11
4376,11
17225,35
4372,11
5112,39
17965,11
7491,48
20344,11
1650,11
16604,16
3751,11
7315,28
20168,11
7704,19
20557,11
3680,46
16533,11
2929,21
15782,11
8422,54
21275,11
7438,46
20291,11
21322,12
20279,12
16817,12
16806,12
16365,12
15729,12
2116,44
14969,12
12681,12
12624,12
12166,12
11878,12
11705,12
11416,12
11320,12
11301,12
10839,12
9502,12
9301,12
2212,14
15065,12
8581,12
7323,52
20176,12
6138,12
5359,12
5339,12
17206,52
4353,12
7229,12
16621,44
3768,12
9810,12
6414,59
19267,12
2968,35
15821,12
9339,12
2691,12
2350,12
15189,12
8741,12
2316,12
5452,12
2221,12
14881,56
2028,12
11649,12
6672,12
1706,12
11302,12
1602,12
1585,12
1366,12
1285,12
1200,12
18778,54
5925,12
1010,12
13715,12
4732,12
7092,12
6549,12
1643,12
18426,59
5573,12
1101,12
2667,12
8229,12
8294,12
7465,12
5321,12
9231,12
490,12
21562,13
20757,13
19418,13
18665,13
18061,13
17169,13
15996,13
15989,13
15950,13
15597,54
2744,13
2577,19
15430,13
1759,46
14612,13
12933,19
80,13
12706,13
9956,13
8015,13
20833,32
7980,13
20671,21
7818,13
6976,13
13159,13
6441,38
19294,13
12714,13
12703,13
6051,46
18904,13
12435,13
5410,13
5274,13
5060,13
11059,13
4333,28
17186,13
10594,13
4084,13
16783,51
3930,13
10183,13
16206,48
3353,13
58,13
3105,13
2915,49
15768,13
2872,13
2858,13
9012,13
15321,31
2468,13
2260,13
5443,16
18296,13
10155,13
166,49
13019,13
17791,43
4938,13
14573,13
111,13
2963,21
15816,13
1308,13
5080,39
17933,13
7437,13
20274,36
7421,13
4811,13
16201,35
3348,13
4544,13
890,13
4055,59
16908,13
21215,14
20915,14
20794,14
16819,14
16812,14
16347,14
16284,14
16221,14
16022,14
12715,14
10974,14
10855,14
10601,14
10393,14
9278,14
8860,14
15206,56
2353,14
8394,14
8311,16
21164,14
8289,24
21142,14
20807,31
7954,14
7723,14
7644,54
20497,14
6791,58
19644,14
6181,14
6172,14
6073,14
12240,14
5744,14
12110,14
18429,45
5576,14
18419,25
5566,14
5438,14
5407,14
11685,14
11633,14
11569,14
11549,14
11479,14
4755,14
715,14
19968,52
7115,14
16490,32
3637,14
19690,38
6837,14
9963,14
6641,14
160,14
169,14
6213,14
2998,30
15851,14
6105,14
2851,28
15704,14
2839,40
15692,14
2659,14
2548,14
8892,14
15239,58
2386,14
15067,14
557,14
2112,14
10097,14
449,14
6848,14
420,14
16410,48
3557,14
16398,38
3545,14
167,14
1638,14
4788,14
17618,59
4765,14
1364,14
7733,35
20586,14
1251,14
1245,14
1160,14
1137,14
4216,14
998,14
7272,14
7735,14
1314,14
11733,14
6504,46
19357,14
3672,14
16591,38
3738,14
12153,14
1128,14
12318,15
11123,15
10545,15
9804,15
14984,15
19719,38
6866,15
5727,15
6757,15
12389,15
2374,25
15227,15
7443,15
18252,16
16589,16
16495,16
15979,16
15967,16
2850,24
15703,16
15292,16
15226,16
15210,38
2357,16
15026,31
2173,16
14672,16
13958,25
1105,16
11728,16
11617,16
11418,16
11370,16
11272,16
10904,16
10445,16
10310,16
10197,16
10140,16
10114,16
9940,16
9874,16
9869,16
9641,16
9590,16
9330,16
15674,16
15223,56
2370,16
8799,16
8716,16
2080,35
14933,16
20792,39
7939,16
7903,16
20746,43
7893,16
7876,16
13904,16
7322,16
13656,16
7216,16
6732,16
225,59
13078,16
19475,48
6622,16
6503,16
64,50
12917,16
19073,54
6220,16
6214,16
6113,16
12517,16
18565,59
5712,16
18564,53
5711,16
5660,16
12050,16
5627,16
18420,52
5567,16
11979,16
5345,16
11714,16
11708,16
17967,46
5114,16
11506,16
4810,16
4751,16
10826,16
4160,16
17012,44
4159,16
10515,16
20008,30
7155,16
7073,16
3858,55
16711,16
3841,16
3721,21
16574,16
10000,16
3577,28
16430,16
6762,16
356,16
13180,16
6737,16
6752,16
6723,16
3425,39
16278,16
6612,16
3399,38
16252,16
3261,16
3118,16
12551,16
15602,16
5951,16
2729,16
2711,16
15397,34
2544,16
18599,52
5746,16
5743,16
2417,52
15270,16
2410,19
15263,16
15240,16
18432,51
5579,16
2309,29
15162,16
5474,16
15107,16
18307,46
5454,16
2240,39
15093,16
18238,38
5385,16
19760,35
6907,16
6863,16
21187,59
8334,16
6721,16
3486,41
16339,16
5092,16
3483,59
16336,16
4829,59
17682,16
8022,16
15970,39
3117,16
1414,16
1391,16
10944,16
1269,16
7647,16
10833,16
10832,16
1208,16
9206,16
1015,16
16233,28
3380,16
11395,16
15309,16
13708,16
10472,16
6461,16
5500,16
15944,32
3091,16
7107,16
3747,38
16600,16
7763,16
7722,16
11725,16
3699,16
10841,16
6784,16
15213,16
743,16
334,50
13187,16
696,16
13141,16
56,16
14993,16
3742,16
123,16
11497,16
3893,16
6539,16
14975,16
18,16
9543,16
3674,49
16527,16
11637,16
3890,16
10105,16
16836,17
16679,17
16401,17
15902,17
15759,17
15708,17
15707,17
2849,49
15702,17
2340,55
15193,17
14622,33
1769,17
1696,27
14549,17
1692,30
14545,17
371,38
13224,17
12184,17
12114,17
11930,17
11572,17
11057,17
10439,17
10402,17
10243,17
9936,17
9902,17
9878,17
9827,17
9577,17
9551,17
9547,17
9313,17
9306,17
15624,57
2771,17
15496,17
9044,17
8928,17
8898,17
8808,17
8785,17
2304,40
15157,17
14551,17
7955,17
7746,17
20341,28
7488,17
7385,17
20132,21
7279,17
20119,42
7266,17
7250,17
722,17
7132,17
6730,17
6673,17
19381,38
6528,17
6460,17
6235,17
5938,17
18554,35
5701,17
11756,17
11628,17
11476,17
17906,25
5053,17
17674,52
4821,17
4459,17
17292,53
4439,17
17251,27
4398,17
4389,17
4344,17
4240,17
4193,17
10484,17
3825,53
16678,17
3800,52
16653,17
3787,17
554,17
3647,17
6683,17
13059,17
9613,17
9477,17
9354,17
2928,17
2927,35
15780,17
2856,42
15709,17
9116,17
12064,17
2440,17
15208,17
2348,17
15082,17
14934,17
19680,40
6827,17
5012,17
9587,17
7861,17
7681,17
4446,17
1234,17
12301,17
1065,17
1797,17
4031,56
16884,17
5593,17
3984,59
16837,17
17633,25
4780,17
8724,17
1342,17
7732,17
10109,17
2781,17
1898,35
14751,17
6705,17
6572,17
5720,17
7320,17
12897,17
8426,17
18540,51
5687,17
10596,18
21261,19
21177,19
21143,19
21134,19
21041,19
20552,19
20035,19
19935,19
19892,19
19874,19
19732,19
19464,19
19453,19
19325,19
19297,19
19258,19
19180,19
19155,19
18654,19
18040,19
17810,19
17798,19
17752,19
17687,19
17529,19
17168,19
17146,19
16707,19
16695,19
16688,19
16675,19
16663,19
16523,19
16512,19
16420,19
16289,19
16210,19
15885,19
15713,19
15664,19
2742,25
15595,19
15591,19
15504,19
15052,19
15037,19
861,21
13714,19
13039,56
186,19
12956,19
12822,19
12344,19
12305,19
12222,19
11989,19
11945,19
11484,19
11268,19
11257,19
11063,19
10998,19
10992,19
10960,19
10901,19
10892,19
10834,19
10817,19
10371,19
10086,19
9920,19
9642,19
9489,19
9453,19
9410,19
9332,19
15563,19
15545,19
9053,19
8977,19
2484,24
15337,19
2458,42
15311,19
15138,19
8544,19
8543,19
21285,59
8432,19
21283,24
8430,19
8255,19
8244,52
21097,19
8217,19
8193,25
21046,19
8126,19
7935,19
7874,19
7824,19
1246,52
14099,19
14091,33
1238,19
7344,19
7247,19
725,19
13532,35
679,19
7013,51
19866,19
6817,19
13186,19
342,56
13195,19
13151,19
6702,19
236,30
13089,19
6594,29
19447,19
6538,19
13,24
12866,19
6278,19
12685,19
12636,19
12599,19
18873,25
6020,19
12331,19
12133,19
12024,19
5477,19
5400,54
18253,19
5335,35
18188,19
5071,19
4835,30
17688,19
4824,59
17677,19
11086,19
10962,19
17346,52
4493,19
10874,19
17224,25
4371,19
4339,19
17154,59
4301,19
10541,19
797,19
764,19
7060,22
19913,19
7046,19
3821,19
6850,46
19703,19
6695,19
128,39
12981,19
12910,19
12853,19
16063,51
3210,19
9570,19
12716,19
2933,19
9288,19
6030,19
15629,19
12386,19
5954,59
18807,19
15247,32
2394,19
15111,19
11679,19
10066,19
2027,19
6810,39
19663,19
12987,28
134,19
6506,49
19359,19
3252,19
1628,19
1620,19
12851,19
1606,19
4804,19
1601,19
7987,32
20840,19
20837,31
7984,19
4744,51
17597,19
3053,19
20708,46
7855,19
7825,19
6166,19
7729,19
2660,19
7453,19
1816,19
185,19
7199,19
20021,25
7168,19
16792,22
3939,19
724,19
1512,19
1500,19
9510,19
5752,56
18605,19
1335,19
2126,19
2912,19
2898,19
20532,25
7679,19
14485,19
6846,59
19699,19
1217,19
6807,19
15623,19
9984,19
8370,19
6731,19
6714,19
16112,58
3259,19
14805,19
18210,44
5357,19
8572,19
3345,19
2896,19
1280,19
1665,19
18585,47
5732,19
2325,19
10442,19
7698,19
10095,19
1039,19
2102,19
16274,20
16074,20
2725,25
15578,20
12040,20
12010,20
12016,20
11941,20
66,48
12919,20
2757,32
15610,20
15579,20
15560,20
12164,20
59,53
12912,20
27,32
12880,20
12908,20
21479,21
21437,21
21413,21
21385,21
21360,21
21315,21
21266,21
21265,21
21240,21
21218,21
21199,21
21081,21
21055,21
21044,21
21032,21
21014,21
20988,21
20973,21
20937,21
20894,21
20813,21
20784,21
20776,21
20715,21
20648,21
20548,21
20455,21
20442,21
20414,21
20391,21
20378,21
20368,21
20339,21
20269,21
20256,21
20252,21
20228,21
20221,21
20213,21
20189,21
20181,21
20166,21
19254,21
18699,21
18627,21
18052,21
17988,21
17032,21
16735,21
16668,21
16662,21
16642,21
16584,21
16569,21
16363,21
16350,21
16263,21
15980,21
2787,49
15640,21
15415,57
2562,21
15141,21
15136,21
14504,47
1651,21
40,51
12893,21
12207,21
11543,21
11470,21
11283,21
10907,21
10611,21
10529,21
10235,21
10225,21
10130,21
10099,21
9860,21
9825,21
9441,21
9267,21
9250,21
9235,21
9115,21
9091,21
8997,21
15349,54
2496,21
8745,21
8598,30
21451,21
8582,42
21435,21
8563,25
21416,21
8562,22
21415,21
2109,31
14962,21
21393,28
8540,21
8509,47
21362,21
8472,38
21325,21
8406,54
21259,21
21166,33
8313,21
8226,21
8048,21
8032,42
20885,21
7972,52
20825,21
7970,21
7836,21
20679,54
7826,21
7682,49
20535,21
7593,58
20446,21
7514,54
20367,21
7512,59
20365,21
7472,21
13890,21
7382,47
20235,21
7370,47
20223,21
7312,58
20165,21
19927,30
7074,21
6789,39
19642,21
6771,21
6765,21
6134,21
6094,21
18870,33
6017,21
5926,21
18591,24
5738,21
11896,21
5314,21
11635,21
5195,52
18048,21
11481,21
11475,21
4981,28
17834,21
4330,21
4012,29
16865,21
3788,49
16641,21
3786,21
3775,28
16628,21
3585,21
9985,21
11,21
9576,21
9519,21
12664,21
3028,52
15881,21
6198,21
6165,21
2962,21
15594,21
12296,21
5793,54
18646,21
15336,48
2483,21
5594,21
2253,21
15053,21
3770,56
16623,21
5356,21
11721,21
2089,21
2055,21
3625,39
16478,21
3624,21
1902,58
14755,21
1846,21
17787,39
4934,21
12891,53
38,21
14,21
7983,44
20836,21
1381,21
4472,21
12346,21
1122,21
4288,21
7484,50
20337,21
1059,21
1849,21
17071,53
4218,21
968,21
10532,21
4014,21
5556,21
19966,48
7113,21
6297,21
7918,58
20771,21
2279,21
7083,21
4955,39
17808,21
530,21
1722,21
19387,52
6534,21
6115,21
5312,21
20079,59
7226,21
8005,21
1178,21
774,21
3571,30
16424,21
1111,21
5501,43
18354,21
2693,21
7517,55
20370,21
1096,21
1070,21
1853,21
3430,30
16283,21
9372,21
8520,48
21373,21
8501,55
21354,21
1644,21
8868,21
2433,21
7353,39
20206,21
2005,21
1087,21
19256,22
17113,22
16549,22
16300,22
15585,22
15144,48
2291,22
14932,38
2079,22
1686,54
14539,22
14263,22
14166,55
1313,22
13702,54
849,22
12579,22
12574,22
12237,22
11451,22
11211,22
11015,22
10894,22
10547,22
10432,22
10387,22
10237,22
10002,22
9959,22
9618,22
9599,22
9413,22
9388,22
15278,22
8846,22
8784,22
15161,58
2308,22
15120,22
15029,22
14909,56
2056,22
8479,22
21175,24
8322,22
21173,40
8320,22
8221,22
7864,22
14212,35
1359,22
7158,22
7064,22
6913,28
19766,22
6763,22
13067,59
214,22
6635,22
12862,41
9,22
6222,22
11643,22
4796,22
17632,35
4779,22
4551,22
4498,22
17028,47
4175,22
10566,22
10509,22
10222,22
10208,22
10180,22
10068,22
16473,55
3620,22
3578,22
3409,58
16262,22
9414,22
9383,22
9371,22
15593,22
8797,22
18393,59
5540,22
15112,59
2259,22
5440,22
2198,22
8513,22
442,22
6734,22
11510,22
14629,22
19272,54
6419,22
1526,22
20719,59
7866,22
1429,28
14282,22
3025,38
15878,22
10805,22
7217,22
21575,25
8722,22
19943,54
7090,22
146,22
5351,22
8467,22
4023,22
1575,22
16428,33
3575,22
1571,22
8791,22
11358,22
2039,22
10054,22
3598,22
16197,51
3344,22
19489,59
6636,22
20406,23
18430,23
17875,23
17563,23
17095,23
12621,23
12313,23
12046,23
11935,23
10947,23
9031,23
19651,43
6798,23
82,31
12935,23
11958,23
11767,23
10860,23
16630,56
3777,23
3461,59
16314,23
3071,38
15924,23
12315,23
2530,23
11070,23
13285,23
3152,58
16005,23
21242,24
21224,24
21176,24
21106,24
20515,24
20380,24
20135,24
19815,24
17685,24
16848,24
16348,24
16346,24
16342,24
2606,59
15459,24
2462,44
15315,24
15130,24
14886,57
2033,24
13032,24
12659,24
12613,24
12562,24
12516,24
12364,24
12341,24
11407,24
11300,24
11145,24
11109,24
10253,24
9818,24
9425,24
9399,24
8521,24
8391,42
21244,24
8388,24
8259,50
21112,24
8036,24
20736,46
7883,24
7838,24
7739,24
7566,35
20419,24
7516,24
7455,29
20308,24
7439,24
7330,24
7191,24
19377,56
6524,24
6485,24
6271,24
19087,47
6234,24
6187,24
12379,24
12294,24
5657,24
11967,24
18328,56
5475,24
5015,24
4901,24
4745,24
11046,24
4378,24
17223,51
4370,24
4035,35
16888,24
4029,24
9839,24
6123,24
2918,24
2820,24
12271,24
8965,24
2539,24
15354,24
11877,24
5422,24
5416,24
2188,24
16479,39
3626,24
2026,24
5050,24
138,24
126,24
20900,36
8047,24
9625,24
1469,24
14298,54
1445,24
17434,25
4581,24
2789,24
1191,24
1181,24
1138,24
8340,33
21193,24
14744,24
1877,24
7444,24
11305,24
5600,24
16853,25
4000,24
2333,24
15145,24
16762,47
3909,24
16747,52
3894,24
3740,24
5725,24
8879,24
3977,24
1528,24
1007,24
10008,24
6551,24
4930,24
9894,24
6880,24
484,24
4404,24
20114,38
7261,24
21565,25
21532,25
21502,25
21473,25
21423,25
21369,25
21076,25
20778,25
20262,25
20090,25
20025,25
20013,25
19478,25
19471,25
19432,25
19191,25
19017,25
18924,25
18872,25
18849,25
18490,25
18467,25
18271,25
18095,25
18009,25
17915,25
17748,25
17423,25
17417,25
17416,25
17410,25
17403,25
17364,25
17285,25
17246,25
17187,25
17173,25
17149,25
17128,25
17123,25
17117,25
17103,25
17077,25
17036,25
16946,25
16897,25
16871,25
16759,25
16581,25
16359,25
16212,25
16196,25
16097,25
15840,25
15551,25
15543,25
2499,52
15352,25
15194,25
14865,44
2012,25
13458,25
13064,32
211,25
12799,25
12651,25
12404,25
12197,25
12073,25
11768,25
11459,25
11330,25
11278,25
11064,25
10773,25
10742,25
10704,25
10703,25
10693,25
10606,25
10537,25
10255,25
10230,25
9892,25
9866,25
9603,25
9408,25
9253,25
9110,25
15454,25
8906,25
15294,25
8757,25
8755,25
21541,58
8688,25
8656,25
8638,28
21491,25
21431,32
8578,25
14974,51
2121,25
21406,46
8553,25
21346,40
8493,25
8480,58
21333,25
8453,25
20938,29
8085,25
1536,48
14389,25
20673,46
7820,25
7710,25
7642,25
7596,25
7570,25
7408,50
20261,25
20247,51
7394,25
7355,25
7032,25
6928,47
19781,25
19775,59
6922,25
6869,25
439,31
13292,25
6770,25
304,38
13157,25
6647,55
19500,25
13056,25
203,25
13053,25
6630,58
19483,25
12639,25
6086,25
6035,34
18888,25
6025,25
12355,25
12340,25
5887,25
18732,48
5879,25
12270,25
5827,25
5789,25
5724,56
18577,25
5609,39
18462,25
5602,46
18455,25
5565,48
18418,25
5544,42
18397,25
5530,43
18383,25
5453,25
5388,25
11753,25
18176,44
5323,25
18108,30
5255,25
18093,54
5240,25
5210,25
5201,25
5172,25
5171,25
11546,25
5077,39
17930,25
4965,25
11324,25
11202,25
11177,25
17478,30
4625,25
4386,30
17239,25
4343,25
17196,25
10744,25
10734,25
4297,25
4170,56
17023,25
4165,25
4061,25
10375,25
10354,25
7119,25
6996,25
16615,31
3762,25
6975,51
19828,25
6920,51
19773,25
408,50
13261,25
13236,25
9975,25
3534,25
302,25
3520,25
246,25
3449,25
9841,25
19474,43
6621,25
3295,39
16148,25
12900,39
47,25
16045,46
3192,25
3111,59
15964,25
15909,37
3056,25
15900,39
3047,25
6188,28
19041,25
2965,25
9348,25
9336,25
15675,25
2792,25
5787,25
2554,25
2531,51
15384,25
5677,48
18530,25
8861,25
8686,25
21539,25
11863,25
11861,25
2228,25
15045,25
3779,25
8603,25
5376,56
18229,25
2168,25
3645,25
14867,25
2001,58
14854,25
2010,25
1995,25
13090,39
237,25
6658,35
19511,25
1858,25
3442,25
13024,25
16185,57
3332,25
8137,25
6428,25
6420,43
19273,25
19283,28
6430,25
1550,25
1535,25
1460,33
14313,25
4617,44
17470,25
1407,25
3003,25
4609,30
17462,25
15832,31
2979,25
2881,25
9294,25
1272,25
4340,25
7558,25
15556,25
1103,25
4303,47
17156,25
256,25
14719,25
10687,25
1019,25
10622,25
969,25
8114,25
1693,25
7310,25
889,25
16922,39
4069,25
8069,30
20922,25
4052,25
8055,25
8855,25
1588,25
10358,25
697,25
7097,30
19950,25
955,25
11773,25
20618,38
7765,25
2923,25
5318,25
11734,25
2064,25
16513,58
3660,25
4420,43
17273,25
12424,25
6384,25
12397,25
9192,25
3563,25
345,25
4735,25
3528,25
3917,49
16770,25
9926,25
14340,25
3472,25
5870,25
1761,25
11775,25
3351,25
4127,25
6520,46
19373,25
903,25
1299,25
19364,58
6511,25
12907,25
8098,25
14922,25
6492,25
1959,25
9554,25
8160,25
7260,25
6442,28
19295,25
8063,25
1715,25
6005,48
18858,25
16419,26
5125,30
17978,26
21096,27
20264,27
19198,27
19062,27
19044,27
18902,27
18749,27
18527,27
18487,27
18425,27
17916,27
17062,27
16987,27
16939,27
16893,27
16264,27
16125,27
15793,27
2073,35
14926,27
13900,41
1047,27
13471,27
402,52
13255,27
13124,47
271,27
12628,27
12432,27
10756,27
10715,27
10634,27
10632,27
9905,27
9822,27
9787,27
9133,27
8829,27
8677,27
8666,58
21519,27
8451,27
14785,59
1932,27
21065,56
8212,27
8199,27
7427,27
7221,27
19823,39
6970,27
13113,43
260,27
19280,50
6427,27
6376,27
6184,30
19037,27
12524,27
12394,27
5842,27
5767,27
5692,27
5684,27
5508,27
11771,27
5256,51
18109,27
5235,27
5220,27
5146,27
4987,27
11315,27
11256,27
4756,27
4407,59
17260,27
10754,27
17091,51
4238,27
16966,35
4113,27
13482,27
19902,54
7049,27
10262,27
13269,45
416,27
16407,53
3554,27
6659,44
19512,27
22,44
12875,27
12901,40
48,27
3249,27
6201,27
2993,27
15838,59
2985,27
6075,27
12480,27
9181,27
5765,27
15386,27
5371,27
6952,27
21302,32
8449,27
323,27
1913,27
6686,55
19539,27
9734,27
12841,27
7555,27
1100,27
279,27
897,27
896,27
677,59
13530,27
7099,27
10315,27
4686,27
6964,27
14963,46
2110,27
12395,27
1174,27
9171,27
19955,54
7102,27
284,27
9760,27
924,27
524,27
880,27
9761,27
4045,27
5236,27
1917,27
9146,27
10825,27
5216,27
21550,28
21401,28
21201,28
21133,28
21007,28
20982,28
20946,28
20887,28
19975,28
19839,28
19830,28
19802,28
19420,28
19262,28
19208,28
19092,28
18906,28
18882,28
18852,28
18667,28
18402,28
18387,28
18225,28
18145,28
18080,28
18037,28
17957,28
17878,28
17782,28
17719,28
17488,28
17472,28
17399,28
17333,28
17314,28
17137,28
16963,28
16677,28
16277,28
15580,28
15345,47
2492,28
14563,28
13711,28
12683,28
12679,28
12400,28
12345,28
12225,28
12191,28
12094,28
11833,28
11822,28
11403,28
11104,28
11056,28
11039,28
10985,28
10941,28
10847,28
10467,28
10388,28
9976,28
9607,28
9205,28
9104,28
8978,28
2513,59
15366,28
8916,28
15329,58
2476,28
2391,49
15244,28
8780,28
8705,28
8613,35
21466,28
1975,45
14828,28
21214,46
8361,28
21117,32
8264,28
8198,52
21051,28
7968,28
14315,28
7534,28
7452,28
7352,28
7045,28
6955,51
19808,28
13320,59
467,28
13184,35
331,28
6725,28
247,28
6660,28
12959,28
6537,28
6527,54
19380,28
12692,28
12644,28
6178,28
12441,28
5888,28
12236,28
5800,28
12132,28
5675,28
11982,28
11954,28
11920,28
5291,28
11707,28
5191,28
11507,28
11464,28
17595,47
4742,28
11134,28
4621,28
4592,28
4510,28
10790,28
17035,46
4182,28
4122,52
16975,28
4015,42
16868,28
7087,28
3853,42
16706,28
3846,28
19737,39
6884,28
10102,28
16442,59
3589,28
366,28
3367,28
68,28
3251,28
15963,39
3110,28
6274,32
19127,28
3069,28
2999,28
9392,28
2672,28
9014,28
15427,41
2574,28
2578,28
5762,28
8951,28
8909,28
11873,28
6953,28
14960,48
2107,28
18148,56
5295,28
5258,52
18111,28
6841,28
5203,28
9952,28
14771,51
1918,28
6712,28
3469,28
1832,28
11393,28
3263,28
3183,28
16016,43
3163,28
1506,28
1480,28
4610,41
17463,28
1406,28
1301,43
14154,28
9234,28
1211,28
15596,28
1156,28
10748,28
3517,41
16370,28
8298,28
2671,28
9081,28
13874,28
17054,30
4201,28
10615,28
8186,56
21039,28
87,49
12940,28
10473,28
4051,28
5597,28
13615,33
762,28
703,28
15154,56
2301,28
15146,28
19963,44
7110,28
11121,28
1497,28
4697,28
11107,28
685,28
16202,32
3349,28
12173,28
1350,28
10129,28
17254,30
4401,28
19664,54
6811,28
7184,43
20037,28
9194,28
13197,28
735,28
12886,28
19318,52
6465,28
3405,50
16258,28
10831,28
17816,54
4963,28
945,28
930,28
10895,28
272,28
4739,28
10151,28
16155,50
3302,28
687,28
21447,29
21034,29
20976,29
20770,29
20634,29
20432,29
18719,29
18258,29
15561,39
2708,29
15307,29
11758,29
11754,29
10999,29
10980,29
10964,29
10856,29
10561,29
9647,29
8457,29
20883,42
8030,29
8017,29
20583,48
7730,29
7510,52
20363,29
7466,29
20319,29
388,29
6522,43
19375,29
6257,29
19101,56
6248,29
18445,59
5592,29
5575,29
11904,29
11690,29
17981,39
5128,29
17948,52
5095,29
10973,29
10919,29
17329,30
4476,29
3806,29
16487,31
3634,29
3579,41
16432,29
361,50
13214,29
9525,29
5975,39
18828,29
15324,50
2471,29
10185,29
1872,29
1861,29
8094,58
20947,29
210,29
837,29
3900,29
538,29
1258,29
1176,29
16799,36
3946,29
7953,29
731,29
1011,29
11630,29
4554,29
8580,29
12115,29
5741,29
16995,35
4142,29
859,29
21568,30
20878,30
20270,30
20095,30
19998,30
19844,30
19559,30
19509,30
19505,30
19499,30
19223,30
19083,30
18621,30
18567,30
18493,30
18234,30
18085,30
18066,30
17963,30
17892,30
17780,30
17473,30
17431,30
17419,30
17359,30
17298,30
17236,30
16658,30
16607,30
15620,59
2767,30
13096,30
12680,30
11723,30
11639,30
11559,30
11149,30
10080,30
9445,30
8610,30
8606,30
8478,30
8167,30
8134,30
20972,32
8119,30
8016,55
20869,30
14395,30
7606,51
20459,30
13290,30
13281,30
13280,30
13205,54
352,30
349,30
13095,38
242,30
6348,30
6264,30
6177,30
19022,53
6169,30
5706,30
5595,46
18448,30
5273,30
5244,30
5167,30
5118,30
4714,30
11025,30
4600,30
4593,30
17446,30
11007,30
4555,35
17408,30
4552,56
17405,30
4436,45
17289,30
17099,59
4246,30
4129,30
4028,30
3843,30
3796,52
16649,30
3594,30
13115,30
13126,49
273,30
3452,30
6653,37
19506,30
6432,30
19285,30
6413,30
3086,52
15939,30
6275,49
19128,30
15901,55
3048,30
2973,30
6119,30
9293,30
15691,50
2838,30
6023,30
2383,30
8765,30
8672,30
423,49
13276,30
3609,30
3509,30
3455,30
248,30
3364,30
1711,30
4664,30
1387,30
6163,30
17027,51
4174,30
873,30
5670,47
18523,30
11118,30
952,30
1306,30
489,30
2775,30
16409,44
3556,30
1909,30
9674,30
6746,30
4525,30
8117,30
502,30
5076,46
17929,30
144,30
4039,30
1616,30
2449,30
21553,31
21551,31
21403,31
21388,31
21113,31
21109,31
20918,31
20791,31
20494,31
20412,31
20393,31
19571,31
19515,31
19053,31
19045,31
18481,31
17619,31
17440,31
16913,31
16698,31
16664,31
16585,31
16546,31
16545,31
16380,31
16324,31
16315,31
16246,31
15969,31
15833,31
15822,31
15800,31
15753,31
15723,31
15348,31
12630,31
11802,31
11413,31
10699,31
9728,31
9707,31
9417,31
15356,31
8777,31
15002,33
2149,31
14918,51
2065,31
7994,31
7757,31
7541,31
7481,54
20334,31
6972,31
13291,51
438,31
6601,31
19360,38
6507,31
6335,31
5815,31
18323,59
5470,31
5402,31
5243,35
18096,31
5034,46
17887,31
11241,31
4773,31
4644,31
10688,31
16918,43
4065,31
3872,46
16725,31
3817,36
16670,31
6935,45
19788,31
3760,31
11787,31
8475,31
13231,53
378,31
8293,47
21146,31
8087,31
1124,31
7544,31
6583,31
1564,33
14417,31
1529,31
2538,59
15391,31
1924,31
3441,56
16294,31
15326,31
21436,32
21414,32
21378,32
21356,32
21330,32
21298,32
21264,32
21211,32
21165,32
21095,32
21036,32
21012,32
20954,32
20896,32
20826,32
20630,32
20628,32
20569,32
20463,32
20448,32
20443,32
20324,32
20309,32
20273,32
20249,32
20233,32
20226,32
20217,32
20151,32
19648,32
19424,32
19422,32
19174,32
18648,32
17034,32
16311,32
15527,59
2674,32
15515,32
13014,32
11667,32
10612,32
9316,32
2773,49
15626,32
8946,32
8890,32
8793,32
15023,32
8506,58
21359,32
8458,32
7821,32
7726,32
7670,54
20523,32
7459,32
7413,55
20266,32
7342,38
20195,32
7338,37
20191,32
6738,32
6586,32
6341,32
6146,32
6104,32
5396,54
18249,32
11664,32
5055,32
11111,32
3968,32
16807,43
3954,32
16761,44
3908,32
16502,50
3649,32
6840,32
16422,43
3569,32
196,32
6358,32
6186,32
2887,32
5967,32
8972,32
18531,59
5678,32
15079,32
2236,32
2205,32
21203,43
8350,32
14752,32
6466,32
7948,32
20801,32
7841,32
7830,32
6084,32
2862,56
15715,32
7441,32
986,32
7404,42
20257,32
976,32
19981,54
7128,32
6802,49
19655,32
6790,32
1108,32
299,32
2619,32
399,32
6794,49
19647,32
1727,32
17155,52
4302,32
6908,38
19761,32
1677,32
7362,39
20215,32
1205,32
818,32
3601,49
16454,32
19666,44
6813,32
7308,59
20161,32
21480,33
21474,33
21352,33
21038,33
20975,33
20735,33
20711,33
20680,33
20652,33
20640,33
20593,33
20558,33
20490,33
20395,33
20385,33
20376,33
20314,33
20310,33
20118,33
19915,33
19887,33
18816,33
18120,33
17655,33
17489,33
16825,33
16809,33
16803,33
16800,33
16655,33
16551,33
16385,33
15819,33
2779,49
15632,33
15119,39
2266,33
12645,33
12520,33
11115,33
10924,33
10851,33
9973,33
9049,33
8865,33
8750,33
8740,33
8738,33
8636,35
21489,33
2153,49
15006,33
15000,33
14900,38
2047,33
8409,33
21262,33
8399,42
21252,33
7752,42
20605,33
7449,43
20302,33
20129,37
7276,33
7259,34
20112,33
6273,33
12596,33
6048,33
5950,33
11976,33
5464,33
5029,33
17673,39
4820,33
4777,37
17630,33
17129,59
4276,33
4141,33
20045,59
7192,33
19986,51
7133,33
3669,46
16522,33
6129,33
2751,33
15570,33
9066,33
2590,33
15312,39
2459,33
15221,33
2042,33
5215,51
18068,33
8236,33
6523,33
45,58
12898,33
1569,33
4729,33
1467,33
1452,33
1317,33
7734,33
7709,55
20562,33
18863,54
6010,33
1134,33
7500,59
20353,33
21123,45
8270,33
15421,35
2568,33
1554,33
11977,33
13539,45
686,33
19136,38
6283,33
1344,33
9333,33
16457,47
3604,33
3582,33
1135,33
456,33
8184,53
21037,33
3961,44
16814,33
533,33
19386,39
6533,33
7398,46
20251,33
13717,33
10564,33
8060,59
20913,33
16583,44
3730,33
3629,33
21453,34
21028,34
20706,34
19009,34
16421,34
15575,54
2722,34
15547,34
15429,34
14882,45
2029,34
14876,34
1216,57
14069,34
12005,34
11221,34
10282,34
10280,34
9606,34
15528,34
15126,48
2273,34
7869,34
13435,34
4850,39
17703,34
4776,34
17171,39
4318,34
3867,34
6018,34
9158,34
2666,34
8224,54
21077,34
3043,53
15896,34
5358,34
7120,34
6708,54
19561,34
2133,34
12150,34
8905,34
21293,35
21018,35
20835,35
20699,35
20352,35
19832,35
19751,35
19343,35
18443,35
18371,35
18351,35
18332,35
18321,35
18302,35
18236,35
18228,35
18138,35
18099,35
18034,35
17993,35
17813,35
17700,35
17433,35
17315,35
17302,35
17212,35
17177,35
17148,35
17038,35
17011,35
17001,35
16955,35
16925,35
16750,35
16652,35
16499,35
16429,35
16403,35
16279,35
16241,35
16123,35
16093,35
15481,35
15471,35
15447,35
2594,35
15264,35
2411,35
15234,35
15230,35
904,54
13757,35
410,43
13263,35
168,39
13021,35
12963,39
110,35
12810,35
12775,35
12759,35
12748,35
12728,35
12647,35
12529,35
12502,35
12489,35
12460,35
12443,35
12442,35
12339,35
11933,35
11801,35
11663,35
11638,35
11627,35
11625,35
11466,35
11425,35
11406,35
11344,35
11292,35
11285,35
11279,35
11249,35
11071,35
10864,35
10843,35
10811,35
10755,35
10721,35
10348,35
10334,35
10071,35
9872,35
9742,35
9733,35
9505,35
9280,35
9217,35
9156,35
9155,35
15417,35
8948,35
8863,35
8857,35
15220,35
8713,35
8683,45
21536,35
14911,35
8405,35
21197,59
8344,35
8308,35
21129,58
8276,35
8108,35
8091,35
8089,35
8068,35
8021,35
14418,35
20790,44
7937,35
20725,54
7872,35
7823,35
14178,35
20401,36
7548,35
7240,35
7177,35
20019,45
7166,35
7047,35
7023,35
377,35
13200,35
13185,35
157,35
6578,35
6562,35
29,35
6450,35
6375,35
6361,35
6225,35
12605,35
12534,35
6083,35
6060,35
12454,35
5958,44
18811,35
12309,35
5835,45
18688,35
5739,54
18592,35
5717,52
18570,35
18563,41
5710,35
12127,35
5690,35
12068,35
5617,46
18470,35
5558,35
5286,35
5272,35
5270,35
5269,35
5177,35
5097,50
17950,35
5021,49
17874,35
11362,35
11271,35
4816,35
11228,35
4785,35
4470,35
10662,35
4215,35
10581,35
4075,35
4066,35
4041,35
4027,35
16850,43
3997,35
7129,51
19982,35
10291,35
16648,39
3795,35
3793,35
16646,35
10192,35
16570,39
3717,35
10015,35
3559,35
9954,35
9615,35
9608,35
15968,47
3115,35
9472,35
6202,35
2983,35
2959,35
12550,35
6090,35
2867,35
2853,35
2791,35
2765,35
5805,51
18658,35
12209,35
18604,52
5751,35
5723,46
18576,35
12053,35
15253,35
15179,59
2326,35
5511,35
8696,35
2271,35
5472,35
8689,35
2268,58
15121,35
15055,38
2202,35
8632,35
11830,35
15048,35
10191,35
5366,35
14921,35
2054,58
14907,35
6844,58
19697,35
8331,35
1801,35
1723,35
3285,35
6502,35
3217,35
11222,35
9604,35
11193,35
4769,45
17622,35
3103,53
15956,35
15879,39
3026,35
15811,54
2958,35
1361,35
7737,35
1252,35
10867,35
17282,56
4429,35
7629,35
9218,35
7609,35
4380,49
17233,35
20421,48
7568,35
1125,35
1919,35
5105,43
17958,35
1082,35
6677,35
1077,35
1072,35
1862,47
14715,35
15448,35
7424,35
14476,44
1623,35
15995,54
3142,35
7154,35
18394,58
5541,35
3888,35
7088,35
19810,51
6957,35
9345,35
15777,43
2924,35
505,35
8943,35
14957,35
19767,50
6914,35
18514,41
5661,35
14888,35
6433,54
19286,35
1203,35
9202,35
11599,35
5543,46
18396,35
16392,55
3539,35
3511,35
853,35
6471,35
441,35
3587,35
960,35
2542,35
19410,43
6557,35
9738,35
2491,35
16950,51
4097,35
4144,49
16997,35
1044,35
918,35
15797,46
2944,35
550,35
7093,54
19946,35
3684,35
21237,36
21209,36
20932,36
20888,36
20668,36
20493,36
20468,36
20407,36
19674,36
16405,36
16374,36
15985,36
15886,36
15732,36
15558,36
13026,36
12616,36
12306,36
11047,36
10174,36
9678,36
9572,36
9378,36
9273,36
9263,36
15521,36
8956,36
8577,46
21430,36
7533,59
20386,36
13854,36
6475,36
6240,36
6107,36
5993,36
5868,58
18721,36
5680,36
5658,36
11377,36
4827,36
4814,36
4747,36
10926,36
4357,36
17166,52
4313,36
10573,36
3784,36
9429,36
2970,59
15823,36
2194,36
3639,45
16492,36
1543,36
3046,44
15899,36
4419,36
1188,36
4307,36
3381,47
16234,36
8115,47
20968,36
17644,54
4791,36
728,36
1351,36
1642,36
6147,36
17672,46
4819,36
21238,37
21103,37
20931,37
20237,37
20180,37
20138,37
18875,37
17795,37
15834,37
14587,54
1734,37
14542,54
1689,37
11106,37
9097,37
8595,50
21448,37
7388,43
20241,37
6293,37
5417,37
16723,58
3870,37
494,37
15571,38
2718,37
5894,37
15233,48
2380,37
2337,48
15190,37
3734,49
16587,37
11031,37
14220,56
1367,37
1182,37
1084,37
7487,49
20340,37
187,37
4974,37
1765,37
10381,37
6934,59
19787,37
17347,59
4494,37
1198,37
2750,37
17157,50
4304,37
10023,37
3602,37
12874,37
93,37
1283,37
21571,38
21429,38
21404,38
21376,38
20905,38
20773,38
20734,38
20379,38
19833,38
19831,38
19679,38
19507,38
19181,38
18479,38
17956,38
17876,38
17872,38
17864,38
17860,38
17579,38
17574,38
17538,38
17506,38
17151,38
17053,38
17048,38
16851,38
16488,38
16443,38
16211,38
16203,38
16163,38
15894,38
15736,38
15569,38
15565,38
15503,59
2650,38
15387,41
2534,38
14877,47
2024,38
12557,38
12485,38
12449,38
12374,38
12156,38
11602,38
11449,38
11035,38
10498,38
10423,38
10404,38
10335,38
10146,38
10057,38
9971,38
9850,38
9814,38
9487,38
9454,38
9047,38
8853,38
2167,43
15020,38
8512,38
8425,46
21278,38
8225,38
21078,38
8205,38
7963,38
7922,48
20775,38
7891,39
20744,38
7845,49
20698,38
7791,38
7687,38
7639,38
7253,38
496,38
13287,38
6860,42
19713,38
6657,52
19510,38
6445,38
12797,38
6082,38
5935,38
5889,38
5750,38
12138,38
18438,50
5585,38
5517,38
11872,38
5349,38
11763,38
5332,38
5293,38
5091,38
5020,38
17873,38
11402,38
17763,50
4910,38
11237,38
17659,39
4806,38
4733,38
4654,56
17507,38
4638,51
17491,38
4606,38
4397,49
17250,38
4204,38
4167,38
4146,38
559,38
3640,51
16493,38
12834,38
6331,38
9526,38
15925,45
3072,38
15892,50
3039,38
3013,38
19033,56
6180,38
2955,59
15808,38
2945,38
2902,38
6042,43
18895,38
2799,38
5965,38
15584,38
2638,38
15462,45
2609,38
8975,38
5671,38
8849,38
8691,38
8690,38
10171,38
5340,38
13265,38
5121,38
6689,38
152,49
13005,38
1735,38
6515,45
19368,38
6488,50
19341,38
3216,38
19263,54
6410,38
19255,52
6402,38
8023,38
11196,38
15930,55
3077,38
3063,38
4615,38
10893,38
7650,38
9246,38
2699,38
4277,38
4235,38
13041,38
3394,47
16247,38
1000,38
15425,38
2470,38
3970,38
17601,54
4748,38
11962,38
732,38
19983,39
7130,38
3094,38
14177,38
12146,38
14156,39
1303,38
6930,38
393,38
10822,38
387,38
3573,38
1153,38
9088,38
9677,38
5807,51
18660,38
1996,38
9363,38
3317,57
16170,38
12965,38
6927,59
19780,38
5283,38
6481,58
19334,38
3356,38
1741,38
14582,44
1729,38
1739,38
7749,38
4107,38
10,38
1213,38
21387,39
21253,39
20641,39
20584,39
20031,39
19860,39
19826,39
19763,39
19711,39
19635,39
19383,39
19379,39
19312,39
19113,39
18898,39
18859,39
18842,39
18730,39
18342,39
18313,39
18239,39
18191,39
18101,39
18038,39
17853,39
17770,39
17749,39
17738,39
17728,39
17666,39
17569,39
17551,39
17127,39
16796,39
16714,39
16676,39
16563,39
16531,39
16463,39
16459,39
16404,39
16232,39
16041,39
15898,39
15785,39
15717,39
15204,39
15090,40
2237,39
15004,54
2151,39
1751,50
14604,39
322,59
13175,39
13174,39
13163,39
13139,39
12974,39
12785,39
12751,39
12668,39
12625,39
12538,39
12350,39
12276,39
12087,39
12049,39
11909,39
11722,39
11623,39
11579,39
11550,39
11527,39
11477,39
11435,39
11405,39
11396,39
11378,39
11095,39
10971,39
10961,39
10918,39
10848,39
10638,39
10429,39
10419,39
10158,39
10098,39
10042,39
9929,39
9925,39
9844,39
9561,39
9497,39
9324,39
9258,39
9252,39
9090,39
9045,39
9033,39
9020,39
8996,39
8919,39
8781,39
8732,39
15031,39
8571,39
8514,39
8351,39
21140,47
8287,39
14512,52
1659,39
7895,39
7847,39
20357,48
7504,39
7464,39
20207,40
7354,39
7337,39
7225,39
745,39
6888,39
343,57
13196,39
13103,39
6682,39
6497,39
6315,39
12688,39
12661,39
12648,39
6218,39
6199,39
12504,39
18830,46
5977,39
5946,39
5937,39
5886,51
18739,39
5876,39
5873,39
12219,39
18497,41
5644,39
5615,39
11997,39
5533,39
11923,39
5483,48
18336,39
5350,39
11751,39
11598,39
11515,39
5082,39
5081,39
11465,39
11441,39
4812,39
4768,39
11166,39
11133,39
4665,56
17518,39
4586,39
4537,39
4347,39
10446,39
712,39
3879,39
3856,39
7003,41
19856,39
3673,39
10088,39
10058,39
10052,39
376,39
13188,39
3327,39
16037,47
3184,39
12663,39
2946,39
2926,39
12540,39
9239,39
2769,39
12226,39
12172,39
2528,39
2323,39
5523,51
18376,39
11892,39
11864,39
15078,55
2225,39
15061,39
3704,39
6855,39
6828,44
19681,39
16475,58
3622,39
5228,39
10018,39
11553,39
1847,39
3400,39
5001,39
1798,39
3384,39
1666,39
9619,39
6246,39
3042,39
1425,39
1412,39
4437,39
4360,39
11526,39
1104,39
1074,39
15479,39
13052,58
199,39
2583,39
7407,39
978,39
17829,54
4976,39
8987,39
5708,39
2434,39
11201,39
767,39
741,39
19962,47
7109,39
15949,50
3096,39
2297,39
558,39
2148,48
15001,39
6943,51
19796,39
16175,41
3322,39
5304,50
18157,39
6873,39
6003,39
3596,50
16449,39
1584,39
5974,39
8730,39
1493,39
9893,39
1029,39
9781,39
9573,39
8367,39
7341,39
18752,44
5899,39
7296,39
147,39
10868,39
4447,39
1740,39
11657,39
4408,39
12852,39
1649,39
2884,39
840,39
21232,40
21136,40
21114,40
16910,40
16818,40
16672,40
16377,40
16297,40
15757,40
15559,40
13031,40
12085,40
11528,40
11443,40
10921,40
9405,40
9364,40
8565,40
7961,56
20814,40
7244,40
6779,40
6279,40
12231,40
18385,52
5532,40
5426,40
5175,45
18028,40
11478,40
4792,40
10897,40
3755,43
16608,40
3681,40
1803,40
14427,40
8292,40
1063,40
2580,40
13027,40
3960,47
16813,40
1492,40
4155,40
6814,43
19667,40
10411,40
7914,46
20767,40
4056,56
16909,40
6456,40
2919,42
15772,40
10946,40
15359,40
1525,40
21386,41
21308,41
19029,41
18483,41
17964,41
17922,41
17900,41
16207,41
16141,41
14860,41
12783,41
11855,41
11220,41
10284,41
9744,41
9478,41
9229,41
9187,41
9160,41
9127,41
8644,41
8614,41
8611,41
8125,41
7367,59
20220,41
7008,41
6372,41
6349,41
11859,41
11850,41
5264,41
5188,41
11227,41
11168,41
4657,41
4574,41
4149,41
4105,41
4094,41
4089,41
6999,41
3480,41
3456,41
6356,41
3023,58
15876,41
12463,41
9189,41
8619,41
2137,41
5257,41
5219,41
5048,42
17901,41
9741,41
1688,41
17502,54
4649,41
2961,41
2960,41
7686,41
16327,57
3474,41
3468,41
10644,41
16953,44
4100,41
4092,41
4085,41
10349,41
8702,41
10338,41
8155,41
4123,41
920,41
899,41
883,41
9177,41
4562,41
15380,41
541,41
887,41
21337,42
20910,42
20753,42
20685,42
20651,42
20598,42
19142,42
18708,42
16798,42
16665,42
16602,42
16590,42
16219,42
16055,42
16030,42
15295,42
12658,42
12649,42
12391,42
12382,42
12380,42
12362,42
12266,42
12258,42
12154,42
12149,42
12077,42
12031,42
11978,42
11884,42
11713,42
11700,42
11614,42
11568,42
11452,42
11333,42
11306,42
10943,42
9237,42
9101,42
8794,42
8708,42
2251,52
15104,42
8579,42
8481,42
20879,46
8026,42
20473,48
7620,42
7600,56
20453,42
13192,42
6670,42
140,42
6309,42
12351,42
11898,42
5342,42
11567,42
4920,46
17773,42
4797,42
11034,42
4033,59
16886,42
10447,42
10436,42
16811,47
3958,42
3952,42
6787,42
6759,42
212,42
9610,42
9605,42
2916,50
15769,42
12353,42
15411,47
2558,42
8969,42
2429,42
12017,42
15094,42
13165,42
5089,42
6540,42
1716,49
14569,42
41,42
4775,42
1438,42
1433,42
1428,42
1375,42
9287,42
10840,42
2663,42
9034,42
1013,42
10598,42
1608,42
3951,50
16804,42
11966,42
2342,42
12176,42
1658,42
13025,42
8981,42
11570,42
6931,55
19784,42
11540,42
6529,42
8995,42
2938,42
11644,42
12860,42
21222,43
21196,43
20657,43
20646,43
19812,43
19466,43
19440,43
19365,43
19304,43
18997,43
18832,43
18713,43
17975,43
17848,43
17661,43
17558,43
16911,43
16808,43
16719,43
16337,43
13138,43
12572,43
12569,43
12255,43
12244,43
12035,43
11750,43
11687,43
11565,43
11424,43
11340,43
11317,43
11018,43
10963,43
10884,43
10870,43
10600,43
10500,43
10427,43
10083,43
10032,43
9970,43
9965,43
9937,43
9896,43
9652,43
9475,43
15679,43
2826,43
9113,43
8893,43
15153,43
8317,43
8300,43
8297,43
8291,43
8286,43
14646,43
14540,43
7774,43
7755,43
7462,43
13633,59
780,43
7048,43
534,43
6809,43
6701,43
13118,43
19534,59
6681,43
6458,43
19097,59
6244,43
6227,43
6102,43
18955,43
12506,43
5906,43
12239,43
5461,43
5316,43
17866,47
5013,43
11354,43
10599,43
10597,43
10538,43
16727,47
3874,43
10094,43
3631,43
13203,43
3131,53
15984,43
6313,43
9428,43
5968,43
2761,43
2518,43
2488,43
8899,43
2478,43
5624,43
15188,46
2335,43
2270,43
5455,47
18308,43
2234,43
3713,43
11689,43
10046,43
21301,50
8448,43
21300,46
8447,43
6783,43
8339,46
21192,43
9930,43
13131,43
6680,43
13093,43
8219,43
14524,43
8027,43
1449,43
1446,43
1288,43
1284,43
2825,43
1225,43
2807,43
20474,59
7621,43
17238,45
4385,43
20321,52
7468,43
2613,43
12914,43
18398,44
5545,43
6299,43
6288,43
4517,43
5313,46
18166,43
10925,43
10053,43
15259,43
5984,43
5976,43
9994,43
6298,43
5078,43
151,43
4361,43
539,43
2519,43
1271,43
2756,43
739,43
1633,43
10556,43
6325,46
19178,43
1328,43
2437,43
21576,44
21357,44
21292,44
20398,44
19786,44
19692,44
19645,44
19419,44
18952,44
18768,44
18600,44
17927,44
17899,44
17835,44
17766,44
17652,44
17412,44
17247,44
17221,44
16962,44
16776,44
16086,44
15831,44
15258,55
2405,44
15060,44
13559,51
706,44
12905,44
12660,44
12633,44
12492,44
12281,44
12223,44
12215,44
11900,44
11854,44
11369,44
11348,44
11088,44
10899,44
10245,44
10173,44
10038,44
9967,44
9915,44
9891,44
9779,44
9527,44
9326,44
9161,44
15365,51
2512,44
15314,44
8845,44
8835,44
8685,59
21538,44
8618,44
8567,44
2006,59
14859,44
8359,44
1653,49
14506,44
20898,47
8045,44
8010,44
7840,49
20693,44
7475,54
20328,44
551,54
13404,44
13194,44
6697,44
6674,44
19374,46
6521,44
42,44
12698,44
12646,44
6215,44
6208,44
6189,45
19042,44
12390,44
5740,44
5713,54
18566,44
12084,44
5564,44
5398,44
5303,44
11674,44
4848,58
17701,44
4818,50
17671,44
4711,44
4310,50
17163,44
10678,44
4245,49
17098,44
10590,44
736,44
16739,52
3886,44
7067,44
10216,44
10214,44
3743,44
10090,44
6694,44
9912,44
9909,44
3139,44
3100,44
12697,44
12652,44
9277,44
9190,44
5932,44
8998,44
5596,44
5526,44
5469,44
15005,44
2108,44
5276,44
14842,44
3592,44
3477,44
8222,44
6573,46
19426,44
1678,44
1673,44
14499,44
1657,44
9644,44
23,44
1562,44
17593,59
4740,44
4659,44
4641,51
17494,44
7848,44
1379,44
9382,44
1292,44
9283,44
1260,44
7672,54
20525,44
1243,44
9210,44
3460,44
2637,44
1020,44
10633,44
10521,44
3264,59
16117,44
4054,44
1634,44
16096,53
3243,44
733,44
2312,44
3089,44
553,44
7736,44
10128,44
2890,44
3688,44
16917,47
4064,44
424,44
5620,44
15217,44
3129,44
6477,44
4964,44
5737,54
18590,44
3093,44
16130,58
3277,44
7497,44
6476,48
19329,44
850,44
6499,44
932,44
3744,54
16597,44
4233,58
17086,44
13060,44
13694,44
21321,45
20058,45
19122,45
19069,45
18459,45
17275,45
17059,45
16115,45
16098,45
15914,45
15643,45
2687,46
15540,45
14928,45
14885,45
14783,45
13119,45
12814,45
12813,45
12224,45
11183,45
11179,45
11173,45
10332,45
10322,45
9393,45
9265,45
9201,45
9124,45
8684,45
8654,45
14988,45
14293,56
1440,45
13834,45
800,45
7143,45
13286,45
6063,45
5826,45
5495,48
18348,45
18187,50
5334,45
5214,45
18001,58
5148,45
5070,59
17923,45
17751,48
4898,45
4679,45
4541,45
10682,45
16970,56
4117,45
16916,48
4063,45
6995,45
6939,45
16554,48
3701,45
6872,45
13116,45
3211,45
3107,58
15960,45
3040,45
2982,45
2977,45
9349,45
5972,45
11932,45
11893,45
2246,45
15017,45
1929,45
1910,45
259,45
3207,45
11230,45
11190,45
1537,45
4637,45
4630,45
15817,52
2964,45
7577,45
7569,45
314,45
9903,45
908,45
793,45
10324,45
13266,45
1184,45
293,45
13237,45
1946,45
105,45
6486,45
12426,45
1030,45
19657,48
6804,45
816,45
9305,45
21295,46
21286,46
21233,46
21178,46
21047,46
20804,46
20712,46
20567,46
20507,46
20381,46
19862,46
19790,46
19639,46
19459,46
18606,46
17811,46
17788,46
17607,46
16912,46
16480,46
16441,46
16244,46
15733,46
15482,46
12705,46
12182,46
12169,46
11993,46
11696,46
11684,46
11683,46
11578,46
11529,46
11429,46
11338,46
11128,46
11028,46
11019,46
10966,46
10923,46
10027,46
9807,46
9611,46
9566,46
9562,46
9334,46
9312,46
9003,46
8935,46
8742,46
15128,58
2275,46
8488,46
8487,46
8335,46
14630,46
7816,58
20669,46
14103,46
7627,50
20480,46
7483,46
13870,54
1017,46
7410,46
7302,46
13611,54
758,46
6747,46
6711,46
6668,46
6500,46
6496,46
12890,54
37,46
24,46
6232,46
6078,46
5991,46
5669,46
12079,46
12078,46
5654,46
5629,46
5555,46
18180,48
5327,46
11622,46
11588,46
5084,46
17925,59
5072,46
11132,46
10879,46
4358,46
4261,46
4258,46
4157,46
10534,46
10524,46
734,46
10227,46
3771,46
10040,46
202,46
6243,46
6242,46
6211,46
9389,46
6149,46
5931,46
2645,46
15477,46
2567,46
5758,46
12163,46
5679,46
8814,46
5538,46
15152,46
2252,46
2249,46
2227,46
14995,46
2016,46
8355,50
21208,46
13110,46
5051,46
5018,46
4914,46
4892,46
1655,46
7887,46
11058,46
11036,46
7802,56
20655,46
15719,48
2866,46
1192,46
17216,56
4363,46
1157,46
17194,56
4341,46
4337,46
1117,46
7521,56
20374,46
1837,46
1003,46
1768,46
8915,46
11308,46
2479,46
848,46
781,46
11153,46
7940,58
20793,46
7104,52
19957,46
680,46
2276,46
6552,46
1752,46
1355,46
7747,47
20600,46
5317,46
1311,46
3708,51
16561,46
8530,46
17357,59
4504,46
98,46
10459,46
7193,46
8296,46
6679,46
8074,59
20927,46
7432,46
5354,46
4954,46
2877,46
10089,46
10983,46
7762,46
1639,46
10165,46
21419,47
21000,47
20824,47
20467,47
20137,47
19912,47
19906,47
19769,47
19649,47
19470,47
19137,47
18922,47
18017,47
17880,47
17562,47
17479,47
17340,47
17134,47
17004,47
16656,47
15778,47
15616,54
2763,47
15600,47
14028,47
13077,47
12054,47
11888,47
11299,47
11253,47
11101,47
10788,47
9285,47
9100,47
9075,47
8932,47
8836,47
8823,47
8496,47
7977,47
7789,47
20488,48
7635,47
20210,54
7357,47
6819,47
6561,47
12858,47
12767,47
19170,48
6317,47
6091,53
18944,47
18938,58
6085,47
5854,47
5810,56
18663,47
5719,47
5411,47
5309,47
5117,47
4952,47
4933,47
11239,47
4591,47
4323,47
3912,47
7068,47
10238,47
3415,47
9431,47
2907,47
6056,47
5955,47
9087,47
2532,47
8778,47
8771,47
11915,47
21371,52
8518,47
17823,59
4970,47
16166,58
3313,47
1619,47
7967,47
11161,47
4660,51
17513,47
7867,47
9230,47
10784,47
10676,47
6616,47
6609,48
19462,47
1679,47
3085,47
682,47
3707,47
3565,47
16787,59
3934,47
3095,47
9051,47
6604,47
2948,54
15801,47
5149,47
13787,47
2500,47
497,47
15368,47
8947,47
6886,47
9365,47
21272,48
21271,48
21256,48
21236,48
21234,48
21194,48
21189,48
21049,48
21045,48
21022,48
20969,48
20920,48
20812,48
20800,48
20798,48
20779,48
20672,48
20564,48
20561,48
20545,48
20502,48
20499,48
20470,48
20450,48
20440,48
20400,48
20284,48
20278,48
20105,48
19978,48
19850,48
19745,48
19723,48
19710,48
19427,48
19171,48
18953,48
18283,48
18155,48
17802,48
17616,48
16715,48
16705,48
16461,48
16388,48
16376,48
16371,48
15888,48
15790,48
15476,48
14516,48
12721,48
12631,48
12211,48
12061,48
12042,48
11879,48
11736,48
11727,48
11629,48
11621,48
11564,48
11500,48
11494,48
11307,48
11060,48
10917,48
10499,48
10478,48
10431,48
10037,48
9346,48
9111,48
15495,48
15109,48
8374,52
21227,48
8364,48
8254,48
8001,48
7894,55
20747,48
7884,48
7880,48
7623,51
20476,48
7585,51
20438,48
7331,48
7072,48
560,48
6865,48
12915,48
6233,48
5969,48
5922,48
12334,48
5492,48
5367,48
5308,48
11503,48
4794,48
4690,58
17543,48
10891,48
3989,48
7157,48
3922,48
698,48
3860,48
3697,48
466,48
3533,59
16386,48
6254,48
9444,48
6185,48
6173,48
12570,48
15695,48
9260,48
5994,48
2737,59
15590,48
12352,48
5850,56
18703,48
15446,57
2593,48
2490,48
5632,48
2409,48
8826,48
8767,48
2320,48
8731,48
5494,48
5441,54
18294,48
5415,48
8528,48
2092,48
11666,48
6729,48
4805,48
1524,48
1404,48
12505,48
2873,48
9270,48
1229,48
8318,48
3446,56
16299,48
19473,54
6620,48
17042,51
4189,48
12204,48
6495,48
5682,48
7287,51
20140,48
12014,48
3996,48
783,48
7985,54
20838,48
15180,48
2338,48
2322,54
15175,48
7139,48
7950,59
20803,48
3895,48
11112,48
528,48
9311,48
846,48
12869,48
6799,48
773,48
5911,48
11499,48
9029,48
9964,48
65,48
483,48
14517,48
5650,48
7096,48
7626,56
20479,48
7634,48
15200,59
2347,49
12992,54
139,49
9868,49
9266,49
8930,49
8502,49
8491,49
14324,50
1471,49
7851,49
7837,49
7702,49
7657,49
7167,49
508,49
6917,49
6773,49
6741,49
165,49
86,49
12924,56
71,49
6324,49
6305,49
6205,49
6033,49
5663,49
18399,56
5546,49
18375,59
5522,49
5086,49
5085,49
17809,50
4956,49
4560,49
17241,59
4388,49
4253,49
4241,49
17081,54
4228,49
4025,49
13543,53
690,49
3875,49
7076,49
3774,49
3763,49
3757,49
517,49
514,49
470,49
464,49
6777,49
9901,49
53,49
6474,49
6295,49
15739,54
2886,49
2772,49
2591,49
2584,49
18595,53
5742,49
5707,49
2396,49
2385,49
2346,49
2339,49
15091,58
2238,49
2213,49
2211,49
3764,49
531,49
3651,49
2049,49
3580,49
5083,49
1824,49
4990,49
1767,49
1714,49
1708,49
12889,50
36,49
6457,49
1586,49
7990,49
1568,49
1567,49
1546,49
6280,49
7850,49
1420,49
7835,49
1382,49
1363,49
7782,49
1298,49
2809,49
4412,49
1170,49
5960,49
6685,49
7498,49
1066,49
1783,49
4177,49
2494,49
89,49
866,49
1648,49
1545,49
707,49
692,49
3905,49
702,49
700,49
695,49
693,49
691,49
1483,49
536,49
546,49
1326,49
529,49
7346,49
513,49
2908,49
512,49
509,49
461,49
776,49
6776,49
6774,49
1169,49
2332,49
701,49
2608,49
4210,49
163,49
1763,49
1555,49
6154,49
548,49
2154,49
7766,49
1345,49
1322,49
108,49
506,49
1496,49
1873,49
1090,49
7761,49
1239,49
521,49
5528,49
1277,49
7768,49
1814,49
21503,50
21462,50
21454,50
21060,50
19837,50
19050,50
18910,50
18782,50
18356,50
18339,50
18281,50
17870,50
17716,50
17643,50
17589,50
17559,50
17152,50
17060,50
17015,50
16983,50
16354,50
16159,50
16152,50
16110,50
13242,59
389,50
13136,50
12521,50
12250,50
12216,50
12205,50
12106,50
12044,50
11983,50
11968,50
11910,50
11726,50
11711,50
11619,50
11522,50
11349,50
11255,50
11136,50
11126,50
10988,50
10978,50
10816,50
10551,50
10434,50
10233,50
10219,50
9927,50
9557,50
15468,50
8435,50
8373,50
8197,59
21050,50
7912,50
7470,50
7332,50
13735,50
882,50
7065,50
7058,50
13168,59
315,50
6719,58
19572,50
19291,59
6438,50
6282,50
6277,50
6217,50
6124,50
12515,50
5934,50
5910,50
5818,50
12221,50
12171,50
12159,50
5672,50
5559,50
5520,50
5505,50
11539,50
11505,50
17746,54
4893,50
4605,50
17052,53
4199,50
4161,50
4145,50
10414,50
10313,50
7077,55
19930,50
16681,59
3828,50
3790,50
346,59
13199,50
6655,50
3420,50
3180,50
6121,50
2847,50
2818,50
5949,50
9139,50
9059,50
9032,50
2569,50
12186,50
15325,50
8903,50
12083,50
5608,50
2307,50
14949,50
16505,59
3652,50
3607,50
16460,50
6710,50
9928,50
14666,50
1787,50
11335,50
4841,54
17694,50
12727,50
9484,50
4623,50
1409,50
12600,50
2797,50
9102,50
9867,50
14679,50
17080,58
4227,50
1024,50
13037,50
4212,50
984,50
983,50
2505,50
4887,50
3205,50
3161,50
3937,50
3910,50
12532,50
16094,56
3241,50
10025,50
6778,50
4774,50
2365,50
9550,50
5833,58
18686,50
963,50
922,50
3298,50
10518,50
6853,50
447,50
9861,50
11752,50
5331,50
2810,50
19653,51
19625,51
19082,51
19081,51
19077,51
18995,51
18994,51
18509,51
18495,51
18463,51
18458,51
18454,51
18437,51
18433,51
18374,51
18366,51
17442,51
17400,51
16990,51
16967,51
16940,51
16854,51
16772,51
16767,51
16740,51
16415,51
16310,51
16282,51
16164,51
16142,51
16134,51
14818,52
1965,51
435,54
13288,51
13070,51
12788,51
12466,51
11795,51
11789,51
11765,51
11379,51
11291,51
11276,51
11261,51
11191,51
11170,51
10827,51
10757,51
10746,51
10737,51
10708,51
10604,51
10385,51
10377,51
10289,51
9829,51
9700,51
9433,51
9107,51
8726,51
8706,51
8585,51
8363,51
8347,51
8209,51
21031,59
8178,51
7767,51
7584,51
7583,51
7557,51
7015,51
19867,52
7014,51
444,51
13282,51
13238,51
13007,51
100,51
19238,54
6385,51
6353,51
12758,51
18920,54
6067,51
12464,51
5849,51
5839,51
5830,51
5798,51
12080,51
5485,51
5260,51
5253,51
5238,51
5207,51
5205,51
11197,51
4741,51
4634,51
4173,51
17005,59
4152,51
4091,51
4080,51
4074,51
4036,51
3926,54
16779,51
7075,51
10285,51
10261,51
6965,51
3720,51
9974,51
13172,51
330,51
220,51
198,51
6619,51
213,51
9792,51
124,51
12752,51
3073,51
3016,51
2995,51
2994,51
2990,51
12407,51
9182,51
5848,51
2555,51
11894,51
8661,51
6982,51
10200,51
13284,51
5245,51
5231,51
3531,51
1933,51
1912,51
8190,51
4881,51
4771,51
11030,51
6000,51
7591,51
9178,51
9165,51
1147,51
1102,51
10724,51
1079,51
5052,51
4255,51
1036,51
1023,51
5782,51
974,51
5769,51
4099,57
16952,51
1681,51
870,51
14354,51
4700,51
4695,51
3898,51
6951,51
3723,51
895,51
3661,51
2843,51
3990,54
16843,51
379,54
13232,51
9196,51
5178,51
6371,51
6758,51
867,51
4993,51
8211,51
1158,51
9769,51
8172,51
3902,56
16755,51
13274,51
450,51
10314,51
940,51
11160,51
839,51
10553,51
929,51
2529,51
1068,51
7222,51
4290,51
21574,52
21567,52
21469,52
20989,52
20389,52
20230,52
20048,52
20005,52
19807,52
19758,52
19551,52
19065,52
18860,52
18519,52
18466,52
18415,52
18403,52
18186,52
18014,52
17759,52
17731,52
17612,52
17499,52
17455,52
17338,52
17301,52
17142,52
17140,52
17075,52
17067,52
16989,52
16981,52
16777,52
16257,52
16177,52
16139,52
16103,52
16077,52
14839,52
13507,52
13190,52
12830,52
12778,52
12763,52
12691,52
12690,52
12490,52
12409,52
12399,52
12135,52
12011,52
11866,52
11574,52
11541,52
11487,52
11387,52
11372,52
11327,52
11273,52
11265,52
11093,52
11048,52
10959,52
10903,52
10876,52
10717,52
10702,52
10619,52
10618,52
10608,52
10584,52
10299,52
10100,52
10049,52
9953,52
9943,52
9746,52
9559,52
9509,52
9450,52
9207,52
9203,52
15424,52
15013,52
7952,52
7814,54
20667,52
20662,58
7809,52
7552,52
791,52
7071,52
6764,52
311,52
290,52
249,52
6576,52
6346,56
19199,52
12761,52
6267,52
12655,52
6137,52
6128,52
5985,52
5973,52
5655,52
5603,55
18456,52
5598,52
5554,58
18407,52
5382,52
5278,52
5192,52
5134,52
11492,52
5002,52
4983,52
4708,52
4640,52
4603,52
4536,52
17389,52
4507,52
10902,52
4349,52
4345,52
10760,52
4267,52
10625,52
10586,52
4156,52
4153,52
4096,52
10505,52
10403,52
7111,54
19964,52
13462,52
19864,54
7011,52
6998,52
10122,52
13271,52
3492,52
3155,52
3104,52
3051,52
3034,52
9403,52
9398,52
2971,52
12415,52
9204,52
9172,52
2746,52
12208,52
15409,52
5756,52
2550,52
8961,52
12152,52
8895,52
15310,52
2376,52
8747,52
2257,58
15110,52
15095,52
11843,52
562,52
5168,52
1960,52
1934,52
1889,52
1845,52
6603,52
12823,52
6407,52
12790,52
1520,52
12701,52
1478,52
7888,52
7877,52
4648,52
1312,52
1212,52
1210,52
10749,52
5902,52
1085,52
5880,52
7501,52
10640,52
10593,52
6493,52
8105,52
754,52
5525,54
18378,52
3928,52
7124,52
704,52
684,52
10808,52
8796,52
3256,52
9680,52
1207,52
8427,52
8206,52
525,52
1916,52
977,52
2480,52
3473,52
875,52
8086,52
894,52
941,52
7311,52
842,52
6541,52
8044,52
4071,52
8080,52
10752,52
20159,53
19529,53
18549,53
18488,53
18465,53
18362,53
17952,53
17758,53
17352,53
17343,53
16993,53
16331,53
16304,53
16150,53
16120,53
13321,53
12687,53
12657,53
12627,53
12592,53
12571,53
12483,53
12336,53
12302,53
12278,53
12274,53
12259,53
12249,53
12246,53
12235,53
12147,53
12125,53
12112,53
12102,53
11960,53
11940,53
11934,53
11907,53
11848,53
11746,53
8802,53
8490,55
21343,53
13105,53
6483,53
12774,53
12732,53
12694,53
12509,53
12469,53
18851,58
5998,53
12398,53
12333,53
12316,53
12260,53
12229,53
12131,53
12101,53
5667,54
18520,53
11913,53
11831,53
11817,53
5237,53
5194,53
17311,59
4458,53
3838,53
7031,53
6352,53
12731,53
3092,53
12632,53
3007,53
11858,53
3694,53
1983,53
1815,53
8103,53
9675,53
3219,53
6369,53
1427,53
15410,53
12091,53
2952,53
2155,53
12514,53
1971,53
4338,54
17191,53
15550,53
1078,53
3253,53
16213,59
3360,53
13008,53
6453,53
3133,53
3122,53
16555,54
3702,53
233,53
10464,53
21382,54
21358,54
21318,54
21251,54
21210,54
20710,54
20142,54
19959,54
19895,54
19870,54
19762,54
19744,54
19731,54
19371,54
18963,54
18962,54
18951,54
18932,54
18930,54
18921,54
18861,54
18638,54
18504,54
18254,54
18217,54
18182,54
17973,54
17894,54
17857,54
17849,54
17723,54
17710,54
17596,54
17573,54
17421,54
17361,54
17349,54
17317,54
17125,54
17003,54
16875,54
16651,54
16622,54
16510,54
16307,54
16287,54
16238,54
15993,54
15988,54
15918,54
15912,54
15767,54
15484,54
15478,54
15308,54
14978,54
14903,54
14544,54
13023,54
13003,54
12937,54
12717,54
12707,54
12702,54
12677,54
12611,54
12487,54
12298,54
11981,54
11925,54
11867,54
11841,54
11808,54
11793,54
11743,54
11563,54
11514,54
11468,54
11440,54
11431,54
11374,54
11274,54
11251,54
11236,54
11105,54
11074,54
10887,54
10849,54
10794,54
10508,54
10470,54
10258,54
10110,54
10096,54
10067,54
9918,54
9833,54
9809,54
9668,54
9661,54
9443,54
9296,54
9242,54
9232,54
9072,54
9064,54
8945,54
8914,54
8866,54
8717,54
8711,54
8526,54
8438,58
21291,54
8240,59
21093,54
7997,54
7928,54
7896,54
7810,54
7671,54
7386,54
13753,54
6929,54
6818,54
6726,54
281,54
13043,54
12641,54
12620,54
12512,54
12503,54
6027,54
12321,54
5689,54
5659,54
5641,54
12048,54
11916,54
11891,54
5465,54
11847,54
5421,54
5379,54
5377,54
11717,54
5234,54
5102,54
5094,54
11386,54
11373,54
4687,59
17540,54
11100,54
10872,54
10786,54
4365,54
4237,54
17084,56
4231,54
3916,54
7041,54
3830,54
544,54
3759,54
3758,54
16611,54
498,54
478,54
6887,54
10041,54
6767,54
3491,54
19491,59
6638,54
6581,54
13011,54
3309,54
19351,59
6498,54
3266,54
16119,54
12888,54
3154,54
9549,54
6276,54
9488,54
3038,54
9437,54
9434,54
6059,54
15698,54
5986,54
15494,54
2570,54
2559,54
8880,54
8830,54
11895,54
11837,54
5409,54
11829,54
15024,54
547,54
532,54
2097,54
436,54
1994,54
14739,56
1886,54
3395,54
3275,54
12883,54
1626,54
1622,54
9637,54
14423,54
4772,58
17625,54
9538,54
1456,54
12667,54
7865,54
1434,54
11051,54
4585,54
7796,54
9381,54
9338,54
2917,54
1316,54
2897,54
1300,54
9302,54
1276,54
4431,59
17284,54
1228,54
7603,54
12368,54
5947,54
4328,54
13966,54
1123,54
2677,54
1052,54
1032,54
162,54
7318,54
3276,54
9563,54
3918,54
8547,54
1263,54
820,54
401,54
787,54
381,54
369,54
7149,54
6877,54
12243,54
9025,54
995,54
3387,54
1790,54
10548,54
5722,55
18575,54
8940,54
1099,54
474,54
4143,54
1340,54
6836,54
1220,54
1332,54
6639,56
19492,54
6801,55
19654,54
16471,55
16470,55
16469,55
16468,55
16393,55
15283,55
14586,55
12227,55
12185,55
12067,55
12001,55
11908,55
11571,55
11098,55
10240,55
10162,55
10092,55
9580,55
9503,55
9335,55
8968,55
8788,55
8736,55
15032,55
8556,55
8378,55
8028,55
7474,55
7297,55
7275,55
7146,55
6861,55
6761,55
6739,55
6509,55
6252,55
6043,55
5604,55
5346,55
4998,55
4991,55
11154,55
4399,55
10242,55
10061,55
9578,55
9531,55
9272,55
9271,55
9255,55
9240,55
5914,55
5721,55
12128,55
5414,55
10186,55
3750,55
6825,55
13204,55
11433,55
85,55
4801,55
7956,55
9422,55
1378,55
9385,55
4454,55
4384,55
4285,55
1820,55
7278,55
828,55
9530,55
6155,55
7776,55
7267,55
13223,55
4387,55
9993,55
9992,55
11994,55
9369,55
6875,55
6568,55
7286,55
8912,55
12162,55
6514,55
17184,58
4331,55
7622,55
21501,56
21391,56
21131,56
20787,56
20632,56
20469,56
20439,56
20186,56
19546,56
19293,56
18992,56
18472,56
18421,56
18231,56
18104,56
17706,56
17511,56
17452,56
17449,56
17316,56
17279,56
17277,56
17274,56
17269,56
17245,56
17201,56
17083,56
17074,56
16957,56
16935,56
16932,56
16929,56
16926,56
16794,56
16788,56
16357,56
16256,56
16088,56
14904,56
14199,56
12755,56
12754,56
12564,56
12563,56
12473,56
12457,56
12028,56
11860,56
11706,56
11587,56
11580,56
11558,56
11519,56
11390,56
11357,56
11287,56
11260,56
11175,56
11103,56
11076,56
10905,56
10695,56
10665,56
10642,56
10623,56
10530,56
10455,56
10302,56
10265,56
9923,56
9847,56
9755,56
9712,56
9681,56
9657,56
9315,56
9147,56
9076,56
15198,56
15171,56
8699,56
8676,56
8663,56
8608,56
14912,56
14826,56
7907,56
7477,56
7135,56
6716,56
12806,56
12602,56
12472,56
5908,56
5895,56
5808,56
5561,56
5499,59
18352,56
5288,56
11658,56
18036,59
5183,56
5160,56
11498,56
5057,56
11198,56
4717,56
11065,56
10809,56
10779,56
10767,56
4048,56
4026,56
10347,56
10264,56
10209,56
6788,56
3553,56
3157,56
3078,56
3010,56
12623,56
9415,56
12609,56
12594,56
9279,56
9184,56
5964,56
9015,56
8982,56
12179,56
12178,56
2419,56
8692,56
2025,56
354,56
5132,56
17968,58
5115,56
1848,56
1839,56
1809,56
8109,56
49,56
9628,56
11225,56
1579,56
4632,56
2936,56
10781,56
1148,56
10709,56
1871,56
1863,56
13908,56
11461,56
13045,56
991,56
11397,56
9697,56
1499,56
7771,59
20624,56
6926,56
104,56
925,56
14951,56
10355,56
1656,56
1022,56
1951,56
2942,56
1680,56
9777,56
6941,56
1356,56
10352,56
3931,56
20267,57
18557,57
17342,57
16194,57
16149,57
15858,57
13279,57
12772,57
12760,57
12117,57
11826,57
10714,57
10107,57
14923,57
11233,57
6993,57
9941,57
12462,57
12003,57
2239,57
11862,57
2206,57
486,57
5042,57
1,57
1598,57
1444,57
4488,59
17341,57
8306,57
1966,57
10367,57
3228,57
9374,57
20396,58
19411,58
19241,58
19006,58
18975,58
18917,58
18865,58
18392,58
18280,58
18071,58
17986,58
17863,58
17839,58
17812,58
17776,58
17686,58
17422,58
17411,58
17406,58
17164,58
17097,58
17000,58
16979,58
16680,58
16636,58
16577,58
16332,58
16216,58
16215,58
16176,58
16023,58
15913,58
15810,58
15363,58
15237,58
14736,58
12836,58
12827,58
12317,58
12195,58
11791,58
11490,58
11352,58
11252,58
11243,58
11210,58
11144,58
11041,58
10361,58
9853,58
9544,58
9465,58
9432,58
9423,58
9197,58
8962,58
8944,58
8873,58
8628,58
7391,58
714,58
7030,58
6463,58
12803,58
6382,58
6350,58
12699,58
6125,58
12468,58
12213,58
11996,58
5363,58
11661,58
4890,58
17330,59
4477,58
4425,58
4369,58
10768,58
4259,58
10674,58
3991,58
7024,58
6985,58
6961,58
6815,58
3488,58
9799,58
3271,58
6425,58
12696,58
6157,58
9259,58
2833,58
15621,59
2768,58
2652,58
2596,58
12201,58
5780,58
8991,58
2546,58
5734,58
8756,58
15149,58
5471,58
8615,58
5268,58
362,58
9978,58
11504,58
14689,58
1836,58
1682,58
3198,58
3204,58
8000,58
3166,58
15639,58
1897,58
4266,58
176,58
8204,58
12203,58
1771,58
857,58
10435,58
768,58
9582,58
7966,58
748,58
5755,58
6944,58
4518,58
6093,58
2375,58
8396,58
2371,58
6665,58
1808,58
3396,58
1963,58
7366,58
2517,58
14941,58
1076,58
5162,58
3336,58
8554,58
1631,58
8441,58
10311,58
4043,58
21517,59
21019,59
20902,59
20834,59
20653,59
20465,59
20034,59
19658,59
19556,59
19480,59
19433,59
18835,59
18774,59
18744,59
18700,59
18682,59
18676,59
18616,59
18423,59
18389,59
18372,59
18277,59
18257,59
18222,59
18135,59
17960,59
17707,59
17568,59
17248,59
17188,59
17174,59
17039,59
16903,59
16774,59
16749,59
16734,59
16318,59
16179,59
16171,59
16146,59
15973,59
15961,59
15932,59
15929,59
15872,59
15859,59
15855,59
15306,59
15303,59
15255,59
15096,59
14959,59
13245,59
13201,59
13072,59
12815,59
12689,59
12670,59
12465,59
12461,59
12423,59
12338,59
11970,59
11812,59
11371,59
11234,59
11174,59
11102,59
10913,59
10750,59
10729,59
10559,59
10359,59
10062,59
9988,59
9982,59
9933,59
9906,59
9858,59
9479,59
9473,59
9314,59
9290,59
15568,59
9065,59
15485,59
8748,59
8546,59
8246,59
8234,59
8176,59
7930,59
7897,59
7839,59
7831,59
7592,59
7496,59
7220,59
7209,59
7126,59
6632,59
75,59
6494,59
6473,59
6436,59
12848,59
6373,59
6337,59
12654,59
12559,59
12546,59
12507,59
6058,59
5919,59
5900,59
5792,59
12122,59
5611,59
18464,59
5491,59
5423,59
18276,59
5394,59
5392,59
11811,59
5330,59
5281,59
11665,59
5190,59
11597,59
5139,59
11523,59
11455,59
4941,59
4867,59
11242,59
4781,59
4689,59
11087,59
11043,59
4622,59
4465,59
17318,59
4405,59
17258,59
10787,59
10613,59
10449,59
7161,59
7070,59
518,59
13251,59
13244,59
6623,59
3371,59
3352,59
46,59
3187,59
3149,59
3098,59
15951,59
3062,59
2930,59
2793,59
9208,59
2762,59
12375,59
9163,59
2688,59
9069,59
2647,59
2635,59
5796,59
5788,59
2520,59
8933,59
5643,59
8850,59
8806,59
2310,59
8623,59
6968,59
2000,59
8416,59
8415,59
3526,59
9907,59
3329,59
81,59
3225,59
12843,59
9640,59
4809,59
14440,59
1563,59
7962,59
7901,59
7899,59
7873,59
2785,59
11544,59
5123,59
1920,59
2681,59
5040,59
8258,59
1040,59
9834,59
5783,59
884,59
10506,59
2390,59
10391,59
757,59
718,59
11946,59
1519,59
3109,59
688,59
7085,59
15394,59
3748,59
6546,59
3711,59
6101,59
7684,59
13688,59
835,59
3572,59
1949,59
6740,59
12332,59
1785,59
11385,59
2951,59
15804,59
5154,59
136,59
3339,59
12969,59
15416,59
7304,59
1675,59
9108,59
3340,59
3440,59
10563,59
4845,59
10156,59
4135,59
16988,59
3315,59
7659,59
1347,59
2013,59
13247,59
