16568,0
15959,0
12824,0
12288,0
11282,0
11090,0
10877,0
10112,0
10085,0
9438,0
9284,0
15528,0
8992,0
15280,0
8545,0
14729,0
8227,0
20865,76
8012,0
7979,0
7974,0
20489,55
7636,0
20216,58
7363,0
7245,0
6894,0
6763,0
6661,0
6577,0
6106,0
18390,12
5537,0
11730,0
18149,12
5296,0
17911,55
5058,0
11027,0
4505,0
4374,0
7063,0
16710,12
3857,0
6852,0
13258,17
405,0
3541,47
16394,0
13062,0
3194,0
15861,74
3008,0
2920,0
2664,0
9030,0
12155,0
12045,0
2398,0
2379,0
2230,0
3785,34
16638,0
10181,0
10115,0
407,0
406,0
16476,24
3623,0
404,0
11636,0
6532,0
19331,11
6478,0
16107,22
3254,0
8007,0
20811,55
7958,0
1360,0
6120,0
4523,0
7690,0
2802,74
15655,0
7631,0
14761,0
12929,0
20170,19
7317,0
811,0
7189,0
6312,0
8733,0
2549,0
113,0
83,0
6864,0
3258,0
817,0
1173,0
11156,0
7141,0
20802,63
7949,0
19540,78
6687,0
50,0
6862,0
9040,0
3603,0
3382,0
3543,32
16396,0
7358,0
13333,71
480,0
865,0
5694,0
1747,0
1287,0
21405,1
21257,1
21182,1
21181,1
21148,1
21100,1
21042,1
21017,1
20926,1
20768,1
20695,1
20388,1
18158,1
16921,1
16815,1
16708,1
16687,1
16633,1
16598,1
16592,1
16448,1
16015,1
16013,1
14985,1
14525,1
13092,1
12187,1
12063,1
12022,1
10885,1
10174,1
9103,1
8859,1
2175,50
15028,1
15027,1
8497,23
21350,1
21219,53
8366,1
14285,1
7843,1
14146,11
1293,1
7519,37
20372,1
7190,1
756,1
7079,1
338,17
13191,1
13122,1
6311,1
6172,1
6055,1
18783,74
5930,1
5913,1
5496,1
5451,1
5355,1
4999,1
4807,10
17660,1
4803,1
10972,1
4257,1
4176,1
10573,1
7078,1
3864,78
16717,1
16635,52
3782,1
10196,1
3667,1
3605,36
16458,1
3128,73
15981,1
6231,1
6130,1
2760,77
15613,1
18602,53
5749,1
12098,1
2101,68
14954,1
5215,9
18068,1
4911,1
1566,1
7964,70
20817,1
1527,1
19159,70
6306,1
1384,1
1265,1
14093,1
15667,1
1177,1
5100,1
1494,1
4691,17
17544,1
1264,1
1532,1
18388,12
5535,1
1033,1
6642,1
12995,6
142,1
5119,12
17972,1
2099,1
3466,71
16319,1
13114,1
535,1
3633,68
16486,1
8338,53
21191,1
6505,1
6696,1
8858,1
21462,2
21454,2
21018,2
20835,2
20834,2
20699,2
20465,2
19731,2
18963,2
18861,2
18682,2
18443,2
18423,2
18371,2
18351,2
18332,2
18236,2
18228,2
18191,2
18182,2
18138,2
18135,2
17993,2
17960,2
17710,2
17574,2
17315,2
17302,2
17174,2
17039,2
17038,2
17001,2
16925,2
16875,2
16750,2
16734,2
16499,2
16403,2
16318,2
16241,2
16123,2
16093,2
15961,2
2744,33
15597,2
2650,58
15503,2
15481,2
15471,2
15447,55
2594,2
15264,55
2411,2
15234,2
2303,29
15156,2
2151,59
15004,2
14978,2
12647,2
12487,2
12460,2
12442,2
12339,2
12276,2
12028,2
11970,2
11910,2
11841,2
11812,2
11801,2
11726,2
11663,2
11406,2
11071,2
10843,2
10811,2
10721,2
10348,2
10334,2
10158,2
10110,2
10071,2
10067,2
9872,2
9858,2
9814,2
9668,2
9505,2
9280,2
9242,2
9156,2
9155,2
15568,2
9065,2
9064,2
15417,2
8948,2
8945,2
8914,2
8863,2
8857,2
8546,2
14911,2
21325,41
8472,2
8405,2
8246,2
21093,23
8240,2
8225,55
21078,2
14418,2
20790,78
7937,2
7897,2
7891,58
20744,2
7872,55
20725,2
7826,41
20679,2
7813,6
20666,2
1359,15
14212,2
7725,2
20497,16
7644,2
20220,61
7367,2
7220,2
7209,2
758,66
13611,2
7047,2
7023,2
377,2
13200,2
13185,2
6657,72
19510,2
6578,2
29,2
6445,2
6375,2
6361,2
6282,2
12605,2
18988,6
6135,2
12534,2
6083,2
18888,55
6035,2
5919,2
12309,2
5886,4
18739,2
5739,2
18592,2
5717,78
18570,2
12127,2
12068,2
12048,2
5585,58
18438,2
5481,2
18334,2
5470,51
18323,2
5379,2
5377,2
18188,11
5335,2
11717,2
18096,19
5243,2
5240,71
18093,2
5183,76
18036,2
11523,2
5097,70
17950,2
11455,2
17873,72
5020,2
11373,2
11362,2
4910,58
17763,2
4903,2
11271,2
11242,2
17651,6
4798,2
4654,76
17507,2
17432,78
4579,2
17408,50
4555,2
17389,72
4536,2
10787,2
4246,50
17099,2
10662,2
4237,2
4215,2
4204,2
10613,2
16886,62
4033,2
16745,26
3892,2
7011,72
19864,2
3793,18
16646,2
10192,2
544,2
3559,2
13011,2
19351,17
6498,2
9615,2
9608,2
3154,2
15925,65
3072,2
2983,2
15821,32
2968,2
2959,2
15780,75
2927,2
12550,2
2867,2
2853,2
6042,63
18895,2
2791,2
15590,68
2737,2
15584,2
5898,28
18751,2
5805,71
18658,2
18604,17
5751,2
5723,44
18576,2
12053,2
15253,2
2271,2
2259,15
15112,2
5472,2
2268,78
15121,2
8632,2
15048,2
11829,2
5366,2
2097,2
8513,2
6855,2
19511,45
6658,2
3400,2
1801,2
6559,29
19412,2
1723,2
3285,2
3275,2
17682,36
4829,2
9640,2
3217,2
3216,2
11222,2
9604,2
1563,2
3103,45
15956,2
7901,2
9338,2
7737,2
20586,16
7733,2
10867,2
2797,2
4380,69
17233,2
12368,2
20421,68
7568,2
6677,2
17933,33
5080,2
1077,2
4277,2
1862,78
14715,2
5040,2
1040,2
15448,2
7424,2
162,2
7154,2
741,2
7130,58
19983,2
3918,2
6283,53
19136,2
7090,58
19943,2
19810,3
6957,2
14177,2
15777,63
2924,2
505,2
14156,70
1303,2
7684,2
6433,74
19286,2
1203,2
393,2
16843,9
3990,2
7605,78
20458,2
11599,2
4372,31
17225,2
5543,66
18396,2
1493,2
441,2
3587,2
3348,33
16201,2
19780,58
6927,2
15416,2
16230,24
3377,2
3269,29
16122,2
9108,2
1740,2
4143,2
16988,17
4135,2
918,2
7749,2
4107,2
1347,2
550,2
16197,71
3344,2
1213,2
2013,2
2884,2
20778,3
20035,3
20025,3
19890,3
19786,3
19262,3
19122,3
19006,3
18995,3
18872,3
18493,3
18280,3
17894,3
17752,3
17748,3
17416,3
17411,3
17399,3
17384,3
17364,3
17333,3
17317,3
17275,3
17146,3
17123,3
17103,3
16962,3
16359,3
16264,3
16212,3
16091,3
15713,3
15643,3
15580,3
15478,3
15052,3
14969,34
2116,3
2020,34
14873,3
13721,36
868,3
13119,3
12432,3
11330,3
11243,3
11210,3
11205,3
11183,3
11179,3
10992,3
10901,3
10899,3
10742,3
10703,3
10371,3
10342,3
10310,3
9771,3
9661,3
9590,3
9489,3
9453,3
15545,3
9048,3
8873,3
2421,31
15274,3
21519,47
8666,3
8656,3
8628,3
14930,3
21359,31
8506,3
21346,60
8493,3
8276,55
21129,3
7896,3
7879,3
7715,3
7596,3
1017,44
13870,3
7344,3
7166,18
20019,3
725,3
247,3
6647,75
19500,3
13053,3
19475,68
6622,3
6434,3
6353,3
6215,3
6189,65
19042,3
12555,3
12524,3
6060,3
6025,3
12394,3
5888,3
5887,3
5826,3
5800,3
18564,73
5711,3
18420,72
5567,3
11982,3
5328,3
5272,3
11507,3
5071,3
5070,17
17923,3
5054,75
17907,3
11202,3
11177,3
4679,3
4604,50
17457,3
10768,3
4173,3
4103,3
4080,3
6872,3
16417,60
3564,3
13116,3
6581,3
3309,3
6310,49
19163,3
15807,34
2954,3
6075,3
15451,3
2609,55
15462,3
18599,72
5746,3
8861,3
15247,19
2394,3
18309,53
5456,3
8603,3
14907,55
2054,3
6810,70
19663,3
16450,25
3597,3
5203,3
1948,3
1836,78
14689,3
5042,3
134,74
12987,3
9734,3
12878,3
12851,3
17622,18
4769,3
1445,44
14298,3
4630,3
1407,3
1406,3
7825,3
4519,33
17372,3
9175,3
15556,3
4227,70
17080,3
10640,3
1693,3
4000,44
16853,3
1588,3
16804,62
3951,3
20771,41
7918,3
4697,3
7097,50
19950,3
5755,3
3747,23
16600,3
2923,3
19378,78
6525,3
6093,3
16917,64
4064,3
13266,3
1217,3
19664,55
6811,3
15217,3
6778,3
15213,3
10398,3
12395,3
9192,3
3505,3
1761,3
3152,78
16005,3
945,3
3345,3
930,3
6520,66
19373,3
12907,3
16130,78
3277,3
16126,47
3273,3
19334,23
6481,3
1959,3
2956,3
939,3
6442,8
19295,3
3630,3
14875,3
1220,3
3744,42
16597,3
19657,68
6804,3
19625,4
19082,4
19081,4
18509,4
18495,4
18487,4
18463,4
18458,4
18366,4
16990,4
16772,4
16767,4
16415,4
16134,4
14818,78
1965,4
12893,41
40,4
12249,4
11795,4
11191,4
11170,4
10757,4
10746,4
10737,4
10708,4
10385,4
10377,4
9700,4
8706,4
8543,4
8363,4
8347,4
20527,28
7674,4
7394,55
20247,4
19808,18
6955,4
13238,4
13007,4
100,4
19238,74
6385,4
12758,4
18920,12
6067,4
5839,4
5798,4
18242,24
5389,4
5207,4
5205,4
4741,4
4634,4
4238,47
17091,4
17005,45
4152,4
19982,55
7129,4
10285,4
198,4
6619,4
3210,25
16063,4
3073,4
2994,4
5579,36
18432,4
1912,4
4881,4
4771,4
17597,59
4744,4
17513,23
4660,4
6000,4
7591,4
9178,4
10724,4
1079,4
3417,35
16270,4
5782,4
1681,4
870,4
4686,4
3661,4
2843,4
17640,6
4787,4
379,12
13232,4
6758,4
8211,4
1158,4
3902,76
16755,4
4097,55
16950,4
940,4
7263,17
20116,4
17523,5
17089,5
16285,5
16251,5
16188,5
16133,5
15510,5
14310,74
1457,5
699,66
13552,5
12785,5
12413,5
11794,5
11284,5
10796,5
10755,5
10710,5
10416,5
10356,5
9745,5
9299,5
9217,5
8629,5
7100,5
19933,32
7080,5
19880,6
7027,5
19865,68
7012,5
6981,5
12523,5
5909,5
5905,5
5819,5
11832,5
11798,5
5360,5
5269,5
11256,5
11228,5
4768,5
17519,17
4666,5
16941,70
4088,5
7020,5
16465,70
3612,5
12846,5
15920,59
3067,5
5945,5
8760,5
8728,5
8678,5
11864,5
11193,5
15854,79
3001,5
4431,17
17284,5
9218,5
3482,5
15523,5
9880,5
2565,5
13739,5
10321,5
16437,21
3584,5
9781,5
4125,55
16978,5
5223,5
21287,6
21071,6
21040,6
20945,6
20797,6
20298,6
19984,6
19874,6
19441,6
19435,6
19270,6
18986,6
18223,6
17837,6
17785,6
17784,6
17777,6
17576,6
17182,6
17178,6
16923,6
16873,6
16700,6
16685,6
16444,6
16427,6
16136,6
16026,6
15997,6
15682,6
14623,6
14537,12
1684,6
1541,44
14394,6
13704,59
851,6
11508,6
11143,6
11029,6
10950,6
10908,6
10883,6
10224,6
9343,6
15077,21
2224,6
8555,75
21408,6
8327,6
8220,64
21073,6
14619,6
8020,6
20670,63
7817,6
14131,6
7604,74
20457,6
7494,6
7490,6
7482,6
7469,6
13393,6
13182,6
6629,21
19482,6
6595,72
19448,6
12949,36
96,6
6223,6
12629,6
12610,6
6103,6
6096,6
12356,6
12331,6
5516,6
11755,6
11748,6
11744,6
4908,6
10928,6
10872,6
3993,6
3933,6
3920,6
3839,6
3833,6
3831,15
16684,6
3542,55
16395,6
16275,41
3422,6
3418,6
16269,41
3416,6
6575,37
19428,6
12988,70
135,6
12722,6
6070,6
15404,12
2551,6
18610,53
5757,6
15396,74
2543,6
2540,6
5442,6
8558,25
21411,6
1835,6
6598,30
19451,6
16076,17
3223,6
3176,64
16029,6
7993,6
6065,6
17264,55
4411,6
1118,6
2714,6
9027,6
4884,6
7305,6
1667,6
15276,6
1577,6
7913,69
20766,6
2281,6
12973,6
2552,6
5352,78
18205,6
545,6
12978,10
125,6
11738,6
1291,6
8064,17
20917,6
3632,6
353,50
13206,6
3168,10
16021,6
7992,6
1354,6
4937,6
14201,6
5665,6
844,6
6856,6
3239,6
836,6
2526,6
17771,17
4918,6
4021,68
16874,6
4019,70
16872,6
3599,6
2308,15
15161,7
7966,7
8396,7
21550,8
21007,8
20982,8
20946,8
20887,8
19830,8
19420,8
19312,8
19208,8
19092,8
18882,8
18852,8
18782,8
18667,8
18225,8
18145,8
18080,8
17878,8
17782,8
17719,8
17589,8
17563,8
17488,8
17472,8
17314,8
17137,8
16963,8
16277,8
15197,21
2344,8
13711,8
12679,8
12345,8
12225,8
12117,8
11579,8
11056,8
10985,8
10941,8
10918,8
10847,8
10816,8
9607,8
8978,8
8916,8
8780,8
8705,8
21491,45
8638,8
1975,65
14828,8
21214,66
8361,8
8198,72
21051,8
8045,10
20898,8
7534,8
7475,74
20328,8
7470,8
7452,8
7352,8
7337,8
7045,8
13320,17
467,8
6725,8
6697,8
6660,8
6527,74
19380,8
12644,8
12515,8
12236,8
5675,8
11954,8
5533,8
11920,8
5291,8
5191,8
11598,8
11464,8
17834,41
4981,8
4922,29
17775,8
17595,64
4742,8
11134,8
4592,8
10962,8
4510,8
10790,8
4347,8
17186,33
4333,8
17102,20
4249,8
17035,44
4182,8
4122,72
16975,8
7087,8
3846,8
16628,41
3775,8
19737,58
6884,8
10102,8
19650,29
6797,8
366,8
3367,8
68,8
3251,8
15963,74
3110,8
6274,52
19127,8
2999,8
19041,72
6188,8
9392,8
15704,34
2851,8
5949,8
2672,8
2578,8
12186,8
5762,8
2530,8
8909,8
18539,71
5686,8
11915,8
11873,8
6953,8
18148,76
5295,8
5258,72
18111,8
6841,8
6712,8
1832,8
1,8
6430,17
19283,8
1606,8
16016,63
3163,8
7987,34
20840,8
1506,8
1480,8
14282,15
1429,8
1211,8
15596,8
10748,8
8298,8
2671,8
9081,8
14679,8
13874,8
17054,50
4201,8
10615,8
3380,22
16233,8
8186,76
21039,8
5597,8
13615,53
762,8
703,8
15154,76
2301,8
15146,8
19963,23
7110,8
1497,8
12173,8
7184,63
20037,8
9194,8
13197,8
16400,63
3547,8
735,8
9893,8
12886,8
3405,22
16258,8
17816,74
4963,8
10895,8
272,8
3228,8
5331,8
16155,22
3302,8
687,8
19077,9
16967,9
16940,9
16854,9
16164,9
16142,9
14783,9
12466,9
11765,9
11276,9
10604,9
10322,9
9829,9
9433,9
9107,9
8726,9
21031,17
8178,9
20476,24
7623,9
20459,50
7606,9
20438,68
7585,9
800,9
444,9
13282,9
12464,9
12080,9
5485,9
5260,9
5044,35
17897,9
11197,9
17491,14
4638,9
4370,44
17223,9
4091,9
4036,9
19828,55
6975,9
16570,48
3717,9
3211,9
12752,9
12407,9
2765,9
11894,9
21477,26
8624,9
10200,9
13284,9
5245,9
8190,9
3207,9
11190,9
17494,10
4641,9
9165,9
4099,77
16952,9
793,9
4700,9
3898,9
6951,9
895,9
1184,9
6371,9
867,9
11160,9
839,9
929,9
816,9
21357,10
21292,10
21134,10
20398,10
19732,10
19649,10
19645,10
19419,10
18768,10
18600,10
17927,10
17899,10
17835,10
17766,10
17652,10
17247,10
16776,10
16086,10
15315,44
2462,10
15060,10
15012,21
2159,10
13559,71
706,10
13021,55
168,10
12660,10
12621,10
12492,10
11900,10
11854,10
11369,10
11348,10
11088,10
10245,10
10173,10
10038,10
9915,10
9779,10
9527,10
9161,10
15581,55
2728,10
15365,71
2512,10
8835,10
8618,10
8567,10
2006,17
14859,10
21067,20
8214,10
1653,69
14506,10
7696,10
551,74
13404,10
6674,10
42,10
12698,10
12646,10
6208,10
12390,10
5740,10
5713,74
18566,10
12084,10
5398,10
5303,10
11674,10
4818,22
17671,10
4591,10
4310,70
17163,10
10678,10
4245,69
17098,10
4159,36
17012,10
10541,10
10446,10
736,10
16739,72
3886,10
7067,10
3768,32
16621,10
3743,10
10090,10
6694,10
9912,10
19512,45
6659,10
3139,10
12697,10
12652,10
2945,10
9277,10
9190,10
2648,76
15501,10
8998,10
5596,10
15005,10
2108,10
5276,10
19681,48
6828,10
3545,16
16398,10
3477,10
6573,66
19426,10
1678,10
1673,10
1657,10
9644,10
23,10
20836,41
7983,10
1562,10
4659,10
7848,10
1379,10
9382,10
1292,10
9283,10
1260,10
7672,17
20525,10
1243,10
2637,10
4223,29
17076,10
1020,10
10633,10
10521,10
4100,61
16953,10
3264,72
16117,10
1634,10
16096,45
3243,10
2312,10
1488,10
15933,75
3080,10
553,10
7736,10
10128,10
2890,10
3688,10
16496,29
3643,10
424,10
5620,10
3596,70
16449,10
3556,50
16409,10
1760,10
9573,10
16814,53
3961,10
5357,64
18210,10
5737,74
18590,10
7497,10
850,10
6499,10
1729,58
14582,10
3730,28
16583,10
18585,64
5732,10
932,10
4233,78
17086,10
6813,52
19666,10
19839,11
18906,11
18037,11
17847,11
17529,11
17342,11
16707,11
15504,11
12683,11
12633,11
10834,11
2458,62
15311,11
6278,11
12692,11
12133,11
4835,50
17688,11
17346,72
4493,11
10515,11
6995,11
6850,66
19703,11
11679,11
3252,11
20708,66
7855,11
1301,63
14154,11
8306,11
1350,11
6846,17
19699,11
21401,12
21358,12
21318,12
21251,12
21210,12
21201,12
20710,12
19870,12
19762,12
19744,12
19371,12
19293,12
18951,12
18930,12
18921,12
18402,12
18387,12
17849,12
17095,12
16510,12
16307,12
2722,61
15575,12
15308,12
14544,12
14539,15
1686,12
13702,55
849,12
13163,12
12702,12
12670,12
12046,12
11925,12
11833,12
11822,12
11808,12
11559,12
11440,12
11403,12
11236,12
11104,12
11039,12
10794,12
10445,12
10432,12
10388,12
9844,12
9544,12
9296,12
9205,12
2513,17
15366,12
15329,78
2476,12
8853,12
2391,69
15244,12
8717,12
2275,66
15128,12
21538,25
8685,12
8613,55
21466,12
8541,29
21394,12
8438,78
21291,12
21259,41
8406,12
21175,44
8322,12
8106,76
20959,12
14395,12
7968,12
7809,72
20662,12
20523,52
7670,12
7488,69
20341,12
6913,12
19766,12
352,50
13205,12
281,12
13043,12
6537,12
75,12
12620,12
6178,12
12503,12
12441,12
18520,45
5667,12
5659,12
5641,12
5491,12
11891,12
11847,12
5334,65
18187,12
5222,22
18075,12
11100,12
4621,12
4593,50
17446,12
10586,12
10581,12
4015,62
16868,12
19964,72
7111,12
3853,62
16706,12
3830,12
3759,12
498,12
478,12
10041,12
16442,17
3589,12
16430,55
3577,12
6737,12
16262,15
3409,12
12888,12
15960,65
3107,12
6276,12
3069,12
9259,12
15668,28
2815,12
15494,12
9014,12
15427,61
2574,12
8951,12
8880,12
15110,72
2257,12
6734,12
14771,71
1918,12
14629,12
1682,12
3263,12
12883,12
1456,12
1444,12
4610,61
17463,12
4585,12
9302,12
7650,12
9234,12
20471,28
7618,12
1156,12
5947,12
3460,12
1052,12
7318,12
10473,12
4051,12
3142,55
15995,12
11121,12
11107,12
685,12
16202,34
3349,12
6101,12
1263,12
15623,12
6731,12
12243,12
5722,75
18575,12
8940,12
1916,12
5899,58
18752,12
1099,12
20168,31
7315,12
4739,12
2039,12
10151,12
6836,12
12959,13
12599,13
12132,13
3958,62
16811,13
3908,52
16761,13
3469,13
4054,13
5545,63
18398,13
15778,14
9090,14
7928,14
10058,14
2926,14
3384,14
11393,14
17113,15
16549,15
16300,15
15585,15
15573,22
2720,15
15483,26
2630,15
14932,23
2079,15
14263,15
14166,75
1313,15
12579,15
12574,15
12237,15
11451,15
10894,15
10547,15
10387,15
10237,15
10002,15
9959,15
9599,15
9413,15
15278,15
8846,15
8784,15
15120,15
15029,15
21415,41
8562,15
14909,72
2056,15
21173,60
8320,15
8221,15
7864,15
7707,15
7694,15
7349,15
7064,15
555,15
13067,17
214,15
6635,15
12862,61
9,15
6222,15
11643,15
4796,15
17632,18
4779,15
4551,15
4498,15
17028,50
4175,15
10566,15
10509,15
20038,26
7185,15
10180,15
10068,15
16473,75
3620,15
3578,15
3435,45
16288,15
9414,15
9383,15
9371,15
9268,15
15593,15
2700,63
15553,15
8797,15
8768,15
18393,17
5540,15
5440,15
2198,15
16625,68
3772,15
5300,15
9904,15
11510,15
1794,15
19272,17
6419,15
1526,15
20719,17
7866,15
3025,58
15878,15
10805,15
1071,15
7217,15
3939,64
16792,15
21575,71
8722,15
146,15
5351,15
16428,53
3575,15
1571,15
8791,15
8454,15
10054,15
3598,15
19489,17
6636,15
21215,16
20915,16
19742,16
16819,16
16812,16
16347,16
16284,16
16221,16
16022,16
12715,16
11320,16
10974,16
10855,16
10601,16
10393,16
9278,16
8860,16
15206,76
2353,16
15065,32
2212,16
8394,16
8311,36
21164,16
20807,19
7954,16
7723,16
7001,22
19854,16
6791,78
19644,16
6181,16
12240,16
5744,16
12110,16
18429,65
5576,16
18419,17
5566,16
5438,16
5407,16
11685,16
11633,16
11569,16
11549,16
11479,16
4755,16
4178,58
17031,16
715,16
3840,16
16490,52
3637,16
19690,58
6837,16
9963,16
6641,16
160,16
169,16
6213,16
2998,50
15851,16
6105,16
2839,52
15692,16
2659,16
2548,16
8892,16
15239,78
2386,16
557,16
2112,16
10097,16
449,16
6848,16
16410,68
3557,16
6447,16
1638,16
4788,16
1585,16
17618,17
4765,16
1364,16
1251,16
1160,16
1137,16
20348,26
7495,16
4216,16
6597,70
19450,16
7272,16
3994,16
7735,16
1314,16
11733,16
6504,66
19357,16
3672,16
16591,58
3738,16
12153,16
1128,16
21565,17
21517,17
21502,17
21473,17
21369,17
21076,17
21019,17
20902,17
20653,17
20090,17
20039,17
20034,17
20013,17
19832,17
19658,17
19556,17
19480,17
19478,17
19471,17
19433,17
19432,17
18924,17
18849,17
18835,17
18774,17
18744,17
18700,17
18616,17
18389,17
18372,17
18271,17
18257,17
18222,17
17915,17
17707,17
17573,17
17568,17
17423,17
17417,17
17403,17
17248,17
17246,17
17188,17
17187,17
17177,17
17173,17
17149,17
17128,17
17117,17
17036,17
16903,17
16871,17
16774,17
16759,17
16749,17
16581,17
16196,17
16179,17
16171,17
16146,17
16097,17
15988,17
15932,17
15872,17
15672,35
2819,17
2813,58
15666,17
2767,50
15620,17
15551,17
2674,52
15527,17
15459,61
2606,17
15406,51
2553,17
2499,72
15352,17
15306,17
15255,17
2347,69
15200,17
14987,17
14981,28
2128,17
14959,17
14865,18
2012,17
14839,17
14757,17
1105,72
13958,17
13458,17
13245,17
389,70
13242,17
13072,17
13064,52
211,17
13046,17
12861,17
12815,17
12689,17
12651,17
12502,17
12489,17
12465,17
12461,17
12423,17
12409,17
12073,17
11768,17
11706,17
11459,17
11374,17
11371,17
11278,17
11251,17
11174,17
11102,17
11064,17
10773,17
10750,17
10743,17
10729,17
10704,17
10693,17
10632,17
10606,17
10559,17
10359,17
10230,17
10062,17
9982,17
9933,17
9906,17
9866,17
9764,17
9479,17
9473,17
9314,17
9253,17
15485,17
15454,17
8906,17
8748,17
8713,17
21541,55
8688,17
15104,62
2251,17
21490,41
8637,17
21488,63
8635,17
21416,41
8563,17
14974,71
2121,17
8344,45
21197,17
21195,68
8342,17
8234,17
21050,74
8197,17
21046,74
8193,17
8176,17
8089,17
1536,68
14389,17
7930,17
7839,17
7831,17
20673,44
7820,17
7814,17
20667,17
20496,26
7643,17
7642,17
7592,17
7570,17
20386,56
7533,17
20365,41
7512,17
7408,22
20261,17
7406,50
20259,17
7379,29
20232,17
780,63
13633,17
7126,17
7029,45
19882,17
6928,74
19781,17
6922,17
19775,17
6869,17
439,51
13292,17
315,70
13168,17
304,23
13157,17
6681,63
19534,17
13078,36
225,17
13056,17
203,17
6632,17
6630,78
19483,17
6494,17
6473,17
6438,22
19291,17
12857,17
6436,17
12848,17
6373,17
19193,20
6340,17
6337,17
6244,63
19097,17
12654,17
12639,17
12559,17
6137,17
12507,17
6086,17
6058,17
12355,17
12340,17
5900,17
12270,17
5827,17
5792,17
5789,17
5724,76
18577,17
5712,36
18565,17
12122,17
5611,72
18464,17
5609,55
18462,17
5592,49
18445,17
5565,68
18418,17
5544,62
18397,17
5530,63
18383,17
5522,69
18375,17
18352,76
5499,17
5475,44
18328,17
18276,79
5423,17
5394,17
5392,17
11753,17
5281,17
11665,17
5234,17
5201,17
5192,17
5190,17
11597,17
5171,17
5139,17
5126,22
17979,17
5072,44
17925,17
5053,75
17906,17
5043,63
17896,17
4965,17
4941,17
11324,17
11315,17
4867,17
17677,59
4824,17
4781,17
4689,17
17540,74
4687,17
11087,17
17478,50
4625,17
4622,17
4583,29
17436,17
4513,17
4481,20
17334,17
4470,17
4465,17
17318,17
4458,45
17311,17
4453,20
17306,17
17260,45
4407,17
17258,45
4405,17
4388,69
17241,17
4386,50
17239,17
4343,17
17196,17
10760,17
10734,17
4301,42
17154,17
4297,17
4170,76
17023,17
4165,17
16966,55
4113,17
4061,17
16888,44
4035,17
10449,17
7196,17
7192,28
20045,17
16835,21
3982,17
7161,17
7119,17
7070,17
6996,17
6920,71
19773,17
13236,17
13251,17
13244,17
13199,70
346,17
9975,17
3534,17
302,17
16314,29
3461,17
3449,17
3438,17
6638,36
19491,17
19474,63
6621,17
3372,78
16225,17
3352,17
9763,17
3295,70
16148,17
12900,70
47,17
3249,17
3222,17
16075,17
3187,17
3149,17
3111,45
15964,17
3098,17
15951,17
3062,17
15900,48
3047,17
15881,41
3028,17
2985,47
15838,17
9398,17
2971,17
15823,56
2970,17
15808,58
2955,17
2930,17
9348,17
9336,17
2793,17
2792,17
9208,17
2768,78
15621,17
2762,17
18807,74
5954,17
9163,17
2688,17
9069,17
2647,17
2635,17
2602,32
15455,17
5796,17
5788,17
15400,17
15386,17
2520,17
8933,17
5678,52
18531,17
5677,68
18530,17
5643,17
15270,74
2417,17
8806,17
2326,55
15179,17
2310,17
8686,72
21539,17
15095,17
8670,26
21523,17
8667,17
11863,17
2228,17
5408,17
3779,17
5376,76
18229,17
6968,17
2168,17
3652,70
16505,17
2000,17
8416,17
5168,17
3526,17
8334,36
21187,17
9907,17
1880,17
13090,58
237,17
13024,17
4970,42
17823,17
16185,77
3332,17
127,20
12980,17
3329,17
8137,17
81,17
6420,63
19273,17
9638,17
9637,17
4809,17
14440,17
4740,55
17593,17
1535,17
7899,17
1460,53
14313,17
7873,17
3003,17
4609,50
17462,17
15832,51
2979,17
20655,66
7802,17
2936,17
17341,77
4488,17
2881,17
20485,78
7632,17
7621,63
20474,17
2785,17
7609,17
1159,70
14012,17
4340,17
5123,17
2681,17
256,17
14719,17
20353,53
7500,17
10687,17
8258,17
9834,17
10622,17
3390,17
982,17
971,17
10593,17
969,17
3290,27
16143,17
7310,17
889,17
10506,17
2467,17
16922,70
4069,17
8069,50
20922,17
4052,17
2390,17
16837,37
3984,17
10391,17
7168,64
20021,17
757,17
718,17
20803,24
7950,17
1519,17
3109,17
5506,17
704,17
13530,45
677,17
19957,66
7104,17
697,17
7085,17
15394,17
955,17
15391,51
2538,17
7771,17
20624,17
3748,17
6546,17
19787,57
6934,17
14957,17
3711,17
11734,17
4504,66
17357,17
8113,17
4494,57
17347,17
13688,55
835,17
7226,41
20079,17
12424,17
390,22
13243,17
3572,17
5573,32
18426,17
1949,17
345,17
4735,17
17191,73
4338,17
3934,64
16787,17
3528,17
6740,17
17980,26
5127,17
3917,69
16770,17
7529,30
20382,17
14340,17
7102,22
19955,17
696,17
5870,17
20927,66
8074,17
15450,17
1785,17
3360,45
16213,17
11385,17
2951,17
15804,17
5154,17
3351,17
136,17
12969,17
4127,17
9738,17
1299,17
19364,78
6511,17
14922,17
7304,17
6492,17
1675,17
3440,17
9554,17
8160,17
20913,53
8060,17
7260,17
4845,17
8063,17
10156,17
7659,17
16908,33
4055,17
13247,17
4220,24
17073,17
19802,18
17011,18
16149,18
904,74
13757,18
110,55
12963,18
11638,18
11627,18
9853,18
9104,18
7823,18
6218,18
18811,55
5958,18
5564,18
5558,18
5323,76
18176,18
4066,18
16850,54
3997,18
10216,18
10214,18
9799,18
3327,18
5932,18
2559,18
5526,18
3704,18
16478,56
3625,18
14842,18
8331,18
7629,18
314,18
1082,18
1072,18
18394,55
5541,18
16175,61
3322,18
6477,18
18062,34
5209,18
10868,18
21403,19
21388,19
21378,19
21356,19
21165,19
21113,19
21109,19
20954,19
20918,19
20826,19
20791,19
20652,19
20569,19
20494,19
20412,19
20393,19
20309,19
20273,19
20249,19
20233,19
20151,19
17034,19
16913,19
16642,19
16546,19
16315,19
15800,19
2173,36
15026,19
14882,65
2029,19
11705,19
9417,19
15356,19
8289,44
21142,19
8163,22
21016,19
7994,19
7481,74
20334,19
6335,19
5402,19
5055,19
3867,19
3860,19
3762,45
16615,19
6935,65
19788,19
196,19
15695,19
9158,19
8972,19
2468,33
15321,19
8449,47
21302,19
8293,64
21146,19
7984,48
20837,19
1124,19
7505,68
20358,19
1529,19
1108,19
2619,19
13717,19
15326,19
7308,72
20161,19
21267,20
20936,20
20919,20
20721,20
20709,20
20420,20
20406,20
18840,20
18795,20
18773,20
18746,20
18738,20
18736,20
18698,20
18689,20
18367,20
16991,20
12286,20
11935,20
10947,20
9031,20
12608,20
5912,52
18765,20
5901,24
18754,20
11958,20
17429,55
4576,20
16838,75
3985,20
191,20
3389,20
16195,71
3342,20
3189,20
2754,44
15607,20
5875,59
18728,20
15438,22
2585,20
15038,20
8510,22
21363,20
14558,20
3303,20
3183,20
4584,20
2976,72
15829,20
5957,72
18810,20
194,20
543,20
2046,20
3181,20
1875,20
2696,20
4474,20
834,20
21372,21
20514,21
17554,21
16839,21
16834,21
16518,21
16390,21
16003,21
2604,25
15457,21
15299,21
14402,21
12580,21
12304,21
12119,21
11428,21
10542,21
10076,21
10074,21
9875,21
9671,21
9612,21
9588,21
15688,21
9074,21
15335,55
2482,21
8908,21
1694,29
14547,21
14316,21
7277,21
7235,21
20001,76
7148,21
6733,21
6684,21
12036,21
17305,76
4452,21
4440,21
3873,64
16726,21
3808,21
3807,21
9056,21
5662,21
2265,74
15118,21
3765,21
2163,21
14550,21
109,55
12962,21
16797,28
3944,21
1315,36
14168,21
2447,27
15300,21
9117,21
1244,21
10565,21
1341,21
5729,21
21503,22
20682,22
19050,22
18356,22
18339,22
18252,22
17060,22
16961,22
16589,22
16481,22
16434,22
16159,22
15987,22
15742,22
2850,44
15703,22
15345,78
2492,22
15122,58
2269,22
14928,22
13900,61
1047,22
13790,23
937,22
13256,22
317,71
13170,22
12573,22
12521,22
12044,22
11957,22
11711,22
11270,22
11255,22
11185,22
11181,22
11171,22
11137,22
10845,22
10738,22
10551,22
10328,22
10318,22
10292,22
9927,22
9812,22
9352,22
15468,22
15389,22
21448,57
8595,22
14872,22
8138,22
20904,41
8051,22
8050,22
20650,52
7797,22
7576,22
20384,57
7531,22
20300,31
7447,22
7322,22
7066,22
19719,58
6866,22
6707,64
19560,22
6561,22
12488,22
12435,22
5818,22
12171,22
5617,66
18470,22
11953,22
5429,22
5235,22
18065,53
5212,22
17746,74
4893,22
17545,68
4692,22
10873,22
4366,22
4364,22
4346,49
17199,22
4286,22
16973,76
4120,22
4081,22
16833,78
3980,22
10394,22
10313,22
16645,34
3792,22
3720,22
374,22
3490,55
16343,22
16316,79
3463,22
3399,58
16252,22
6301,22
2982,22
15769,62
2916,22
9328,22
9139,22
15325,22
8903,22
2435,22
5582,28
18435,22
11961,22
11932,22
2307,22
2231,22
9952,22
13142,22
6686,75
19539,22
3320,58
16173,22
6547,22
3199,76
16052,22
1572,22
11192,22
15970,48
3117,22
10944,22
1193,22
12378,22
9135,22
3459,78
16312,22
10648,22
1024,22
13037,22
2505,22
686,56
13539,22
1343,22
3723,22
2522,22
6914,55
19767,22
6111,22
16561,66
3708,22
4098,22
372,55
13225,22
8761,22
13187,36
334,22
1498,22
10694,22
1842,22
5822,22
7428,22
14843,55
1990,22
963,22
3751,31
16604,22
922,22
123,22
4106,22
11497,22
5250,22
8162,22
3287,74
16140,22
9736,22
9543,22
11752,22
21571,23
21429,23
21000,23
20773,23
20379,23
20137,23
19507,23
19181,23
19137,23
18479,23
17957,23
17956,23
17579,23
17506,23
17053,23
17048,23
16851,23
16443,23
16203,23
16145,23
14877,78
2024,23
1651,41
14504,23
271,47
13124,23
12557,23
12485,23
12449,23
12374,23
12298,23
12156,23
12106,23
11602,23
11449,23
11211,23
11101,23
10714,23
10423,23
10404,23
9850,23
9642,23
8932,23
8823,23
8540,41
21393,23
8512,23
21362,41
8509,23
8205,23
7977,23
7639,23
20195,34
7342,23
7253,23
6817,23
6528,75
19381,23
6507,51
19360,23
19294,33
6441,23
6082,23
5889,23
12138,23
11872,23
5309,23
18152,41
5299,23
5293,23
5176,26
18029,23
11402,23
4933,23
11237,23
4733,23
4606,23
4397,69
17250,23
10674,23
4167,23
10238,23
10208,23
559,23
13188,23
6331,23
9526,23
15892,70
3039,23
3013,23
2902,23
5955,23
8975,23
8778,23
8690,23
5340,23
19263,78
6410,23
19255,72
6402,23
4623,23
9246,23
2699,23
4235,23
3394,74
16247,23
17601,74
4748,23
3094,23
682,23
7765,55
20618,23
6930,23
3573,23
5807,71
18660,23
9363,23
2896,23
19761,52
6908,23
3298,23
8947,23
7261,44
20114,23
21234,24
21221,24
21053,24
21045,24
21022,24
20920,24
20812,24
20798,24
20660,24
20658,24
20596,24
20566,24
20502,24
20440,24
17712,24
16890,24
16858,24
16672,24
16377,24
15211,24
13031,24
12211,24
12042,24
11494,24
11443,24
11060,24
10917,24
10611,24
10609,24
10119,24
10108,24
9995,24
9427,24
8602,76
21455,24
14998,24
8428,76
21281,24
7961,79
20814,24
7880,24
7728,24
7678,58
20531,24
7518,75
20371,24
6233,24
6088,24
5308,24
18150,72
5297,24
11503,24
17291,50
4438,24
3922,24
12664,24
8826,24
2380,57
15233,24
11666,24
6669,24
19308,28
6455,24
8047,44
20900,24
1610,24
10610,24
17042,71
4189,24
13027,24
3996,24
2322,74
15175,24
3903,24
8970,24
7914,44
20767,24
7517,75
20370,24
483,24
1525,24
7626,76
20479,24
7634,24
21387,25
21253,25
17728,25
17412,25
17127,25
16796,25
16232,25
2742,55
15595,25
13139,25
12751,25
10429,25
9925,25
9252,25
8919,25
8126,25
20357,68
7504,25
7247,25
6497,25
12688,25
12661,25
12648,25
5350,25
11751,25
11441,25
11166,25
4318,52
17171,25
3879,25
18828,49
5975,25
12172,25
5523,71
18376,25
11892,25
15899,56
3046,25
1412,25
2583,25
7199,25
11201,25
767,25
558,25
2148,68
15001,25
6873,25
4023,25
4408,25
7698,25
21556,26
21512,26
21339,26
21303,26
21138,26
21130,26
20925,26
20907,26
20377,26
20089,26
20080,26
20012,26
19993,26
19557,26
18674,26
18160,26
18050,26
17877,26
17365,26
16214,26
2783,74
15636,26
12842,26
12791,26
12027,26
11551,26
11460,26
11447,26
11446,26
11444,26
11430,26
11297,26
10048,26
9797,26
9720,26
9689,26
9603,26
9535,26
15694,26
2803,36
15656,26
9134,26
8710,26
8641,26
21460,44
8607,26
8489,29
21342,26
8424,62
21277,26
8309,26
8275,31
21128,26
7669,26
13270,26
11555,26
5090,68
17943,26
11450,26
11322,26
11314,26
11163,26
4712,26
4595,76
17448,26
10774,26
10661,26
4205,57
17058,26
16992,70
4139,26
7218,58
20071,26
3999,35
16852,26
7136,74
19989,26
13144,26
3153,58
16006,26
9220,26
2764,78
15617,26
15453,26
2579,69
15432,26
2531,71
15384,26
8674,26
8668,61
21521,26
8658,26
21441,41
8588,26
8269,75
21122,26
8040,72
20893,26
14270,26
15562,26
2620,26
7234,48
20087,26
5507,78
18360,26
4038,26
13950,26
6912,26
3347,72
16200,26
16286,64
3433,26
17867,27
15467,27
9752,27
15327,63
2474,27
8734,27
21254,52
8401,27
14642,73
1789,27
6881,69
19734,27
19727,64
6874,27
12093,27
5287,27
5141,27
17082,70
4229,27
3378,27
6454,41
19307,27
5113,27
6491,53
19344,27
6422,27
3009,27
183,68
13036,27
1676,27
2953,27
21271,28
21132,28
20974,28
20606,28
20545,28
20498,28
20490,28
19704,28
19369,28
18718,28
17617,28
17556,28
17547,28
16802,28
16371,28
2748,49
15601,28
14180,56
1327,28
11336,28
10853,28
9961,28
9486,28
8810,28
15205,28
15062,28
8636,45
21489,28
2130,78
14983,28
21260,31
8407,28
8119,50
20972,28
14300,28
19712,44
6859,28
6743,28
13054,74
201,28
6175,28
11980,28
5444,28
4521,28
4457,28
17304,76
4451,28
4292,28
4169,28
10254,28
3695,28
9682,28
3036,79
15889,28
12570,28
6129,28
9274,28
6041,28
2834,28
2590,28
2561,28
5716,28
15190,57
2337,28
5473,78
18326,28
2182,28
2092,28
3676,28
8353,70
21206,28
45,78
12898,28
1320,28
21193,44
8340,28
4239,28
1009,28
3957,78
16810,28
3948,35
16801,28
2115,78
14968,28
9333,28
2298,28
16521,70
3668,28
7508,28
21297,29
21143,29
18430,29
17875,29
17007,29
16986,29
16885,29
16644,29
16399,29
16369,29
15841,29
15762,29
15296,29
15258,75
2405,29
15219,72
2366,29
15103,29
13136,29
12885,29
12531,29
12383,29
12313,29
12216,29
12202,29
12059,29
11381,29
11049,29
10922,29
9981,29
9956,29
15653,72
2800,29
15548,53
2695,29
15413,55
2560,29
15281,36
2428,29
2397,37
15250,29
15056,62
2203,29
15049,45
2196,29
2114,74
14967,29
14697,29
1773,45
14626,29
8039,29
14393,29
7902,29
1461,60
14314,29
20728,41
7875,29
7216,29
19651,63
6798,29
82,51
12935,29
5647,29
5563,29
5502,75
18355,29
11767,29
11714,29
4894,29
4751,29
10860,29
4145,29
3973,55
16826,29
16737,58
3884,29
3865,29
16718,29
16630,76
3777,29
552,29
16472,75
3619,29
13262,45
409,29
6723,29
9909,29
9884,29
3420,29
6556,64
19409,29
9560,29
3071,58
15924,29
9337,29
15680,51
2827,29
15641,29
5951,29
12315,29
5586,29
5431,29
6863,29
6748,29
4972,63
17825,29
16166,55
3313,29
12831,29
1502,29
1466,29
11070,29
1339,29
7673,29
1209,29
1208,29
9098,29
1016,29
13708,29
18436,76
5583,29
3937,29
5500,29
9373,29
13285,29
3971,68
16824,29
3514,45
16367,29
3899,29
13709,29
4410,29
20234,60
7381,29
130,29
145,29
10544,29
15598,29
6699,29
1732,29
3674,69
16527,29
10440,29
852,29
20769,30
17338,30
10530,30
7942,69
20795,30
7611,30
3204,30
21386,31
21336,31
21324,31
21248,31
21179,31
20822,31
20706,31
20685,31
20639,31
20628,31
20533,31
20517,31
20332,31
20324,31
20304,31
20299,31
20255,31
20226,31
20187,31
20174,31
18769,31
16619,31
16421,31
15908,31
13275,72
422,31
12829,31
12341,31
12266,31
12033,31
11990,31
11566,31
11145,31
10430,31
9914,31
9818,31
15511,36
2658,31
8708,31
15126,68
2273,31
8581,31
8559,63
21412,31
20909,72
8056,31
7838,31
7790,31
7433,74
20286,31
7359,31
20117,41
7264,31
7212,31
19290,78
6437,31
6309,31
6047,31
18867,76
6014,31
5342,31
11724,31
4850,70
17703,31
17206,72
4353,31
4184,68
17037,31
7061,31
10211,31
6592,31
164,31
12619,31
15489,31
8999,31
8979,31
8976,31
15336,68
2483,31
5437,31
2048,31
3507,47
16360,31
1764,31
11359,31
1433,31
6179,31
17328,45
4475,31
7693,55
20546,31
2806,31
7539,45
20392,31
1080,31
6591,31
16964,76
4111,31
74,31
7120,31
7491,68
20344,31
1650,31
8294,31
7465,31
7704,64
20557,31
3680,66
16533,31
2133,31
2929,41
15782,31
8422,74
21275,31
8905,31
7438,32
20291,31
16817,32
16806,32
14886,77
2033,32
12681,32
12624,32
12166,32
11878,32
11416,32
11301,32
10839,32
9502,32
9301,32
8388,32
20736,66
7883,32
7510,72
20363,32
7323,72
20176,32
6138,32
5359,32
5339,32
4745,32
7229,32
16865,52
4012,32
16522,53
3669,32
6414,72
19267,32
9339,32
2820,32
2691,32
15324,70
2471,32
2350,32
15189,32
15162,36
2309,32
2316,32
11877,32
2221,32
5422,32
14881,76
2028,32
2026,32
11649,32
6672,32
11302,32
1602,32
1366,32
1285,32
1200,32
1191,32
18778,74
5925,32
1010,32
11305,32
13715,32
4732,32
16747,78
3894,32
6549,32
1101,32
2667,32
8229,32
21190,34
8337,32
5321,32
9231,32
490,32
21562,33
20757,33
19418,33
17169,33
15996,33
15989,33
15950,33
1759,44
14612,33
12933,64
80,33
12706,33
8015,33
20833,52
7980,33
20671,41
7818,33
13159,33
12714,33
12703,33
6051,66
18904,33
5410,33
5220,33
5060,33
11059,33
10594,33
16783,71
3930,33
3797,72
16650,33
10183,33
16206,68
3353,33
58,33
3105,33
2915,69
15768,33
2872,33
2858,33
9012,33
2260,33
5443,36
18296,33
10155,33
166,69
13019,33
17791,49
4938,33
14573,33
111,33
2963,41
15816,33
1308,33
4327,54
17180,33
7437,33
20274,34
7421,33
4811,33
4544,33
21322,34
21255,34
21209,34
21205,34
21036,34
20943,34
20931,34
20930,34
20654,34
20493,34
20468,34
20415,34
20364,34
20279,34
18648,34
16405,34
16374,34
16365,34
15985,34
15732,34
15729,34
15265,34
12674,34
9572,34
15023,34
8252,76
21105,34
8130,55
20983,34
7548,55
20401,34
6323,34
5658,34
5390,36
18243,34
4747,34
10926,34
19968,72
7115,34
3801,44
16654,34
8741,34
2236,34
4219,34
7404,62
20257,34
8115,78
20968,34
7520,75
20373,34
2836,34
14970,34
6147,34
21228,35
20396,35
19343,35
17115,35
13189,35
12676,35
9423,35
13212,35
13210,35
13194,35
5447,71
18300,35
11078,35
10462,35
10213,35
143,69
12996,35
13006,75
153,35
3229,35
9472,35
2219,35
1581,35
10909,35
3517,61
16370,35
16266,56
3413,35
4172,76
17025,35
387,35
13211,35
16893,36
16495,36
15979,36
15967,36
15292,36
15226,36
15210,58
2357,36
15144,68
2291,36
14903,36
14672,36
11883,36
11728,36
11617,36
11418,36
11400,36
11370,36
11272,36
10904,36
10233,36
10197,36
10140,36
10114,36
9967,36
9940,36
9874,36
9869,36
9641,36
9330,36
15674,36
8866,36
15223,76
2370,36
8799,36
8716,36
8526,36
2080,55
14933,36
7903,36
20746,63
7893,36
7876,36
13904,36
7442,36
882,58
13735,36
13656,36
6732,36
19374,44
6521,36
6503,36
19073,74
6220,36
6214,36
6113,36
12517,36
5660,36
12050,36
5627,36
11979,36
11708,36
17967,66
5114,36
11506,36
4810,36
10826,36
4160,36
20008,50
7155,36
7073,36
3858,75
16711,36
3841,36
3721,41
16574,36
3649,52
16502,36
10000,36
6762,36
13180,36
3425,59
16278,36
6612,36
6590,36
3261,36
3118,36
9488,36
12551,36
12389,36
15602,36
2729,36
2711,36
15397,51
2544,36
5743,36
2410,59
15263,36
15240,36
2374,71
15227,36
5474,36
15107,36
18307,66
5454,36
2240,70
15093,36
18238,58
5385,36
19760,55
6907,36
6721,36
3486,61
16339,36
5092,36
3483,45
16336,36
8022,36
7870,36
1391,36
1269,36
7647,36
10833,36
10832,36
1152,36
1015,36
11395,36
15309,36
10472,36
6461,36
3161,36
7975,36
15944,41
3091,36
7107,36
7763,36
8547,36
11725,36
10841,36
6784,36
743,36
13141,36
56,36
19318,72
6465,36
995,36
2948,74
15801,36
14993,36
3742,36
3893,36
9861,36
6539,36
14975,36
18,36
3890,36
10105,36
16836,37
16795,37
16401,37
15902,37
15897,37
15759,37
15637,37
2340,75
15193,37
1692,50
14545,37
12184,37
12114,37
10439,37
10402,37
10243,37
9827,37
9551,37
9547,37
9306,37
15624,72
2771,37
15496,37
9044,37
8898,37
8808,37
2304,60
15157,37
14551,37
7955,37
722,37
6730,37
19562,51
6709,37
6673,37
6460,37
6235,37
17753,68
4900,37
17674,72
4821,37
4613,37
4459,37
17251,47
4398,37
3800,71
16653,37
6683,37
9354,37
2928,37
9116,37
2440,37
15082,37
14934,37
19680,60
6827,37
7681,37
1234,37
12301,37
1065,37
1797,37
5593,37
17633,71
4780,37
1342,37
7732,37
10109,37
2781,37
1898,45
14751,37
6572,37
10163,37
5720,37
10596,38
20552,39
17168,39
10817,39
6695,39
1665,39
16274,40
16074,40
2725,45
15578,40
12040,40
12010,40
12016,40
11941,40
66,68
12919,40
2757,52
15610,40
15579,40
15560,40
12164,40
59,71
12912,40
27,56
12880,40
12908,40
21479,41
21437,41
21413,41
21360,41
21315,41
21266,41
21265,41
21240,41
21199,41
21081,41
21055,41
21044,41
21032,41
21014,41
20988,41
20973,41
20937,41
20894,41
20813,41
20784,41
20776,41
20715,41
20648,41
20548,41
20455,41
20442,41
20414,41
20391,41
20378,41
20368,41
20339,41
20269,41
20256,41
20252,41
20228,41
20221,41
20213,41
20189,41
20181,41
20166,41
18699,41
18627,41
18052,41
17032,41
16735,41
16668,41
16662,41
16584,41
16569,41
16363,41
16350,41
16263,41
15980,41
2787,69
15640,41
15415,77
2562,41
15141,41
15136,41
12207,41
11543,41
11470,41
11283,41
10907,41
10529,41
10235,41
10225,41
10130,41
9860,41
9825,41
9441,41
9267,41
9250,41
9235,41
9091,41
8997,41
15349,74
2496,41
8745,41
8598,50
21451,41
2109,51
14962,41
21166,56
8313,41
8226,41
8048,41
8032,62
20885,41
7972,72
20825,41
7970,41
7836,41
7682,69
20535,41
7593,78
20446,41
7514,74
20367,41
7472,41
13890,41
7370,64
20223,41
7312,78
20165,41
7244,41
19927,50
7074,41
6789,58
19642,41
6771,41
6765,41
6134,41
6094,41
18870,53
6017,41
5969,41
5926,41
18591,44
5738,41
11896,41
5314,41
11635,41
5195,78
18048,41
11481,41
11475,41
4330,41
7157,41
3788,69
16641,41
3786,41
6840,41
3585,41
9985,41
48,47
12901,41
11,41
9576,41
6198,41
6165,41
2962,41
12296,41
5793,74
18646,41
5594,41
2253,41
15053,41
5356,41
11721,41
2089,41
3624,41
1902,78
14755,41
1846,41
8224,74
21077,41
17787,58
4934,41
12891,73
38,41
14,41
4472,41
12346,41
1122,41
4288,41
7484,70
20337,41
1059,41
1849,41
17071,45
4218,41
968,41
10532,41
4014,41
5556,41
19966,68
7113,41
6297,41
2279,41
7083,41
530,41
1722,41
19387,72
6534,41
6115,41
5312,41
8005,41
10411,41
1178,41
774,41
3571,50
16424,41
5911,41
1111,41
5501,63
18354,41
2693,41
1096,41
1070,41
1853,41
3430,50
16283,41
8520,68
21373,41
8501,75
21354,41
1644,41
8868,41
2433,41
7353,48
20206,41
2005,41
1087,41
19470,42
19256,42
17860,42
12054,42
9285,42
8010,42
7789,42
5091,42
7068,42
8691,42
7867,42
5752,76
18605,42
13787,42
2500,42
19692,43
18952,43
16289,43
16110,43
15831,43
15767,43
12223,43
12215,43
11945,43
9326,43
15563,43
12024,43
12910,43
12875,47
22,43
12386,43
5469,43
14499,43
1623,55
14476,43
14805,43
6476,68
19329,43
13694,43
21242,44
21224,44
21176,44
21106,44
20804,44
20515,44
20380,44
20135,44
19639,44
17685,44
16848,44
16480,44
16441,44
16348,44
16346,44
16342,44
15540,65
2687,44
15130,44
13032,44
12705,44
12659,44
12649,44
12613,44
12562,44
12516,44
12364,44
12182,44
11993,44
11696,44
11407,44
11338,44
11300,44
11109,44
10253,44
9807,44
9562,44
9425,44
9399,44
9312,44
15337,59
2484,44
21430,56
8577,44
8521,44
8487,44
8430,74
21283,44
8259,70
21112,44
8036,44
7816,78
20669,44
7739,44
7566,55
20419,44
7516,44
7483,44
7455,49
20308,44
7439,44
7330,44
7191,44
19377,76
6524,44
6496,44
6485,44
12890,74
37,44
12866,64
13,44
6271,44
6232,44
6187,44
12379,44
12294,44
5669,44
5657,44
11967,44
5084,44
17887,51
5034,44
5015,44
4901,44
11132,44
11046,44
4378,44
4261,44
4029,44
10040,44
202,44
9839,44
3192,45
16045,44
6149,44
6123,44
2918,44
12271,44
2567,44
5758,44
8965,44
12163,44
2539,44
15354,44
5679,44
2335,63
15188,44
5416,44
2188,44
16479,70
3626,44
8447,63
21300,44
5050,44
5018,44
138,44
126,44
4892,44
9625,44
1469,44
17434,72
4581,44
2789,44
1181,44
17194,76
4341,44
1138,44
14744,44
1877,44
1837,44
7444,44
1768,44
5600,44
2333,44
15145,44
16762,50
3909,44
1752,44
12176,44
1355,44
3740,44
7747,64
20600,44
5725,44
1311,44
18166,63
5313,44
2110,45
14963,44
8879,44
3977,44
1528,44
8296,44
1007,44
10008,44
6551,44
4930,44
2877,44
9894,44
10983,44
1633,44
484,44
4404,44
2944,55
15797,44
20267,45
20159,45
19529,45
19191,45
17952,45
17352,45
17343,45
17285,45
17077,45
16993,45
16969,45
16955,45
16331,45
16177,45
16150,45
16120,45
15543,45
15096,45
13321,45
13175,59
322,45
12810,45
12748,45
12400,45
12259,45
12197,45
11981,45
11848,45
11746,45
11425,45
11234,45
11103,45
10913,45
10864,45
9988,45
9943,45
9142,45
9133,45
8802,45
8677,45
21431,52
8578,45
8490,75
21343,45
8432,64
21285,45
1932,47
14785,45
14178,45
7710,45
7032,45
19823,59
6970,45
6764,45
6483,45
12774,45
12732,45
12641,45
18944,59
6091,45
12469,45
18851,78
5998,45
12398,45
11831,45
11817,45
5330,45
5237,45
5077,58
17930,45
4439,75
17292,45
4371,64
17224,45
4067,45
10418,45
10354,45
690,69
13543,45
7031,45
3828,70
16681,45
16386,68
3533,45
9841,45
3371,45
6352,45
12731,45
11861,45
11858,45
3694,45
1995,45
8103,45
9675,45
6369,45
1427,45
4617,55
17470,45
1125,45
1919,45
1885,45
10358,45
11946,45
2155,45
2064,45
16513,78
3660,45
7679,48
20532,45
1971,45
15550,45
1078,45
3253,45
21037,53
8184,45
13008,45
6453,45
16588,78
3735,45
3122,45
10464,45
16419,46
5125,50
17978,46
21096,47
20264,47
19198,47
19062,47
19044,47
18749,47
18665,47
18527,47
18425,47
18061,47
17916,47
17062,47
16939,47
15793,47
2577,64
15430,47
2073,55
14926,47
14549,75
1696,47
13471,47
402,72
13255,47
12628,47
10756,47
10715,47
10634,47
9905,47
9822,47
9787,47
8829,47
21065,76
8212,47
8199,47
7427,47
7221,47
6976,47
6184,50
19037,47
5842,47
5767,47
5692,47
5684,47
5508,47
11771,47
5274,47
5256,71
18109,47
5146,47
4987,47
4756,47
10754,47
16968,50
4115,47
4084,47
13482,47
19902,72
7049,47
10262,47
13269,65
416,47
16407,73
3554,47
6201,47
2993,47
12480,47
9181,47
5765,47
5371,47
6952,47
323,47
1913,47
12841,47
7555,47
1100,47
279,47
897,47
896,47
7099,47
10315,47
6964,47
1174,47
9171,47
284,47
924,47
524,47
880,47
890,47
4045,47
5236,47
1917,47
9146,47
5216,47
21133,48
20641,48
19975,48
19935,48
19826,48
19711,48
19635,48
18898,48
18730,48
18342,48
17569,48
16663,48
16622,48
16563,48
16210,48
15204,48
15090,60
2237,48
12668,48
12191,48
12094,48
11527,48
11477,48
10467,48
9324,48
8996,48
15138,48
8544,48
8217,48
14315,48
7464,48
20207,60
7354,48
6888,48
6682,48
12219,48
18249,52
5396,48
5128,49
17981,48
4812,48
11133,48
4586,48
3673,48
10052,48
2532,48
16475,78
3622,48
11553,48
8987,48
2126,48
10129,48
5304,70
18157,48
6003,48
17254,50
4401,48
17965,52
5112,48
1029,48
8367,48
6533,53
19386,48
11657,48
2325,48
21447,49
21034,49
20976,49
20432,49
19815,49
18719,49
15561,70
2708,49
15307,49
12244,49
11758,49
11754,49
10999,49
10964,49
10856,49
10561,49
9647,49
8457,49
8085,55
20938,49
20883,62
8030,49
8017,49
20583,68
7730,49
388,49
19447,64
6594,49
6522,63
19375,49
6257,49
19101,76
6248,49
5575,49
11904,49
11690,49
10973,49
10919,49
17329,50
4476,49
16670,51
3817,49
3806,49
16487,51
3634,49
3579,61
16432,49
361,70
13214,49
9525,49
5452,49
10185,49
1872,49
1861,49
1706,49
8094,78
20947,49
8027,49
1449,49
210,49
837,49
3900,49
7092,49
538,49
1258,49
1643,49
1176,49
16799,56
3946,49
7953,49
731,49
1011,49
11630,49
4554,49
8580,49
5741,49
1639,49
859,49
10165,49
21568,50
20878,50
20270,50
20095,50
19998,50
19844,50
19559,50
19509,50
19505,50
19499,50
19223,50
19083,50
18621,50
18567,50
18234,50
18085,50
18066,50
17963,50
17892,50
17473,50
17431,50
17419,50
17359,50
17298,50
17236,50
16658,50
16651,50
16636,50
16607,50
13096,50
12680,50
11723,50
11639,50
11149,50
9445,50
8610,50
8606,50
8478,50
8167,50
8134,50
20984,68
8131,50
8016,75
20869,50
13290,50
13281,50
349,50
13095,55
242,50
13089,64
236,50
6348,50
6264,50
6177,50
19022,73
6169,50
5706,50
5595,66
18448,50
5273,50
5255,76
18108,50
5244,50
5167,50
5118,50
4714,50
4713,50
4662,50
11025,50
4600,50
11007,50
4552,76
17405,50
4436,65
17289,50
4129,50
4028,50
3843,50
3796,72
16649,50
3594,50
13115,50
13126,69
273,50
3452,50
246,50
6653,57
19506,50
6432,50
19285,50
6413,50
3086,72
15939,50
6275,69
19128,50
15901,75
3048,50
2973,50
6119,50
9293,50
15691,70
2838,50
6023,50
2383,50
8765,50
8672,50
423,69
13276,50
3609,50
3592,50
3509,50
3455,50
248,50
3364,50
1711,50
4664,50
1387,50
6163,50
17282,76
4429,50
17027,71
4174,50
873,50
5670,74
18523,50
11232,50
11118,50
952,50
1306,50
489,50
2775,50
1909,50
9674,50
6746,50
8117,50
502,50
5076,66
17929,50
144,50
4039,50
1616,50
2449,50
21553,51
21551,51
19571,51
19515,51
19053,51
19045,51
18481,51
17619,51
17440,51
16698,51
16664,51
16585,51
16545,51
16380,51
16324,51
16246,51
15969,51
15833,51
15822,51
15753,51
15723,51
15429,51
15348,51
12630,51
11802,51
11413,51
10699,51
9728,51
9707,51
8777,51
15002,53
2149,51
14918,71
2065,51
7757,51
7541,51
6972,51
13291,71
438,51
6601,51
5815,51
11241,51
4773,51
4644,51
10688,51
16918,63
4065,51
3872,66
16725,51
3760,51
11787,51
8475,51
13231,73
378,51
8087,51
7544,51
6583,51
1564,53
14417,51
1924,51
3441,76
16294,51
21436,52
21414,52
21385,52
21330,52
21298,52
21264,52
21218,52
21211,52
21095,52
20896,52
20630,52
20463,52
20448,52
20443,52
20217,52
19648,52
19424,52
19422,52
19254,52
19174,52
16311,52
15515,52
13714,64
861,52
13014,52
12085,52
11667,52
10612,52
10282,52
10280,52
10099,52
9556,52
9316,52
2773,69
15626,52
9115,52
8946,52
8890,52
8793,52
8582,62
21435,52
8458,52
8264,59
21117,52
7821,52
7726,52
7459,52
7413,75
20266,52
7382,74
20235,52
7338,57
20191,52
7279,75
20132,52
6738,52
6586,52
6341,52
6146,52
6104,52
11664,52
11111,52
3968,52
16807,63
3954,52
16422,63
3569,52
6358,52
6186,52
2887,52
5967,52
15594,52
15079,52
2205,52
3770,76
16623,52
2055,52
21203,63
8350,52
14752,52
6466,52
7948,52
20801,52
7841,52
7830,52
1381,52
6084,52
2862,76
15715,52
7441,52
986,52
976,52
19981,74
7128,52
4955,59
17808,52
6802,69
19655,52
6790,52
4376,52
6708,72
19561,52
299,52
399,52
6794,69
19647,52
1727,52
17155,72
4302,52
1677,52
7362,58
20215,52
1205,52
818,52
3601,69
16454,52
21480,53
21474,53
21352,53
21237,53
21135,53
21038,53
20975,53
20735,53
20711,53
20680,53
20640,53
20593,53
20558,53
20395,53
20385,53
20376,53
20314,53
20310,53
20118,53
19915,53
19887,53
18816,53
18120,53
17655,53
17489,53
16825,53
16809,53
16803,53
16800,53
16655,53
16551,53
16385,53
15888,53
15819,53
2779,69
15632,53
15119,58
2266,53
1769,75
14622,53
12645,53
12520,53
11115,53
10924,53
10851,53
9973,53
9049,53
8865,53
8750,53
8740,53
8738,53
2153,69
15006,53
15000,53
14900,55
2047,53
8409,53
21262,53
8399,62
21252,53
7752,62
20605,53
1238,59
14091,53
7449,63
20302,53
20129,57
7276,53
7259,61
20112,53
6779,53
6273,53
12596,53
6048,53
5950,53
11976,53
5464,53
5029,53
17673,59
4820,53
4777,57
17630,53
17129,79
4276,53
4141,53
19986,71
7133,53
2751,53
15570,53
9066,53
15312,58
2459,53
15221,53
2042,53
8236,53
6523,53
1569,53
4729,53
1467,53
1452,53
1317,53
7734,53
7709,75
20562,53
18863,74
6010,53
1134,53
21123,65
8270,53
15421,55
2568,53
1554,53
11977,53
1344,53
16457,64
3604,53
3582,53
1135,53
456,53
9372,53
533,53
7398,66
20251,53
10564,53
3629,53
18303,54
16538,54
15547,54
1216,77
14069,54
12672,54
9965,54
9606,54
7755,54
20319,57
7466,54
13435,54
19713,58
6860,54
11377,54
6018,54
15067,54
21301,70
8448,54
3043,78
15896,54
1192,54
1013,54
3381,78
16234,54
2566,54
778,54
15207,54
6931,75
19784,54
2756,54
21576,55
21293,55
20262,55
19799,55
19751,55
18962,55
18467,55
18392,55
18321,55
18302,55
18095,55
18034,55
17876,55
17872,55
17870,55
17839,55
17813,55
17776,55
17700,55
17433,55
17410,55
17406,55
17221,55
17212,55
17148,55
17142,55
16680,55
16652,55
16429,55
16354,55
16332,55
16279,55
16163,55
15230,55
15194,55
410,63
13263,55
12775,55
12759,55
12728,55
12443,55
12404,55
12281,55
11933,55
11860,55
11793,55
11791,55
11625,55
11466,55
11344,55
11292,55
11285,55
11279,55
11252,55
11249,55
10978,55
10555,55
10537,55
10470,55
10361,55
10335,55
10272,55
10255,55
10080,55
9742,55
9733,55
9408,55
9110,55
15294,55
15220,55
8755,55
8707,55
8683,65
21536,55
21406,66
8553,55
21333,76
8480,55
8453,55
21227,68
8374,55
21202,76
8349,55
8308,55
8108,55
8091,55
8068,55
8021,55
7997,55
20792,59
7939,55
7810,55
7355,55
13753,55
7314,55
7240,55
7177,55
714,55
679,64
13532,55
496,55
13280,55
6770,55
13184,55
331,55
13113,63
260,55
157,55
6562,55
71,69
12924,55
64,70
12917,55
6450,55
12797,55
6368,55
6225,55
18945,65
6092,55
12454,55
6020,64
18873,55
5835,65
18688,55
18563,61
5710,55
5701,75
18554,55
5690,55
11763,55
5286,55
5270,55
5177,55
5021,69
17874,55
4890,55
4816,55
4795,55
4785,55
4711,55
17543,68
4690,55
17330,72
4477,55
10744,55
4146,55
4075,55
4041,55
4027,55
10291,55
16648,70
3795,55
6830,68
19683,55
10015,55
356,55
6752,55
9954,55
3491,55
3488,55
6425,55
12834,55
3157,55
15968,64
3115,55
15909,57
3056,55
6202,55
2965,55
6090,55
9279,55
6054,55
2638,55
12209,55
12179,55
2554,55
5734,55
2475,55
2419,55
5511,55
8696,55
8689,55
15055,58
2202,55
11830,55
8615,55
10191,55
14921,55
3645,55
13265,55
19697,58
6844,55
14867,55
14854,71
2001,55
2010,55
5115,76
17968,55
6689,55
1858,55
3442,55
6502,55
49,55
6428,55
12701,55
15879,59
3026,55
1414,55
1409,55
15811,72
2958,55
1361,55
1276,55
1252,55
9210,55
9206,55
7603,55
7558,55
5105,63
17958,55
1103,55
1897,55
4266,55
87,69
12940,55
8855,55
10435,55
20793,66
7940,55
3089,55
7088,55
9345,55
12146,55
8943,55
5318,55
7722,55
3699,55
18514,61
5661,55
14888,55
4420,63
17273,55
9202,55
12397,55
2371,55
3563,55
9977,55
16392,75
3539,55
9926,55
853,55
6471,55
1808,55
10831,55
3396,55
1963,55
960,55
2542,55
19410,63
6557,55
8098,55
5162,55
2491,55
4144,69
16997,55
1044,55
10563,55
4142,66
16995,55
8554,55
8441,55
1715,55
3702,73
16555,55
6639,76
19492,55
7093,74
19946,55
3684,55
4043,55
21453,56
21028,56
20932,56
20888,56
20668,56
20407,56
19674,56
19009,56
17988,56
15886,56
15558,56
15476,56
13026,56
12616,56
12362,56
12306,56
11047,56
9678,56
9558,56
9378,56
9273,56
9263,56
9238,56
15521,56
8956,56
13854,56
6475,56
6240,56
6107,56
6073,56
5868,78
18721,56
5680,56
4827,56
4814,56
4792,56
4357,56
17166,72
4313,56
3784,56
9810,56
9519,56
9429,56
3639,65
16492,56
420,56
1803,56
1543,56
4419,56
1188,56
4351,56
4307,56
8986,56
17644,74
4791,56
728,56
4056,76
16909,56
6456,56
1351,56
1642,56
12150,56
17672,66
4819,56
21238,57
21103,57
20794,57
20770,57
20634,57
20237,57
20180,57
20138,57
18875,57
18258,57
17795,57
15834,57
15246,78
2393,57
14587,74
1734,57
14542,74
1689,57
11106,57
10980,57
9097,57
8391,62
21244,57
8262,57
7676,63
20529,57
7388,63
20241,57
6293,57
5993,57
5417,57
17948,72
5095,57
16723,76
3870,57
494,57
15571,72
2718,57
5894,57
2194,57
3734,69
16587,57
167,57
11031,57
14220,76
1367,57
1245,57
1182,57
1084,57
7487,69
20340,57
998,57
187,57
4974,57
1765,57
10381,57
1198,57
2750,57
17157,76
4304,57
10023,57
3602,57
12115,57
12874,57
93,57
1283,57
21404,58
21376,58
21319,58
20905,58
20734,58
20352,58
19833,58
19831,58
19679,58
18638,58
18313,58
18239,58
17857,58
17551,58
17538,58
17151,58
16714,58
16677,58
16676,58
16667,58
16488,58
16463,58
16459,58
16404,58
16211,58
15894,58
15736,58
15569,58
15565,58
15464,64
2611,58
15387,61
2534,58
1751,70
14604,58
13224,75
371,58
12625,58
12350,58
12087,58
12049,58
11722,58
11563,58
11468,58
11405,58
11396,58
11378,58
11349,58
11095,58
11035,58
11015,58
10498,58
10146,58
10098,58
10057,58
9971,58
9929,58
9487,58
9454,58
9258,58
9100,58
9047,58
9045,58
9033,58
9020,58
8781,58
8571,58
8514,58
8425,66
21278,58
8287,59
21140,58
7963,58
7922,68
20775,58
7895,58
7791,58
7687,58
13287,58
6818,58
13103,58
6315,58
12504,58
5946,58
5935,58
5873,58
5750,58
18497,61
5644,58
5517,58
5349,58
5332,58
11515,58
5082,58
17659,59
4806,58
712,58
10222,58
3640,71
16493,58
12981,64
128,58
3100,58
12663,58
19033,76
6180,58
2946,58
2769,58
2752,68
15605,58
5965,58
2570,58
2528,58
5671,58
12083,58
8849,58
10171,58
442,58
5228,58
10018,58
5121,58
152,69
13005,58
1735,58
6515,65
19368,58
6488,70
19341,58
1622,58
1619,58
8023,58
11196,58
4772,78
17625,58
9538,58
15930,75
3077,58
3063,58
4615,58
9381,58
10893,58
4437,58
1228,58
4360,58
11526,58
1074,58
13041,58
1000,58
7407,58
978,58
17829,74
4976,58
5708,58
2470,58
3970,58
11962,58
732,58
7109,59
19962,58
3888,58
6943,71
19796,58
8467,58
10822,58
1153,58
3129,58
8730,58
12719,58
9677,58
11358,58
3317,79
16170,58
3093,58
5283,58
3356,58
147,58
1739,58
10,58
840,58
21177,59
20584,59
20031,59
19860,59
19763,59
19379,59
19113,59
18859,59
18842,59
17853,59
17749,59
17706,59
16523,59
16041,59
14563,59
12538,59
12222,59
11909,59
11623,59
11550,59
10961,59
9497,59
9332,59
8836,59
8351,59
8255,59
14512,79
1659,59
1246,72
14099,59
745,59
342,76
13195,59
6719,78
19572,59
12685,59
5876,59
11997,59
11923,59
5483,68
18336,59
4665,76
17518,59
10874,59
764,59
7003,61
19856,59
10088,59
376,59
12716,59
9239,59
12226,59
1628,59
9619,59
3042,59
7453,59
2434,59
1512,59
15949,79
3096,59
2898,59
1584,59
5974,59
8370,59
7341,59
1280,59
7296,59
12852,59
1649,59
2102,59
21232,60
21136,60
21114,60
16910,60
16818,60
16297,60
15757,60
15559,60
11528,60
10921,60
9405,60
9364,60
8565,60
6279,60
12231,60
18385,72
5532,60
5426,60
5175,65
18028,60
11478,60
10897,60
3755,63
16608,60
3681,60
14427,60
8292,60
1063,60
2580,60
3960,64
16813,60
1492,60
4155,60
6814,63
19667,60
2919,62
15772,60
10946,60
15359,60
21308,61
19029,61
18483,61
17964,61
17922,61
17900,61
16207,61
16141,61
14876,61
14860,61
12783,61
12005,61
11855,61
11221,61
11220,61
10284,61
9744,61
9478,61
9229,61
9187,61
9160,61
9127,61
8644,61
8614,61
8611,61
8125,61
7869,61
7008,61
6372,61
6349,61
11859,61
11850,61
5264,61
5188,61
11227,61
4776,61
11168,61
4657,61
4574,61
4149,61
4105,61
4094,61
4089,61
6999,61
3480,61
3456,61
6356,61
3023,78
15876,61
12463,61
9189,61
2666,61
8619,61
2137,61
5257,61
5219,61
5048,62
17901,61
9741,61
1688,61
17502,78
4649,61
2961,61
2960,61
7686,61
16327,77
3474,61
3468,61
10644,61
4092,61
4085,61
10349,61
8702,61
10338,61
8155,61
4123,61
920,61
899,61
883,61
9177,61
4562,61
15380,61
541,61
887,61
21337,62
20910,62
20753,62
20651,62
20598,62
19142,62
18713,62
18708,62
16798,62
16665,62
16602,62
16590,62
16219,62
16055,62
16030,62
15295,62
12658,62
12391,62
12382,62
12380,62
12258,62
12154,62
12149,62
12077,62
12031,62
11978,62
11884,62
11713,62
11700,62
11614,62
11568,62
11452,62
11333,62
11306,62
10943,62
9237,62
9101,62
8794,62
8579,62
8481,62
20879,66
8026,62
20473,68
7620,62
7600,76
20453,62
7266,75
20119,62
13192,62
6670,62
140,62
19087,78
6234,62
12351,62
11898,62
11567,62
4920,66
17773,62
4797,62
11034,62
10447,62
10436,62
3952,62
6787,62
6759,62
212,62
9610,62
9605,62
15709,75
2856,62
12353,62
15411,64
2558,62
8969,62
2429,62
12017,62
15094,62
13165,62
5089,62
6540,62
1716,69
14569,62
41,62
4775,62
1438,62
1428,62
1375,62
9287,62
10840,62
2663,62
9034,62
10598,62
1608,62
11966,62
2342,62
1658,62
13025,62
8981,62
11570,62
11540,62
6529,62
8995,62
8096,74
20949,62
6880,62
2938,62
11644,62
12860,62
21222,63
21196,63
20657,63
20646,63
19812,63
19466,63
19440,63
19365,63
19304,63
18997,63
18832,63
17975,63
17848,63
17661,63
17558,63
16911,63
16808,63
16719,63
16337,63
13138,63
12572,63
12569,63
12255,63
12035,63
11750,63
11687,63
11565,63
11424,63
11340,63
11317,63
11018,63
10963,63
10884,63
10870,63
10600,63
10500,63
10427,63
10083,63
10032,63
9970,63
9937,63
9896,63
9652,63
9475,63
15679,63
2826,63
9113,63
8893,63
15153,63
15020,78
2167,63
8317,63
8297,63
8291,63
8286,63
14646,63
14540,63
7774,63
7462,63
7048,63
534,63
6809,63
6701,63
13118,63
6458,63
6227,63
6102,63
18955,63
12506,63
5906,63
12239,63
5461,63
5316,63
17866,78
5013,63
11354,63
10599,63
10597,63
10538,63
16727,78
3874,63
10094,63
3631,63
13203,63
3131,73
15984,63
6313,63
9428,63
5968,63
2761,63
2518,63
2488,63
8899,63
2478,63
5624,63
2270,63
5455,74
18308,63
2234,63
3713,63
11689,63
10046,63
6783,63
8339,66
21192,63
9930,63
13131,63
6680,63
13093,63
8219,63
14524,63
1446,63
1288,63
1284,63
2825,63
1225,63
2807,63
17238,65
4385,63
20321,72
7468,63
2613,63
12914,63
6299,63
6288,63
4517,63
10925,63
10053,63
15259,63
5984,63
5976,63
9994,63
6298,63
5078,63
151,63
4361,63
539,63
2519,63
1271,63
739,63
10556,63
6325,66
19178,63
1328,63
2437,63
21261,64
21041,64
20467,64
19769,64
19464,64
19453,64
19325,64
19258,64
19180,64
19155,64
18654,64
18040,64
17810,64
17798,64
17687,64
17562,64
17340,64
17134,64
16688,64
16675,64
16512,64
16420,64
16287,64
15885,64
15664,64
15616,74
2763,64
15600,64
15037,64
14028,64
13039,76
186,64
12956,64
12822,64
11484,64
11268,64
11257,64
11126,64
11063,64
10998,64
10960,64
10892,64
10788,64
10458,64
9920,64
9053,64
8977,64
8244,72
21097,64
7824,64
20480,66
7627,64
7319,64
13186,64
6702,64
6538,64
5477,64
5400,79
18253,64
5226,78
18079,64
4952,64
11086,64
797,64
7046,64
3821,64
3415,64
12853,64
3184,70
16037,64
9570,64
9431,64
2933,64
2907,64
9288,64
6030,64
15629,64
15111,64
10066,64
5001,64
6506,69
19359,64
1620,64
4804,64
1601,64
7967,64
3053,64
2660,64
6616,64
4212,64
6609,68
19462,64
185,64
1679,64
724,64
1500,64
9510,64
1335,64
2912,64
3707,64
14485,64
6807,64
3565,64
9984,64
6714,64
16112,78
3259,64
7443,64
15368,64
10442,64
10095,64
9365,64
1039,64
21321,65
20058,65
19069,65
18459,65
17059,65
16115,65
16098,65
15914,65
14885,65
12814,65
12813,65
12224,65
11173,65
10332,65
9393,65
9265,65
9201,65
9124,65
8684,65
8654,65
14988,65
14293,76
1440,65
13834,65
13286,65
5495,68
18348,65
11811,65
5214,65
18001,78
5148,65
17751,68
4898,65
4541,65
10682,65
16970,76
4117,65
4096,65
16916,68
4063,65
6939,65
16554,68
3701,65
3040,65
2977,65
9349,65
5972,65
8850,65
11893,65
2246,65
15017,65
1929,65
1910,65
259,65
3225,65
12843,65
11230,65
1537,65
15817,72
2964,65
7577,65
7569,65
9903,65
10324,65
293,65
13237,65
1946,65
105,65
6486,65
12426,65
1030,65
9305,65
21295,66
21286,66
21233,66
21178,66
21047,66
20712,66
20567,66
20507,66
20381,66
19862,66
19790,66
19459,66
18606,66
17811,66
17788,66
17607,66
16912,66
16244,66
15733,66
15482,66
12169,66
11684,66
11683,66
11578,66
11529,66
11429,66
11128,66
11028,66
11019,66
10966,66
10923,66
10027,66
9611,66
9566,66
9334,66
9003,66
8935,66
8742,66
8488,66
8335,66
8300,66
14630,66
14103,66
7410,66
7302,66
6747,66
6711,66
6668,66
6500,66
24,66
6078,66
5991,66
5977,74
18830,66
12079,66
12078,66
5654,66
5629,66
18455,71
5602,66
5555,66
18180,68
5327,66
11622,66
11588,66
10879,66
4358,66
4258,66
4157,66
10534,66
10524,66
734,66
10227,66
3771,66
6243,66
6242,66
6211,66
9389,66
5931,66
2645,66
15477,66
8814,66
5538,66
15152,66
2252,66
2249,66
2227,66
14995,66
2016,66
8355,70
21208,66
13110,66
5051,66
4914,66
1655,66
7887,66
11058,66
11036,66
15719,68
2866,66
17216,76
4363,66
1157,66
4337,66
1117,66
7521,76
20374,66
1003,66
8915,66
11308,66
2479,66
848,66
781,66
11153,66
680,66
2276,66
6552,66
5317,66
8530,66
98,66
10459,66
7193,66
6679,66
7432,66
5354,66
4954,66
10089,66
7762,66
18922,67
16695,67
5081,67
21272,68
21256,68
21236,68
21194,68
21189,68
21049,68
21012,68
20969,68
20800,68
20779,68
20672,68
20564,68
20561,68
20499,68
20470,68
20450,68
20400,68
20284,68
20278,68
20105,68
19978,68
19850,68
19803,68
19745,68
19723,68
19710,68
19427,68
19171,68
18953,68
18283,68
18155,68
17802,68
17616,68
16816,68
16715,68
16705,68
16461,68
16388,68
16376,68
16317,68
15790,68
15357,72
2504,68
2118,78
14971,68
14516,68
12721,68
12631,68
12061,68
11879,68
11736,68
11727,68
11629,68
11621,68
11564,68
11500,68
11307,68
10499,68
10478,68
10431,68
10037,68
9346,68
9111,68
15495,68
15109,68
8364,68
8254,68
8001,68
7894,75
20747,68
7884,68
7635,74
20488,68
7476,68
7331,68
7072,68
560,68
6865,68
12915,68
12904,68
6317,78
19170,68
5922,68
12334,68
5879,71
18732,68
5492,68
5367,68
4794,68
10891,68
3989,68
698,68
3697,68
466,68
6254,68
9444,68
6185,68
6173,68
9366,68
9260,68
15669,68
5994,68
12352,68
5850,76
18703,68
15446,77
2593,68
5731,68
8925,68
2490,68
5632,68
2409,68
8767,68
2320,68
8731,68
5494,68
5441,74
18294,68
5415,68
8528,68
2107,78
14960,68
6729,68
4805,68
1524,68
1404,68
12505,68
2873,68
9270,68
1229,68
8318,68
3446,76
16299,68
19473,74
6620,68
4194,68
12204,68
6495,68
5682,68
7287,71
20140,68
12014,68
783,68
7985,74
20838,68
15180,68
2338,68
7139,68
3895,68
11112,68
12704,68
528,68
9311,68
846,68
12869,68
6799,68
6785,68
773,68
11499,68
4273,68
9029,68
9964,68
65,68
14517,68
5650,68
7096,68
18858,71
6005,68
15702,75
2849,69
12992,74
139,69
9868,69
9266,69
8930,69
8502,69
8491,69
14324,70
1471,69
7851,69
20698,78
7845,69
20693,78
7840,69
7837,69
7702,69
7657,69
7167,69
508,69
6917,69
6773,69
6741,69
165,69
86,69
6324,69
6305,69
6205,69
6033,69
5663,69
18399,76
5546,69
5086,69
5085,69
17809,70
4956,69
4560,69
4253,69
4241,69
17081,74
4228,69
4025,69
3875,69
7076,69
3774,69
3763,69
3757,69
517,69
514,69
470,69
464,69
3647,69
6777,69
9901,69
53,69
6474,69
6295,69
15739,74
2886,69
2772,69
2591,69
2584,69
18595,71
5742,69
5707,69
2396,69
2385,69
2346,69
2339,69
15091,78
2238,69
2213,69
2211,69
3764,69
531,69
3651,69
2049,69
3580,69
5083,69
1824,69
4990,69
1767,69
1714,69
1708,69
12889,70
36,69
6457,69
1586,69
7990,69
1568,69
1567,69
1546,69
6280,69
7850,69
1420,69
7835,69
1382,69
1363,69
7782,69
1298,69
2809,69
4412,69
1170,69
5960,69
6685,69
7498,69
1066,69
1783,69
4177,69
2494,69
89,69
866,69
1648,69
1545,69
707,69
692,69
3905,69
702,69
700,69
695,69
693,69
691,69
1483,69
536,69
546,69
1326,69
529,69
7346,69
513,69
2908,69
512,69
509,69
461,69
776,69
6776,69
6774,69
1169,69
2332,69
701,69
2608,69
4210,69
163,69
1763,69
1555,69
6154,69
548,69
2154,69
7766,69
1345,69
1322,69
108,69
506,69
1496,69
1873,69
1090,69
7761,69
1239,69
521,69
5528,69
1277,69
7768,69
1814,69
19837,70
19383,70
19297,70
18910,70
18101,70
18038,70
17822,70
17770,70
17738,70
17716,70
17666,70
17643,70
17559,70
17015,70
16531,70
16152,70
15898,70
15785,70
15717,70
15591,70
12974,70
12318,70
12250,70
12205,70
11968,70
11619,70
11522,70
11435,70
11136,70
10989,70
10988,70
10971,70
10848,70
10638,70
10453,70
10434,70
10419,70
9557,70
8732,70
15031,70
14984,70
8373,70
7912,70
7332,70
7225,70
7065,70
7058,70
6849,74
19702,70
343,77
13196,70
13151,70
6427,71
19280,70
6277,70
6217,70
6199,70
6124,70
5937,70
5910,70
12221,70
5672,70
5615,70
5559,70
5520,70
5505,70
11539,70
11505,70
11465,70
11113,70
4605,70
4537,70
4161,70
10414,70
7077,75
19930,70
3856,70
3790,70
13261,78
408,70
6655,70
3180,70
6121,70
12540,70
2847,70
9059,70
9032,70
2569,70
5608,70
2323,70
15061,70
14949,70
3607,70
16460,70
9928,70
1847,70
14666,70
1798,70
1787,70
11335,70
1666,70
4841,74
17694,70
12727,70
9484,70
6246,70
1425,70
12600,70
7729,70
1104,70
9102,70
9867,70
15479,70
13052,78
199,70
984,70
983,70
4887,70
3910,70
2297,70
5358,70
16094,76
3241,70
10025,70
4774,70
2365,70
5833,77
18686,70
10527,70
10518,70
4447,70
6853,70
447,70
2810,70
21532,71
21423,71
19653,71
19017,71
18994,71
18902,71
18490,71
18454,71
18437,71
18433,71
18374,71
17442,71
17400,71
16987,71
16897,71
16740,71
16310,71
16282,71
16125,71
16100,71
435,74
13288,71
13070,71
12818,71
12799,71
12788,71
12743,71
11789,71
11379,71
11291,71
11261,71
10827,71
10289,71
8757,71
8585,71
8451,71
8314,71
8209,71
7767,71
7584,71
7583,71
7557,71
7015,71
19867,72
7014,71
19866,74
7013,71
6376,71
12546,71
5849,71
5830,71
5388,71
5253,71
5238,71
5210,71
5194,71
11546,71
4074,71
3926,74
16779,71
7075,71
10261,71
3838,71
6965,71
9974,71
13172,71
330,71
3520,71
220,71
213,71
9792,71
124,71
3016,71
2995,71
2990,71
15675,71
9182,71
5848,71
5787,71
2555,71
8661,71
15045,71
6982,71
5231,71
3531,71
1933,71
1815,71
9706,71
1550,71
4637,71
11030,71
9294,71
1272,71
1147,71
4306,71
1102,71
5052,71
4255,71
1036,71
1023,71
1019,71
5783,71
974,71
15410,71
5769,71
8114,71
14354,71
4695,71
11773,71
6384,71
9196,71
5178,71
3472,71
6816,71
4993,71
9769,71
8172,71
9760,71
4525,71
13274,71
450,71
10314,71
9761,71
10553,71
16985,72
4132,71
2529,71
1068,71
233,71
10825,71
7222,71
4290,71
5687,75
18540,71
21567,72
21469,72
20989,72
20389,72
20230,72
20048,72
20005,72
19807,72
19551,72
19065,72
18860,72
18519,72
18504,72
18466,72
18415,72
18403,72
18186,72
18017,72
18014,72
18009,72
17864,72
17780,72
17759,72
17731,72
17612,72
17499,72
17455,72
17301,72
17140,72
17075,72
16777,72
16257,72
16139,72
16103,72
16077,72
14844,72
13507,72
13279,72
13201,72
13190,72
13085,74
232,72
13023,72
12830,72
12778,72
12763,72
12754,72
12691,72
12690,72
12529,72
12490,72
12399,72
12135,72
12011,72
11866,72
11826,72
11574,72
11545,72
11541,72
11487,72
11437,72
11387,72
11372,72
11327,72
11273,72
11265,72
11105,72
11093,72
10959,72
10903,72
10876,72
10717,72
10702,72
10619,72
10618,72
10608,72
10584,72
10306,72
10299,72
10100,72
10049,72
9953,72
9892,72
9746,72
9654,72
9559,72
9450,72
9207,72
9203,72
15424,72
8704,74
21557,72
8662,72
8599,72
15013,72
8592,72
14923,72
8151,72
8141,72
7952,72
7552,72
7496,72
791,72
7143,72
7071,72
311,72
290,72
249,72
6576,72
12761,72
6267,72
12655,72
6128,72
6063,72
6034,72
5985,72
5973,72
12213,72
5655,72
5598,72
5554,76
18407,72
5453,72
5382,72
5345,72
11707,72
5278,72
5172,72
5134,72
11492,72
5002,72
4983,72
4640,72
4603,72
4524,72
4507,72
10902,72
4349,72
4345,72
4267,72
10625,72
4192,72
4156,72
4153,72
10505,72
10403,72
19913,74
7060,72
13462,72
6998,72
518,72
10122,72
13271,72
6788,72
3492,72
3266,74
16119,72
3155,72
3104,72
3051,72
3034,72
9403,72
2950,72
15803,72
12415,72
9172,72
2746,72
2652,72
15409,72
5756,72
2550,72
8961,72
12152,72
8895,72
15310,72
8747,72
2247,72
11843,72
8623,72
562,72
8518,78
21371,72
8415,72
1960,72
1934,72
1889,72
1845,72
6603,72
12823,72
6407,72
12790,72
1520,72
1478,72
7888,72
7877,72
1312,72
1212,72
11544,72
1920,72
5902,72
4303,78
17156,72
1085,72
5880,72
7501,72
15425,72
908,72
6493,72
8102,72
8105,72
8088,72
8055,72
8029,72
754,72
5525,74
18378,72
3928,72
7124,72
8725,72
688,72
684,72
381,72
8796,72
3511,72
9088,72
3256,72
9680,72
9051,72
1207,72
8427,72
1996,72
8206,72
525,72
903,72
977,72
2480,72
3473,72
875,72
8086,72
894,72
1741,72
941,72
7311,72
842,72
6541,72
4071,72
8080,72
10752,72
18549,73
18488,73
18465,73
18362,73
17880,73
16304,73
12687,73
12657,73
12627,73
12592,73
12571,73
12483,73
12336,73
12302,73
12274,73
12246,73
12235,73
12147,73
12125,73
12112,73
12102,73
11989,73
11960,73
11940,73
11934,73
11907,73
13105,73
12694,73
12509,73
12333,73
12316,73
12260,73
12229,73
12131,73
12101,73
11913,73
4199,79
17052,73
16678,75
3825,73
3092,73
12632,73
2027,73
3219,73
12091,73
2952,73
12514,73
3133,73
21382,74
21060,74
20142,74
19959,74
19906,74
19895,74
19892,74
18932,74
18217,74
17973,74
17723,74
17596,74
17479,74
17361,74
17349,74
17164,74
17125,74
17004,74
17003,74
16983,74
16238,74
15993,74
15918,74
15912,74
15484,74
13174,74
13077,74
13003,74
12937,74
12717,74
12707,74
12677,74
12611,74
12344,74
12305,74
11983,74
11867,74
11743,74
11514,74
11431,74
11274,74
10887,74
10849,74
10508,74
10219,74
10096,74
10086,74
9918,74
9833,74
9809,74
9618,74
9561,74
9443,74
9410,74
9388,74
9232,74
9072,74
8711,74
8479,74
8435,74
8177,78
21030,74
7935,74
7874,74
7847,74
7671,74
7386,74
7357,78
20210,74
7158,74
6929,74
6726,74
6287,74
12636,74
12512,74
6027,74
5934,74
12321,74
5854,74
5810,76
18663,74
12159,74
5689,74
11916,74
5465,74
5421,74
5411,74
5102,74
5094,74
11386,74
10786,74
4365,74
4339,74
17084,76
4231,74
3916,74
7041,74
3758,74
16611,74
6887,74
6767,74
3038,74
9437,74
9434,74
6059,74
15698,74
2818,74
5986,74
9087,74
8830,74
11895,74
15078,75
2225,74
11837,74
5409,74
15024,74
547,74
532,74
436,74
1994,74
6710,74
14739,76
1886,74
3395,74
1626,74
14423,74
12667,74
7865,74
1434,74
11051,74
6166,74
2917,74
1316,74
2897,74
1300,74
4328,74
1123,74
2677,74
1032,74
1816,74
3276,74
3205,74
9563,74
12532,74
820,74
401,74
787,74
1575,74
369,74
7149,74
6877,74
9025,74
6604,74
3387,74
1790,74
8572,74
474,74
1340,74
1332,74
6886,74
6801,75
19654,74
16679,75
16471,75
16470,75
16469,75
16468,75
16393,75
15934,75
15708,75
15707,75
15283,75
14586,75
12227,75
12185,75
12067,75
12001,75
11930,75
11908,75
11572,75
11571,75
11098,75
11057,75
10240,75
10162,75
10092,75
9936,75
9902,75
9878,75
9580,75
9577,75
9503,75
9335,75
9313,75
8968,75
8928,75
8788,75
8785,75
8736,75
15032,75
8556,75
8378,75
8028,75
7746,75
7474,75
7385,75
7297,75
7275,75
7250,75
7146,75
7132,75
6861,75
6761,75
6739,75
6509,75
6252,75
6043,75
5938,75
5604,75
18456,78
5603,75
5346,75
11756,75
11628,75
11476,75
4998,75
4991,75
11154,75
4399,75
4389,75
4344,75
4240,75
4193,75
10484,75
10242,75
3787,75
554,75
10061,75
13059,75
9613,75
9578,75
9531,75
9477,75
9272,75
9271,75
9255,75
9240,75
5914,75
5721,75
12128,75
12064,75
15208,75
2348,75
5414,75
10186,75
3750,75
6825,75
13204,75
11433,75
5012,75
85,75
4801,75
9587,75
7956,75
7861,75
9422,75
1378,75
9385,75
4454,75
4446,75
4384,75
4285,75
1820,75
7278,75
4031,76
16884,75
828,75
9530,75
8724,75
6155,75
7776,75
7267,75
13223,75
4387,75
9993,75
9992,75
11994,75
6705,75
9369,75
7320,75
12897,75
6875,75
6568,75
7286,75
8912,75
12162,75
6514,75
17184,78
4331,75
8426,75
7622,75
21501,76
21391,76
21131,76
21023,76
20829,76
20787,76
20632,76
20469,76
20439,76
20409,76
20186,76
19546,76
18992,76
18472,76
18421,76
18357,76
18231,76
18104,76
17686,76
17511,76
17452,76
17449,76
17335,76
17316,76
17279,76
17277,76
17274,76
17269,76
17256,76
17245,76
17201,76
17152,76
17083,76
17074,76
16957,76
16946,76
16935,76
16932,76
16929,76
16926,76
16856,76
16794,76
16788,76
16357,76
16256,76
16088,76
15840,76
14904,76
14199,76
13649,76
12755,76
12604,76
12564,76
12563,76
12473,76
12457,76
11587,76
11580,76
11558,76
11519,76
11390,76
11357,76
11352,76
11287,76
11260,76
11175,76
11076,76
10905,76
10695,76
10665,76
10642,76
10623,76
10455,76
10302,76
10265,76
9923,76
9847,76
9755,76
9712,76
9704,76
9681,76
9657,76
9315,76
9147,76
9076,76
15198,76
15171,76
8699,76
8676,76
8663,76
8608,76
14912,76
14826,76
7907,76
7477,76
7135,76
6716,76
12806,76
19199,78
6346,76
12602,76
12472,76
5908,76
5895,76
5858,76
5808,76
5561,76
5288,76
11658,76
5160,76
11498,76
5057,76
11198,76
4717,76
10809,76
10779,76
10767,76
4048,76
4026,76
10375,76
10347,76
10264,76
10209,76
6757,76
3553,76
9532,76
3078,76
3010,76
12623,76
9415,76
12609,76
12594,76
9184,76
5964,76
9015,76
8982,76
12178,76
8692,76
2025,76
354,76
5132,76
1848,76
1839,76
1809,76
1731,76
8109,76
9628,76
11225,76
1579,76
4632,76
1226,76
10781,76
1148,76
10709,76
1871,76
1863,76
13908,76
11461,76
13045,76
991,76
11397,76
9697,76
1499,76
9515,76
6926,76
925,76
14951,76
10355,76
1656,76
1022,76
1951,76
2942,76
1680,76
9777,76
6941,76
8044,76
1356,76
10352,76
3931,76
18557,77
12772,77
12760,77
10107,77
9197,77
11233,77
10590,77
6993,77
9941,77
12462,77
12003,77
2239,77
2206,77
486,77
1598,77
1966,77
10367,77
9374,77
21574,78
21419,78
20824,78
20311,78
19912,78
19758,78
19411,78
19241,78
19167,78
18975,78
18917,78
18865,78
18099,78
18071,78
17986,78
17863,78
17812,78
17760,78
17422,78
17097,78
17067,78
17000,78
16989,78
16981,78
16979,78
16656,78
16577,78
16216,78
16215,78
16176,78
16095,78
16023,78
15913,78
15810,78
15363,78
15237,78
14982,78
14736,78
12905,78
12836,78
12827,78
12725,78
12317,78
12195,78
11888,78
11490,78
11299,78
11253,78
11144,78
11123,78
11074,78
11048,78
11041,78
10545,78
10258,78
10042,78
9976,78
9891,78
9804,78
9795,78
9509,78
9465,78
9432,78
9356,78
9075,78
8962,78
8944,78
15314,78
8845,78
8496,78
8359,78
7391,78
7030,78
6819,78
6463,78
12858,78
12803,78
6382,78
6350,78
12767,78
12699,78
6125,78
6085,78
18938,78
12468,78
5727,78
5719,78
11996,78
5363,78
11661,78
5117,78
4848,78
17701,78
11239,78
4708,78
4425,78
4369,78
4323,78
4259,78
3991,78
3912,78
7024,78
6985,78
6961,78
6815,78
3271,78
9549,78
9539,78
12696,78
3007,78
6157,78
6056,78
2833,78
2799,78
9204,78
2596,78
12208,78
12201,78
5780,78
8991,78
2546,78
2376,78
8771,78
8756,78
15149,78
5471,78
8681,78
5268,78
362,78
9978,78
11504,78
8222,78
3198,78
8000,78
3166,78
11161,78
4648,78
7796,78
9230,78
1210,78
15639,78
1197,78
10784,78
10749,78
13966,78
13946,78
1088,78
10676,78
176,78
8204,78
12203,78
1771,78
857,78
768,78
9582,78
733,78
748,78
3085,78
1477,78
8569,78
6944,78
4518,78
504,78
10808,78
2375,78
3095,78
6665,78
4964,78
11575,78
5149,78
7366,78
10548,78
2517,78
12965,78
14941,78
1076,78
497,78
3336,78
1631,78
1718,78
13060,78
1201,78
14055,78
11637,78
10311,78
18676,79
18281,79
18277,79
18254,79
17758,79
17421,79
16194,79
15973,79
15929,79
15859,79
15858,79
15855,79
15303,79
12338,79
12278,79
9290,79
11065,79
11043,79
6623,79
46,79
12375,79
11862,79
1983,79
7962,79
884,79
104,79
9550,79
12332,79
11775,79
3339,79
3340,79
3315,79
