21576,0
21574,0
21571,0
21568,0
21567,0
21565,0
21562,0
21556,0
21550,0
21532,0
21517,0
21512,0
21503,0
21502,0
21501,0
21473,0
21469,0
21462,0
21454,0
21429,0
21423,0
21419,0
21404,0
21401,0
21387,0
21376,0
21369,0
21358,0
21339,0
21321,0
21318,0
21303,0
21297,0
21293,0
21292,0
21267,0
21261,0
21253,0
21251,0
21210,0
21201,0
21177,0
21143,0
21134,0
21133,0
21131,0
21130,0
21096,0
21076,0
21060,0
21028,0
21023,0
21019,0
21018,0
21007,0
21000,0
20989,0
20982,0
20936,0
20925,0
20919,0
20907,0
20905,0
20902,0
20887,0
20878,0
20840,0
20835,0
20834,0
20829,0
20824,0
20787,0
20778,0
20773,0
20769,0
20757,0
20753,0
20734,0
20721,0
20710,0
20709,0
20699,0
20682,0
20653,0
20641,0
20632,0
20584,0
20552,0
20514,0
20469,0
20467,0
20465,0
20439,0
20420,0
20409,0
20406,0
20398,0
20396,0
20389,0
20379,0
20377,0
20352,0
20270,0
20267,0
20264,0
20262,0
20230,0
20186,0
20159,0
20142,0
20137,0
20095,0
20090,0
20089,0
20080,0
20058,0
20048,0
20039,0
20035,0
20034,0
20031,0
20025,0
20013,0
20012,0
20005,0
19998,0
19993,0
19984,0
19975,0
19959,0
19935,0
19912,0
19906,0
19895,0
19892,0
19890,0
19874,0
19870,0
19844,0
19839,0
19837,0
19833,0
19832,0
19831,0
19830,0
19807,0
19802,0
19786,0
19769,0
19763,0
19762,0
19758,0
19744,0
19732,0
19731,0
19711,0
19692,0
19679,0
19658,0
19653,0
19649,0
19648,0
19645,0
19635,0
19625,0
19559,0
19557,0
19556,0
19551,0
19546,0
19529,0
19509,0
19507,0
19505,0
19499,0
19480,0
19478,0
19471,0
19470,0
19464,0
19453,0
19433,0
19432,0
19424,0
19422,0
19420,0
19419,0
19418,0
19411,0
19371,0
19325,0
19312,0
19293,0
19262,0
19256,0
19223,0
19208,0
19198,0
19191,0
19181,0
19167,0
19155,0
19137,0
19122,0
19092,0
19083,0
19081,0
19077,0
19069,0
19065,0
19062,0
19050,0
19044,0
19017,0
19006,0
18995,0
18994,0
18992,0
18975,0
18963,0
18962,0
18952,0
18951,0
18932,0
18930,0
18924,0
18922,0
18921,0
18917,0
18906,0
18902,0
18898,0
18872,0
18865,0
18861,0
18860,0
18852,0
18849,0
18842,0
18840,0
18795,0
18782,0
18774,0
18773,0
18768,0
18749,0
18746,0
18738,0
18736,0
18730,0
18698,0
18689,0
18682,0
18676,0
18674,0
18667,0
18665,0
18638,0
18621,0
18616,0
18567,0
18557,0
18549,0
18527,0
18519,0
18509,0
18504,0
18495,0
18493,0
18490,0
18488,0
18487,0
18479,0
18472,0
18467,0
18466,0
18465,0
18463,0
18459,0
18458,0
18454,0
18443,0
18437,0
18433,0
18430,0
18425,0
18423,0
18421,0
18415,0
18403,0
18402,0
18392,0
18389,0
18387,0
18374,0
18372,0
18371,0
18367,0
18366,0
18362,0
18357,0
18356,0
18351,0
18339,0
18332,0
18321,0
18313,0
18303,0
18302,0
18281,0
18280,0
18277,0
18271,0
18257,0
18254,0
18252,0
18239,0
18236,0
18234,0
18231,0
18228,0
18225,0
18222,0
18217,0
18191,0
18186,0
18160,0
18145,0
18135,0
18104,0
18101,0
18099,0
18095,0
18085,0
18080,0
18071,0
18066,0
18061,0
18050,0
18040,0
18037,0
18034,0
18017,0
18014,0
18009,0
17986,0
17963,0
17960,0
17957,0
17956,0
17952,0
17927,0
17916,0
17915,0
17899,0
17894,0
17892,0
17880,0
17878,0
17877,0
17876,0
17875,0
17872,0
17870,0
17867,0
17864,0
17863,0
17860,0
17857,0
17849,0
17839,0
17837,0
17822,0
17813,0
17812,0
17810,0
17782,0
17780,0
17776,0
17770,0
17766,0
17760,0
17759,0
17758,0
17752,0
17749,0
17748,0
17738,0
17731,0
17728,0
17723,0
17716,0
17707,0
17706,0
17700,0
17686,0
17666,0
17652,0
17643,0
17619,0
17612,0
17596,0
17589,0
17579,0
17574,0
17573,0
17569,0
17568,0
17563,0
17562,0
17538,0
17529,0
17523,0
17511,0
17499,0
17479,0
17473,0
17472,0
17455,0
17452,0
17449,0
17442,0
17433,0
17431,0
17423,0
17421,0
17419,0
17417,0
17416,0
17412,0
17411,0
17410,0
17406,0
17403,0
17400,0
17399,0
17384,0
17365,0
17364,0
17361,0
17359,0
17352,0
17349,0
17343,0
17342,0
17338,0
17335,0
17333,0
17317,0
17316,0
17315,0
17302,0
17301,0
17298,0
17285,0
17279,0
17277,0
17275,0
17274,0
17269,0
17256,0
17248,0
17247,0
17246,0
17245,0
17236,0
17221,0
17212,0
17201,0
17188,0
17187,0
17177,0
17174,0
17173,0
17169,0
17168,0
17164,0
17152,0
17151,0
17149,0
17148,0
17146,0
17142,0
17140,0
17137,0
17134,0
17128,0
17127,0
17125,0
17123,0
17117,0
17103,0
17097,0
17095,0
17089,0
17083,0
17077,0
17075,0
17074,0
17067,0
17062,0
17060,0
17059,0
17053,0
17048,0
17039,0
17038,0
17036,0
17015,0
17011,0
17007,0
17003,0
17001,0
17000,0
16993,0
16991,0
16990,0
16989,0
16987,0
16986,0
16983,0
16981,0
16979,0
16969,0
16967,0
16962,0
16961,0
16957,0
16955,0
16946,0
16940,0
16939,0
16935,0
16929,0
16926,0
16903,0
16897,0
16893,0
16885,0
16875,0
16871,0
16854,0
16851,0
16796,0
16794,0
16788,0
16777,0
16776,0
16774,0
16772,0
16767,0
16759,0
16750,0
16749,0
16740,0
16734,0
16714,0
16708,0
16707,0
16695,0
16688,0
16680,0
16676,0
16675,0
16667,0
16663,0
16658,0
16656,0
16652,0
16651,0
16636,0
16622,0
16607,0
16589,0
16581,0
16577,0
16538,0
16512,0
16510,0
16499,0
16495,0
16488,0
16481,0
16459,0
16443,0
16434,0
16429,0
16420,0
16419,0
16415,0
16404,0
16399,0
16369,0
16359,0
16357,0
16332,0
16331,0
16318,0
16311,0
16310,0
16307,0
16300,0
16289,0
16287,0
16285,0
16282,0
16279,0
16277,0
16274,0
16264,0
16257,0
16256,0
16251,0
16241,0
16238,0
16232,0
16216,0
16215,0
16214,0
16212,0
16211,0
16210,0
16203,0
16196,0
16194,0
16188,0
16179,0
16177,0
16176,0
16171,0
16164,0
16163,0
16159,0
16152,0
16150,0
16149,0
16146,0
16145,0
16142,0
16139,0
16136,0
16134,0
16133,0
16125,0
16123,0
16120,0
16115,0
16110,0
16103,0
16100,0
16098,0
16097,0
16095,0
16091,0
16086,0
16077,0
16074,0
16041,0
16023,0
15996,0
15993,0
15989,0
15988,0
15987,0
15973,0
15961,0
15959,0
15950,0
15932,0
15929,0
15914,0
15913,0
15912,0
15908,0
15898,0
15885,0
15872,0
15859,0
15858,0
15855,0
15840,0
15831,0
15810,0
15793,0
15785,0
15767,0
15742,0
15736,0
15713,0
2850,15
15703,0
15672,0
2819,0
15666,0
2813,0
15643,0
15636,0
2783,0
15620,0
2767,0
15616,0
2763,0
15597,4
2744,0
15595,0
2742,0
15580,0
15578,0
2725,0
15575,0
2722,0
2720,56
15573,0
15569,0
15565,0
2708,24
15561,0
15547,0
15543,0
2687,15
15540,0
2674,10
15527,0
15510,0
15504,0
15503,0
2650,0
15484,0
2630,56
15483,0
15481,0
15478,0
15471,0
15467,0
2611,56
15464,0
15459,15
2606,0
15457,38
2604,0
15447,0
2594,0
15430,0
2577,0
15429,0
2562,6
15415,0
15406,0
2553,0
15387,11
2534,0
15363,0
2504,32
15357,0
15352,0
2499,0
15345,0
2492,0
15315,28
2462,0
15308,0
15306,0
15303,0
15296,0
15292,0
15264,0
2411,0
15258,59
2405,0
15255,0
2393,11
15246,0
15237,0
15234,0
15230,0
15226,0
15219,0
2366,0
2357,46
15210,0
15204,0
2347,38
15200,0
15197,43
2344,0
15194,0
15156,0
2303,0
15122,0
2269,0
15103,0
15096,0
15060,0
15052,0
15037,0
15026,32
2173,0
15012,38
2159,0
2151,49
15004,0
14987,0
14982,0
14981,8
2128,0
14971,6
2118,0
14969,32
2116,0
14959,0
2079,56
14932,0
14928,0
14926,0
2073,0
14904,0
14903,0
2033,55
14886,0
14885,0
2029,37
14882,0
14877,0
2024,0
14876,0
2020,30
14873,0
14865,0
2012,0
14844,0
14839,0
14818,0
1965,0
14783,0
14757,0
14736,0
14672,0
14622,18
1769,0
1759,1
14612,0
14604,0
1751,0
1734,11
14587,0
14563,0
14549,43
1696,0
14545,0
1692,0
14544,0
1689,57
14542,0
14539,56
1686,0
1684,45
14537,0
1651,9
14504,0
14310,0
1457,0
14263,0
14199,0
14069,32
1216,0
14028,0
13958,0
1105,0
13900,0
1047,0
13790,0
937,0
13757,0
904,0
13721,0
868,0
861,37
13714,0
13711,0
13702,0
849,0
13649,0
706,42
13559,0
699,15
13552,0
13507,0
13471,0
13458,0
13321,0
13288,0
435,0
13279,0
422,2
13275,0
13263,26
410,0
13255,0
402,0
13245,0
13242,0
389,0
13224,38
371,0
13201,0
13190,0
13175,0
322,0
13174,0
13170,0
317,0
13163,0
13139,0
13136,0
13124,0
271,0
13119,0
13096,0
13085,12
232,0
13077,0
13072,0
13070,0
13064,18
211,0
13046,0
13039,0
186,0
13023,0
13021,0
168,0
13003,0
139,59
12992,0
12963,0
110,0
12937,0
12933,0
80,0
12905,0
12893,13
40,0
12885,0
12861,0
12842,0
12836,0
12829,0
12827,0
12818,0
12815,0
12814,0
12813,0
12810,0
12799,0
12791,0
12788,0
12785,0
12778,0
12775,0
12772,0
12763,0
12760,0
12759,0
12755,0
12754,0
12751,0
12748,0
12743,0
12728,0
12725,0
12707,0
12706,0
12702,0
12691,0
12690,0
12689,0
12683,0
12680,0
12677,0
12672,0
12670,0
12668,0
12660,0
12651,0
12647,0
12633,0
12630,0
12628,0
12627,0
12625,0
12621,0
12611,0
12604,0
12579,0
12574,0
12573,0
12564,0
12563,0
12557,0
12531,0
12529,0
12521,0
12502,0
12492,0
12490,0
12489,0
12487,0
12485,0
12473,0
12466,0
12465,0
12461,0
12460,0
12457,0
12449,0
12443,0
12432,0
12423,0
12413,0
12409,0
12404,0
12400,0
12399,0
12383,0
12374,0
12345,0
12344,0
12339,0
12338,0
12318,0
12317,0
12313,0
12302,0
12298,0
12286,0
12281,0
12278,0
12276,0
12259,0
12250,0
12249,0
12246,0
12237,0
12225,0
12224,0
12223,0
12222,0
12216,0
12215,0
12202,0
12197,0
12195,0
12191,0
12156,0
12135,0
12125,0
12117,0
12106,0
12094,0
12087,0
12073,0
12054,0
12049,0
12046,0
12044,0
12040,0
12028,0
12027,0
12011,0
12010,0
12005,0
11983,0
11981,0
11970,0
11968,0
11957,0
11945,0
11935,0
11910,0
11909,0
11907,0
11900,0
11888,0
11883,0
11867,0
11866,0
11854,0
11848,0
11833,0
11826,0
11822,0
11812,0
11808,0
11802,0
11801,0
11795,0
11794,0
11791,0
11789,0
11768,0
11765,0
11746,0
11743,0
11728,0
11723,0
11722,0
11711,0
11706,0
11663,0
11639,0
11638,0
11627,0
11625,0
11617,0
11602,0
11587,0
11580,0
11579,0
11574,0
11563,0
11559,0
11558,0
11551,0
11550,0
11545,0
11541,0
11527,0
11522,0
11519,0
11514,0
11508,0
11490,0
11487,0
11484,0
11477,0
11468,0
11460,0
11459,0
11451,0
11447,0
11446,0
11444,0
11440,0
11437,0
11431,0
11430,0
11425,0
11418,0
11413,0
11406,0
11405,0
11403,0
11400,0
11396,0
11390,0
11387,0
11381,0
11379,0
11374,0
11372,0
11371,0
11370,0
11369,0
11357,0
11348,0
11344,0
11330,0
11327,0
11299,0
11297,0
11292,0
11291,0
11287,0
11285,0
11284,0
11279,0
11278,0
11276,0
11274,0
11273,0
11272,0
11270,0
11265,0
11261,0
11260,0
11257,0
11255,0
11253,0
11252,0
11251,0
11249,0
11243,0
11236,0
11234,0
11221,0
11211,0
11210,0
11205,0
11191,0
11185,0
11183,0
11181,0
11179,0
11175,0
11174,0
11173,0
11171,0
11170,0
11149,0
11144,0
11137,0
11126,0
11123,0
11104,0
11103,0
11102,0
11101,0
11095,0
11093,0
11088,0
11076,0
11074,0
11071,0
11064,0
11063,0
11056,0
11048,0
11041,0
11039,0
11035,0
11015,0
10998,0
10989,0
10985,0
10978,0
10960,0
10959,0
10947,0
10941,0
10922,0
10918,0
10913,0
10905,0
10904,0
10903,0
10901,0
10899,0
10892,0
10887,0
10876,0
10864,0
10848,0
10847,0
10845,0
10843,0
10834,0
10827,0
10817,0
10816,0
10811,0
10796,0
10794,0
10788,0
10773,0
10757,0
10756,0
10755,0
10750,0
10746,0
10743,0
10742,0
10738,0
10737,0
10729,0
10721,0
10717,0
10715,0
10714,0
10710,0
10708,0
10704,0
10703,0
10702,0
10699,0
10695,0
10693,0
10665,0
10642,0
10638,0
10634,0
10632,0
10619,0
10618,0
10612,0
10611,0
10609,0
10608,0
10606,0
10604,0
10584,0
10559,0
10555,0
10551,0
10545,0
10537,0
10530,0
10508,0
10498,0
10470,0
10467,0
10458,0
10455,0
10453,0
10445,0
10434,0
10432,0
10429,0
10423,0
10419,0
10416,0
10404,0
10388,0
10387,0
10385,0
10377,0
10371,0
10361,0
10359,0
10356,0
10348,0
10342,0
10335,0
10334,0
10332,0
10328,0
10322,0
10318,0
10310,0
10306,0
10302,0
10299,0
10292,0
10289,0
10282,0
10280,0
10272,0
10265,0
10258,0
10255,0
10245,0
10243,0
10240,0
10237,0
10230,0
10219,0
10197,0
10173,0
10158,0
10146,0
10114,0
10112,0
10110,0
10107,0
10100,0
10098,0
10096,0
10086,0
10080,0
10062,0
10049,0
10048,0
10042,0
10038,0
10002,0
9988,0
9976,0
9971,0
9965,0
9956,0
9953,0
9943,0
9940,0
9929,0
9927,0
9925,0
9923,0
9918,0
9915,0
9906,0
9905,0
9902,0
9892,0
9874,0
9872,0
9869,0
9866,0
9858,0
9853,0
9850,0
9847,0
9844,0
9822,0
9814,0
9812,0
9804,0
9797,0
9795,0
9787,0
9779,0
9771,0
9764,0
9755,0
9752,0
9746,0
9745,0
9744,0
9742,0
9733,0
9728,0
9720,0
9712,0
9707,0
9700,0
9689,0
9681,0
9668,0
9661,0
9657,0
9654,0
9642,0
9641,0
9607,0
9603,0
9561,0
9559,0
9557,0
9544,0
9535,0
9527,0
9509,0
9505,0
9489,0
9479,0
9473,0
9465,0
9453,0
9450,0
9445,0
9443,0
9433,0
9432,0
9413,0
9410,0
9408,0
9393,0
9356,0
9352,0
9330,0
9326,0
9324,0
9315,0
9314,0
9299,0
15717,0
9296,0
9290,0
9285,0
9280,0
15694,0
9265,0
15674,0
9253,0
9252,0
9242,0
15656,0
2803,0
15653,0
2800,0
9232,0
9217,0
9207,0
9205,0
2771,38
15624,0
9203,0
9201,0
9197,0
9161,0
15581,0
2728,0
9156,0
9155,0
15568,0
9147,0
15563,0
9142,0
9134,0
9133,0
15548,18
2695,0
15545,0
9124,0
9110,0
15528,0
9107,0
9104,0
9100,0
2658,1
15511,0
9090,0
9075,0
9072,0
9065,0
15485,0
9064,0
9053,0
9048,0
15468,0
9047,0
9045,0
15454,0
9031,0
9020,0
15424,0
15417,0
15413,0
2560,0
8978,0
8977,0
15389,0
8962,0
8948,0
15366,0
2513,0
8945,0
15365,0
2512,0
8944,0
8932,0
2496,10
15349,0
2484,13
15337,0
8916,0
15335,37
2482,0
8914,0
15329,0
2476,0
15327,53
2474,0
8906,0
15314,0
2458,33
15311,0
15294,0
8873,0
8866,0
8863,0
8859,0
15278,0
8857,0
2421,11
15274,0
8853,0
8845,0
8836,0
8835,0
8829,0
2391,59
15244,0
8823,0
15223,0
2370,0
8802,0
15220,0
8784,0
8781,0
8780,0
15198,0
8777,0
8757,0
8755,0
15171,0
8748,0
2308,56
15161,0
8732,0
15138,0
8717,0
8716,0
8713,0
8711,0
8710,0
2275,15
15128,0
8707,0
8706,0
8705,0
8704,49
21557,0
8699,0
8688,0
21541,0
8685,0
21538,0
8684,0
15104,28
2251,0
8683,0
21536,0
8677,0
8676,0
8666,0
21519,0
8663,0
8656,0
8654,0
8641,0
8638,0
21491,0
21489,18
8636,0
15056,28
2203,0
8629,0
2196,27
15049,0
8628,0
8618,0
8613,0
21466,0
15032,0
15031,0
8610,0
15029,0
8608,0
15028,30
2175,0
21460,55
8607,0
8606,0
21455,6
8602,0
2167,55
15020,0
8599,0
21451,9
8598,0
21448,6
8595,0
15013,0
8585,0
21431,37
8578,0
8571,0
14988,0
8567,0
14984,0
21416,2
8563,0
14983,18
2130,0
21415,13
8562,0
14974,0
2121,0
21406,15
8553,0
14967,50
2114,0
8546,0
8544,0
8543,0
14962,2
2109,0
8541,0
21394,0
8540,37
21393,0
8514,0
14933,0
2080,0
8512,0
14930,0
21362,43
8509,0
21359,37
8506,0
14923,0
14918,0
2065,0
21350,30
8497,0
8496,0
21346,18
8493,0
14912,0
14911,0
8490,38
21343,0
8489,27
21342,0
14909,0
2056,0
8480,0
21333,0
2047,18
14900,0
8479,0
8478,0
21325,37
8472,0
8453,0
14872,0
8451,0
14859,0
2006,0
8438,0
21291,0
8435,0
8432,0
21285,0
21281,32
8428,0
8425,15
21278,0
8424,24
21277,0
14828,0
1975,0
21259,13
8406,0
14826,0
8405,0
21254,18
8401,0
21227,6
8374,0
8373,0
14785,0
1932,0
8363,0
21214,55
8361,0
8359,0
8349,0
21202,0
8347,0
8344,0
21197,0
21195,6
8342,0
21175,32
8322,0
8314,0
8309,0
14729,0
8308,0
21140,39
8287,0
8276,0
21129,0
8275,13
21128,0
21117,2
8264,0
21112,1
8259,0
21105,32
8252,0
8246,0
8244,29
21097,0
8240,29
21093,0
8234,0
8225,0
21078,0
14642,0
1789,0
21073,12
8220,0
8214,0
21067,0
8212,0
21065,0
8209,0
14626,0
1773,0
8205,0
8199,0
8198,29
21051,0
8197,0
21050,0
8193,0
21046,0
8178,0
21031,0
8177,0
21030,0
8176,0
8167,0
21016,32
8163,0
8138,0
8134,0
20984,6
8131,0
20983,32
8130,0
14547,38
1694,0
8126,0
20972,9
8119,0
8108,0
8106,0
20959,0
1659,39
14512,0
8091,0
8089,0
1653,38
14506,0
20938,33
8085,0
8068,0
8056,27
20909,0
20904,13
8051,0
8050,0
8045,16
20898,0
8021,0
8016,59
20869,0
8015,0
20865,29
8012,0
14418,0
7997,0
20833,37
7980,0
7979,0
7977,0
14395,0
14393,0
20825,9
7972,0
1536,6
14389,0
7968,0
7963,0
20814,6
7961,0
7955,0
7952,0
7942,38
20795,0
7939,0
20792,0
7937,0
20790,0
7935,0
7930,0
7928,0
7922,6
20775,0
7912,0
7897,0
14315,0
20747,6
7894,0
20746,15
7893,0
7891,0
20744,0
7879,0
7876,0
20728,32
7875,0
7874,0
14293,0
1440,0
7872,0
20725,0
7869,0
7847,0
7845,59
20698,0
7840,38
20693,0
7839,0
7831,0
7826,9
20679,0
7823,0
20673,15
7820,0
20671,9
7818,0
20669,1
7816,0
7814,0
20667,0
7813,12
20666,0
7810,0
7809,0
20662,0
20650,10
7797,0
1359,56
14212,0
7791,0
7789,0
7767,0
14178,0
7757,0
7755,0
7749,0
1293,1
14146,0
7710,0
7687,0
14099,49
1246,0
20527,8
7674,0
7671,0
20523,10
7670,0
7669,0
20497,13
7644,0
7643,0
20496,0
7642,0
7639,0
7636,56
20489,0
20488,6
7635,0
20480,55
7627,0
20476,57
7623,0
7611,0
7606,0
20459,0
20457,45
7604,0
20453,28
7600,0
7596,0
20446,9
7593,0
7592,0
20438,6
7585,0
7584,0
7583,0
7576,0
7570,0
20419,27
7566,0
7557,0
7552,0
20401,32
7548,0
7534,0
20386,54
7533,0
20384,32
7531,0
20367,2
7514,0
20365,54
7512,0
20363,15
7510,0
20357,6
7504,0
7496,0
7488,38
20341,0
13904,0
20334,32
7481,0
7477,0
7475,0
20328,0
7470,0
20319,55
7466,0
7452,0
20300,9
7447,0
20286,9
7433,0
7427,0
13834,0
7408,0
20261,0
7406,0
20259,0
7394,0
20247,0
7391,0
7386,0
20235,37
7382,0
7379,27
20232,0
20223,9
7370,0
20220,9
7367,0
7363,4
20216,0
7357,0
20210,0
7355,0
7352,0
7344,0
20195,32
7342,0
7337,0
13753,0
20176,24
7323,0
13735,0
882,0
7314,0
20165,9
7312,0
20112,18
7259,0
7253,0
7247,0
7240,0
13656,0
800,0
7221,0
7220,0
7216,0
780,53
13633,0
791,0
7209,0
758,15
13611,0
7177,0
745,0
7166,0
20019,0
7148,43
20001,0
725,0
722,0
7143,0
714,0
7135,0
7126,0
679,0
13532,0
7100,0
19933,55
7080,0
7074,18
19927,0
7071,0
7066,0
7064,0
7058,0
7047,0
7032,0
7030,0
7029,0
19882,0
19880,12
7027,0
7023,0
7015,0
13435,0
7014,0
19867,0
7013,0
19866,0
19865,6
7012,0
19854,57
7001,0
6981,0
555,0
6976,0
13393,0
551,0
13404,0
6972,0
19823,50
6970,0
6955,0
19808,0
6929,0
6928,45
19781,0
6922,0
19775,0
6917,0
6913,0
19766,0
6894,0
467,0
13320,0
6881,38
19734,0
6874,49
19727,0
13290,0
6869,0
13287,0
6866,0
19719,0
13286,0
444,0
13282,0
13281,0
439,40
13292,0
19713,45
6860,0
13280,0
13270,0
6819,0
13238,0
6817,0
377,0
19651,53
6798,0
19644,21
6791,0
13210,0
19642,9
6789,0
13200,0
352,0
13205,0
13191,24
338,0
349,0
6770,0
13186,0
13185,0
343,0
13196,0
6764,0
13184,0
331,0
342,29
13195,0
13168,0
315,0
13159,0
311,0
6732,0
13151,0
6726,0
304,0
13157,0
19572,39
6719,0
6716,0
290,0
6707,0
19560,0
281,0
6702,0
13105,0
13103,0
6682,0
13113,53
260,0
6681,24
19534,0
13095,0
242,0
6674,0
249,0
13089,0
236,0
247,0
6660,0
13078,0
225,0
6657,0
19510,0
6647,59
19500,0
13056,0
203,0
214,0
13067,0
13053,0
6632,0
6630,0
19483,0
13043,0
201,30
13054,0
19475,6
6622,0
19448,45
6595,0
6594,24
19447,0
13007,0
157,0
6578,0
6576,0
6562,0
6561,0
12959,0
6537,0
96,45
12949,0
6528,38
19381,0
6527,0
19380,0
6524,15
19377,0
100,0
19374,27
6521,0
86,0
6507,0
19360,0
71,38
12924,0
82,37
12935,0
12917,0
64,0
75,0
6494,0
6483,0
6473,0
42,0
6463,0
6460,0
37,53
12890,0
6450,0
6445,0
12862,43
9,0
6441,0
19294,0
6438,0
19291,0
12858,0
6437,13
19290,0
12857,0
6436,0
6434,0
12848,0
19280,49
6427,0
12806,0
6385,0
19238,0
12803,0
6382,0
12797,0
6376,0
6375,0
6373,0
6372,0
6368,0
6361,0
12774,0
6353,0
6350,0
6348,0
12767,0
6346,0
19199,0
12761,0
6340,0
19193,0
12758,0
6337,0
6335,0
19170,6
6317,0
6315,0
12732,0
12714,0
12703,0
6282,0
6278,0
12698,0
6277,0
12694,0
12692,0
12688,0
6267,0
12685,0
6264,0
6244,53
19097,0
12655,0
6234,13
19087,0
12654,0
12648,0
12646,0
6225,0
12644,0
12641,0
6220,0
19073,0
12639,0
6218,0
6217,0
12636,0
6215,0
6214,0
6208,0
12620,0
6189,0
19042,0
12608,0
12605,0
6184,0
19037,0
12602,0
12599,0
6178,0
6177,0
6169,0
19022,0
12559,0
6137,0
18988,45
6135,0
12555,0
6128,0
12546,0
6125,0
12534,0
6113,0
6106,0
12524,0
12523,0
12517,0
12515,0
6092,45
18945,0
12512,0
6091,0
18944,0
12507,0
6086,0
6085,0
18938,0
12504,0
6083,0
12503,0
6082,0
12488,0
6067,25
18920,0
6063,0
6060,0
6058,0
12472,0
6051,15
18904,0
12469,0
12468,0
6035,30
18888,0
6034,0
12454,0
6027,0
6025,0
12441,0
6020,0
18873,0
12435,0
6014,9
18867,0
5998,0
18851,0
5985,0
12398,0
12394,0
12390,0
5958,0
18811,0
5937,0
12355,0
5934,0
5930,6
18783,0
12340,0
12333,0
5912,18
18765,0
5909,0
5905,0
5901,18
18754,0
12321,0
5900,0
5889,0
12309,0
5888,0
5887,0
5886,0
18739,0
18732,6
5879,0
18721,6
5868,0
5858,0
5854,0
12270,0
5849,0
5842,0
12260,0
5839,0
5835,0
18688,0
5830,0
5827,0
5826,0
5819,0
5818,0
12236,0
5810,29
18663,0
12229,0
5808,0
12221,0
5800,0
12219,0
5798,0
12213,0
5792,0
5789,0
5767,0
12171,0
5740,0
5739,0
18592,0
12159,0
5727,0
5724,0
18577,0
5719,0
12138,0
5717,0
18570,0
5713,0
18566,0
5712,0
18565,0
12132,0
5711,0
18564,0
12131,0
18563,34
5710,0
12127,0
5706,0
12122,0
5701,43
18554,0
5692,0
5690,0
5689,0
5684,0
5675,0
12093,0
5672,0
5667,0
18520,0
12084,0
5660,0
5659,0
5655,0
12068,0
18497,34
5644,0
5641,0
12050,0
12048,0
5627,0
5617,15
18470,0
5615,0
5611,0
18464,0
5609,49
18462,0
12024,0
5603,38
18456,0
5602,15
18455,0
5598,0
12016,0
5595,15
18448,0
5592,24
18445,0
5585,0
18438,0
11997,0
5576,57
18429,0
11996,0
5567,0
18420,0
5566,57
18419,0
5565,6
18418,0
5564,0
5563,0
11982,0
5561,0
5559,0
11979,0
5558,0
5554,0
18407,0
5544,24
18397,0
11958,0
5537,56
18390,0
11953,0
5532,8
18385,0
5530,53
18383,0
5522,38
18375,0
11941,0
5520,0
5508,0
5505,0
11923,0
11920,0
5499,0
18352,0
11916,0
5495,6
18348,0
5491,0
5485,0
5483,6
18336,0
18334,45
5481,0
5477,0
5475,15
18328,0
5470,0
18323,0
5465,0
5453,0
11872,0
18300,45
5447,0
5429,0
11847,0
5423,0
18276,0
5421,0
11832,0
5411,0
11831,0
5410,0
5400,0
18253,0
5398,0
11817,0
5394,0
5392,0
11811,0
5390,0
18243,0
18242,6
5389,0
5388,0
5382,0
5379,0
11798,0
5363,0
5360,0
11771,0
5350,0
5349,0
11767,0
11763,0
5335,0
18188,0
18187,39
5334,0
11753,0
5332,0
11751,0
5330,0
5328,0
5323,0
18176,0
5309,0
5303,0
18152,18
5299,0
5297,6
18150,0
11717,0
5296,4
18149,0
11714,0
5293,0
5291,0
5288,0
11708,0
5287,0
11707,0
5286,0
5281,0
5278,0
5274,0
5273,0
5272,0
5270,0
5269,0
5256,0
18109,0
5255,0
18108,0
5253,0
11665,0
5244,0
11664,0
18096,32
5243,0
11661,0
5240,0
18093,0
5238,0
11658,0
5237,0
5235,0
5234,0
18079,49
5226,0
5222,0
18075,0
5220,0
5214,0
18065,18
5212,0
5210,0
5207,0
5205,0
5201,0
18048,9
5195,0
5194,0
5192,0
5191,0
5190,0
5188,0
5183,0
18036,0
5177,0
11597,0
5176,0
18029,0
18028,16
5175,0
5172,0
5171,0
5167,0
5160,0
5148,0
18001,0
5146,0
5141,0
5139,0
11555,0
5134,0
5128,57
17981,0
5126,21
17979,0
11546,0
5125,0
17978,0
11539,0
5118,0
5117,0
17967,1
5114,0
11523,0
5102,0
5097,0
17950,0
5095,21
17948,0
11515,0
5094,0
5091,0
5090,8
17943,0
11507,0
11506,0
11505,0
5081,0
11498,0
5077,49
17930,0
5072,55
17925,0
11492,0
5070,0
17923,0
5060,0
5058,4
17911,0
5054,59
17907,0
5053,38
17906,0
5044,45
17897,0
11464,0
5043,53
17896,0
11455,0
11450,0
5021,38
17874,0
11441,0
5020,0
17873,0
5013,53
17866,0
5002,0
4987,0
4983,0
11402,0
17834,6
4981,0
11386,0
4965,0
11377,0
11373,0
4952,0
11362,0
4941,0
4933,0
4922,0
17775,0
4910,0
17763,0
11324,0
4903,0
11322,0
17753,21
4900,0
17751,6
4898,0
11315,0
4894,0
11314,0
4893,0
17746,0
4890,0
4867,0
11271,0
17703,2
4850,0
4848,0
17701,0
11256,0
17688,50
4835,0
4824,0
17677,0
11242,0
4821,38
17674,0
11239,0
4818,0
17671,0
11237,0
4816,0
11233,0
11228,0
17660,6
4807,0
4806,0
17659,0
17651,45
4798,0
4796,0
4795,0
4785,0
11202,0
4781,0
4779,0
17632,0
11197,0
4776,0
4773,0
4768,0
11177,0
4756,0
4751,0
11166,0
11163,0
17595,49
4742,0
4741,0
4733,0
4717,0
4714,0
11134,0
4713,0
4712,0
4711,0
4708,0
11113,0
17545,6
4692,0
17543,6
4690,0
4689,0
4687,0
17540,0
11100,0
4679,0
4666,0
17519,0
11086,0
4665,0
17518,0
4662,0
4657,0
4654,0
17507,0
11065,0
4640,0
11059,0
4638,0
17491,0
4625,0
17478,0
11043,0
4622,0
4621,0
4606,0
4605,0
11025,0
4604,0
17457,0
4603,0
4600,0
4595,0
17448,0
4593,0
17446,0
4592,0
4591,0
11007,0
4583,28
17436,0
4579,0
17432,0
4576,0
17429,0
4555,0
17408,0
4552,0
17405,0
10962,0
4541,0
4537,0
4536,0
17389,0
4524,0
4513,0
4510,0
4507,0
4493,0
17346,0
10902,0
4481,0
17334,0
4477,45
17330,0
4476,24
17329,0
4470,0
4465,0
17318,0
4458,0
17311,0
4453,0
17306,0
10873,0
4452,54
17305,0
4451,8
17304,0
10860,0
4439,8
17292,0
4438,30
17291,0
4436,0
17289,0
4425,0
4407,0
17260,0
10826,0
4405,0
17258,0
4398,38
17251,0
4397,59
17250,0
10809,0
4388,38
17241,0
4386,0
17239,0
4371,0
17224,0
4370,1
17223,0
10790,0
4369,0
10787,0
4366,0
10786,0
4365,0
4364,0
10779,0
10774,0
4353,53
17206,0
4349,0
10768,0
4346,28
17199,0
4345,0
4343,0
17196,0
10760,0
4339,0
10754,0
4333,0
17186,0
10744,0
4323,0
4318,18
17171,0
10734,0
4313,57
17166,0
4310,0
17163,0
4301,0
17154,0
4297,0
4286,0
4276,18
17129,0
10688,0
4267,0
10682,0
4259,0
10678,0
10674,0
4249,0
17102,0
4246,0
17099,0
4245,38
17098,0
10662,0
10661,0
4238,0
17091,0
4237,0
4231,0
17084,0
4229,0
17082,0
4228,38
17081,0
4215,0
4205,27
17058,0
10625,0
4204,0
4199,0
17052,0
4193,0
10613,0
4192,0
17035,15
4182,0
17031,9
4178,0
10596,0
4175,0
17028,0
10594,0
4173,0
4170,0
17023,0
10590,0
4167,0
10586,0
4165,0
10581,0
4160,0
4159,0
17012,0
4156,0
4153,0
4152,0
17005,0
4146,0
10566,0
4139,0
16992,0
4129,0
4122,0
16975,0
10541,0
4120,0
16973,0
4117,0
16970,0
4115,0
16968,0
16966,52
4113,0
4105,0
4103,0
4096,0
10515,0
4091,0
10509,0
4088,0
16941,0
10505,0
4084,0
4081,0
4080,0
4074,0
4067,0
16918,15
4065,0
16916,6
4063,0
4061,0
4048,0
4041,0
4036,0
16888,55
4035,0
16886,1
4033,0
10449,0
4028,0
4027,0
10447,0
4026,0
10446,0
797,0
7218,0
20071,0
4015,28
16868,0
3999,45
16852,0
10418,0
3997,0
16850,0
7196,0
10414,0
3991,0
7192,57
20045,0
16838,38
3985,0
764,0
7185,56
20038,0
10403,0
16835,38
3982,0
3980,0
16833,0
10394,0
16826,46
3973,0
7161,0
3958,53
16811,0
7155,27
20008,0
7136,0
19989,0
10354,0
7133,18
19986,0
3930,0
16783,0
7129,0
19982,0
10347,0
3926,0
16779,0
7119,0
3916,0
7115,57
19968,0
3912,0
690,38
13543,0
7111,0
19964,0
3908,0
16761,0
10313,0
3892,0
16745,0
3886,0
16739,0
7087,0
3884,27
16737,0
3879,0
7077,38
19930,0
3873,0
16726,0
7075,0
7073,0
10291,0
3870,27
16723,0
7070,0
7068,0
3865,0
16718,0
7067,0
10285,0
16717,21
3864,0
13482,0
3858,38
16711,0
7060,56
19913,0
3857,4
16710,0
3856,0
3853,15
16706,0
7049,0
19902,0
3846,0
7046,0
10264,0
3843,0
10262,0
3841,0
10261,0
13462,0
7041,0
3838,0
3830,0
7031,0
3828,50
16681,0
16678,43
3825,0
7024,0
7020,0
10238,0
19864,50
7011,0
3801,15
16654,0
16653,38
3800,0
3797,12
16650,0
3796,0
16649,0
6998,0
10216,0
3795,0
16648,0
6996,0
10214,0
3793,31
16646,0
6995,0
10213,0
3792,0
16645,0
6993,0
3790,0
10209,0
6985,0
3777,0
16630,0
16628,37
3775,0
10192,0
3768,24
16621,0
544,0
6965,0
559,0
10183,0
16615,32
3762,0
3759,0
6961,0
3758,0
16611,0
6975,0
19828,0
552,0
3743,0
6939,0
518,0
3721,13
16574,0
6920,0
19773,0
19788,10
6935,0
3717,0
16570,0
498,0
10122,0
16554,13
3701,0
6884,0
19737,0
478,0
10102,0
470,0
3673,0
6872,0
6887,0
10090,0
464,0
10088,0
6852,0
3649,9
16502,0
13271,0
6850,15
19703,0
10061,0
3640,0
16493,0
13261,0
408,0
3637,57
16490,0
405,56
13258,0
416,0
13269,0
6837,57
19690,0
10052,0
10041,0
16472,38
3619,0
13236,0
6815,0
13251,0
409,0
13262,0
3612,0
16465,0
13244,0
6797,27
19650,0
10015,0
3594,0
3589,0
16442,0
6788,0
10000,0
16432,24
3579,0
374,0
3577,0
16430,0
366,0
13188,0
13199,28
346,0
6767,0
13214,55
361,0
16417,18
3564,0
6762,0
356,0
3559,0
6757,0
9975,0
16407,49
3554,0
9974,0
3553,0
16395,45
3542,0
16394,56
3541,0
6737,0
3534,0
13172,0
330,0
9954,0
16386,6
3533,0
13144,0
302,0
9941,0
3520,0
13116,0
3492,0
13115,0
273,0
13126,0
6694,0
9912,0
3491,0
3490,0
16343,0
9909,0
3488,0
9884,0
3463,0
16316,0
3461,0
16314,0
6659,46
19512,0
6655,0
3452,0
246,0
3449,0
13062,0
220,0
3438,0
6638,16
19491,0
6653,27
19506,0
16288,56
3435,0
3425,0
16278,0
6623,0
9841,0
3420,0
19474,53
6621,0
198,0
6619,0
213,0
3415,0
191,0
6612,0
3409,0
16262,0
3399,0
16252,0
3389,0
6581,0
9799,0
3378,0
12996,45
143,0
13011,0
3372,0
16225,0
9792,0
3371,0
3367,0
135,45
12988,0
6556,0
19409,0
16206,6
3353,0
3352,0
12981,0
128,0
9763,0
3342,0
16195,0
124,0
3327,0
3309,0
66,30
12919,0
19351,45
6498,0
3295,0
16148,0
12910,0
68,0
3271,0
3266,0
16119,0
12900,0
47,0
58,0
12875,0
22,0
6454,37
19307,0
12901,54
48,0
3251,0
12888,0
46,0
3249,0
12853,0
6432,0
19285,0
12846,0
6425,0
3222,0
16075,0
3211,0
12834,0
6413,0
3210,0
16063,0
3194,0
16045,55
3192,0
3189,0
3187,0
3184,39
16037,0
3180,0
3157,0
6358,0
3155,0
3154,0
3153,0
16006,0
6352,0
9570,0
3149,0
9560,0
3139,0
15984,53
3131,0
12752,0
6331,0
9549,0
15981,8
3128,0
3118,0
3115,3
15968,0
9532,0
3111,0
15964,0
3110,0
15963,0
12731,0
6310,15
19163,0
3107,0
15960,0
9526,0
3105,0
3104,0
3100,0
6301,0
3098,0
15951,0
12716,0
3092,0
3086,0
15939,0
12697,0
6276,0
3073,0
12696,0
6275,38
19128,0
3072,0
15925,0
3071,0
15924,0
3069,0
9488,0
15920,39
3067,0
3062,0
3056,0
15909,0
9472,0
3051,0
15901,38
3048,0
15900,50
3047,0
3040,0
15892,39
3039,0
3038,0
15889,32
3036,0
3034,0
12652,0
15881,6
3028,0
3023,0
15876,0
9437,0
3016,0
9434,0
3013,0
9431,0
12632,0
3008,43
15861,0
3007,0
12623,0
6202,0
2999,0
6201,0
15851,16
2998,0
2995,0
9415,0
2994,0
9414,0
2993,0
2990,0
6188,0
19041,0
2985,0
15838,0
2983,0
9403,0
2982,0
6180,0
19033,0
9398,0
2977,0
2973,0
9392,0
2971,0
12594,0
15823,16
2970,0
15821,16
2968,0
2965,0
2959,0
2955,0
15808,0
6157,0
15807,13
2954,0
2950,0
15803,0
2933,0
2930,0
9349,0
12551,0
9348,0
2927,0
15780,0
2926,0
6121,0
6119,0
9336,0
2915,38
15768,0
9328,0
2907,0
2902,0
6090,0
2887,0
6075,0
9293,0
2872,0
2867,0
9279,0
2858,0
12480,0
6059,0
9277,0
6056,0
2853,0
6054,0
9272,0
15704,21
2851,0
9271,0
2847,0
12463,0
12462,0
15680,32
2827,0
9259,0
2838,0
15691,0
15675,0
2833,0
6030,0
6023,0
2818,0
6018,0
15668,21
2815,0
15641,0
9220,0
2799,0
2793,0
2792,0
12415,0
2791,0
9208,0
12407,0
5986,0
9204,0
18828,24
5975,0
5972,0
9190,0
2757,21
15610,0
2768,0
15621,0
12389,0
2754,55
15607,0
2765,0
2764,0
15617,0
2752,6
15605,0
9184,0
12386,0
5965,0
2762,0
5964,0
9182,0
15602,0
9181,0
15613,30
2760,0
5955,0
12375,0
5954,0
18807,0
15593,0
9172,0
5951,0
15590,10
2737,0
2746,0
5945,0
15584,0
9163,0
15579,0
9158,0
5932,0
2718,28
15571,0
2729,0
15560,0
9139,0
2711,0
5898,6
18751,0
12315,0
2688,0
5875,0
18728,0
2672,0
9087,0
2666,0
15501,0
2648,0
15494,0
2652,0
9069,0
18703,6
5850,0
2647,0
5848,0
2638,0
2635,0
15453,0
9032,0
15451,0
2609,0
15462,0
12226,0
18658,39
5805,0
2602,55
15455,0
15438,0
2585,0
2596,0
9015,0
5796,0
9014,0
2593,6
15446,0
9012,0
2591,0
18646,2
5793,0
2579,38
15432,0
12209,0
5788,0
15427,11
2574,0
12208,0
5787,0
2584,0
2578,0
12201,0
5780,0
8998,0
8991,0
2570,0
15411,0
2558,0
2569,0
15409,0
5765,0
2551,45
15404,0
8982,0
5762,0
2559,0
15400,0
12179,0
15397,0
2544,0
2555,0
12178,0
2543,45
15396,0
8975,0
2554,0
5756,0
2550,0
5751,0
18604,0
2546,0
15386,0
5746,0
18599,0
12164,0
5743,0
8961,0
5742,0
18595,0
2532,0
5734,0
2531,0
15384,0
8951,0
2530,0
12152,0
2528,0
2520,0
8933,0
5686,50
18539,0
15325,0
8903,0
5678,10
18531,0
2475,0
5677,6
18530,0
8895,0
15310,0
15321,32
2468,0
8880,0
2459,18
15312,0
5643,0
8861,0
2435,0
12053,0
8850,0
8849,0
15263,0
2410,0
15253,0
8830,0
15247,2
2394,0
5596,0
2386,57
15239,0
15227,0
2374,0
8806,0
2385,0
5586,0
2383,0
12003,0
5582,6
18435,0
5579,0
18432,0
2376,0
8778,0
8771,0
8768,0
8765,0
8760,0
11961,0
15179,0
2326,0
8756,0
8747,0
5526,0
5523,0
18376,0
2309,24
15162,0
2310,0
11932,0
5511,0
15149,0
8728,0
2307,0
11915,0
8696,0
11895,0
5474,0
8692,0
2271,0
11894,0
18326,6
5473,0
2259,56
15112,0
8691,0
11893,0
5472,0
15111,0
8690,0
5471,0
15110,0
2257,0
8689,0
2268,45
15121,0
5469,0
8686,0
21539,0
15118,8
2265,0
8681,0
2260,0
8678,0
18309,54
5456,0
15095,0
8674,0
18308,53
5455,0
18307,55
5454,0
15093,0
2240,0
8672,0
11873,0
2238,43
15091,0
8670,0
21523,0
8668,0
21521,0
2247,0
2246,0
11864,0
5443,0
18296,0
15082,0
8661,0
11863,0
2239,0
11862,0
18294,6
5441,0
11861,0
5440,0
8658,0
15078,2
2225,0
11858,0
2231,0
5431,0
2228,0
2221,0
11843,0
15061,0
11837,0
15055,0
2202,0
8632,0
11830,0
5409,0
15048,0
2206,0
5408,0
15045,0
8624,5
21477,0
8623,0
15038,0
8615,0
6982,0
10200,0
3779,0
5385,0
18238,0
15024,0
8603,0
15017,0
10191,0
5376,0
18229,0
6968,0
562,0
5371,0
2168,0
21441,13
8588,0
3760,0
5366,0
15005,0
532,0
6953,0
10171,0
6952,0
10155,0
5340,0
21411,12
8558,0
2137,0
2108,0
486,0
6907,0
19760,0
3704,0
14960,6
2107,0
3694,0
8518,0
21371,0
2097,0
5295,0
18148,0
8510,27
21363,0
14921,0
5276,0
5268,0
14907,0
2054,0
423,54
13276,0
6855,0
3652,49
16505,0
11679,0
5258,0
18111,0
8475,0
13284,0
6863,0
442,0
3645,0
436,0
16492,32
3639,0
5245,0
13265,0
6844,0
19697,0
3626,15
16479,0
19681,50
6828,0
16478,32
3625,0
5231,0
21302,37
8449,0
2028,24
14881,0
8448,0
21301,0
2027,0
6841,0
16475,4
3622,0
5228,0
14867,0
2025,0
3609,0
18068,18
5215,0
14854,0
2001,0
13231,0
378,0
6810,0
19663,0
3607,0
16460,0
2010,0
10018,0
3597,0
16450,0
5203,0
14842,0
2000,0
3592,0
8416,0
1995,0
8415,0
1994,0
1983,0
5168,0
354,0
9978,0
1960,0
6748,0
3545,57
16398,0
1948,0
6734,0
9952,0
3531,0
21208,27
8355,0
1934,0
1933,0
323,0
3526,0
11553,0
5132,0
14771,0
1918,0
1929,0
5121,0
14755,9
1902,0
8334,0
21187,0
1913,0
6712,0
3509,0
13142,0
6721,0
5115,0
17968,0
1912,0
6710,0
9928,0
16360,9
3507,0
5113,0
8331,0
1910,0
6689,0
9907,0
3486,11
16339,0
5092,0
1889,0
6686,38
19539,0
3483,0
16336,0
1886,0
14739,0
259,0
3477,0
11504,0
3469,0
237,0
13090,0
6658,0
19511,0
3455,0
1858,0
1848,0
14689,0
1836,0
3442,0
248,0
1845,0
5042,0
1839,0
1832,0
1815,0
1809,0
13024,0
6603,0
3400,0
8224,39
21077,0
8222,0
1801,0
13019,0
166,0
19451,45
6598,0
3395,0
5001,0
1798,0
1787,0
11393,0
4972,53
17825,0
8190,0
3364,0
4970,0
17823,0
152,38
13005,0
6573,15
19426,0
3332,0
16185,0
12980,0
127,0
6559,0
19412,0
17791,24
4938,0
1735,0
134,0
12987,0
14573,0
1731,0
3320,0
16173,0
111,0
3329,0
6547,0
1723,0
9734,0
3313,0
16166,0
14558,0
8137,0
11335,0
1711,0
6506,38
19359,0
3303,0
6515,0
19368,0
109,0
12962,0
6488,0
19341,0
9706,0
3285,0
8109,0
1688,0
12912,0
59,0
6491,18
19344,0
8103,0
1682,0
6478,56
19331,0
3275,0
6502,0
81,0
4881,0
20947,24
8094,0
1673,0
12898,18
45,0
3263,0
8087,0
1666,0
12878,0
9675,0
3254,4
16107,0
14499,0
1657,0
38,2
12891,0
49,0
3252,0
12883,0
4841,0
17694,0
6428,0
3225,0
1628,0
9644,0
3223,45
16076,0
4829,0
17682,0
1626,0
12843,0
1,0
6422,0
9640,0
3219,0
1622,0
12841,0
6420,53
19273,0
9638,0
3217,0
1620,0
6419,56
19272,0
9637,0
3216,0
8040,0
20893,0
1619,0
6410,0
19263,0
9628,0
3207,0
12851,0
6430,0
19283,0
11230,0
4809,0
1606,0
12823,0
6402,0
19255,0
3199,0
16052,0
8023,0
9619,0
3198,0
11225,0
4804,0
8022,0
1601,0
6407,0
3204,0
11222,0
14440,0
1598,0
9604,0
3183,0
8007,0
14423,0
16029,45
3176,0
8000,0
1579,0
11196,0
1572,0
12790,0
6369,0
3166,0
11193,0
4772,0
17625,0
11192,0
4771,0
16016,53
3163,0
11190,0
4769,0
17622,0
20837,32
7984,0
1563,0
4765,57
17618,0
20836,9
7983,0
1562,0
7967,0
20817,30
7964,0
4744,0
17597,0
7962,0
11161,0
4740,0
17593,0
7958,4
20811,0
1537,0
1535,0
9538,0
1520,0
6306,30
19159,0
3103,0
15956,0
1506,0
12701,0
15930,38
3077,0
7901,0
1480,0
7899,0
1478,0
1460,18
14313,0
7888,0
9484,0
3063,0
4664,0
4660,0
17513,0
4659,0
1445,1
14298,0
7877,0
1456,0
7873,0
15899,6
3046,0
7870,0
12667,0
6246,0
3043,0
15896,0
11070,0
4649,0
17502,0
7867,0
4648,0
7866,56
20719,0
7865,0
1444,0
4641,0
17494,0
4637,0
20708,1
7855,0
1434,0
15879,39
3026,0
4632,0
15878,56
3025,0
14270,0
11051,0
4630,0
7848,0
1427,0
4623,0
4617,0
17470,0
1414,0
3009,0
4615,0
1412,0
1409,0
4610,34
17463,0
1407,0
3003,0
11030,0
4609,0
17462,0
1406,0
3001,0
15854,0
7825,0
1391,0
1387,0
15832,32
2979,0
4585,0
4584,0
12600,0
2976,0
15829,0
4581,24
17434,0
1367,57
14220,0
7796,0
2964,0
15817,0
6166,0
2963,34
15816,0
9382,0
6163,0
2958,0
15811,0
1361,0
1360,0
1339,0
2917,0
10944,0
4519,0
17372,0
7737,0
1316,0
1301,15
14154,0
20586,16
7733,0
1312,0
1308,0
2897,0
1300,0
1292,0
4488,0
17341,0
9302,0
2881,0
15715,32
2862,0
9294,0
4475,33
17328,0
20546,28
7693,0
1272,0
10893,0
1269,0
6065,0
9283,0
7686,0
1260,0
7673,0
1252,0
4454,0
7672,19
20525,0
10867,0
1243,0
4437,0
7650,0
9246,0
4431,0
17284,0
4429,0
17282,0
7647,0
1226,0
9234,0
9230,0
1212,0
7632,0
20485,0
1211,0
6010,18
18863,0
1210,0
10833,0
1209,0
10832,0
4411,45
17264,0
7629,0
1208,0
15639,0
9218,0
2797,0
7621,53
20474,0
20471,6
7618,0
1197,0
1193,0
9210,0
9206,0
2785,0
7609,0
4385,15
17238,0
7603,0
1182,0
4380,38
17233,0
14012,0
1159,0
7591,0
5960,0
9178,0
10784,0
4363,15
17216,0
5957,0
18810,0
15596,0
9175,0
10781,0
7577,0
1156,0
1152,0
7569,0
1148,0
12368,0
5947,0
9165,0
20421,30
7568,0
1147,0
4341,15
17194,0
4340,0
7558,0
7555,0
5925,24
18778,0
10749,0
4328,0
1125,0
10748,0
4327,0
17180,0
13966,0
314,0
11544,0
5123,0
1920,0
15562,0
1123,0
1919,0
20392,13
7539,0
15556,0
9135,0
11526,0
5105,53
17958,0
13946,0
1104,0
4306,0
1103,0
5902,0
2699,0
1102,0
1897,0
10724,0
4303,0
17156,0
20374,15
7521,0
1100,0
279,0
9903,0
3482,0
8306,0
1885,0
1088,0
10709,0
1085,0
15523,0
9102,0
2681,0
1082,0
256,0
6677,0
3474,0
16327,0
5080,0
17933,0
14719,0
8298,0
12301,0
5880,0
9098,0
2677,0
7501,0
20353,18
7500,0
1079,0
1077,0
1871,0
2671,0
4277,0
7495,57
20348,0
1074,0
1072,0
1071,0
3460,0
1863,0
9880,0
3459,0
16312,0
1862,0
14715,0
9081,0
2660,0
10687,0
4266,0
20337,9
7484,0
9867,0
16299,6
3446,0
5052,0
8270,18
21123,0
10676,0
4255,0
1052,0
7468,53
20321,0
11461,0
5040,0
14679,0
8258,0
15479,0
2637,0
1040,0
1036,0
4235,0
13874,0
7453,0
1032,0
10648,0
4227,0
17080,0
1024,0
13041,0
199,0
13052,0
6620,6
19473,0
2620,0
1023,0
10644,0
4223,0
17076,0
1020,0
13037,0
9834,0
16266,18
3413,0
1816,0
1019,0
10640,0
7437,0
1016,0
4218,34
17071,0
1015,0
1013,0
15448,0
10633,0
4212,0
7424,0
176,0
3394,45
16247,0
6609,6
19462,0
13045,0
20274,6
7421,0
1000,0
10622,0
4201,0
17054,0
194,0
10615,0
991,0
162,0
6583,0
16233,49
3380,0
8204,0
15425,0
2583,0
10610,0
4189,6
17042,0
7407,0
16234,32
3381,0
3390,0
984,0
5783,0
983,0
185,0
12203,0
5782,0
2568,18
15421,0
982,0
978,0
11397,0
4976,0
17829,0
1771,0
974,0
15410,0
4174,0
17027,0
971,0
5769,0
8987,0
2566,0
10593,0
17025,45
4172,0
969,0
21039,39
8186,0
2565,0
5708,0
4111,0
16964,0
908,0
20968,30
8115,0
10521,0
4100,34
16953,0
13739,0
7318,0
897,0
6493,0
87,59
12940,0
3290,39
16143,0
8114,0
1693,0
4099,0
16952,0
896,0
7310,0
889,0
8102,0
1681,0
4887,0
8105,0
884,0
9697,0
4085,0
2470,0
13715,0
873,0
3264,0
16117,0
8088,0
12091,0
5670,0
18523,0
15309,0
870,0
16922,49
4069,0
13708,0
20140,6
7287,0
857,0
8069,0
20922,0
4054,0
10473,0
4052,0
10472,0
4051,0
14476,0
1623,0
1634,0
3243,27
16096,0
6461,0
8855,0
2434,0
7234,50
20087,0
16884,38
4031,0
11232,0
4811,0
8029,0
7217,0
5597,0
4000,55
16853,0
5593,0
2390,0
778,0
7199,0
793,0
4791,6
17644,0
1588,0
5583,46
18436,0
768,0
16837,38
3984,0
11201,0
4780,0
17633,0
9582,0
20838,6
7985,0
10391,0
3970,0
767,0
7168,49
20021,0
13615,18
762,0
7975,0
16813,18
3960,0
757,0
16810,11
3957,0
754,0
9563,0
3142,0
15995,0
4748,0
17601,0
7966,0
733,0
7154,0
16804,13
3951,0
5545,15
18398,0
11962,0
5541,0
18394,0
16792,56
3939,0
10358,0
3937,0
718,0
20803,6
7950,0
732,0
11946,0
5525,0
18378,0
3928,0
19983,50
7130,0
724,0
20793,15
7940,0
1519,0
707,0
703,0
7124,0
6312,0
3109,0
14354,0
1512,0
15154,0
2301,0
2312,0
3918,0
5507,0
18360,0
15146,0
8725,0
3910,0
5506,0
3909,13
16762,0
8722,0
21575,0
7110,0
19963,0
704,0
677,23
13530,0
688,0
7109,49
19962,0
3096,0
15949,0
1499,0
9515,0
3094,0
11121,0
4700,0
20771,6
7918,0
5500,0
2297,0
10324,0
19957,15
7104,0
15944,37
3091,0
11118,0
4697,0
10321,0
686,18
13539,0
697,0
9510,0
3089,0
4695,0
3898,0
7099,0
3085,0
17544,8
4691,0
1488,0
7097,0
19950,0
10315,0
3894,15
16747,0
6283,18
19136,0
15933,43
3080,0
11107,0
4686,0
1483,0
7107,0
3888,0
685,0
7090,0
19943,0
684,0
7088,0
682,0
1477,0
7085,0
146,0
16202,2
3349,0
17808,9
4955,0
5755,0
15394,0
955,0
2952,0
5358,0
2155,0
543,0
6964,0
12173,0
5752,29
18605,0
15391,40
2538,0
952,0
7771,0
20624,0
1350,0
16600,27
3747,0
553,0
11773,0
18205,45
5352,0
8569,0
2148,9
15001,0
6957,0
19810,0
7765,0
20618,0
1343,0
6943,0
19796,0
7763,0
6951,0
3748,0
14177,0
6944,0
15777,53
2924,0
2923,0
14168,38
1315,0
20600,1
7747,0
505,0
6926,0
14968,32
2115,0
8547,0
6546,0
125,45
12978,0
104,0
6525,0
19378,0
16175,11
3322,0
113,0
6534,6
19387,0
8943,0
2522,0
925,0
19787,16
6934,0
2912,0
4518,0
7736,0
5318,0
14957,0
14156,0
1303,0
6914,0
19767,0
3711,0
12532,0
6111,0
10129,0
504,0
10128,0
3707,0
11734,0
14963,15
2110,0
1306,0
6930,0
6101,0
2898,0
4504,55
17357,0
7722,0
11725,0
18157,50
5304,0
8113,0
83,0
4098,0
895,0
12514,0
6093,0
3699,0
4494,18
17347,0
3688,0
489,0
1264,0
13285,0
3661,0
2064,0
6873,0
7684,0
1263,0
3660,0
16513,0
1658,0
18514,11
5661,0
15300,54
2447,0
4064,0
16917,0
7679,0
20532,0
14485,0
20917,45
8064,0
13688,0
835,0
2843,0
19699,49
6846,0
16496,27
3643,0
14888,0
8467,0
2046,0
3241,0
16094,0
27,10
12880,0
4038,0
6433,0
19286,0
5620,0
7226,9
20079,0
820,0
10841,0
4420,53
17273,0
1217,0
12424,0
6003,0
1203,0
393,0
16449,49
3596,0
10822,0
4401,0
17254,0
6807,0
10025,0
3604,18
16457,0
13243,0
390,0
401,0
6384,0
3181,0
17640,45
4787,0
3990,0
16843,0
787,0
6802,54
19655,0
381,0
16437,59
3584,0
13232,0
379,0
6811,0
19664,0
15623,0
9202,0
10808,0
7605,0
20458,0
1184,0
387,0
1575,0
15217,0
8796,0
2375,0
7184,24
20037,0
9196,0
2775,0
6778,0
372,0
13225,0
12397,0
9194,0
13197,0
3573,0
13206,45
353,0
3572,0
11599,0
5178,0
8396,0
6784,0
16021,45
3168,0
1571,0
15213,0
2371,0
10398,0
12395,0
9192,0
1174,0
16424,37
3571,0
5573,24
18426,0
8791,0
1971,0
4372,6
17225,0
1169,0
2365,0
9984,0
3563,0
1966,0
9171,0
1153,0
16400,1
3547,0
9977,0
3556,0
16409,0
8370,0
1949,0
6758,0
5543,15
18396,0
8761,0
7149,0
10367,0
16392,38
3539,0
13187,0
334,0
345,0
9550,0
3129,0
11156,0
4735,0
5535,21
18388,0
4338,0
17191,0
10355,0
3934,0
16787,0
6731,0
3528,0
6740,0
5127,0
17980,0
10338,0
3917,59
16770,0
293,0
6714,0
3511,0
8730,0
14751,59
1898,0
1909,0
12332,0
15550,0
13950,0
7529,0
20382,0
6708,27
19561,0
9926,0
3505,0
3514,0
16367,0
3095,0
14340,0
1498,0
4304,16
17157,0
1493,0
7102,0
19955,0
696,0
284,0
13141,0
299,0
9893,0
3472,0
1875,0
1078,0
6687,56
19540,0
13709,0
867,0
5870,0
9088,0
10694,0
9677,0
3256,0
20927,55
8074,0
9680,0
3259,49
16112,0
6477,0
56,0
16909,37
4056,0
853,0
6471,0
50,0
9674,0
3253,0
1656,0
12886,0
6465,32
19318,0
441,0
6877,0
6665,0
1842,0
5833,0
18686,0
9051,0
16283,9
3430,0
1029,0
12243,0
5822,0
1022,0
3405,0
16258,0
1808,0
15450,0
10831,0
4410,0
1207,0
13237,0
6816,0
5807,0
18660,0
9025,0
7428,0
3603,0
18062,16
5209,0
8427,0
1996,0
3396,0
995,0
13025,0
3587,0
1990,0
14843,0
3387,0
4993,0
8211,0
1790,0
6794,54
19647,0
3382,0
8206,0
1785,0
14805,0
1963,0
4963,0
17816,0
1760,0
9781,0
3360,0
16213,0
21037,18
8184,0
13008,0
963,0
11385,0
1761,0
960,0
9573,0
3152,0
16005,0
16814,18
3961,0
1158,0
2951,0
15804,0
3751,0
16604,0
11575,0
5154,0
1951,0
2948,0
15801,0
11775,0
8572,0
130,0
9769,0
3348,0
16201,0
8172,0
3351,0
6746,0
5149,0
8367,0
1946,0
2542,0
13787,0
7366,0
945,0
9363,0
1345,0
3742,0
3345,0
136,0
19410,53
6557,0
11358,0
5737,0
18590,0
930,0
9760,0
3339,0
6533,18
19386,0
12969,0
10548,0
4127,0
5722,38
18575,0
8940,0
4125,0
16978,0
922,0
4525,0
6931,59
19784,0
525,0
524,0
17972,21
5119,0
1916,0
5720,0
2517,0
7341,0
6520,55
19373,0
3317,0
16170,0
123,0
2500,0
10527,0
4106,0
903,0
13333,0
480,0
6912,0
19780,49
6927,0
3093,0
3902,0
16755,0
5899,0
18752,0
9117,0
2696,0
4302,37
17155,0
1099,0
8117,0
2896,0
1299,0
14941,0
6908,12
19761,0
502,0
6511,0
19364,0
105,0
15416,0
977,0
16230,9
3377,0
12907,0
6486,0
8098,0
3277,0
16130,0
880,0
1280,0
5283,0
14922,0
2480,0
7304,0
6492,0
11497,0
5076,55
17929,0
1076,0
3473,0
6476,6
19329,0
3273,0
16126,0
7296,0
875,0
20949,28
8096,0
10895,0
4474,0
3668,30
16521,0
474,0
16319,16
3466,0
272,0
12908,0
3269,27
16122,0
6481,0
19334,0
15598,0
2756,0
5162,0
1959,0
2956,0
14201,0
9777,0
3356,0
865,0
8086,0
1665,0
2491,0
10518,0
4097,0
16950,0
894,0
497,0
6453,0
10868,0
4447,0
13274,0
5250,0
450,0
850,0
8162,0
1741,0
3347,0
16200,0
144,0
12162,0
4144,38
16997,0
941,0
4544,0
1341,0
6941,0
3738,57
16591,0
1044,0
16294,32
3441,0
10314,0
3893,0
9108,0
3287,49
16140,0
6499,0
7311,0
890,0
14582,0
1729,0
1740,0
4143,0
940,0
1340,0
9761,0
3340,0
9861,0
3440,0
9554,0
3133,0
11160,0
4739,0
6539,0
8160,0
1739,0
10563,0
4142,1
16995,0
939,0
20913,18
8060,0
7260,0
839,0
4045,0
7263,0
20116,0
842,0
6442,0
19295,0
4845,0
8063,0
2039,0
20557,10
7704,0
10151,0
3730,18
16583,0
8554,0
2133,0
3630,0
5236,0
14875,0
4039,0
6836,0
3228,0
1631,0
834,0
15368,0
8947,0
2526,0
10553,0
4132,0
16985,0
929,0
10156,0
3735,0
16588,0
5732,0
18585,0
2529,0
4135,0
16988,0
932,0
6541,0
1917,0
1220,0
5223,0
8441,0
8044,0
1068,0
4071,0
4918,45
17771,0
1715,0
918,0
9736,0
3315,0
1718,0
1332,0
9374,0
2953,0
1356,0
18,0
9543,0
3122,0
2325,0
10352,0
3931,0
9146,0
10752,0
4331,2
17184,0
11752,0
5331,0
3702,49
16555,0
12426,0
6005,21
18858,0
4408,0
20479,6
7626,0
3744,0
16597,0
7659,0
10442,0
7698,0
10095,0
3674,38
16527,0
6886,0
4233,0
17086,0
1030,0
13060,0
6639,0
19492,0
233,0
4107,0
10,0
19657,6
6804,0
6813,10
19666,0
10825,0
1201,0
6801,54
19654,0
21275,2
8422,0
15797,15
2944,0
1347,0
550,0
3344,56
16197,0
6636,56
19489,0
3433,0
16286,0
2810,0
14055,0
1213,0
11637,0
5216,0
2013,0
7222,0
16872,45
4019,0
816,0
1616,0
2449,0
4055,0
16908,0
13694,0
852,0
2102,0
3302,0
16155,0
3599,0
13247,0
7093,0
19946,0
10311,0
687,0
4290,0
5687,38
18540,0
8905,0
20161,2
7308,0
9305,0
2884,0
10105,0
3684,0
10464,0
4043,0
7261,55
20114,0
840,0
4220,16
17073,0
21257,1
21181,1
20712,1
12705,1
11884,1
11578,1
11300,1
11028,1
10083,1
9237,1
9101,1
9003,1
2212,57
15065,1
8030,55
20883,1
20736,15
7883,1
7739,1
7455,24
20308,1
6859,21
19712,1
6668,1
5654,1
5342,1
9839,1
6592,1
6243,1
6211,1
2645,1
2335,53
15188,1
2252,1
5416,1
5051,1
11058,1
1366,1
15667,1
1192,1
1181,1
1877,1
6552,1
18166,53
5313,1
8296,1
10983,1
4819,11
17672,1
21385,2
21378,2
20776,2
20715,2
20680,2
20640,2
20463,2
20309,2
20299,2
20273,2
20189,2
20174,2
20138,2
19029,2
16735,2
16246,2
12783,2
9860,2
9818,2
9417,2
8946,2
8890,2
15250,37
2397,2
8793,2
8708,2
8637,29
21490,2
8559,53
21412,2
8262,2
7413,38
20266,2
7385,2
7359,2
7354,50
20207,2
7349,2
7277,2
7264,2
20117,2
6738,2
6635,2
19482,45
6629,2
6586,2
6047,2
18355,27
5502,2
11635,2
5085,2
5055,2
17630,18
4777,2
3875,2
3867,2
7061,2
10211,2
3774,2
3763,2
3755,53
16608,2
3585,2
9985,2
9519,2
5967,2
15570,2
8999,2
2253,2
2236,2
2194,2
3734,38
16587,2
2055,2
4990,2
1764,2
14550,2
6447,2
7990,2
1381,2
986,2
5556,2
16797,32
3944,2
1529,2
7346,2
4376,2
7120,2
1727,2
8520,6
21373,2
8294,2
7362,49
20215,2
12150,2
7353,49
20206,2
8426,2
818,2
15326,2
16568,4
16549,4
16531,4
12288,4
11933,4
11090,4
10894,4
10057,4
9599,4
9388,4
8992,4
15120,4
7974,4
7696,4
14091,18
1238,4
7158,4
6763,4
6661,4
6287,4
6088,4
11730,4
11027,4
4551,4
10068,4
6130,4
15698,4
9030,4
12155,4
12045,4
2379,4
3785,30
16638,4
8513,4
16476,6
3623,4
11636,4
6120,4
1276,4
14761,4
3205,4
811,4
7189,4
8733,4
6864,4
817,4
1173,4
20802,53
7949,4
6862,4
9040,4
18210,45
5357,4
147,4
5694,4
1747,4
1287,4
19082,5
9829,5
8726,5
12464,5
12080,5
5260,5
4634,5
1550,5
3417,45
16270,5
6371,5
21479,6
21453,6
21272,6
21271,6
21256,6
21236,6
21232,6
21221,6
21194,6
21189,6
21053,6
21049,6
21045,6
21022,6
21012,6
20920,6
20813,6
20812,6
20800,6
20798,6
20779,6
20672,6
20660,6
20658,6
20648,6
20566,6
20561,6
20502,6
20499,6
20498,6
20470,6
20455,6
20440,6
20407,6
20400,6
20284,6
20278,6
20255,6
20105,6
19978,6
19850,6
19803,6
19745,6
19723,6
19710,6
19427,6
19171,6
18953,6
18718,6
18699,6
18283,6
18155,6
17988,6
17802,6
17556,6
16910,6
16818,6
16816,6
16802,6
16705,6
16672,6
16461,6
16388,6
16377,6
16376,6
16371,6
16324,6
16317,6
15790,6
2291,49
15144,6
15136,6
14516,6
14180,27
1327,6
12721,6
12631,6
12306,6
12207,6
12061,6
12042,6
11879,6
11736,6
11727,6
11629,6
11621,6
11564,6
11543,6
11500,6
11494,6
11443,6
11307,6
11047,6
10499,6
10478,6
10119,6
10037,6
9995,6
9914,6
9558,6
9441,6
9427,6
9346,6
9111,6
15495,6
8956,6
15157,59
2304,6
2273,18
15126,6
15109,6
14998,6
21260,37
8407,6
8366,8
21219,6
8364,6
8254,6
8001,6
1471,38
14324,6
14300,6
14285,6
7730,24
20583,6
7728,6
7620,13
20473,6
7476,6
7331,6
7072,6
6865,6
12915,6
12904,6
6475,6
6323,6
5969,6
5922,6
12334,6
5492,6
5367,6
5308,6
11503,6
11478,6
4814,6
4794,6
4792,6
4457,6
17037,28
4184,6
3989,6
698,6
10254,6
3697,6
466,6
19683,45
6830,6
3605,56
16458,6
6254,6
9444,6
6185,6
6173,6
9366,6
9260,6
15669,6
5994,6
12352,6
5731,6
8925,6
2483,9
15336,6
5632,6
8826,6
15190,11
2337,6
8767,6
2320,6
8731,6
5494,6
5437,6
3772,56
16625,6
5356,6
2092,6
6827,38
19680,6
3557,57
16410,6
6729,6
1846,6
6669,6
1803,6
8047,55
20900,6
1610,6
4805,6
1524,6
1404,6
1320,6
12505,6
6084,6
2866,55
15719,6
9270,6
1229,6
4419,6
1188,6
4307,6
8318,6
4288,6
20358,9
7505,6
8292,6
1063,6
1849,6
4194,6
187,6
12204,6
2580,6
13027,6
8986,6
6495,6
5682,6
12014,6
783,6
15180,6
2322,39
15175,6
3903,6
1492,6
3895,6
11112,6
12704,6
1722,6
528,6
9311,6
846,6
12869,6
6799,6
6785,6
16824,46
3971,6
2298,6
7914,24
20767,6
11499,6
4273,6
20344,37
7491,6
6456,6
1033,6
9029,6
10023,6
1351,6
65,6
5650,6
7096,6
1642,6
16486,32
3633,6
15782,54
2929,6
1525,6
16874,45
4021,6
3601,38
16454,6
7634,6
16093,7
21372,8
21038,8
20932,8
20606,8
17617,8
17547,8
16598,8
16592,8
16390,8
14525,8
11336,8
10174,8
10108,8
9678,8
9238,8
9115,8
8565,8
7843,8
20372,30
7519,8
6233,8
6175,8
6107,8
11980,8
5496,8
5451,8
5444,8
4803,8
4459,8
4440,8
10196,8
3667,8
6777,8
12570,8
6041,8
12098,8
14093,8
4446,8
5100,8
1009,8
1532,8
2836,8
6505,8
6696,8
21437,9
21436,9
21413,9
21324,9
21322,9
21315,9
21265,9
21095,9
21081,9
21055,9
21044,9
21014,9
20988,9
20937,9
20822,9
20784,9
20639,9
20628,9
20564,9
20548,9
20545,9
20533,9
20450,9
20448,9
20443,9
20442,9
20368,9
20339,9
20332,9
20252,9
20221,9
20181,9
19742,9
18769,9
18627,9
18052,9
17032,9
16715,9
16569,9
15886,9
2787,38
15640,9
15141,9
13014,9
12266,9
11528,9
11470,9
11283,9
11060,9
10907,9
10529,9
10430,9
10225,9
10130,9
9825,9
9091,9
8997,9
8226,9
8048,9
7821,9
7678,32
20531,9
13890,9
7279,38
20132,9
7244,9
6765,9
6094,9
5926,9
11724,9
11481,9
11475,9
4357,9
3968,9
7157,9
3782,30
16635,9
3422,45
16275,9
3416,12
16269,9
9576,9
12664,9
12619,9
15695,9
12296,9
15489,9
8979,9
5415,9
15053,9
11721,9
2089,9
14752,9
17787,49
4934,9
14,9
4472,9
12346,9
976,9
10532,9
74,9
4014,9
3996,9
6297,9
7083,9
8970,9
6115,9
8005,9
10411,9
1178,9
774,9
5911,9
5501,53
18354,9
1070,9
1644,9
8868,9
3680,55
16533,9
1087,9
21234,10
21114,10
20969,10
20896,10
20888,10
20630,10
18875,10
12674,10
12085,10
11667,10
9556,10
8458,10
7994,10
7884,10
7472,10
7459,10
7276,18
20129,10
560,10
6104,10
16807,53
3954,10
19127,50
6274,10
6186,10
15692,13
2839,10
2490,10
14954,30
2101,10
7830,10
2873,10
7441,10
13036,49
183,10
2338,10
728,10
399,10
93,10
1205,10
19704,11
19674,11
17964,11
17900,11
16297,11
15888,11
2237,50
15090,11
13031,11
11855,11
10917,11
10431,11
9611,11
9606,11
9187,11
8611,11
7880,11
13854,11
11850,11
5396,50
18249,11
4827,11
11111,11
10972,11
10891,11
4089,11
3922,11
19856,39
7003,11
494,11
2409,11
5257,11
11666,11
5219,11
6523,11
9741,11
14427,11
20801,32
7948,11
1765,11
8702,11
899,11
1677,11
483,11
9177,11
541,11
21319,12
21228,12
21071,12
8555,38
21408,12
8020,12
5935,12
10928,12
12719,12
21242,13
21224,13
20918,13
20414,13
20217,13
19142,13
19009,13
16812,13
16798,13
16584,13
16350,13
16348,13
16346,13
16263,13
16030,13
15757,13
15559,13
12562,13
11109,13
9267,13
9250,13
9235,13
8794,13
8582,28
21435,13
21166,18
8313,13
8032,28
20885,13
7682,38
20535,13
7518,59
20371,13
7266,38
20119,13
6485,13
12866,52
13,13
6279,13
6134,13
18591,55
5738,13
5339,13
4330,13
3786,13
16422,15
3569,13
6165,13
15594,13
2659,13
8976,13
2380,57
15233,13
11877,13
5422,13
21203,53
8350,13
138,13
11359,13
19308,18
6455,13
9625,13
7841,13
10840,13
2789,13
6591,13
968,13
7139,13
19966,21
7113,13
15145,13
530,13
5312,13
1096,13
1853,13
8229,13
1011,13
8501,54
21354,13
2433,13
2005,13
12442,14
736,14
21295,15
21233,15
20770,15
20634,15
20567,15
20507,15
20380,15
19862,15
19639,15
19466,15
19459,15
19440,15
19365,15
17811,15
17685,15
17607,15
16806,15
16441,15
16244,15
15130,15
12681,15
12659,15
12613,15
12516,15
12364,15
12035,15
12031,15
11993,15
11696,15
11684,15
11529,15
11429,15
11407,15
10966,15
10884,15
10839,15
9807,15
9566,15
9475,15
9425,15
9312,15
9113,15
21430,18
8577,15
8521,15
14646,15
14630,15
8026,28
20879,15
14103,15
7516,15
13870,39
1017,15
7330,15
7191,15
6701,15
6500,15
24,15
6309,15
12506,15
5991,15
5977,39
18830,15
12294,15
5669,15
5629,15
5084,15
11046,15
4378,15
4358,15
4261,15
4157,15
10534,15
10524,15
734,15
16670,32
3817,15
6414,51
19267,15
9428,15
2761,15
12353,15
15553,56
2700,15
15477,15
5758,15
8965,15
2539,15
2518,15
5679,15
2429,15
15189,15
15152,15
2270,15
2249,15
2188,15
14995,15
10046,15
2016,15
13093,15
6672,15
5018,15
6540,15
1655,15
4775,15
7887,15
7802,29
20655,15
1191,15
1117,15
8915,15
848,15
5600,15
781,15
1752,15
5725,15
5317,15
1311,15
3708,25
16561,15
10925,15
19357,16
6504,15
98,15
8879,15
19667,18
6814,15
7193,15
6298,15
4361,15
5354,15
4954,15
539,15
2519,15
11540,15
20251,18
7398,15
1271,15
5321,15
20291,37
7438,15
21238,16
21034,16
20976,16
20794,16
20493,16
16890,16
16858,16
16795,16
16687,16
15732,16
12022,16
11320,16
11301,16
10067,16
8311,27
21164,16
7723,16
18180,30
5327,16
11633,16
13180,16
164,16
9339,16
5894,16
420,16
1251,16
11395,16
1198,16
6790,16
3602,16
7762,16
1639,16
1283,16
1128,16
9231,16
15551,17
13256,17
438,40
13291,17
13266,17
21480,18
21474,18
21352,18
21266,18
21240,18
21237,18
21218,18
21136,18
21135,18
21032,18
20975,18
20735,18
20711,18
20695,18
20593,18
20558,18
20395,18
20385,18
20376,18
20314,18
20310,18
20228,18
20118,18
19915,18
19887,18
19369,18
18816,18
18120,18
17712,18
17655,18
17489,18
16825,18
16809,18
16800,18
16655,18
16551,18
16385,18
15819,18
2779,38
15632,18
15558,18
15119,49
2266,18
12645,18
12520,18
11115,18
10924,18
10851,18
10099,18
9973,18
9405,18
9378,18
9364,18
9316,18
9273,18
2773,38
15626,18
9049,18
8865,18
8750,18
8740,18
8738,18
15062,18
2153,38
15006,18
2149,32
15002,18
15000,18
8409,18
21262,18
8399,28
21252,18
8320,56
21173,18
14314,46
1461,18
7752,28
20605,18
7449,53
20302,18
7338,57
20191,18
7190,18
7079,18
6779,18
6273,18
12596,18
6146,18
6048,18
6017,18
18870,18
5950,18
12231,18
5680,18
11976,18
11896,18
5464,18
5426,18
5314,18
5029,18
17673,39
4820,18
4747,18
10897,18
4176,18
4141,18
3784,18
3695,18
3681,18
3669,24
16522,18
9810,18
9429,18
6129,18
2751,18
9066,18
2590,18
5757,45
18610,18
5749,21
18602,18
15221,18
2182,18
2042,18
3624,18
8236,18
1569,18
1543,18
1527,18
4729,18
1467,18
1452,18
1317,18
7734,18
7709,38
20562,18
4351,18
1134,18
21193,24
8340,18
1122,18
14417,32
1564,18
11977,18
3948,45
16801,18
4732,18
1344,18
9333,18
3575,56
16428,18
3582,18
8353,39
21206,18
1135,18
1111,18
2693,18
456,18
7381,27
20234,18
9372,18
533,18
10946,18
13717,18
10564,18
3629,18
21191,30
8338,18
9738,20
21132,21
18258,21
9486,21
9103,21
15496,21
6743,21
6172,21
11904,21
5417,21
11479,21
4755,21
4169,21
2561,21
1566,21
9964,21
2919,28
15772,21
13114,21
7465,21
924,22
21447,24
21178,24
18719,24
18713,24
17788,24
15601,32
2748,24
15307,24
12569,24
12166,24
11566,24
11338,24
11333,24
11018,24
10999,24
10561,24
9937,24
9097,24
8457,24
21244,55
8391,24
8300,24
14540,24
7048,24
388,24
6522,55
19375,24
19101,42
6248,24
6138,24
5555,24
5359,24
11690,24
10919,24
7229,24
16865,37
4012,24
3806,24
16487,32
3634,24
9525,24
5931,24
8899,24
2350,24
2316,24
5452,24
10185,24
2048,24
11649,24
1861,24
4914,24
1706,24
11302,24
8027,24
1602,24
1449,24
11031,24
1285,24
1200,24
1084,24
210,24
1010,24
7092,24
538,24
1643,24
5984,24
16799,54
3946,24
7953,24
731,24
2667,24
11630,24
4554,24
16396,56
3543,24
6529,24
9894,24
8580,24
12874,24
5741,24
859,24
12860,24
10165,24
490,24
29,25
3720,25
9615,25
6000,25
3723,25
20180,27
17506,27
15762,27
12033,27
11925,27
11049,27
10140,27
9967,27
8799,27
7902,27
7410,27
7302,27
6503,27
11674,27
4810,27
4347,27
10115,27
1502,27
1466,27
4974,27
11305,27
11153,27
2549,27
2890,27
3899,27
7432,27
10544,27
7315,39
20168,27
14975,27
1732,27
10440,27
3890,27
20910,28
20685,28
20651,28
20598,28
20517,28
15295,28
13138,28
12658,28
12649,28
12391,28
12382,28
12380,28
12258,28
12154,28
12149,28
11978,28
11726,28
11713,28
11614,28
11568,28
11349,28
10943,28
9590,28
15281,32
2428,28
7790,28
13192,28
140,28
12351,28
5657,28
11898,28
5345,28
4797,28
11034,28
10436,28
6787,28
6759,28
9610,28
6123,28
9337,28
15709,38
2856,28
8969,28
15354,28
15324,45
2471,28
2478,28
15240,28
12017,28
15094,28
14949,28
5089,28
14666,28
9287,28
14744,28
1080,28
1608,28
11966,28
2342,28
2333,28
12176,28
6549,28
743,28
8981,28
14993,28
11570,28
8995,28
2938,28
6699,28
11644,28
21391,29
18835,29
18744,29
18700,29
16963,29
16932,29
16856,29
16088,29
12830,29
11352,29
10623,29
9982,29
9933,29
9704,29
9076,29
2353,57
15206,29
8662,29
21488,53
8635,29
8592,29
8151,29
8141,29
7907,29
5973,29
5908,29
5895,29
5546,38
18399,29
5057,29
11198,29
10767,29
10375,29
3078,29
12609,29
15270,37
2417,29
5540,56
18393,29
8667,29
16623,54
3770,29
13908,29
14951,29
1680,29
1675,29
8080,29
21405,30
21209,30
21205,30
21182,30
21148,30
21100,30
21042,30
21017,30
20943,30
20930,30
20926,30
20768,30
20388,30
18648,30
18158,30
15985,30
14985,30
13026,30
12187,30
12063,30
10921,30
10885,30
10853,30
9961,30
9572,30
9263,30
8810,30
756,30
6311,30
6240,30
6055,30
5913,30
5355,30
4999,30
10926,30
4257,30
10573,30
7078,30
6231,30
9274,30
5716,30
4911,30
1384,30
1265,30
4219,30
1494,30
773,30
6642,30
12995,45
142,30
2099,30
535,30
8858,30
4066,31
21403,32
21388,32
21386,32
21298,32
21255,32
21248,32
21179,32
21165,32
21113,32
21103,32
21036,32
20974,32
20954,32
20931,32
20894,32
20826,32
20791,32
20654,32
20652,32
20494,32
20490,32
20415,32
20412,32
20393,32
20378,32
20364,32
20324,32
20304,32
20279,32
20226,32
17034,32
16913,32
16803,32
16698,32
16668,32
16664,32
16662,32
16644,32
16642,32
16619,32
16585,32
16546,32
16545,32
16523,32
16405,32
16380,32
16374,32
16365,32
16363,32
16315,32
16013,32
15980,32
15969,32
15841,32
15833,32
15822,32
15800,32
15753,32
15729,32
15723,32
15476,32
15348,32
15521,32
15356,32
15023,32
8289,55
21142,32
7954,57
20807,32
6697,32
5658,32
5647,32
4521,32
3872,55
16725,32
5594,32
8741,32
15107,32
8447,53
21300,32
8293,39
21146,32
12831,32
1469,32
1124,32
7487,38
20340,32
7404,33
20257,32
7317,56
20170,32
15207,32
8337,55
21190,32
7520,59
20373,32
14970,32
21308,33
20515,33
16602,33
12341,33
12244,33
12077,33
11705,33
11683,33
11145,33
9478,33
9399,33
8579,33
7838,33
7439,33
6271,33
6257,33
12379,33
4029,33
3952,33
126,33
1716,54
14569,33
1433,33
1428,33
1837,33
9034,33
837,33
3740,33
3977,33
1650,33
6880,33
19571,34
18483,34
17922,34
16207,34
16141,34
14860,34
11220,34
10284,34
9229,34
9160,34
9127,34
8644,34
8614,34
8125,34
7008,34
6349,34
6341,34
11859,34
5264,34
11227,34
11168,34
4574,34
4149,34
4094,34
6999,34
3480,34
3456,34
6356,34
2962,34
9189,34
8619,34
5048,53
17901,34
2961,34
2960,34
16370,45
3517,34
3468,34
4092,34
10349,34
2279,34
8155,34
4123,34
920,34
883,34
4562,34
15380,34
887,34
21138,35
17314,35
8269,38
21122,35
7896,36
21414,37
21356,37
21336,37
21330,37
21264,37
21211,37
21176,37
21109,37
20915,37
20706,37
20569,37
20391,37
20269,37
20249,37
20233,37
20213,37
20187,37
20166,37
20151,37
19254,37
19174,37
15515,37
15211,37
12211,37
10393,37
8745,37
8526,37
7903,37
7836,37
7726,37
7388,53
20241,37
5402,37
3860,37
6840,37
196,37
160,37
3261,37
6198,37
8972,37
15079,37
2205,37
6466,37
19981,49
7128,37
1108,37
7517,59
20370,37
2619,37
17554,38
16839,38
16836,38
16834,38
16518,38
16471,38
16470,38
16469,38
16468,38
16393,38
16003,38
15902,38
15759,38
15702,38
2849,38
15193,38
2340,38
14586,38
14402,38
1313,56
14166,38
12580,38
12227,38
12184,38
12001,38
11930,38
11908,38
11572,38
11571,38
11428,38
11098,38
10542,38
10439,38
10092,38
10076,38
10074,38
9936,38
9875,38
9612,38
9551,38
9547,38
9503,38
9335,38
9313,38
9306,38
15688,38
9266,38
8930,38
8928,38
8898,38
8808,38
8788,38
8785,38
8736,38
2224,45
15077,38
8556,38
8502,38
8491,38
14316,38
7851,38
7837,38
7702,38
7657,38
7474,38
7275,38
7250,38
508,38
6773,38
6739,38
6733,38
6730,38
6684,38
6673,38
6509,38
6324,38
6305,38
6252,38
6205,38
6043,38
6033,38
5938,38
12036,38
5604,38
5346,38
11756,38
11628,38
11476,38
4998,38
11154,38
4560,38
4399,38
4389,38
4253,38
4241,38
4240,38
10484,38
4025,38
10242,38
16641,54
3788,38
3787,38
554,38
3757,38
517,38
514,38
3620,56
16473,38
9901,38
13059,38
19428,45
6575,38
6474,38
9613,38
9531,38
9477,38
9354,38
15739,39
2886,38
9255,38
2772,38
5914,38
9056,38
12128,38
5662,38
12064,38
2396,38
2348,38
2346,38
2339,38
2213,38
5414,38
2211,38
10186,38
3765,38
3764,38
2163,38
3750,38
531,38
14934,38
3651,38
2049,38
6825,38
5083,38
1767,38
1714,38
1708,38
85,38
12889,50
36,38
6457,38
1586,38
9587,38
1568,38
1567,38
1546,38
7956,38
6280,38
7861,38
7850,38
1420,38
7835,38
1378,38
9385,38
1363,38
7782,38
1298,38
15708,38
7681,38
1234,38
2809,38
4412,38
4384,38
6685,38
4285,38
7498,38
1783,38
4177,38
2494,38
89,38
866,38
7278,38
1648,38
1545,38
692,38
8724,38
3905,38
702,38
700,38
20766,45
7913,38
695,38
693,38
691,38
6155,38
536,38
546,38
1342,38
1326,38
529,38
513,38
7732,38
512,38
509,38
461,38
7267,38
13223,38
4387,38
6776,38
9993,38
6774,38
9992,38
11994,38
701,38
2608,38
4210,38
163,38
1763,38
6572,38
1555,38
6154,38
548,38
2154,38
9369,38
7766,38
1322,38
108,38
506,38
1496,38
7320,38
1873,38
12897,38
6875,38
6568,38
1244,38
10565,38
1090,38
6514,38
7761,38
5729,38
521,38
5528,38
7622,38
7768,38
1814,38
19379,39
18859,39
18038,39
17993,39
17853,39
17719,39
17710,39
17488,39
17340,39
16403,39
15918,39
14978,39
851,45
13704,39
12974,39
12717,39
12538,39
12205,39
11623,39
11435,39
9809,39
9497,39
9258,39
8919,39
8351,39
8217,39
7715,39
7065,39
6849,45
19702,39
6538,39
12661,39
6199,39
5919,39
5910,39
5876,39
5873,39
12133,39
11954,39
5533,39
5517,39
11598,39
11465,39
4812,39
11133,39
10874,39
376,39
9608,39
12663,39
12540,39
9288,39
9239,39
5949,39
12186,39
12172,39
2323,39
11892,39
1847,39
12727,39
3053,39
3042,39
9381,39
1228,39
4360,39
558,39
4774,39
5974,39
17965,57
5112,39
11657,39
12852,39
1039,39
1649,39
21553,40
21551,40
19515,40
19053,40
19045,40
18481,40
17440,40
7541,40
6709,59
19562,40
5815,40
5034,55
17887,40
11241,40
4644,40
11787,40
7544,40
1924,40
7322,41
11860,42
11841,42
11793,42
4075,42
2419,42
11829,42
547,42
1335,42
424,42
16679,43
16401,43
15934,43
15707,43
15299,43
11057,43
9580,43
9577,43
9074,43
7970,43
7746,43
7235,43
7146,43
7132,43
6861,43
6771,43
6761,43
5663,43
4344,43
3647,43
11,43
9578,43
15208,43
9422,43
1065,43
1059,43
9530,43
7776,43
2332,43
8912,43
1239,43
6147,44
21357,45
21287,45
21040,45
20945,45
20797,45
20311,45
20298,45
19799,45
19751,45
19441,45
19435,45
19343,45
19270,45
19241,45
18986,45
18223,45
18182,45
18138,45
17785,45
17784,45
17777,45
17576,45
17182,45
17178,45
17115,45
17004,45
16925,45
16923,45
16873,45
16700,45
16685,45
16444,45
16427,45
16026,45
15997,45
15894,45
15682,45
15600,45
14623,45
1541,55
14394,45
13189,45
12676,45
12305,45
11449,45
11143,45
11029,45
10950,45
10908,45
10883,45
10224,45
9487,45
9343,45
8327,45
14619,45
7824,45
20670,53
7817,45
14131,45
7494,45
7490,45
7482,45
7469,45
7319,45
496,45
13212,45
13194,45
13182,45
12699,45
6223,45
12629,45
12610,45
6103,45
6096,45
12356,45
12331,45
5750,45
5516,45
5377,45
11755,45
11748,45
11744,45
4908,45
11078,45
10872,45
10462,45
3993,45
3933,45
3920,45
3874,53
16727,45
3839,45
3833,45
3831,56
16684,45
3418,45
13006,59
153,45
3229,45
9539,45
12722,45
6070,45
2540,45
5723,55
18576,45
5671,45
5442,45
2219,45
1835,45
1581,45
7993,45
10909,45
15655,56
2802,45
1118,45
2714,45
9027,45
4884,45
7305,45
1667,45
15276,45
1577,45
3161,45
748,45
2281,45
12973,45
2552,45
545,45
12146,45
11738,45
1291,45
3632,45
13211,45
7992,45
7443,45
4964,45
1354,45
4937,45
12965,45
3298,45
5665,45
844,45
6856,45
3336,45
3239,45
836,45
15979,46
12059,46
10233,46
9981,46
14697,46
8039,46
8010,46
7442,46
5071,46
6752,46
6723,46
3010,46
15970,50
3117,46
2936,46
19450,57
6597,46
9373,46
145,46
2942,46
1880,47
2467,47
8055,47
9423,48
21041,49
19860,49
19383,49
19297,49
19258,49
19180,49
18910,49
18882,49
18654,49
17973,49
17835,49
17798,49
17687,49
17559,49
17551,49
16677,49
16563,49
16304,49
15778,49
15664,49
15591,49
12822,49
12687,49
12679,49
12657,49
12592,49
12571,49
12483,49
12336,49
12274,49
12235,49
12147,49
12112,49
12102,49
11989,49
11960,49
11940,49
11934,49
11378,49
11268,49
11136,49
10971,49
10961,49
10849,49
10071,49
9920,49
9891,49
9833,49
9454,49
9332,49
9033,49
8734,49
21283,55
8430,49
8255,49
7895,49
7045,49
6818,49
6725,49
6497,49
6124,49
12509,49
12316,49
12101,49
11913,49
11891,49
5082,49
4586,49
4161,49
4145,49
3821,49
6695,49
2946,49
2945,49
15629,49
2769,49
8909,49
12083,49
5608,49
10066,49
362,49
3384,49
1678,49
14282,56
1429,49
1425,49
9338,49
7729,49
6616,49
3276,49
1679,49
10435,49
741,49
1500,49
9345,49
1584,49
3565,49
6604,49
7497,49
1676,49
21382,50
20946,50
19826,50
19113,50
18342,50
17847,50
16463,50
15967,50
12956,50
12350,50
11619,50
10992,50
10988,50
8996,50
7464,50
7332,50
6888,50
5946,50
4956,59
17809,50
712,50
10058,50
15769,53
2916,50
9059,50
12378,50
2505,50
1497,50
2126,50
735,50
6853,50
447,50
10506,51
17422,52
11466,52
21337,53
21222,53
21196,53
20657,53
20432,53
19812,53
18997,53
18832,53
17848,53
17661,53
17558,53
16911,53
16817,53
16719,53
16665,53
16590,53
16337,53
16219,53
16055,53
15482,53
12572,53
12255,53
11750,53
11700,53
11687,53
11565,53
11452,53
11424,53
11416,53
11340,53
11317,53
11306,53
11106,53
10964,53
10870,53
10600,53
10500,53
10427,53
10032,53
10027,53
9970,53
9896,53
9652,53
15679,53
2826,53
8893,53
8742,53
15153,53
8481,53
8317,53
8297,53
8291,53
8286,53
7774,53
20529,57
7676,53
7462,53
534,53
6809,53
6711,53
6670,53
6458,53
6227,53
6187,53
6102,53
18955,53
5906,53
12239,53
5461,53
5316,53
4920,55
17773,53
10599,53
10597,53
10538,53
10094,53
3631,53
10040,53
13203,53
9605,53
6313,53
18895,56
6042,53
5968,53
2488,53
5624,53
2234,53
3713,53
11689,53
6783,53
13165,53
8339,55
21192,53
9930,53
13131,53
6680,53
8219,53
4892,53
14524,53
1446,53
1438,53
1375,53
1288,53
1284,53
2825,53
1225,53
2807,53
2663,53
2613,53
12914,53
6299,53
6288,53
4517,53
10053,53
15259,53
5976,53
9994,53
5078,53
151,53
739,53
1633,53
10556,53
6325,55
19178,53
2437,53
21360,54
21199,54
20973,54
20668,54
20596,54
20468,54
20256,54
17975,54
16421,54
13092,54
12824,54
12616,54
12362,54
10402,54
10235,54
9868,54
9827,54
9301,54
7167,54
6235,54
11567,54
7076,54
9682,54
2440,54
3580,54
4801,54
1177,54
10109,54
2781,54
15359,54
14517,54
1277,54
21286,55
21106,55
21047,55
20804,55
20646,55
20381,55
20135,55
19815,55
19790,55
19304,55
18708,55
18606,55
16912,55
16848,55
16808,55
16480,55
16354,55
16342,55
15733,55
13032,55
12182,55
12169,55
11990,55
11878,55
11758,55
11754,55
11128,55
11019,55
10963,55
10923,55
10856,55
10253,55
9647,55
9562,55
9334,55
8935,55
8488,55
8487,55
8388,55
8335,55
8036,55
8017,55
7483,55
7212,55
6747,55
13118,55
6601,55
6496,55
6232,55
6078,55
12079,55
12078,55
11967,55
11622,55
11588,55
5015,55
11354,55
4901,55
4745,55
11132,55
10973,55
10879,55
4258,55
10227,55
3771,55
202,55
212,55
6242,55
9389,55
6149,55
2918,55
2834,55
2820,55
2691,55
12271,55
2567,55
12163,55
8814,55
5538,55
2227,55
2026,55
13110,55
1872,55
5050,55
41,55
11036,55
2806,55
1157,55
1138,55
4337,55
7444,55
1003,55
10598,55
1768,55
11308,55
2479,55
3900,55
680,55
2276,55
1355,55
8530,55
1258,55
10459,55
1528,55
1101,55
6679,55
1007,55
10008,55
6551,55
4930,55
2877,55
10089,55
12115,55
484,55
4404,55
18600,56
17113,56
15585,56
11282,56
11105,56
10877,56
10547,56
10085,56
9959,56
9618,56
9438,56
9284,56
15280,56
8846,56
8545,56
8227,56
8221,56
7864,56
7725,56
7707,56
7694,56
7245,56
7225,56
6577,56
6222,56
11643,56
11087,56
4505,56
4498,56
4374,56
7063,56
10222,56
10208,56
10180,56
3578,56
6590,56
9383,56
9371,56
12550,56
2920,56
9268,56
2664,56
2398,56
8797,56
2230,56
2198,56
10181,56
5300,56
407,56
406,56
404,56
9904,56
11510,56
1794,56
14629,56
6532,56
23,56
1526,56
1379,56
7690,56
7631,56
10805,56
12929,56
5351,56
3258,56
4023,56
369,56
7141,56
7358,56
8454,56
10054,56
3598,56
21215,57
20237,57
17795,57
17616,57
16819,57
16815,57
16347,57
16284,57
16221,57
16022,57
15834,57
12715,57
12624,57
10980,57
10974,57
10855,57
10601,57
9502,57
9278,57
8860,57
15205,57
8581,57
8394,57
6293,57
6181,57
6073,57
5993,57
12240,57
5744,57
12110,57
5575,57
5438,57
5407,57
11685,57
11569,57
11549,57
4292,57
715,57
3840,57
9963,57
6641,57
169,57
6213,57
6105,57
2548,57
8892,57
15067,57
557,57
2112,57
8528,57
10097,57
3676,57
449,57
6848,57
167,57
1638,57
4788,57
1585,57
6179,57
1364,57
1245,57
1160,57
1137,57
4239,57
4216,57
998,57
7272,57
3994,57
1554,57
10381,57
4155,57
7735,57
1314,57
11733,57
1176,57
2750,57
3672,57
12153,57
9365,58
15897,59
15637,59
15283,59
12304,59
12185,59
12119,59
12114,59
12067,59
10162,59
9878,59
9671,59
9588,59
9044,59
8968,59
8908,59
8378,59
14551,59
8028,59
7297,59
6741,59
165,59
5086,59
4991,59
4613,59
3808,59
3807,59
6683,59
53,59
6295,59
2928,59
9240,59
9116,59
5721,59
5707,59
13204,59
1824,59
11433,59
5012,59
1382,59
4523,59
1170,59
1066,59
1820,59
1797,59
828,59
2908,59
776,59
6705,59
10163,59
7286,59
