21576,0
21574,0
21571,0
21568,0
21567,0
21565,0
21562,0
21556,0
21553,0
21551,0
21550,0
21517,0
21512,0
21503,0
21502,0
21501,0
21473,0
21469,0
21462,0
21454,0
21429,0
21423,0
21419,0
21404,0
21401,0
21387,0
21382,0
21376,0
21369,0
21358,0
21339,0
21321,0
21303,0
21297,0
21293,0
21292,0
21267,0
21261,0
21253,0
21251,0
21210,0
21201,0
21177,0
21143,0
21138,0
21134,0
21133,0
21131,0
21130,0
21096,0
21076,0
21060,0
21041,0
21028,0
21023,0
21019,0
21018,0
21007,0
21000,0
20989,0
20982,0
20946,0
20936,0
20925,0
20919,0
20907,0
20905,0
20902,0
20887,0
20878,0
20840,0
20835,0
20834,0
20829,0
20824,0
20787,0
20778,0
20773,0
20769,0
20757,0
20753,0
20734,0
20721,0
20710,0
20709,0
20699,0
20682,0
20653,0
20641,0
20632,0
20584,0
20552,0
20514,0
20469,0
20467,0
20439,0
20420,0
20409,0
20406,0
20398,0
20396,0
20389,0
20379,0
20377,0
20352,0
20270,0
20267,0
20264,0
20262,0
20230,0
20186,0
20159,0
20142,0
20137,0
20095,0
20090,0
20089,0
20080,0
20058,0
20048,0
20039,0
20035,0
20034,0
20031,0
20025,0
20013,0
20012,0
20005,0
19998,0
19993,0
19984,0
19975,0
19959,0
19912,0
19906,0
19895,0
19892,0
19890,0
19874,0
19870,0
19844,0
19839,0
19837,0
19833,0
19832,0
19831,0
19830,0
19807,0
19802,0
19786,0
19769,0
19763,0
19762,0
19758,0
19744,0
19732,0
19731,0
19711,0
19692,0
19679,0
19658,0
19653,0
19649,0
19648,0
19645,0
19635,0
19571,0
19559,0
19557,0
19556,0
19551,0
19546,0
19529,0
19515,0
19509,0
19507,0
19505,0
19499,0
19480,0
19478,0
19471,0
19470,0
19464,0
19453,0
19433,0
19432,0
19424,0
19422,0
19420,0
19419,0
19418,0
19411,0
19371,0
19325,0
19312,0
19297,0
19293,0
19262,0
19256,0
19223,0
19208,0
19191,0
19181,0
19167,0
19155,0
19122,0
19092,0
19083,0
19082,0
19077,0
19069,0
19065,0
19062,0
19053,0
19050,0
19045,0
19044,0
19017,0
19006,0
18995,0
18994,0
18992,0
18975,0
18963,0
18962,0
18952,0
18951,0
18932,0
18930,0
18924,0
18922,0
18921,0
18917,0
18906,0
18902,0
18898,0
18882,0
18875,0
18872,0
18865,0
18861,0
18860,0
18852,0
18849,0
18842,0
18840,0
18795,0
18782,0
18774,0
18773,0
18768,0
18749,0
18746,0
18738,0
18736,0
18730,0
18719,0
18698,0
18689,0
18676,0
18674,0
18667,0
18665,0
18654,0
18638,0
18621,0
18616,0
18567,0
18557,0
18549,0
18527,0
18519,0
18504,0
18495,0
18493,0
18490,0
18488,0
18481,0
18479,0
18472,0
18467,0
18466,0
18465,0
18463,0
18459,0
18458,0
18454,0
18443,0
18437,0
18433,0
18430,0
18425,0
18423,0
18421,0
18415,0
18403,0
18402,0
18392,0
18389,0
18387,0
18374,0
18372,0
18371,0
18367,0
18362,0
18357,0
18356,0
18351,0
18339,0
18332,0
18321,0
18313,0
18303,0
18302,0
18281,0
18280,0
18277,0
18271,0
18257,0
18254,0
18252,0
18239,0
18236,0
18234,0
18231,0
18228,0
18225,0
18222,0
18217,0
18191,0
18186,0
18160,0
18145,0
18135,0
18104,0
18101,0
18099,0
18095,0
18085,0
18080,0
18071,0
18066,0
18061,0
18050,0
18040,0
18038,0
18037,0
18034,0
18017,0
18014,0
18009,0
17986,0
17973,0
17963,0
17960,0
17927,0
17916,0
17915,0
17899,0
17894,0
17892,0
17880,0
17878,0
17877,0
17876,0
17875,0
17872,0
17870,0
17867,0
17864,0
17863,0
17860,0
17857,0
17849,0
17839,0
17837,0
17822,0
17813,0
17812,0
17810,0
17798,0
17782,0
17780,0
17776,0
17770,0
17766,0
17760,0
17759,0
17758,0
17752,0
17749,0
17748,0
17738,0
17731,0
17728,0
17723,0
17719,0
17716,0
17707,0
17706,0
17700,0
17686,0
17666,0
17652,0
17643,0
17619,0
17612,0
17589,0
17579,0
17574,0
17573,0
17569,0
17568,0
17563,0
17562,0
17559,0
17538,0
17529,0
17523,0
17511,0
17506,0
17499,0
17488,0
17479,0
17473,0
17472,0
17455,0
17452,0
17449,0
17440,0
17433,0
17431,0
17423,0
17422,0
17421,0
17419,0
17417,0
17416,0
17412,0
17411,0
17410,0
17406,0
17403,0
17400,0
17399,0
17384,0
17365,0
17364,0
17361,0
17359,0
17352,0
17349,0
17342,0
17340,0
17338,0
17335,0
17333,0
17317,0
17316,0
17315,0
17314,0
17302,0
17301,0
17298,0
17285,0
17279,0
17277,0
17275,0
17274,0
17269,0
17256,0
17248,0
17247,0
17246,0
17245,0
17236,0
17221,0
17212,0
17201,0
17187,0
17177,0
17174,0
17173,0
17169,0
17168,0
17164,0
17152,0
17151,0
17149,0
17148,0
17146,0
17142,0
17140,0
17137,0
17134,0
17128,0
17127,0
17125,0
17123,0
17117,0
17103,0
17097,0
17095,0
17089,0
17083,0
17077,0
17075,0
17074,0
17067,0
17060,0
17059,0
17053,0
17048,0
17039,0
17038,0
17036,0
17015,0
17011,0
17007,0
17003,0
17001,0
17000,0
16991,0
16990,0
16989,0
16987,0
16986,0
16981,0
16979,0
16969,0
16967,0
16962,0
16961,0
16957,0
16955,0
16946,0
16940,0
16939,0
16935,0
16929,0
16926,0
16903,0
16897,0
16893,0
16885,0
16875,0
16871,0
16854,0
16851,0
16796,0
16794,0
16788,0
16777,0
16776,0
16774,0
16767,0
16759,0
16750,0
16749,0
16740,0
16734,0
16714,0
16708,0
16707,0
16695,0
16688,0
16680,0
16676,0
16675,0
16667,0
16663,0
16658,0
16656,0
16652,0
16651,0
16636,0
16622,0
16607,0
16589,0
16581,0
16577,0
16563,0
16538,0
16531,0
16523,0
16510,0
16499,0
16495,0
16488,0
16481,0
16463,0
16459,0
16443,0
16434,0
16429,0
16421,0
16420,0
16419,0
16404,0
16399,0
16369,0
16359,0
16357,0
16354,0
16332,0
16318,0
16311,0
16310,0
16307,0
16304,0
16300,0
16289,0
16287,0
16285,0
16282,0
16279,0
16277,0
16274,0
16264,0
16257,0
16256,0
16251,0
16241,0
16238,0
16232,0
16216,0
16215,0
16214,0
16212,0
16211,0
16210,0
16196,0
16194,0
16188,0
16179,0
16177,0
16176,0
16171,0
16164,0
16163,0
16159,0
16152,0
16150,0
16149,0
16146,0
16145,0
16142,0
16139,0
16136,0
16134,0
16133,0
16125,0
16123,0
16120,0
16115,0
16110,0
16103,0
16100,0
16098,0
16097,0
16095,0
16093,0
16091,0
16086,0
16077,0
16074,0
16041,0
16023,0
15996,0
15993,0
15989,0
15988,0
15987,0
15979,0
15973,0
15967,0
15961,0
15959,0
15950,0
15932,0
15929,0
15918,0
15914,0
15913,0
15912,0
15908,0
15898,0
15872,0
15859,0
15858,0
15855,0
15840,0
15831,0
15810,0
15793,0
15785,0
15767,0
15742,0
15713,0
2850,20
15703,0
15672,0
2819,0
15666,0
2813,0
15664,0
15643,0
15636,0
2783,0
15620,0
2767,0
15616,0
2763,0
15597,31
2744,0
15595,0
2742,0
15591,0
15580,0
15578,0
2725,0
15575,0
2722,0
2720,31
15573,0
15565,0
2708,7
15561,0
15551,0
15547,0
15543,0
2687,20
15540,0
2674,11
15527,0
15510,0
15504,0
15503,0
2650,0
15484,0
2630,31
15483,0
15481,0
15478,0
15471,0
15467,0
2611,31
15464,0
15459,20
2606,0
15457,9
2604,0
15447,0
2594,0
15430,6
2577,0
15429,0
2562,12
15415,0
15406,0
2553,0
15387,13
2534,0
15363,0
2504,15
15357,0
15352,0
2499,0
15345,0
2492,0
15306,0
15303,0
15296,0
15292,0
15264,0
2411,0
15258,9
2405,0
15255,0
2393,37
15246,0
15237,0
15234,0
15230,0
15226,0
15219,0
2366,0
15210,0
2357,0
15204,0
2347,9
15200,0
15197,31
2344,0
15194,0
15156,0
2303,0
15122,0
2269,0
15103,0
15060,0
15052,0
15037,0
15012,9
2159,0
2151,18
15004,0
14987,0
14982,0
14981,19
2128,0
14978,0
14971,12
2118,0
14969,15
2116,0
14959,0
14928,0
14926,0
2073,0
14904,0
14903,0
2033,17
14886,0
14885,0
2029,36
14882,0
2024,32
14877,0
14876,0
2020,11
14873,0
14865,0
2012,0
14844,0
14839,0
1965,14
14818,0
14783,0
14757,0
14736,0
14672,0
14622,35
1769,0
1759,20
14612,0
14604,0
1751,0
1734,11
14587,0
14563,0
14549,31
1696,0
14545,0
1692,0
14544,0
1689,7
14542,0
14539,31
1686,0
1684,3
14537,0
1651,36
14504,0
14310,0
1457,0
14263,0
14199,0
14069,15
1216,0
14028,0
13958,0
1105,0
13900,0
1047,0
13790,0
937,0
13757,0
904,0
13721,0
868,0
861,36
13714,0
13711,0
13702,0
849,0
13649,0
13559,0
706,0
699,20
13552,0
13507,0
13471,0
13458,0
13321,0
13288,0
435,0
13279,0
422,30
13275,0
13263,0
410,0
13256,0
13255,0
402,0
13245,0
13242,0
389,0
13224,9
371,0
13201,0
13190,0
13175,0
322,0
13174,0
13170,0
317,0
13163,0
13139,0
13136,0
13124,0
271,0
13119,0
13096,0
13085,3
232,0
13077,0
13072,0
13070,0
13064,35
211,0
13046,0
13039,0
186,0
13023,0
13021,0
168,0
13003,0
139,9
12992,0
12963,0
110,0
12937,0
12933,0
80,0
12905,0
12893,22
40,0
12885,0
12861,0
12842,0
12836,0
12829,0
12827,0
12822,0
12818,0
12815,0
12814,0
12813,0
12810,0
12799,0
12791,0
12788,0
12785,0
12778,0
12775,0
12772,0
12760,0
12759,0
12755,0
12754,0
12751,0
12748,0
12743,0
12728,0
12725,0
12717,0
12707,0
12706,0
12702,0
12691,0
12690,0
12689,0
12687,0
12683,0
12680,0
12679,0
12677,0
12672,0
12670,0
12668,0
12660,0
12657,0
12651,0
12647,0
12633,0
12630,0
12627,0
12625,0
12621,0
12611,0
12604,0
12592,0
12579,0
12574,0
12573,0
12571,0
12564,0
12563,0
12557,0
12531,0
12529,0
12502,0
12492,0
12489,0
12483,0
12473,0
12466,0
12465,0
12461,0
12460,0
12457,0
12449,0
12443,0
12442,0
12432,0
12423,0
12413,0
12409,0
12404,0
12400,0
12399,0
12383,0
12374,0
12345,0
12344,0
12339,0
12338,0
12336,0
12318,0
12317,0
12313,0
12302,0
12298,0
12286,0
12281,0
12278,0
12276,0
12274,0
12259,0
12250,0
12249,0
12246,0
12237,0
12235,0
12225,0
12224,0
12223,0
12222,0
12216,0
12215,0
12202,0
12197,0
12195,0
12191,0
12156,0
12147,0
12135,0
12125,0
12117,0
12112,0
12106,0
12102,0
12094,0
12087,0
12073,0
12059,0
12054,0
12049,0
12046,0
12044,0
12040,0
12028,0
12027,0
12011,0
12010,0
12005,0
11989,0
11983,0
11981,0
11970,0
11968,0
11960,0
11957,0
11945,0
11940,0
11935,0
11934,0
11910,0
11909,0
11907,0
11900,0
11888,0
11883,0
11867,0
11866,0
11860,0
11854,0
11848,0
11841,0
11833,0
11826,0
11822,0
11812,0
11808,0
11802,0
11801,0
11795,0
11794,0
11793,0
11791,0
11789,0
11768,0
11765,0
11746,0
11743,0
11728,0
11723,0
11722,0
11711,0
11706,0
11705,0
11663,0
11639,0
11638,0
11627,0
11625,0
11623,0
11617,0
11602,0
11587,0
11580,0
11579,0
11574,0
11563,0
11559,0
11558,0
11551,0
11550,0
11545,0
11541,0
11527,0
11522,0
11519,0
11514,0
11508,0
11490,0
11487,0
11484,0
11477,0
11468,0
11466,0
11460,0
11451,0
11447,0
11446,0
11444,0
11440,0
11437,0
11431,0
11430,0
11418,0
11413,0
11406,0
11405,0
11403,0
11400,0
11396,0
11390,0
11387,0
11381,0
11379,0
11374,0
11371,0
11370,0
11369,0
11357,0
11348,0
11344,0
11330,0
11327,0
11299,0
11297,0
11292,0
11291,0
11287,0
11285,0
11284,0
11279,0
11278,0
11276,0
11274,0
11273,0
11272,0
11270,0
11268,0
11265,0
11261,0
11260,0
11257,0
11255,0
11253,0
11252,0
11251,0
11249,0
11243,0
11236,0
11234,0
11221,0
11211,0
11210,0
11205,0
11191,0
11185,0
11183,0
11181,0
11179,0
11175,0
11174,0
11173,0
11171,0
11170,0
11149,0
11144,0
11137,0
11126,0
11123,0
11104,0
11103,0
11102,0
11101,0
11093,0
11088,0
11076,0
11074,0
11071,0
11064,0
11063,0
11056,0
11048,0
11041,0
11039,0
11035,0
11015,0
10998,0
10989,0
10988,0
10985,0
10978,0
10960,0
10959,0
10947,0
10941,0
10922,0
10918,0
10905,0
10903,0
10901,0
10899,0
10894,0
10892,0
10887,0
10876,0
10847,0
10845,0
10843,0
10834,0
10827,0
10817,0
10816,0
10811,0
10796,0
10794,0
10788,0
10773,0
10755,0
10750,0
10743,0
10742,0
10738,0
10737,0
10729,0
10721,0
10717,0
10715,0
10714,0
10710,0
10708,0
10704,0
10703,0
10702,0
10699,0
10695,0
10693,0
10665,0
10642,0
10638,0
10634,0
10632,0
10619,0
10618,0
10612,0
10611,0
10609,0
10608,0
10606,0
10604,0
10584,0
10559,0
10555,0
10551,0
10547,0
10545,0
10537,0
10530,0
10508,0
10498,0
10470,0
10467,0
10458,0
10455,0
10453,0
10445,0
10434,0
10432,0
10429,0
10423,0
10419,0
10416,0
10404,0
10388,0
10387,0
10385,0
10377,0
10371,0
10361,0
10359,0
10356,0
10348,0
10342,0
10335,0
10334,0
10332,0
10328,0
10322,0
10318,0
10310,0
10306,0
10302,0
10299,0
10292,0
10289,0
10282,0
10280,0
10272,0
10265,0
10258,0
10255,0
10245,0
10243,0
10240,0
10237,0
10233,0
10230,0
10197,0
10158,0
10146,0
10114,0
10112,0
10110,0
10107,0
10100,0
10098,0
10096,0
10086,0
10080,0
10067,0
10062,0
10057,0
10049,0
10048,0
10042,0
10038,0
10002,0
9981,0
9976,0
9965,0
9956,0
9953,0
9940,0
9929,0
9927,0
9925,0
9923,0
9920,0
9918,0
9915,0
9906,0
9905,0
9902,0
9892,0
9874,0
9872,0
9869,0
9866,0
9858,0
9853,0
9847,0
9844,0
9829,0
9822,0
9814,0
9812,0
9804,0
9797,0
9795,0
9787,0
9779,0
9771,0
9764,0
9755,0
9752,0
9746,0
9745,0
9744,0
9742,0
9733,0
9728,0
9720,0
9712,0
9707,0
9689,0
9681,0
9668,0
9661,0
9657,0
9654,0
9642,0
9641,0
9618,0
9607,0
9606,0
9603,0
9599,0
9590,0
9561,0
9559,0
9557,0
9544,0
9535,0
9527,0
9509,0
9505,0
9489,0
9479,0
9473,0
9465,0
9453,0
9450,0
9445,0
9443,0
9432,0
9423,0
9413,0
9410,0
9408,0
9356,0
9352,0
9332,0
9330,0
9326,0
9324,0
9315,0
9314,0
9299,0
15717,0
9296,0
9290,0
9285,0
9280,0
15694,0
9265,0
9258,0
15674,0
9253,0
9252,0
9242,0
15656,0
2803,0
2800,2
15653,0
9232,0
9217,0
9207,0
9205,0
2771,9
15624,0
9203,0
9201,0
9197,0
9161,0
15581,0
2728,0
9156,0
9155,0
15568,0
9147,0
15563,0
9142,0
9134,0
9133,0
15548,35
2695,0
15545,0
9124,0
9110,0
15528,0
9107,0
9104,0
9100,0
2658,22
15511,0
9090,0
9075,0
9072,0
9065,0
15485,0
9064,0
9053,0
9048,0
15468,0
9047,0
9045,0
15454,0
9031,0
9020,0
15424,0
15417,0
15413,0
2560,0
8978,0
8977,0
15389,0
8962,0
8948,0
15366,0
2513,0
8945,0
15365,0
2512,0
8944,0
8932,0
2496,12
15349,0
2484,22
15337,0
8916,0
15335,0
2482,0
8914,0
15329,0
2476,0
15327,21
2474,0
8906,0
15314,0
2458,17
15311,0
15294,0
8873,0
8866,0
8863,0
15281,11
2428,0
15280,0
8859,0
15278,0
8857,0
2421,37
15274,0
8853,0
8845,0
8836,0
8835,0
2397,11
15250,0
2391,9
15244,0
8823,0
15223,0
2370,0
15220,0
8784,0
8781,0
8780,0
15198,0
8777,0
8757,0
8755,0
15171,0
8748,0
2308,31
15161,0
8734,0
8732,0
15138,0
8717,0
8716,0
8713,0
8711,0
8710,0
2275,20
15128,0
8707,0
8706,0
8705,0
8704,0
21557,0
8699,0
8688,0
21541,0
8685,0
21538,0
8684,0
15104,39
2251,0
8683,33
21536,0
8677,0
8676,0
8666,0
21519,0
8663,0
8656,0
8654,0
8641,0
8638,27
21491,0
21489,35
8636,0
15056,39
2203,0
8629,0
8628,0
8618,0
8613,0
21466,0
15032,0
15031,0
8610,0
15029,0
8608,0
15028,37
2175,0
21460,17
8607,0
8606,0
21455,12
8602,0
2167,17
15020,0
8599,0
21451,36
8598,0
21448,12
8595,0
15013,0
8585,0
21431,36
8578,0
8571,0
14988,0
8567,0
14984,0
21416,30
8563,0
14983,35
2130,0
21415,22
8562,0
14974,0
2121,0
21406,20
8553,0
14967,0
2114,0
8546,0
8544,0
8543,0
14962,30
2109,0
8541,0
21394,0
8540,36
21393,0
8526,0
8514,0
14933,2
2080,0
8512,0
14930,0
21362,15
8509,0
21359,36
8506,0
14923,0
14918,0
2065,0
21350,15
8497,0
21346,35
8493,0
14912,0
14911,0
8489,11
21342,0
14909,0
2056,0
8480,0
21333,0
2047,35
14900,0
8479,0
8478,0
21325,36
8472,0
8453,0
14872,0
14859,0
2006,0
8438,32
21291,0
8435,0
21285,34
8432,0
21281,15
8428,0
8425,20
21278,0
8424,7
21277,0
14828,0
1975,0
21259,22
8406,0
14826,0
8405,0
21254,35
8401,0
21227,12
8374,0
8373,0
14785,0
1932,0
21214,17
8361,0
8359,0
8351,0
8349,0
21202,0
8347,0
8344,34
21197,0
21195,12
8342,0
21175,15
8322,0
8314,0
8309,0
14729,0
8308,0
21140,26
8287,0
14697,0
8276,0
21129,0
8275,22
21128,0
21117,30
8264,0
21112,20
8259,0
8255,0
8246,0
8244,38
21097,0
8240,38
21093,0
8234,0
8225,0
21078,0
14642,0
1789,0
21073,3
8220,0
8217,0
8214,0
21067,0
8212,0
21065,0
8209,0
14626,0
1773,0
8205,0
8199,0
8198,38
21051,0
8197,0
21050,0
8193,0
21046,0
8178,0
21031,0
8177,0
21030,0
8176,0
8167,0
21016,15
8163,0
8138,0
8134,0
20984,12
8131,0
20983,15
8130,0
14547,9
1694,0
8126,0
20972,12
8119,0
8108,0
8106,0
20959,0
1659,4
14512,0
8091,0
8089,0
1653,31
14506,0
20938,17
8085,0
8068,0
8056,36
20909,0
20904,22
8051,0
8050,0
8045,11
20898,0
8039,0
8021,0
8016,9
20869,0
8015,0
20865,38
8012,0
8010,0
14418,0
7997,0
20833,36
7980,0
7979,0
7977,0
14395,0
7974,0
14393,0
20825,36
7972,0
1536,12
14389,0
7968,0
7963,0
20814,12
7961,0
7955,0
7952,0
7942,9
20795,0
7939,0
20792,0
7937,0
20790,0
7935,0
7930,0
7922,12
20775,0
7912,0
7903,0
7897,0
7896,0
14315,0
20747,12
7894,0
1461,35
14314,0
20746,20
7893,0
7891,0
20744,0
7879,0
7876,0
20728,36
7875,0
7874,0
14293,0
1440,0
7872,0
20725,0
7869,0
7864,0
7847,0
7845,9
20698,0
7840,9
20693,0
7839,0
7831,0
7826,36
20679,0
7823,0
20673,20
7820,0
20671,36
7818,0
20669,17
7816,0
7814,0
20667,0
7813,3
20666,0
7810,0
7809,0
20662,0
20650,11
7797,0
1359,31
14212,0
7789,0
7767,0
7757,0
7749,0
1293,19
14146,0
7710,0
7696,0
14099,18
1246,0
20531,36
7678,0
7671,0
14091,35
1238,0
20523,12
7670,0
7669,0
20497,22
7644,0
7643,0
20496,0
7642,0
7639,0
7636,31
20489,0
20488,12
7635,0
20480,17
7627,0
20476,12
7623,0
7611,0
7606,0
20459,0
20457,3
7604,0
20453,39
7600,0
7596,0
20446,36
7593,0
7592,0
20438,12
7585,0
7583,0
7570,0
20419,20
7566,0
7557,0
7552,0
20401,15
7548,0
7541,0
7534,0
20386,15
7533,0
20384,15
7531,0
7518,9
20371,0
20367,30
7514,0
20365,15
7512,0
20363,20
7510,0
20357,12
7504,0
7496,0
7488,9
20341,0
13904,0
20334,15
7481,0
7477,0
7475,0
20328,0
7470,0
20319,20
7466,0
7452,0
1017,20
13870,0
20300,36
7447,0
7442,0
20286,36
7433,0
7427,0
13834,0
7408,0
20261,0
7406,0
20259,0
20247,6
7394,0
7391,0
7386,0
20235,36
7382,0
7379,0
20232,0
20223,36
7370,0
20220,36
7367,0
7363,31
20216,0
7357,0
20210,0
7355,0
7352,0
7344,0
20195,15
7342,0
7337,0
13753,0
7332,0
20176,7
7323,0
7322,0
13735,0
882,0
7314,0
20165,36
7312,0
20112,35
7259,0
7253,0
7247,0
7240,0
13656,0
7225,0
800,0
7220,0
7216,0
780,21
13633,0
791,0
7209,0
758,20
13611,0
7177,0
745,0
7166,0
20019,0
7148,31
20001,0
725,0
722,0
7143,0
714,0
7135,0
7126,0
679,0
13532,0
7100,0
19933,17
7080,0
7074,35
19927,0
7071,0
7066,0
7064,0
7058,0
7047,0
7032,0
7030,0
7029,0
19882,0
19880,3
7027,0
7023,0
7015,0
13435,0
7014,0
19867,0
7013,0
19866,0
19865,12
7012,0
19854,7
7001,0
6981,0
555,0
6976,0
13393,0
551,0
13404,0
6972,0
19823,18
6970,0
6955,6
19808,0
6929,0
6928,3
19781,0
6922,0
19775,0
6917,0
6913,0
19766,0
6894,0
467,0
13320,0
6881,9
19734,0
6874,0
19727,0
13290,0
6869,0
13287,0
6866,0
19719,0
13286,0
13282,0
13281,0
439,0
13292,0
19713,3
6860,0
13280,0
438,0
13291,0
13270,0
6849,3
19702,0
6819,0
13238,0
6817,0
377,0
19651,21
6798,0
19644,7
6791,0
13210,0
19642,22
6789,0
13200,0
352,0
13205,0
13191,7
338,0
349,0
6770,0
13186,0
13185,0
343,0
13196,0
6764,0
13184,0
331,0
342,38
13195,0
13168,0
315,0
13159,0
311,0
6732,0
13151,0
6726,0
304,0
13157,0
19572,4
6719,0
290,0
6709,9
19562,0
6707,0
19560,0
281,0
6702,0
6697,0
13105,0
13103,0
6682,0
13113,21
260,0
6681,7
19534,0
13095,0
242,0
6674,0
249,0
13089,0
236,0
247,0
6660,0
13078,0
225,0
6657,0
19510,0
6647,31
19500,0
13056,0
203,0
214,0
13067,0
13053,0
6632,0
6630,0
19483,0
13043,0
201,37
13054,0
19475,12
6622,0
19448,3
6595,0
6594,7
19447,0
157,0
6578,0
6576,0
6562,0
6561,0
12959,0
6537,0
96,3
12949,0
6528,31
19381,0
6527,0
19380,0
6524,20
19377,0
19374,20
6521,0
86,0
6507,0
19360,0
71,31
12924,0
82,36
12935,0
12917,0
64,0
75,0
6494,0
6483,0
6473,0
42,0
6463,0
6460,0
37,21
12890,0
29,0
6450,0
13,22
12866,0
6445,0
12862,15
9,0
6441,0
19294,0
6438,0
19291,0
12858,0
6437,22
19290,0
12857,0
6436,0
6434,0
12848,0
19280,18
6427,0
12806,0
6385,6
19238,0
12803,0
6382,0
12797,0
6376,0
6375,0
6373,0
6372,0
6368,0
6361,0
12774,0
6353,0
6350,0
6348,0
12767,0
6346,0
19199,0
6341,0
12761,0
6340,0
19193,0
6337,0
6335,0
19170,12
6317,0
6315,0
12732,0
12714,0
12703,0
6282,0
6278,0
12698,0
6277,0
12694,0
12692,0
12688,0
6267,0
12685,0
6264,0
6248,7
19101,0
6244,21
19097,0
12661,0
12655,0
6234,22
19087,0
12654,0
12648,0
12646,0
6225,0
12644,0
12641,0
6220,0
19073,0
12639,0
6218,0
6217,0
12636,0
6215,0
6214,0
6208,0
12620,0
6189,0
19042,0
12608,0
12605,0
6184,0
19037,0
12602,0
12599,0
6178,0
6177,0
6169,0
19022,0
6137,0
18988,3
6135,0
12555,0
6128,0
12546,0
6125,0
6124,0
12534,0
6113,0
6106,0
12524,0
12523,0
12517,0
12515,0
6092,3
18945,0
12512,0
6091,0
18944,0
12509,0
12507,0
6086,0
6085,0
18938,0
12504,0
6083,0
12503,0
6082,0
12488,0
6067,0
18920,0
6063,0
6060,0
6058,0
12472,0
6051,20
18904,0
12469,0
12468,0
12464,0
6035,37
18888,0
6034,0
12454,0
6027,0
6025,0
12441,0
6020,0
18873,0
12435,0
6014,36
18867,0
5998,34
18851,0
5985,0
12398,0
12394,0
12390,0
18811,26
5958,0
5937,0
12355,0
5934,0
5930,12
18783,0
12340,0
12333,0
5912,35
18765,0
5909,0
5905,0
5901,35
18754,0
12321,0
5900,0
12316,0
5889,0
12309,0
5888,0
5887,0
5886,0
18739,0
18732,12
5879,0
18721,12
5868,0
5858,0
5854,0
12270,0
5849,0
5842,0
12260,0
5839,0
5835,0
18688,0
5830,0
5827,0
5826,0
5819,0
5818,0
12236,0
5815,0
5810,38
18663,0
12229,0
5808,0
12221,0
5800,0
12219,0
5798,0
12213,0
5792,0
5789,0
5767,0
12171,0
5740,0
5739,0
18592,0
12159,0
5727,0
5724,0
18577,0
5719,0
12138,0
5717,0
18570,0
5713,0
18566,0
12133,0
5712,2
18565,0
12132,0
5711,0
18564,0
12131,0
18563,30
5710,0
12127,0
5706,0
12122,0
5701,31
18554,0
5692,0
5690,0
5689,0
5684,0
12101,0
5675,0
12093,0
5672,0
5667,0
18520,0
12084,0
5660,0
12080,0
5659,0
5655,0
12068,0
18497,13
5644,0
5641,0
12050,0
12048,0
5627,0
5617,20
18470,0
5615,0
5611,0
18464,0
5609,18
18462,0
12024,0
5603,9
18456,0
5602,20
18455,0
5598,0
12016,0
5595,20
18448,0
5592,7
18445,0
5585,0
18438,0
11997,0
5576,7
18429,0
11996,0
5567,0
18420,0
5566,7
18419,0
5565,12
18418,0
5564,0
5563,0
11982,0
5561,0
5559,0
11979,0
5558,0
5554,0
18407,0
5544,7
18397,0
11958,0
5537,31
18390,0
11953,0
5532,19
18385,0
5530,21
18383,0
5522,31
18375,0
11941,0
5520,0
5517,0
5508,0
5505,0
11923,0
11920,0
5499,0
18352,0
11916,0
5495,12
18348,0
11913,0
5491,0
5485,0
5483,12
18336,0
18334,3
5481,0
5477,0
5475,20
18328,0
11891,0
5470,0
18323,0
5465,0
5453,0
18300,3
5447,0
5429,0
11847,0
5423,2
18276,0
5421,0
11832,0
5411,0
11831,0
5410,0
5400,0
18253,0
5398,0
11817,0
5394,0
5392,0
11811,0
5390,0
18243,0
5388,0
5382,0
5379,0
11798,0
5363,0
5360,0
11771,0
5350,0
5349,0
11767,0
5345,0
11763,0
5335,0
18188,0
5334,0
18187,0
11753,0
5332,0
11751,0
5330,0
5328,0
5323,0
18176,0
5309,0
5303,0
18152,35
5299,0
5297,12
18150,0
11717,0
5296,31
18149,0
11714,0
5291,0
5288,0
11708,0
5287,0
11707,0
5286,0
5281,0
5278,0
5274,0
5273,0
5272,0
5270,0
5269,0
5260,0
18109,6
5256,0
5255,0
18108,0
5253,0
11665,0
5244,0
11664,0
18096,15
5243,0
11661,0
5240,0
18093,0
5238,0
11658,0
5237,0
5235,0
5234,0
5226,0
18079,0
5222,0
18075,0
5220,0
5214,0
18065,35
5212,0
5210,0
5207,0
5205,0
5201,0
18048,36
5195,0
5194,0
5192,0
5191,0
5190,0
5188,0
5183,0
18036,0
5177,0
11597,0
5176,0
18029,0
18028,35
5175,0
5172,0
5171,0
5167,0
5160,0
5148,0
18001,0
5141,0
5139,0
11555,0
5134,0
5128,7
17981,0
5126,0
17979,0
11546,0
5125,0
17978,0
11539,0
5118,0
17967,20
5114,0
11523,0
5102,0
5097,0
17950,0
5095,7
17948,0
11515,0
5094,0
5090,19
17943,0
11507,0
11506,0
11505,0
5081,0
11498,0
5077,18
17930,0
11492,0
5071,0
5070,0
17923,0
5060,0
5058,0
17911,0
5054,9
17907,0
5053,9
17906,0
11465,0
5044,3
17897,0
11464,0
5043,21
17896,0
11455,0
5034,17
17887,0
11450,0
5021,9
17874,0
11441,0
5020,0
17873,0
5013,21
17866,0
5002,0
4987,0
4983,0
11402,0
17834,12
4981,0
11386,0
4965,0
11377,0
11373,0
4952,0
11362,0
4941,0
4933,0
4922,0
17775,0
4910,0
17763,0
11324,0
4903,0
11322,0
17753,19
4900,0
11315,0
4894,0
11314,0
4893,0
17746,0
4890,0
4867,0
11271,0
17703,30
4850,0
4848,0
17701,0
11256,0
4835,0
17688,0
4824,0
17677,0
11242,0
4821,9
17674,0
11241,0
11239,0
4818,0
17671,0
11237,0
4816,0
11233,0
11228,0
17660,12
4807,0
4806,0
17659,0
17651,3
4798,0
4796,0
4795,0
4785,0
11202,0
4781,0
4779,0
17632,0
4776,0
4773,0
4768,0
11177,0
4756,0
4755,0
4751,0
11166,0
11163,0
4742,0
17595,0
4717,0
4714,0
11134,0
4713,0
11133,0
4712,0
4711,0
4708,0
11113,0
17545,12
4692,0
17543,12
4690,0
4689,0
4687,0
17540,0
11100,0
4679,0
11087,0
4666,0
17519,0
4665,0
17518,0
4662,0
4657,0
4654,0
17507,0
11065,0
4644,0
4640,0
11059,0
4638,0
17491,0
4634,0
4625,0
17478,0
11043,0
4622,0
4621,0
4606,0
4605,0
11025,0
4604,0
17457,0
4603,0
4600,0
4595,0
17448,0
4593,0
17446,0
4592,0
4591,0
11007,0
4583,11
17436,0
4579,0
17432,0
4576,0
17429,0
4555,0
17408,0
4552,0
17405,0
10962,0
4541,0
4537,0
4536,0
17389,0
4524,0
4513,0
4510,0
4507,0
4493,0
17346,0
10902,0
4481,0
17334,0
4477,3
17330,0
4476,22
17329,0
4465,0
17318,0
4458,0
17311,0
4453,0
17306,0
10873,0
4452,31
17305,0
4451,37
17304,0
10860,0
4439,31
17292,0
4438,37
17291,0
4436,0
17289,0
4425,0
4407,0
17260,0
10826,0
4405,0
17258,0
4398,9
17251,0
4397,9
17250,0
10809,0
4388,9
17241,0
4386,0
17239,0
4371,0
17224,0
4370,20
17223,0
10790,0
4369,0
10787,0
4366,0
10786,0
4365,0
4364,0
10779,0
10774,0
4353,21
17206,0
10768,0
4346,39
17199,0
4345,0
4343,0
17196,0
10760,0
4339,0
4333,0
17186,0
10744,0
4323,0
4318,35
17171,0
10734,0
4313,31
17166,0
4310,0
17163,0
4301,0
17154,0
4297,0
4286,0
4276,35
17129,0
10688,0
4267,0
10682,0
4259,0
10678,0
10674,0
4249,0
17102,0
4246,0
17099,0
4245,9
17098,0
10662,0
10661,0
4238,0
17091,0
4237,0
4231,0
17084,0
4229,0
17082,0
4228,9
17081,0
4215,0
4205,11
17058,0
10625,0
4204,0
4199,0
17052,0
4193,0
10613,0
4192,0
17035,20
4182,0
17031,36
4178,0
10596,0
4175,0
17028,0
10594,0
4173,0
4170,0
17023,0
10590,0
4167,0
10586,0
4165,0
10581,0
4160,0
4159,0
17012,0
4156,0
4153,0
17005,34
4152,0
4146,0
10566,0
4145,0
16992,4
4139,0
4129,0
4122,0
16975,0
10541,0
4120,0
16973,0
4117,0
16970,0
4115,6
16968,0
4113,0
16966,0
4105,0
4103,0
4096,0
10515,0
4091,0
10509,0
4088,0
16941,0
10505,0
4084,0
4081,0
4080,0
4075,0
4074,0
4067,0
4066,0
16918,39
4065,0
16916,12
4063,0
4061,0
4048,0
4041,0
4036,0
16888,17
4035,0
16886,39
4033,0
10449,0
4028,0
4027,0
10447,0
4026,0
10446,0
797,0
7218,0
20071,0
4015,39
16868,0
3999,3
16852,0
10418,0
3997,0
16850,0
7196,0
10414,0
3991,0
7192,7
20045,0
16838,9
3985,0
764,0
7185,31
20038,0
10403,0
16835,9
3982,0
3980,0
16833,0
10394,0
3973,0
16826,0
7161,0
3958,21
16811,0
736,0
7155,11
20008,0
7136,0
19989,0
10354,0
7133,35
19986,0
3930,0
16783,0
7129,0
19982,0
10347,0
3926,0
16779,0
7119,0
3916,0
7115,7
19968,0
3912,0
690,9
13543,0
7111,0
19964,0
3908,0
16761,0
10313,0
3892,0
16745,0
3886,0
16739,0
7087,0
3884,11
16737,0
3879,0
7077,9
19930,0
3873,0
16726,0
7075,0
7073,0
10291,0
3870,20
16723,0
7070,0
7068,0
3865,2
16718,0
7067,0
16717,37
3864,0
3858,9
16711,0
7060,31
19913,0
3857,31
16710,0
3853,20
16706,0
7049,0
19902,0
3846,0
7046,0
10264,0
3843,0
3841,0
10261,0
13462,0
7041,0
3838,0
3830,0
7031,0
3828,0
16681,0
16678,31
3825,0
7024,0
3821,0
7020,0
10238,0
3801,20
16654,0
7003,13
19856,0
16653,9
3800,0
3797,3
16650,0
3796,0
16649,0
6998,0
10216,0
16648,26
3795,0
6996,0
10214,0
3793,0
16646,0
6995,0
10213,0
3792,0
16645,0
6993,0
10209,0
10208,0
6985,0
3777,0
16630,0
16628,36
3775,0
10192,0
3768,7
16621,0
544,0
6965,0
559,0
10183,0
16615,15
3762,0
3759,0
6961,0
3758,0
16611,0
6975,6
19828,0
552,0
3743,0
6939,0
518,0
3721,22
16574,0
3720,0
6920,0
19773,0
19788,11
6935,0
3717,0
16570,0
498,0
10122,0
16554,22
3701,0
6884,0
19737,0
478,0
10102,0
3681,0
470,0
3673,0
6872,0
6887,0
10090,0
464,0
10088,0
6852,0
13271,0
6850,20
19703,0
10068,0
10061,0
3640,0
16493,0
13261,0
408,0
3637,7
16490,0
405,31
13258,0
416,0
13269,0
6837,7
19690,0
10052,0
10041,0
16472,9
3619,0
13236,0
6815,0
13251,0
409,0
13262,0
3612,0
16465,0
13244,0
6797,11
19650,0
10015,0
3594,0
3589,0
16442,0
6788,0
10000,0
16432,7
3579,0
374,0
3577,0
16430,0
366,0
13188,0
13199,11
346,0
6767,0
13214,17
361,0
16417,35
3564,0
6762,0
356,0
3559,0
6757,0
9975,0
3554,0
16407,0
9974,0
3553,0
16395,3
3542,0
13180,0
16394,31
3541,0
6737,0
6752,0
3534,0
330,0
9954,0
16386,12
3533,0
13144,0
302,0
6723,0
9941,0
3520,0
13116,0
6695,0
3492,0
13115,0
273,0
13126,0
6694,0
9912,0
3491,0
3490,0
16343,0
9909,0
3488,0
9884,0
3463,0
16316,0
3461,0
16314,0
6659,0
19512,0
6655,0
3452,0
246,0
3449,0
13062,0
220,0
3438,0
6638,11
19491,0
6653,11
19506,0
16288,31
3435,0
3425,0
16278,0
6623,0
9841,0
3420,0
19474,21
6621,0
6619,0
213,0
3415,0
191,0
6612,0
3409,0
16262,0
3399,0
16252,0
3389,0
6581,0
9799,0
3378,0
12996,3
143,0
13011,0
3372,0
16225,0
9792,0
3371,0
3367,0
135,3
12988,0
6556,0
19409,0
16206,12
3353,0
3352,0
12981,0
128,0
9763,0
3342,0
16195,0
124,0
3309,0
66,37
12919,0
19351,3
6498,0
3295,0
16148,0
12910,0
68,0
3271,0
3266,0
16119,0
12900,0
47,0
58,0
3261,0
12875,0
22,0
6454,36
19307,0
3251,0
12888,0
46,0
3249,0
12853,0
6432,0
19285,0
12846,0
6425,0
3222,0
16075,0
19267,21
6414,0
3211,0
12834,0
6413,0
16063,6
3210,0
9615,0
3194,0
16045,17
3192,0
3189,0
3187,0
3184,4
16037,0
3180,0
3157,0
6358,0
3155,0
3154,0
3153,0
16006,0
6352,0
9570,0
3149,0
9560,0
3139,0
15984,21
3131,0
12752,0
6331,0
9549,0
15981,19
3128,0
3118,0
3115,0
15968,0
9532,0
3111,0
15964,0
3110,0
15963,0
12731,0
6310,20
19163,0
3107,0
15960,0
9526,0
3105,0
3104,0
3100,0
6301,0
3098,0
15951,0
12716,0
3092,0
3086,0
15939,0
12697,0
6276,0
3073,0
12696,0
6275,9
19128,0
3072,0
15925,0
6274,12
19127,0
3071,0
15924,0
3069,0
9488,0
15920,4
3067,0
3062,0
3056,0
15909,0
9472,0
3051,0
15901,9
3048,0
3047,0
15900,0
3040,0
3039,0
15892,0
3038,0
15889,15
3036,0
3034,0
12652,0
15881,12
3028,0
3023,0
15876,0
9437,0
3016,0
9434,0
9431,0
3010,0
12632,0
3008,0
15861,0
3007,0
12623,0
6202,0
2999,0
6201,0
15851,7
2998,0
2995,0
9415,0
9414,0
2990,0
6188,0
19041,0
2985,0
15838,0
2983,0
9403,0
2982,0
6180,3
19033,0
9398,0
2977,0
2973,0
9392,0
2971,0
12594,0
15823,37
2970,0
15821,30
2968,0
2965,0
9383,0
2959,0
15808,3
2955,0
6157,0
2954,0
15807,0
2950,0
15803,0
2933,0
2930,0
9349,0
9348,0
2927,0
15780,0
12550,0
2926,0
6121,0
12540,0
6119,0
15769,21
2916,0
9336,0
2915,9
15768,0
9328,0
2907,0
2902,0
6090,0
2887,0
6075,0
9293,0
2872,0
9288,0
2867,0
9279,0
2858,0
12480,0
6059,0
15698,0
9277,0
6056,0
2853,0
6054,0
9272,0
15704,19
2851,0
9271,0
2847,0
6042,21
18895,0
12462,0
15680,15
2827,0
9259,0
2838,0
15691,0
15675,0
2833,0
6030,0
6023,0
9239,0
2818,0
6018,0
15668,19
2815,0
15641,0
9220,0
2799,0
2793,0
2792,0
12415,0
2791,0
15629,0
9208,0
12407,0
5986,0
9204,0
18828,7
5975,0
5972,0
9190,0
2757,37
15610,0
2768,0
15621,0
12389,0
2754,17
15607,0
2765,0
2764,0
15617,0
2752,12
15605,0
9184,0
12386,0
5965,0
2762,0
5964,0
9182,0
15602,0
9181,0
15613,37
2760,0
5955,0
12375,0
5954,0
18807,0
15593,0
9172,0
5951,0
15590,12
2737,0
2746,0
5945,0
15584,0
9163,0
15579,0
9158,0
5932,0
2718,17
15571,0
2729,0
15560,0
9139,0
2711,0
5898,12
18751,0
12315,0
2688,0
5875,0
18728,0
2672,0
9087,0
2666,0
15501,0
2648,0
15494,0
2652,0
9069,0
18703,12
5850,0
2647,0
5848,0
9059,0
2638,0
2635,0
15453,0
9032,0
15451,0
2609,0
15462,0
12226,0
18658,26
5805,0
2602,17
15455,0
15438,0
2585,0
2596,0
9015,0
5796,0
9014,0
2593,12
15446,0
9012,0
2591,0
18646,30
5793,0
2579,31
15432,0
12209,0
5788,0
15427,13
2574,0
12208,0
5787,0
2584,0
2578,0
12201,0
5780,0
8998,0
8991,0
2570,0
15411,0
2558,0
2569,0
15409,0
5765,0
2551,3
15404,0
8982,0
5762,0
2559,0
15400,0
12179,0
15397,0
2544,0
12178,0
2543,3
15396,0
8975,0
2554,0
5756,0
2550,0
12172,0
5751,0
18604,0
2546,0
15386,0
5746,0
18599,0
12164,0
5743,0
8961,0
5742,0
18595,0
2532,0
5734,0
2531,0
15384,0
2530,0
12152,0
2528,0
2520,0
8933,0
5686,0
18539,0
15325,0
8903,0
5678,11
18531,0
2475,0
5677,12
18530,0
8895,0
5671,0
15310,0
15321,15
2468,0
8880,0
5643,0
8861,0
2435,0
12053,0
8850,0
8849,0
15263,0
2410,0
2419,0
15253,0
8830,0
15247,30
2394,0
2386,7
15239,0
15227,0
2374,0
8806,0
2385,0
5586,0
2383,0
12003,0
5582,12
18435,0
2379,0
5579,0
18432,0
2376,0
8778,0
8771,0
8768,0
8765,0
8760,0
11961,0
15179,0
2326,0
8756,0
8747,0
5526,0
2323,0
5523,0
18376,0
2310,0
11932,0
5511,0
15149,0
8728,0
2307,0
11915,0
8696,0
11895,0
5474,0
8692,0
2271,0
11894,0
18326,12
5473,0
2259,31
15112,0
11893,0
5472,0
15111,0
11892,0
5471,0
15110,0
2257,0
8689,0
2268,3
15121,0
5469,0
8686,0
21539,0
15118,31
2265,0
8681,0
2260,0
8678,0
18309,37
5456,0
15095,0
8674,0
18308,21
5455,0
18307,17
5454,0
15093,0
2240,0
8672,0
11873,0
2238,31
15091,0
8670,0
21523,0
8668,13
21521,0
2247,0
2246,0
11864,0
5443,0
18296,0
15082,0
8661,0
11863,0
2239,0
11862,0
18294,12
5441,0
11861,0
5440,0
8658,0
15078,11
2225,0
11858,0
2231,0
2228,0
15067,0
11843,0
15061,0
11837,0
15055,0
2202,0
11830,0
5409,0
15048,0
2206,0
11829,0
5408,0
15045,0
8624,0
21477,0
8623,0
15038,0
8615,0
6982,0
10200,0
3779,0
5385,0
18238,0
15024,0
8603,0
15017,0
10191,0
5376,0
18229,0
547,0
6968,0
562,0
5371,0
2168,0
21441,22
8588,0
3760,0
11787,0
5366,0
15005,0
532,0
6953,0
10171,0
6952,0
10155,0
5340,0
21411,3
8558,0
2137,0
2108,0
486,0
6907,2
19760,0
3704,0
14960,12
2107,0
8518,0
21371,0
2097,0
5295,2
18148,0
8513,0
8510,11
21363,0
14921,0
5276,0
5268,0
14907,0
2054,0
423,31
13276,0
6855,0
3652,0
16505,0
11679,0
5258,0
18111,0
8475,0
13284,0
6863,0
442,0
3645,0
436,0
13265,0
6844,0
19697,0
3626,20
16479,0
19681,18
6828,0
16478,15
3625,0
21302,36
8449,0
2028,7
14881,0
8448,0
21301,0
2027,0
6841,0
16476,12
3623,0
3622,0
16475,0
5228,0
14867,0
2025,0
3609,0
18068,35
5215,0
14854,0
2001,0
13231,0
378,0
6810,0
19663,0
3607,0
16460,0
2010,0
10018,0
3597,0
16450,0
5203,0
14842,0
2000,0
3592,0
8416,0
1995,0
8415,0
1994,0
362,0
1983,0
5168,0
354,0
9978,0
1960,0
6748,0
3545,7
16398,0
1948,0
6734,0
9952,0
3531,0
21208,20
8355,0
1934,0
1933,0
323,0
3526,0
11553,0
5132,0
14771,0
1918,0
1929,0
14755,36
1902,0
8334,0
21187,0
1913,0
6712,0
3509,0
13142,0
6721,0
5115,0
17968,0
6710,0
9928,0
16360,36
3507,0
5113,0
8331,0
1910,0
6689,0
9907,0
3486,13
16339,0
5092,0
1889,0
6686,31
19539,0
3483,0
16336,0
1886,0
14739,0
259,0
3477,0
11504,0
1880,0
3469,0
21146,15
8293,0
237,0
13090,0
6658,0
19511,0
3455,0
1858,0
8269,9
21122,0
1848,0
14689,0
1836,0
3442,0
248,0
1845,0
5042,0
1839,0
1815,0
1809,0
13024,0
6603,0
3400,0
8224,0
21077,0
8222,0
1801,0
13019,0
166,0
19451,3
6598,0
3395,0
5001,0
1798,0
14629,0
1787,0
11393,0
4972,21
17825,0
3364,0
4970,0
17823,0
152,31
13005,0
6573,20
19426,0
3332,0
16185,0
12980,0
127,0
6559,0
19412,0
17791,7
4938,0
1735,0
134,0
12987,0
14573,0
1731,0
3320,0
16173,0
111,0
3329,0
6547,0
1723,0
9734,0
3313,0
16166,0
14558,0
8137,0
11335,0
1711,0
6506,9
19359,0
3303,0
6515,0
19368,0
109,0
12962,0
6488,0
19341,0
9706,0
3285,0
8109,0
1688,0
12912,0
59,0
6491,35
19344,0
8103,0
1682,0
6478,31
19331,0
3275,0
6502,0
81,0
4881,0
20947,7
8094,0
1673,0
12898,35
45,0
3263,0
8087,0
1666,0
12878,0
9675,0
3254,31
16107,0
14499,0
1657,0
38,30
12891,0
49,0
3252,0
12883,0
4841,0
17694,0
6428,0
3225,0
1628,0
9644,0
3223,3
16076,0
4829,0
17682,0
1626,0
12843,0
1,0
6422,0
9640,0
3219,0
1622,0
6420,21
19273,0
9638,0
23,0
1620,0
6419,31
19272,0
9637,0
3216,0
8040,0
20893,0
1619,0
6410,0
19263,0
9628,0
3207,0
12851,0
6430,0
19283,0
11230,0
4809,0
1606,0
12823,0
6402,0
19255,0
3199,0
16052,0
9619,0
3198,0
11225,0
4804,0
8022,0
1601,0
6407,0
3204,0
11222,0
14440,0
1598,0
9604,0
3183,0
8007,0
14423,0
16029,3
3176,0
8000,0
1579,0
11196,0
1572,0
12790,0
6369,0
3166,0
11193,0
4772,0
17625,0
11192,0
4771,0
16016,21
3163,0
11190,0
4769,0
17622,0
20837,15
7984,0
1563,0
4765,7
17618,0
20836,36
7983,0
1562,0
1550,0
7967,0
20817,37
7964,0
4744,0
17597,0
7962,0
11161,0
4740,0
17593,0
7958,31
20811,0
1537,0
1535,0
1526,0
9538,0
15970,18
3117,0
1520,0
6306,37
19159,0
3103,0
15956,0
1506,0
12701,0
15930,9
3077,0
7901,0
1480,0
7899,0
1478,0
1460,35
14313,0
7888,0
9484,0
3063,0
4664,0
4660,6
17513,0
4659,0
1445,22
14298,0
7877,0
1456,0
7873,0
15899,12
3046,0
7870,0
12667,0
6246,0
3043,0
15896,0
11070,0
4649,0
17502,0
7867,0
4648,0
7866,31
20719,0
7865,0
1444,0
14282,31
1429,0
4641,0
17494,0
4637,0
20708,20
7855,0
1434,0
15879,4
3026,0
4632,0
15878,31
3025,0
14270,0
11051,0
4630,0
7848,0
1427,0
4623,0
4617,0
17470,0
1414,0
3009,0
4615,0
1412,0
1409,0
4610,30
17463,0
1407,0
3003,0
11030,0
4609,0
17462,0
1406,0
3001,0
15854,0
7825,0
1391,0
1387,0
15832,15
2979,0
4585,0
4584,0
12600,0
2976,0
15829,0
4581,22
17434,0
1367,7
14220,0
7796,0
2964,0
15817,0
6166,0
2963,13
15816,0
9382,0
6163,0
2958,0
15811,0
1361,0
1360,0
2936,0
1339,0
2917,0
10944,0
4519,0
17372,0
7737,0
1316,0
1301,39
14154,0
20586,7
7733,0
1312,0
1308,0
2897,0
1300,0
1292,0
4488,0
17341,0
9302,0
2881,0
15715,15
2862,0
9294,0
1276,0
20546,39
7693,0
1272,0
1269,0
6065,0
9283,0
7686,0
1260,0
7673,0
1252,0
4454,0
7672,0
20525,0
10867,0
1243,0
4437,0
7650,0
9246,0
4431,0
17284,0
1228,0
4429,0
17282,0
7647,0
1226,0
15655,31
2802,0
9234,0
9230,0
1212,0
7632,0
20485,0
1211,0
6010,35
18863,0
1210,0
10833,0
1209,0
10832,0
4411,3
17264,0
7629,0
1208,0
6000,0
15639,0
9218,0
7621,21
20474,0
20471,12
7618,0
1197,0
1193,0
9210,0
1192,0
9206,0
2785,0
7609,0
4385,20
17238,0
7603,0
1182,0
4380,31
17233,0
14012,0
1159,0
5960,0
10784,0
4363,20
17216,0
12378,0
5957,0
18810,0
15596,0
9175,0
10781,0
4360,0
7577,0
1156,0
1152,0
7569,0
1148,0
12368,0
5947,0
9165,0
20421,37
7568,0
4341,20
17194,0
4340,0
7558,0
7555,0
5925,7
18778,0
10749,0
4328,0
10748,0
4327,0
17180,0
13966,0
314,0
11544,0
5123,0
1920,0
15562,0
7544,0
1123,0
1919,0
20392,22
7539,0
15556,0
9135,0
11526,0
5105,21
17958,0
13946,0
1104,0
4306,0
1103,0
5902,0
2699,0
1102,0
1897,0
4303,0
17156,0
20374,20
7521,0
1100,0
279,0
9903,0
3482,0
8306,0
1885,0
1088,0
10709,0
1085,0
15523,0
9102,0
2681,0
1082,0
256,0
6677,0
3474,0
16327,0
5080,0
17933,0
14719,0
8298,0
12301,0
5880,0
9098,0
2677,0
7501,0
20353,35
7500,0
1079,0
1077,0
1871,0
2671,0
4277,0
7495,7
20348,0
1074,0
1072,0
1071,0
3460,0
1863,0
9880,0
3459,0
16312,0
1862,0
14715,0
9081,0
2660,0
10687,0
4266,0
20337,36
7484,0
9867,0
16299,12
3446,0
5052,0
8270,35
21123,0
10676,0
4255,0
1052,0
7468,21
20321,0
11461,0
5040,0
14679,0
8258,0
15479,0
2637,0
1040,0
1036,0
4235,0
13874,0
7453,0
1032,0
10648,0
4227,0
17080,0
1024,0
199,0
13052,0
6620,12
19473,0
3417,3
16270,0
2620,0
1023,0
10644,0
4223,0
17076,0
1020,0
6616,0
9834,0
16266,35
3413,0
1816,0
1019,0
10640,0
7437,0
1016,0
4218,13
17071,0
1015,0
1013,0
15448,0
10633,0
4212,0
7424,0
176,0
19450,7
6597,0
3394,3
16247,0
6609,12
19462,0
13045,0
20274,12
7421,0
1000,0
10622,0
4201,0
17054,0
183,12
13036,0
194,0
10615,0
991,0
162,0
6583,0
3380,0
16233,0
8204,0
15425,0
2583,0
10610,0
4189,12
17042,0
7407,0
16234,15
3381,0
3390,0
984,0
5783,0
983,0
185,0
12203,0
5782,0
2568,35
15421,0
982,0
978,0
11397,0
4976,0
17829,0
1771,0
974,0
15410,0
4174,0
17027,0
971,0
5769,0
8987,0
2566,0
10593,0
17025,3
4172,0
969,0
21039,4
8186,0
2565,0
5708,0
2505,0
4111,0
16964,0
908,0
20968,37
8115,0
10521,0
4100,13
16953,0
13739,0
7318,0
897,0
6493,0
12929,0
87,9
12940,0
3290,26
16143,0
8114,0
1693,0
4099,0
16952,0
896,0
7310,0
889,0
8102,0
4887,0
8105,0
884,0
9697,0
3276,0
10506,0
4085,0
2470,0
13715,0
873,0
3264,28
16117,0
8088,0
12091,0
5670,0
18523,0
15309,0
2467,0
870,0
16922,2
4069,0
20140,12
7287,0
857,0
8069,0
20922,0
4054,0
10473,0
4052,0
4051,0
14476,0
1623,0
8055,0
1634,0
3243,11
16096,0
6461,0
8855,0
2434,0
7234,0
20087,0
16884,9
4031,0
3205,0
11232,0
4811,0
8029,0
7217,0
811,0
5597,0
4000,17
16853,0
5593,0
2390,0
778,0
7199,0
793,0
4791,12
17644,0
1588,0
5583,0
18436,0
768,0
16837,9
3984,0
11201,0
4780,0
17633,0
9582,0
20838,12
7985,0
10391,0
3970,0
7168,18
20021,0
13615,35
762,0
7975,0
16813,35
3960,0
757,0
16810,15
3957,0
754,0
9563,0
3142,0
15995,0
4748,32
17601,0
7966,0
733,0
7154,0
16804,22
3951,0
5545,39
18398,0
11962,0
5541,0
18394,0
16792,31
3939,0
10358,0
3937,0
718,0
20803,12
7950,0
5525,0
18378,0
3928,0
19983,18
7130,0
724,0
20793,20
7940,0
1519,0
707,0
7128,36
19981,0
703,0
7124,0
6312,0
3109,0
14354,0
1512,0
15154,0
2301,0
2312,0
3918,0
5507,0
18360,0
15146,0
8725,0
5506,0
3909,22
16762,0
8722,0
21575,0
7110,0
19963,0
704,0
1500,0
13530,0
677,0
688,0
7109,18
19962,0
3096,0
15949,0
1499,0
9515,0
3094,0
11121,0
4700,0
20771,12
7918,0
2297,0
10324,0
19957,20
7104,0
15944,36
3091,0
11118,0
4697,0
10321,0
697,0
9510,0
3089,0
4695,0
3898,0
7099,0
3085,0
17544,11
4691,0
1488,0
7097,0
19950,0
10315,0
3894,20
16747,0
6283,35
19136,0
15933,31
3080,0
11107,0
4686,0
1483,0
7107,0
3888,0
685,0
7090,0
19943,0
684,0
7088,0
682,0
1477,0
7085,0
146,0
16202,15
3349,0
17808,36
4955,0
5755,0
15394,0
955,0
9373,0
2952,0
5358,0
543,0
6964,0
558,0
12173,0
5752,38
18605,0
15391,0
2538,0
952,0
7771,0
20624,0
1350,0
16600,11
3747,0
553,0
11773,0
18205,3
5352,0
8569,0
2148,22
15001,0
6957,0
19810,0
7765,0
20618,0
1343,0
6943,0
19796,0
7763,0
6951,0
3748,0
14177,0
1335,0
6944,0
15777,21
2924,0
2923,0
14168,9
1315,0
20600,17
7747,0
505,0
6926,0
3723,0
14968,15
2115,0
8547,0
6546,0
125,3
12978,0
104,0
6525,0
19378,0
113,0
6534,12
19387,0
8943,0
2522,0
925,0
19787,7
6934,0
2912,0
4518,0
7736,0
5318,0
14957,0
14156,0
1303,0
6914,0
19767,0
3711,0
12532,0
6111,0
10129,0
16561,20
3708,0
504,0
10128,0
3707,0
11734,0
1306,0
6930,0
6101,0
2898,0
4504,17
17357,0
7722,0
11725,0
8113,0
83,0
4098,0
12514,0
6093,0
3699,0
4494,35
17347,0
3688,0
489,0
1264,0
13285,0
2064,0
6873,0
7684,0
1263,0
3660,0
16513,0
1658,0
18514,13
5661,0
4064,0
16917,0
7679,0
20532,0
14485,0
20917,3
8064,0
13688,0
835,0
2843,0
6846,0
19699,0
16496,11
3643,0
14888,0
8467,0
2046,0
3241,0
16094,0
27,12
12880,0
4038,0
6433,0
19286,0
13266,0
424,0
817,0
5620,0
7226,36
20079,0
820,0
10841,0
4420,21
17273,0
1217,0
12424,0
6003,0
1203,0
393,0
16449,18
3596,0
10822,0
4401,0
17254,0
6807,0
10025,0
3604,35
16457,0
13243,0
390,0
6384,0
3181,0
16843,6
3990,0
787,0
6802,31
19655,0
381,0
16437,9
3584,0
13232,6
379,0
6811,0
19664,0
15623,0
9202,0
10808,0
7605,0
20458,0
1184,0
387,0
1575,0
15217,0
8796,0
2375,0
7184,21
20037,0
9196,0
2775,0
6778,0
372,0
13225,0
12397,0
9194,0
13197,0
3573,0
13206,3
353,0
369,0
3572,0
11599,0
5178,0
8396,0
6784,0
6371,0
16021,3
3168,0
1571,0
15213,0
2371,0
10398,0
12395,0
5974,0
9192,0
16424,36
3571,0
5573,7
18426,0
8791,0
1971,0
4372,12
17225,0
1169,0
2365,0
3971,12
16824,0
3565,0
9984,0
3563,0
1966,0
9171,0
1153,0
16400,21
3547,0
9977,0
3556,0
16409,0
8370,0
1949,0
6758,0
5543,20
18396,0
8761,0
7149,0
10367,0
16392,9
3539,0
13187,0
334,0
345,0
9550,0
3129,0
11156,0
4735,0
5535,19
18388,0
4338,0
17191,0
10355,0
3934,26
16787,0
6731,0
3528,0
6740,0
5127,0
17980,0
1924,0
10338,0
3917,9
16770,0
293,0
6714,0
3511,0
8730,0
14751,31
1898,0
1909,0
12332,0
15550,0
13950,0
7529,0
20382,0
6708,11
19561,0
9926,0
3505,0
3514,0
16367,0
3095,0
14340,0
1498,0
4304,30
17157,0
1493,0
7102,0
19955,0
696,0
284,0
13141,0
299,0
3472,0
1875,0
6687,31
19540,0
867,0
5870,0
9088,0
10694,0
3256,0
20927,17
8074,0
9680,0
3259,0
16112,0
6477,0
56,0
4056,0
16909,0
853,0
6471,0
50,0
9674,0
3253,0
1656,0
12886,0
6465,11
19318,0
441,0
6877,0
6665,0
1842,0
18686,4
5833,0
9051,0
16283,22
3430,0
1029,0
12243,0
5822,0
1022,0
3405,0
16258,0
1808,0
15450,0
10831,0
4410,0
1207,0
13237,0
6816,0
5807,0
18660,0
9025,0
7428,0
3603,0
18062,37
5209,0
8427,0
1996,0
3396,0
995,0
13025,0
3587,0
1990,0
14843,0
4993,0
1790,0
6794,31
19647,0
3382,0
8206,0
1785,0
14805,0
1963,0
4963,0
17816,0
1760,0
9781,0
3360,0
16213,0
21037,35
8184,0
13008,0
963,0
11385,0
1761,0
20234,35
7381,0
960,0
9573,0
3152,0
16005,0
16814,35
3961,0
1158,0
2951,0
15804,0
3751,0
16604,0
18210,3
5357,0
11575,0
5154,0
1951,0
2948,0
15801,0
11775,0
8572,0
130,0
145,0
9769,0
3348,0
16201,0
8172,0
3351,0
6746,0
5149,0
8367,0
1946,0
2542,0
13787,0
7366,0
945,0
9363,0
2942,0
1345,0
3742,0
3345,0
136,0
19410,21
6557,0
11358,0
5737,0
18590,0
930,0
9760,0
3339,0
6533,35
19386,0
12969,0
10548,0
4127,0
924,0
5722,9
18575,0
8940,0
4125,0
16978,0
922,0
4525,0
6931,9
19784,0
525,0
524,0
17972,37
5119,0
1916,0
5720,0
2517,0
7341,0
6520,17
19373,0
9738,0
3317,0
16170,0
123,0
2500,0
10527,0
4106,0
903,0
13333,0
480,0
6912,0
19780,18
6927,0
3093,0
3902,0
16755,0
5899,0
18752,0
9117,0
2696,0
4302,36
17155,0
1099,0
8117,0
2896,0
1299,0
14941,0
6908,0
19761,0
502,0
6511,0
19364,0
105,0
15416,0
977,0
16230,36
3377,0
12907,0
6486,0
8098,0
3277,0
16130,0
880,0
1280,0
5283,0
14922,0
2480,0
7304,0
6492,0
11497,0
5076,19
17929,0
1076,0
3473,0
6476,12
19329,0
3273,0
16126,0
1676,0
7296,0
875,0
20949,39
8096,0
10895,0
4474,0
3668,19
16521,0
474,0
16319,37
3466,0
272,0
12908,0
3269,11
16122,0
6481,0
19334,0
15598,0
2756,0
5162,0
1959,0
2956,0
14201,0
9777,0
3356,0
147,0
865,0
8086,0
1665,0
2491,0
10518,0
16950,6
4097,0
894,0
497,0
6453,0
10868,0
4447,0
13274,0
447,0
5250,0
450,0
850,0
8162,0
1741,0
3347,0
16200,0
144,0
12162,0
4144,9
16997,0
941,0
4544,0
7762,0
1341,0
6941,0
3738,7
16591,0
1044,0
16294,15
3441,0
10314,0
3893,0
9108,0
3287,18
16140,0
6499,0
7311,0
14582,0
1729,0
1740,0
4143,0
1340,0
9761,0
3340,0
9861,0
9554,0
3133,0
11160,0
4739,0
6539,0
8160,0
1739,0
10563,0
4142,15
16995,0
939,0
20913,35
8060,0
7260,0
839,0
4045,0
7263,0
20116,0
842,0
6442,0
19295,0
4845,0
8063,0
2039,0
20557,15
7704,0
10151,0
3730,35
16583,0
8554,0
2133,0
3630,0
14875,0
4039,0
6836,0
3228,0
1631,0
834,0
15368,0
2526,0
10553,0
4132,0
16985,0
10156,0
3735,34
16588,0
5732,0
18585,0
2529,0
4135,0
16988,0
932,0
6541,0
1917,0
1220,0
5223,0
8441,0
8044,0
1068,0
4071,0
4918,3
17771,0
1715,0
918,0
9736,0
3315,0
1718,0
1332,0
9374,0
2953,0
1356,0
18,0
9543,0
3122,0
2325,0
10352,0
3931,0
9146,0
10752,0
4331,11
17184,0
11752,0
5331,0
3702,0
16555,0
12426,0
6005,19
18858,0
4408,0
20479,12
7626,0
3744,32
16597,0
541,0
7659,0
10442,0
7698,0
10095,0
6886,0
4233,0
17086,0
1030,0
13060,0
6639,0
19492,0
233,0
4107,0
10,0
19657,12
6804,0
6813,11
19666,0
10825,0
1201,0
6801,31
19654,0
21275,30
8422,0
9365,0
15797,20
2944,0
1347,0
550,0
3344,0
16197,0
6636,31
19489,0
3433,0
16286,0
2810,0
14055,0
1213,0
11637,0
2013,0
7222,0
16872,3
4019,0
816,0
1616,0
2449,0
4055,0
16908,0
13694,0
852,0
2102,0
3302,0
16155,0
3599,0
13247,0
7093,0
19946,0
10311,0
687,0
4290,0
5687,9
18540,0
8905,0
20161,30
7308,0
9305,0
2884,0
10105,0
3684,0
4043,0
840,0
4220,37
17073,0
1832,1
15026,15
2173,2
12521,2
12487,2
10904,2
10173,2
3649,36
16502,2
12551,2
2459,35
15312,2
2417,38
15270,2
5596,2
2309,7
15162,2
5431,2
2797,2
13708,2
10472,2
5500,2
13709,2
3674,9
16527,2
21357,3
21319,3
21287,3
21228,3
21071,3
21040,3
20945,3
20797,3
20311,3
20298,3
19799,3
19751,3
19441,3
19435,3
19343,3
19270,3
19241,3
18986,3
18223,3
18182,3
18138,3
17785,3
17784,3
17777,3
17576,3
17182,3
17178,3
17115,3
17004,3
16925,3
16923,3
16873,3
16700,3
16685,3
16444,3
16427,3
16026,3
15997,3
15894,3
15736,3
15682,3
15600,3
15569,3
14623,3
1541,17
14394,3
13704,4
851,3
13189,3
12676,3
12305,3
11449,3
11143,3
11029,3
10950,3
10908,3
10883,3
10224,3
9487,3
9343,3
15077,9
2224,3
8555,9
21408,3
8327,3
14619,3
8020,3
7824,3
20670,21
7817,3
14131,3
7687,3
7494,3
7490,3
7482,3
7469,3
7319,3
496,3
13212,3
13194,3
13182,3
6629,11
19482,3
12699,3
6223,3
12629,3
12610,3
6103,3
6096,3
12356,3
5935,3
12331,3
5750,3
5516,3
5377,3
11755,3
11748,3
11744,3
4908,3
11078,3
10928,3
10872,3
10462,3
3993,3
3933,3
3920,3
3874,21
16727,3
3839,3
3833,3
3831,31
16684,3
6830,12
19683,3
16275,22
3422,3
3418,3
16269,36
3416,3
6575,9
19428,3
13006,31
153,3
3229,3
9539,3
12722,3
6070,3
18610,35
5757,3
2540,3
5723,17
18576,3
2471,39
15324,3
5442,3
2219,3
1835,3
8023,3
1581,3
7993,3
10909,3
10893,3
3517,13
16370,3
1118,3
2714,3
13041,3
9027,3
4884,3
7305,3
1667,3
15276,3
1577,3
3161,3
748,3
16801,35
3948,3
732,3
7913,31
20766,3
2281,3
12973,3
2552,3
545,3
12146,3
11738,3
1291,3
3632,3
4787,6
17640,3
13211,3
7992,3
12719,3
7443,3
4964,3
1354,3
142,37
12995,3
4937,3
12965,3
3298,3
5665,3
844,3
6856,3
3336,3
3239,3
836,3
4021,12
16874,3
19379,4
19258,4
18859,4
17853,4
17710,4
16403,4
12974,4
12538,4
12205,4
11435,4
10848,4
10219,4
9809,4
9497,4
8919,4
7715,4
7065,4
6538,4
6199,4
18830,20
5977,4
5919,4
5910,4
5876,4
5873,4
5533,4
11598,4
4820,35
17673,4
10874,4
9608,4
2886,9
15739,4
5949,4
12186,4
1847,4
12727,4
3042,4
13037,4
18157,18
5304,4
21206,35
8353,4
17965,7
5112,4
9893,4
3387,4
11657,4
12852,4
1039,4
1649,4
7576,5
19625,6
19198,6
19081,6
18509,6
18487,6
18366,6
17442,6
17062,6
16415,6
12628,6
10757,6
10756,6
10746,6
9700,6
9433,6
8829,6
8451,6
20527,37
7674,6
444,6
13007,6
100,6
18242,12
5389,6
5146,6
11197,6
4741,6
10754,6
13482,6
10262,6
13172,6
198,6
12901,15
48,6
2994,6
2993,6
2555,6
5245,6
5231,6
8190,6
4475,7
17328,6
7591,6
9178,6
1147,6
10724,6
1681,6
895,6
3661,6
1174,6
8211,6
890,6
940,6
5236,6
929,6
5216,6
21447,7
21238,7
21215,7
21034,7
20237,7
18713,7
18708,7
18258,7
17795,7
17788,7
16819,7
16815,7
16347,7
16221,7
16022,7
15834,7
15601,15
2748,7
12715,7
12624,7
12569,7
12166,7
11878,7
11566,7
11338,7
11333,7
11301,7
10999,7
10980,7
10974,7
10855,7
10601,7
10561,7
9502,7
9301,7
9278,7
8860,7
15206,38
2353,7
15205,7
15065,17
2212,7
8457,7
8394,7
21244,20
8391,7
8311,11
21164,7
8300,7
20807,15
7954,7
20736,20
7883,7
20583,12
7730,7
7676,21
20529,7
20308,17
7455,7
20191,35
7338,7
7048,7
388,7
6522,17
19375,7
6293,7
6181,7
6138,7
6073,7
5993,7
12240,7
5744,7
5738,22
18591,7
12110,7
5575,7
5438,7
5407,7
5359,7
11690,7
11685,7
11569,7
11549,7
11479,7
4747,7
10919,7
4292,7
4184,12
17037,7
16865,36
4012,7
715,7
3840,7
3806,7
16522,35
3669,7
16487,15
3634,7
9963,7
6641,7
169,7
164,7
9525,7
6213,7
9339,7
6105,7
5931,7
2548,7
8899,7
8892,7
15233,22
2380,7
2350,7
2316,7
5452,7
2221,7
10185,7
557,7
2112,7
10097,7
3676,7
449,7
6848,7
11649,7
16410,12
3557,7
1861,7
167,7
4914,7
1706,7
11302,7
1638,7
8027,7
1602,7
4788,7
1585,7
1449,7
11031,7
6179,7
1364,7
1285,7
1251,7
1245,7
1200,7
1160,7
1137,7
1084,7
4239,7
210,7
4216,7
1010,7
998,7
7272,7
1554,7
7092,7
4155,7
538,7
7735,7
1314,7
11733,7
1643,7
1198,7
1176,7
2750,7
16799,19
3946,7
7953,7
731,7
20767,12
7914,7
2667,7
11630,7
3602,7
16396,31
3543,7
6529,7
9894,7
3672,7
8580,7
12874,7
5741,7
1639,7
12153,7
12860,7
1128,7
9231,7
490,7
18682,8
9971,8
7791,8
17554,9
16839,9
16836,9
16834,9
16518,9
16471,9
16470,9
16469,9
16468,9
16393,9
16003,9
15902,9
15897,9
15759,9
15702,9
2849,9
15640,36
2787,9
15637,9
15632,35
2779,9
15283,9
15193,9
2340,9
14586,9
14402,9
1313,31
14166,9
12580,9
12227,9
12185,9
12184,9
12119,9
12114,9
12067,9
12001,9
11930,9
11908,9
11572,9
11571,9
11428,9
10542,9
10439,9
10162,9
10092,9
10076,9
10074,9
9936,9
9875,9
9612,9
9551,9
9547,9
9503,9
9335,9
9266,9
15626,35
2773,9
8928,9
8908,9
8898,9
8808,9
8788,9
8785,9
8736,9
15006,35
2153,9
8502,9
8491,9
21343,34
8490,9
14324,12
1471,9
14316,9
7851,9
7702,9
20535,22
7682,9
7657,9
7474,9
20266,30
7413,9
20132,36
7279,9
7275,9
20119,22
7266,9
508,9
6773,9
6741,9
6739,9
6733,9
6730,9
6684,9
165,9
6509,9
6324,9
6305,9
6252,9
6205,9
6043,9
6033,9
5938,9
5604,9
18399,38
5546,9
5346,9
11756,9
11628,9
5086,9
11476,9
4998,9
4991,9
17809,26
4956,9
4560,9
4440,9
4399,9
4389,9
4253,9
4241,9
4240,9
4025,9
10242,9
3808,9
3807,9
3787,9
554,9
3757,9
3620,31
16473,9
6777,9
9901,9
13059,9
9613,9
9531,9
9477,9
9354,9
2856,39
15709,9
9240,9
2772,9
5914,9
9056,9
5721,9
12128,9
5707,9
12064,9
2396,9
2346,9
2339,9
2213,9
5414,9
2211,9
10186,9
3765,9
3764,9
2163,9
3750,9
531,9
16587,30
3734,9
14934,9
3651,9
2049,9
19680,12
6827,9
6825,9
5083,9
1824,9
1767,9
1714,9
1708,9
85,9
12889,18
36,9
6457,9
1586,9
9587,9
1568,9
1567,9
7956,9
6280,9
7861,9
7850,9
1420,9
7835,9
9385,9
1363,9
7782,9
4523,9
1298,9
20562,35
7709,9
15708,9
7681,9
1234,9
2809,9
4412,9
4384,9
1170,9
6685,9
4285,9
7498,9
20340,15
7487,9
1066,9
1820,9
1783,9
4177,9
2494,9
866,9
7278,9
1648,9
828,9
1545,9
692,9
8724,9
3905,9
702,9
700,9
695,9
693,9
691,9
6155,9
536,9
546,9
1342,9
529,9
513,9
7732,9
512,9
509,9
7267,9
13223,9
4387,9
776,9
6776,9
9993,9
6774,9
9992,9
701,9
20370,36
7517,9
2608,9
163,9
1763,9
6572,9
1555,9
6154,9
548,9
2154,9
9369,9
7766,9
10163,9
1322,9
108,9
506,9
1496,9
20373,15
7520,9
7320,9
12897,9
6568,9
7286,9
1244,9
10565,9
1090,9
6514,9
7761,9
521,9
5528,9
16454,12
3601,9
7622,9
7768,9
1814,9
20465,10
12490,10
11372,10
4349,10
21378,11
21234,11
21038,11
20969,11
20896,11
20630,11
20180,11
17616,11
16644,11
15841,11
15762,11
14525,11
1327,12
14180,11
12033,11
11925,11
11726,11
11667,11
11049,11
10140,11
9967,11
9556,11
8946,11
8799,11
8793,11
15049,34
2196,11
8581,11
8458,11
7994,11
7902,11
7843,11
7459,11
7385,11
7277,11
7276,35
20129,11
6738,11
6503,11
6104,11
5647,11
5502,11
18355,11
11674,11
5085,11
4810,11
4347,11
16807,21
3954,11
3875,11
3774,11
3763,11
494,11
6186,11
9337,11
2490,11
15240,11
15107,11
2194,11
14949,11
8528,11
14666,11
4990,11
14550,11
12831,11
7990,11
1502,11
1466,11
2873,11
14093,11
7441,11
11395,11
4974,11
1765,11
2338,11
16797,15
3944,11
7346,11
2890,11
743,11
3899,11
399,11
14993,11
10544,11
6699,11
93,11
14975,11
1732,11
1205,11
8426,11
818,11
10440,11
3890,11
21479,12
21453,12
21405,12
21272,12
21271,12
21265,12
21256,12
21236,12
21232,12
21221,12
21194,12
21189,12
21114,12
21053,12
21049,12
21045,12
21022,12
21012,12
20920,12
20813,12
20812,12
20800,12
20798,12
20779,12
20672,12
20660,12
20658,12
20648,12
20566,12
20564,12
20561,12
20545,12
20502,12
20499,12
20498,12
20470,12
20455,12
20448,12
20440,12
20407,12
20400,12
20284,12
20278,12
20255,12
20105,12
19978,12
19850,12
19803,12
19745,12
19723,12
19710,12
19427,12
19171,12
18953,12
18769,12
18718,12
18699,12
18648,12
18283,12
18155,12
17988,12
17802,12
17556,12
16910,12
16818,12
16816,12
16802,12
16705,12
16672,12
16461,12
16388,12
16377,12
16376,12
16371,12
16324,12
16317,12
15790,12
2291,18
15144,12
15136,12
14516,12
12721,12
12631,12
12306,12
12207,12
12085,12
12061,12
12042,12
11879,12
11736,12
11727,12
11629,12
11621,12
11564,12
11543,12
11500,12
11494,12
11443,12
11307,12
11047,12
10853,12
10499,12
10478,12
10225,12
10119,12
10037,12
9995,12
9914,12
9558,12
9441,12
9427,12
9346,12
9111,12
15495,12
8956,12
15157,31
2304,12
2273,35
15126,12
15109,12
14998,12
21260,36
8407,12
8366,37
21219,12
8364,12
8254,12
8001,12
7884,12
14300,12
14285,12
7728,12
7620,22
20473,12
7476,12
7472,12
7331,12
7072,12
560,12
6865,12
12915,12
12904,12
6475,12
6323,12
6233,12
5969,12
5922,12
12334,12
5492,12
5367,12
5308,12
11503,12
11478,12
4898,33
17751,12
4814,12
4794,12
4792,12
4457,12
3989,12
7157,12
698,12
10254,12
3697,12
466,12
3605,31
16458,12
6254,12
9444,12
6185,12
6173,12
9366,12
9274,12
15692,22
2839,12
9260,12
15669,12
5994,12
12352,12
5731,12
8925,12
2483,36
15336,12
5632,12
8826,12
15190,37
2337,12
8767,12
2320,12
8731,12
5494,12
5437,12
5415,12
3772,31
16625,12
5356,12
14954,37
2101,12
2092,12
6729,12
1846,12
6669,12
1803,12
17787,18
4934,12
8047,17
20900,12
1610,12
4805,12
1524,12
7841,12
7830,12
1404,12
1320,12
12505,12
6084,12
2866,17
15719,12
9270,12
1229,12
4419,12
1188,12
4307,12
8318,12
4288,12
20358,36
7505,12
8292,12
1063,12
1849,12
4194,12
187,12
12204,12
2580,12
13027,12
8986,12
6495,12
5682,12
12014,12
783,12
15180,12
2322,26
15175,12
7139,12
3903,12
1492,12
3895,12
11112,12
12704,12
1722,12
528,12
9311,12
846,12
12869,12
6799,12
6785,12
728,12
5911,12
2298,12
11499,12
4273,12
20344,36
7491,12
6456,12
1033,12
9029,12
10023,12
1351,12
21373,30
8520,12
65,12
5650,12
7096,12
1642,12
16486,15
3633,12
15782,36
2929,12
1525,12
7634,12
18483,13
17964,13
17922,13
17900,13
16207,13
16141,13
14860,13
11855,13
11220,13
9611,13
9229,13
9187,13
9160,13
8644,13
8614,13
8611,13
7008,13
6349,13
11859,13
11850,13
5264,13
11227,13
4574,13
4149,13
4094,13
4089,13
3480,13
3456,13
6356,13
2962,13
12463,13
9189,13
8632,13
5257,13
5219,13
5048,21
17901,13
9741,13
3217,13
2961,13
2960,13
3468,13
4092,13
8702,13
2279,13
3322,29
16175,13
8155,13
920,13
899,13
9177,13
4562,13
15380,13
3440,13
8363,14
7584,14
12758,14
10285,14
1912,14
21403,15
21388,15
21386,15
21360,15
21298,15
21255,15
21248,15
21209,15
21205,15
21199,15
21179,15
21176,15
21165,15
21148,15
21113,15
21103,15
21036,15
21017,15
20974,15
20973,15
20954,15
20943,15
20931,15
20930,15
20894,15
20888,15
20826,15
20791,15
20654,15
20652,15
20596,15
20494,15
20493,15
20490,15
20415,15
20412,15
20393,15
20388,15
20378,15
20364,15
20324,15
20304,15
20299,15
20279,15
20256,15
20226,15
20138,15
16913,15
16803,15
16698,15
16668,15
16664,15
16662,15
16642,15
16619,15
16585,15
16546,15
16545,15
16405,15
16380,15
16374,15
16365,15
16363,15
16315,15
16013,15
15980,15
15969,15
15833,15
15822,15
15800,15
15753,15
15729,15
15723,15
15476,15
15348,15
2237,18
15090,15
12674,15
10235,15
15521,15
15356,15
15023,15
15002,35
2149,15
8289,17
21142,15
8252,33
21105,15
7970,15
7519,31
20372,15
6771,15
5663,15
5658,15
4521,15
3872,17
16725,15
3817,20
16670,15
3788,31
16641,15
11,15
5594,15
8741,15
2236,15
3639,33
16492,15
8447,21
21300,15
7948,37
20801,15
1469,15
1124,15
1059,15
7404,39
20257,15
7317,31
20170,15
1564,35
14417,15
15207,15
8337,17
21190,15
15359,15
14517,15
8338,35
21191,15
14970,15
7755,16
21308,17
21286,17
21106,17
21047,17
20804,17
20646,17
20515,17
20381,17
20135,17
19815,17
19790,17
19304,17
18606,17
16912,17
16848,17
16808,17
16602,17
16480,17
16342,17
15733,17
13032,17
12341,17
12244,17
12182,17
12169,17
11990,17
11758,17
11754,17
11683,17
11578,17
11317,17
11128,17
11019,17
10963,17
10923,17
10856,17
9647,17
9562,17
9399,17
9334,17
9003,17
8935,17
8488,17
8487,17
8430,18
21283,17
8335,17
8036,17
8030,17
20883,17
8017,17
7838,17
7739,17
7483,17
7439,17
7212,17
6859,19
19712,17
6747,17
13118,17
6668,17
6601,17
6496,17
6271,17
6257,17
6232,17
6078,17
12379,17
12079,17
12078,17
5654,17
11967,17
11904,17
11622,17
11588,17
17925,24
5072,17
5015,17
11354,17
17773,21
4920,17
4901,17
4745,17
11132,17
10879,17
4258,17
3952,17
10227,17
3771,17
9839,17
212,17
6592,17
6243,17
6211,17
9389,17
6149,17
2918,17
2820,17
2691,17
12271,17
2645,17
2567,17
12163,17
8814,17
2335,21
15188,17
5538,17
2227,17
5416,17
2026,17
13165,17
21192,21
8339,17
13110,17
1872,17
5051,17
5050,17
1716,31
14569,17
41,17
11058,17
1433,17
1428,17
11036,17
1375,17
2806,17
1157,17
1138,17
4337,17
1837,17
1003,17
10598,17
11308,17
2479,17
837,17
11153,17
15145,17
3900,17
680,17
2276,17
6552,17
1355,17
3740,17
8530,17
1258,17
10459,17
3977,17
1528,17
1101,17
6679,17
1650,17
1007,17
10008,17
4554,17
6551,17
4930,17
2877,17
10089,17
6880,17
10983,17
12115,17
16533,22
3680,17
484,17
19178,21
6325,17
4404,17
4819,37
17672,17
20114,32
7261,17
19860,18
19826,18
19383,18
19180,18
19113,18
18910,18
18342,18
17847,18
17835,18
17687,18
17551,18
16677,18
15778,18
2266,35
15119,18
12956,18
12350,18
11619,18
11378,18
11136,18
10992,18
10971,18
10961,18
10849,18
10071,18
9891,18
9833,18
9454,18
9033,18
8996,18
7895,18
7464,18
20207,30
7354,18
7045,18
6888,18
6818,18
6725,18
6497,18
5946,18
18249,37
5396,18
5082,18
4586,18
4161,18
712,18
7011,33
19864,18
10058,18
2946,18
2945,18
2769,18
8909,18
12083,18
5608,18
10066,18
3384,18
1678,18
1425,18
9338,18
7729,18
1679,18
10435,18
741,18
1497,18
9345,18
2126,18
1584,18
735,18
6604,18
7497,18
20215,35
7362,18
20206,30
7353,18
21257,19
21181,19
21132,19
17617,19
17547,19
13092,19
11336,19
10108,19
9678,19
9486,19
9103,19
6743,19
11980,19
5444,19
4169,19
7229,19
10196,19
12570,19
2834,19
2561,19
15667,19
1177,19
1009,19
7113,22
19966,19
9964,19
13114,19
6505,19
21295,20
21233,20
21178,20
20976,20
20770,20
20712,20
20634,20
20567,20
20507,20
20380,20
19862,20
19639,20
19459,20
19440,20
19365,20
17811,20
17685,20
16806,20
16441,20
16348,20
2462,26
15315,20
15130,20
12705,20
12681,20
12659,20
12613,20
12516,20
12364,20
11993,20
11696,20
11684,20
11429,20
11407,20
11300,20
11145,20
11028,20
10966,20
10884,20
10839,20
10253,20
9807,20
9566,20
9425,20
9312,20
21430,35
8577,20
8521,20
8388,20
14646,20
14630,20
8026,39
20879,20
14103,20
7516,20
7410,20
7330,20
7302,20
7191,20
6500,20
6485,20
24,20
6309,20
5991,20
12294,20
5669,20
5657,20
5629,20
5555,20
18180,37
5327,20
5084,20
11046,20
10973,20
4378,20
4358,20
4261,20
4157,20
10534,20
10524,20
4029,20
734,20
3569,22
16422,20
202,20
6242,20
2761,20
12353,20
15477,20
5758,20
8965,20
2539,20
5679,20
15189,20
15152,20
2270,20
2252,20
2249,20
2188,20
14995,20
10046,20
2016,20
6672,20
5018,20
1655,20
4775,20
7887,20
7802,38
20655,20
1366,20
1191,20
1117,20
14744,20
1877,20
2663,20
7444,20
1768,20
8915,20
11305,20
848,20
5600,20
781,20
1752,20
5725,20
5317,20
1311,20
18166,21
5313,20
2110,24
14963,20
19357,35
6504,20
98,20
8879,20
5984,20
6298,20
8296,20
7432,20
4361,20
5354,20
4954,20
2519,20
20251,35
7398,20
5321,20
859,20
10165,20
20291,36
7438,20
21337,21
21222,21
21196,21
20657,21
20432,21
19812,21
19466,21
18997,21
18832,21
17975,21
17848,21
17661,21
17607,21
17558,21
16911,21
16817,21
16719,21
16665,21
16590,21
16337,21
16244,21
16219,21
16055,21
15482,21
15307,21
12572,21
12255,21
11750,21
11700,21
11687,21
11565,21
11529,21
11452,21
11424,21
11416,21
11340,21
11106,21
11018,21
10964,21
10870,21
10600,21
10500,21
10427,21
10032,21
10027,21
9970,21
9937,21
9896,21
9652,21
15679,21
2826,21
9097,21
8893,21
8742,21
15153,21
8635,38
21488,21
21412,30
8559,21
8481,21
8317,21
8297,21
8286,21
14540,21
7774,21
7462,21
20302,35
7449,21
20241,36
7388,21
534,21
6809,21
6711,21
6670,21
6458,21
6227,21
6187,21
6102,21
18955,21
5906,21
12239,21
5461,21
5316,21
10599,21
10597,21
10538,21
16608,30
3755,21
10094,21
3631,21
10040,21
13203,21
9605,21
6313,21
9428,21
5968,21
2488,21
5624,21
2234,21
3713,21
11689,21
6783,21
8350,22
21203,21
9930,21
13131,21
6680,21
8219,21
4892,21
14524,21
1446,21
1438,21
1288,21
1284,21
2825,21
1225,21
2807,21
2613,21
12914,21
6299,21
6288,21
4517,21
10053,21
15259,21
7193,21
5976,21
9994,21
7949,31
20802,21
18354,36
5501,21
5078,21
151,21
539,21
739,21
1633,21
10556,21
2437,21
21437,22
21413,22
21242,22
21224,22
20918,22
20414,22
20217,22
19142,22
19029,22
19009,22
16812,22
16798,22
16715,22
16584,22
16350,22
16346,22
16284,22
16263,22
16030,22
12562,22
11109,22
10529,22
10430,22
10393,22
9825,22
9267,22
9250,22
9235,22
8794,22
8745,22
8708,22
8582,39
21435,22
21166,35
8313,22
8032,39
20885,22
13890,22
7359,22
6134,22
6094,22
5339,22
11481,22
4330,22
3786,22
6165,22
15594,22
2659,22
8999,22
8976,22
11877,22
5422,22
2048,22
138,22
11359,22
6466,22
19308,35
6455,22
9625,22
10840,22
2789,22
1181,22
6591,22
968,22
3994,22
10381,22
530,22
5312,22
774,22
1096,22
1853,22
8229,22
1011,22
8501,31
21354,22
2433,22
2005,22
17952,23
16772,24
8726,24
7221,24
12841,24
686,35
13539,24
12763,25
21318,26
19935,26
17993,26
17596,26
16983,26
16512,26
15885,26
15308,26
11349,26
11095,26
7928,26
11954,26
4812,26
11086,26
3856,26
3790,26
376,26
12663,26
3053,26
9381,26
767,26
3910,26
15300,31
2447,26
4774,26
9677,26
20168,30
7315,26
6853,26
3327,29
21385,30
20794,30
20776,30
20715,30
20680,30
20463,30
20309,30
20273,30
20189,30
20174,30
16735,30
16246,30
12783,30
11320,30
10284,30
9860,30
9417,30
9127,30
8890,30
8637,38
21490,30
8262,30
8125,30
7264,30
20117,30
6047,30
11633,30
5055,30
17630,35
4777,30
11168,30
3867,30
7061,30
6999,30
10211,30
3585,30
9985,30
9519,30
5967,30
15570,30
2253,30
8619,30
420,30
6447,30
986,30
5556,30
1529,30
10349,30
6790,30
4376,30
7120,30
1727,30
4123,30
883,30
7465,30
12150,30
6147,30
887,30
20668,31
18600,31
17113,31
16679,31
16568,31
16549,31
16401,31
16390,31
15934,31
15707,31
15585,31
15299,31
14932,32
2079,31
12824,31
12304,31
12288,31
11933,31
11282,31
11105,31
11098,31
11090,31
11057,31
10877,31
10402,31
10085,31
9959,31
9878,31
9868,31
9827,31
9671,31
9588,31
9580,31
9577,31
9438,31
9388,31
9313,31
9306,31
9284,31
15688,31
9074,31
9044,31
8992,31
8968,31
8930,31
8846,31
15120,31
8556,31
8545,31
8378,31
21173,35
8320,31
8227,31
8221,31
14551,31
8028,31
7837,31
7746,31
7725,31
7707,31
7694,31
7349,31
7297,31
7250,31
7245,31
7235,31
7167,31
7158,31
7146,31
7132,31
6861,31
6763,31
6761,31
6673,31
6661,31
6635,31
6577,31
6287,31
6235,31
6222,31
6088,31
12036,31
11730,31
11643,31
11154,31
4613,31
11027,31
4551,31
4505,31
4498,31
4459,31
4374,31
4344,31
10484,31
7076,31
7063,31
10222,31
10180,31
517,31
514,31
3647,31
3578,31
6683,31
6590,31
53,31
6474,31
9578,31
6295,31
9371,31
2928,31
6130,31
2920,31
9268,31
9255,31
2700,39
15553,31
9116,31
2664,31
9030,31
12155,31
5662,31
2440,31
12045,31
2398,31
8797,31
15208,31
2348,31
18393,38
5540,31
2230,31
2198,31
3785,37
16638,31
10181,31
10115,31
5300,31
407,31
406,31
404,31
11636,31
13204,31
3580,31
9904,31
11510,31
11433,31
5012,31
1794,31
6532,31
4801,31
1546,31
9422,31
1382,31
1379,31
1378,31
6120,31
7690,31
4446,31
7631,31
10805,31
14761,31
1065,31
1797,31
89,31
7189,31
9530,31
8733,31
7776,31
2549,31
5351,31
1326,31
2908,31
10109,31
6864,31
3258,31
461,31
4023,31
2781,31
16428,35
3575,31
11994,31
1173,31
2332,31
7141,31
6705,31
6862,31
9040,31
4210,31
7358,31
1873,31
6875,31
5694,31
8912,31
1239,31
8454,31
10054,31
5729,31
1277,31
3598,31
1747,31
1287,31
19137,32
17957,32
17956,32
16203,32
12485,32
9850,32
8496,32
12559,32
11872,32
5293,32
5117,32
5091,32
4733,32
3013,32
8691,32
8690,32
5121,32
401,32
8947,32
21532,33
17188,33
11459,33
9393,33
4470,33
17343,34
16993,34
16331,34
15096,34
11425,34
10913,34
10864,34
9988,34
9943,34
8802,34
14178,34
8951,34
3694,34
1125,34
11946,34
2155,34
1078,34
10464,34
21480,35
21474,35
21352,35
21266,35
21240,35
21237,35
21218,35
21136,35
21135,35
21032,35
20975,35
20735,35
20711,35
20695,35
20640,35
20593,35
20558,35
20395,35
20385,35
20376,35
20314,35
20310,35
20228,35
20118,35
19915,35
19887,35
19704,35
19369,35
18816,35
18120,35
17712,35
17655,35
17489,35
16825,35
16809,35
16800,35
16655,35
16551,35
16385,35
15819,35
15558,35
12645,35
12520,35
11115,35
10924,35
10851,35
10099,35
9973,35
9405,35
9378,35
9364,35
9316,35
9273,35
9049,35
8865,35
8750,35
8740,35
8738,35
15062,35
15000,35
8409,35
21262,35
8399,39
21252,35
7752,39
20605,35
7723,35
7190,35
7079,35
6779,35
6273,35
12596,35
6146,35
6048,35
6017,35
18870,35
5950,35
12231,35
5680,35
11976,35
11896,35
5464,35
5426,35
5417,35
5314,35
5029,35
10897,35
4176,35
4141,35
3784,35
3695,35
3667,35
9810,35
9429,35
6129,35
2751,35
5894,35
9066,35
2590,35
5749,37
18602,35
15221,35
2182,35
2042,35
3624,35
8236,35
1569,35
1543,35
1527,35
4729,35
1467,35
1452,35
1317,35
7734,35
4351,35
1134,35
8340,35
21193,35
1122,35
11977,35
4732,35
1344,35
9333,35
6814,39
19667,35
3582,35
1135,35
1111,35
2693,35
456,35
9372,35
533,35
10946,35
13717,35
10564,35
3629,35
15326,35
21436,36
21414,36
21356,36
21336,36
21330,36
21324,36
21322,36
21315,36
21264,36
21211,36
21109,36
21095,36
21081,36
21055,36
21044,36
21014,36
20988,36
20937,36
20915,36
20822,36
20784,36
20706,36
20639,36
20628,36
20569,36
20548,36
20533,36
20450,36
20443,36
20442,36
20391,36
20368,36
20339,36
20332,36
20269,36
20252,36
20249,36
20233,36
20221,36
20213,36
20187,36
20181,36
20166,36
20151,36
19742,36
19254,36
19174,36
18627,36
18052,36
17034,36
17032,36
16569,36
15886,36
15515,36
15211,36
15141,36
13014,36
12616,36
12266,36
12211,36
11528,36
11470,36
11283,36
11060,36
10907,36
10130,36
9091,36
8997,36
8226,36
8048,36
7836,36
7821,36
7726,36
7244,36
6765,36
6586,36
5926,36
5402,36
11724,36
11635,36
11475,36
4357,36
3968,36
3860,36
3782,37
16635,36
6840,36
196,36
160,36
9682,36
9576,36
12664,36
12619,36
6198,36
15695,36
12296,36
15489,36
8979,36
8972,36
15079,36
15053,36
2205,36
3770,38
16623,36
11721,36
2089,36
2055,36
14752,36
1764,36
14,36
1381,36
4472,36
12346,36
976,36
10532,36
74,36
4014,36
3996,36
6297,36
7083,36
8970,36
6115,36
8005,36
10411,36
1178,36
1108,36
1070,36
2619,36
8294,36
1644,36
8868,36
1087,36
21372,37
21182,37
21100,37
21042,37
20932,37
20926,37
20768,37
20606,37
20468,37
19674,37
18158,37
16890,37
16858,37
16795,37
16687,37
16598,37
16592,37
16297,37
15985,37
15888,37
15757,37
15732,37
15559,37
14985,37
13031,37
13026,37
12187,37
12063,37
12022,37
10921,37
10917,37
10885,37
10431,37
10174,37
9961,37
9572,37
9263,37
9238,37
9115,37
15496,37
8810,37
8565,37
7880,37
13854,37
756,37
6311,37
6279,37
6240,37
6175,37
6172,37
6107,37
6055,37
5913,37
5496,37
5451,37
5355,37
4999,37
4827,37
4803,37
11111,37
10972,37
10926,37
10891,37
4257,37
10573,37
3922,37
7078,37
6231,37
6041,37
5716,37
12098,37
2409,37
11666,37
6523,37
4911,37
14427,37
1566,37
1384,37
1265,37
5100,37
4219,37
1494,37
773,37
1532,37
6642,37
2919,39
15772,37
2099,37
1677,37
483,37
535,37
2836,37
1283,37
6696,37
8858,37
21391,38
18835,38
18744,38
18700,38
16963,38
16932,38
16856,38
16088,38
12830,38
11352,38
10623,38
9982,38
9933,38
9704,38
9076,38
8662,38
8592,38
8151,38
8141,38
7907,38
6716,38
5973,38
5908,38
5895,38
5057,38
11198,38
10767,38
10375,38
3078,38
12609,38
8667,38
13908,38
14951,38
1680,38
1675,38
8080,38
20910,39
20685,39
20651,39
20598,39
20517,39
15295,39
13138,39
12658,39
12649,39
12391,39
12382,39
12380,39
12362,39
12258,39
12154,39
12149,39
12077,39
12035,39
12031,39
11978,39
11884,39
11713,39
11614,39
11568,39
11306,39
10943,39
10083,39
9818,39
9478,39
9475,39
9237,39
9113,39
9101,39
8579,39
8291,39
7790,39
13192,39
6701,39
140,39
12506,39
12351,39
11898,39
5342,39
11567,39
4797,39
11034,39
10436,39
6787,39
6759,39
9610,39
6123,39
8969,39
2518,39
15354,39
2478,39
2429,39
12017,39
15094,39
5089,39
13093,39
6540,39
126,39
9287,39
1080,39
9034,39
1608,39
11966,39
2342,39
2333,39
12176,39
6549,39
10925,39
8981,39
11570,39
11540,39
8995,39
1271,39
2938,39
11644,39
