21574,0
21568,0
21567,0
21565,0
21550,0
21517,0
21502,0
21501,0
21469,0
21423,0
21419,0
21404,0
21401,0
21387,0
21369,0
21358,0
21321,0
21292,0
21267,0
21210,0
21201,0
21177,0
21131,0
21019,0
21018,0
21007,0
20936,0
20919,0
20905,0
20902,0
20835,0
20824,0
20778,0
20773,0
20769,0
20753,0
20721,0
20710,0
20709,0
20699,0
20653,0
20632,0
20584,0
20493,0
20469,0
20465,0
20439,0
20420,0
20409,0
20406,0
20389,0
20379,0
20267,0
20262,0
20230,0
20186,0
20142,0
20137,0
20095,0
20090,0
20058,0
20048,0
20035,0
20034,0
20031,0
20005,0
19984,0
19912,0
19890,0
19839,0
19837,0
19832,0
19807,0
19802,0
19769,0
19758,0
19731,0
19711,0
19658,0
19559,0
19551,0
19546,0
19529,0
19505,0
19480,0
19478,0
19471,0
19470,0
19464,0
19432,0
19419,0
19418,0
19371,0
19293,0
19262,0
19256,0
19191,0
19167,0
19122,0
19092,0
19069,0
19062,0
18995,0
18994,0
18992,0
18975,0
18962,0
18951,0
18930,0
18924,0
18922,0
18917,0
18902,0
18872,0
18865,0
18860,0
18852,0
18840,0
18795,0
18782,0
18774,0
18773,0
18768,0
18746,0
18738,0
18736,0
18698,0
18689,0
18682,0
18667,0
18665,0
18621,0
18616,0
18567,0
18557,0
18519,0
18495,0
18493,0
18472,0
18467,0
18466,0
18463,0
18443,0
18430,0
18421,0
18415,0
18402,0
18389,0
18387,0
18372,0
18371,0
18367,0
18357,0
18356,0
18339,0
18332,0
18313,0
18303,0
18280,0
18271,0
18257,0
18234,0
18231,0
18228,0
18225,0
18217,0
18186,0
18160,0
18101,0
18099,0
18095,0
18085,0
18071,0
18066,0
18040,0
18034,0
18017,0
18014,0
17986,0
17963,0
17960,0
17952,0
17927,0
17899,0
17894,0
17892,0
17880,0
17878,0
17877,0
17875,0
17872,0
17870,0
17867,0
17864,0
17863,0
17857,0
17822,0
17813,0
17812,0
17780,0
17776,0
17766,0
17759,0
17748,0
17731,0
17728,0
17707,0
17706,0
17686,0
17666,0
17643,0
17574,0
17568,0
17563,0
17562,0
17554,0
17499,0
17479,0
17473,0
17472,0
17452,0
17433,0
17431,0
17423,0
17417,0
17411,0
17406,0
17403,0
17399,0
17364,0
17361,0
17349,0
17342,0
17338,0
17335,0
17333,0
17316,0
17315,0
17302,0
17301,0
17298,0
17285,0
17275,0
17269,0
17248,0
17247,0
17236,0
17221,0
17201,0
17187,0
17177,0
17173,0
17168,0
17164,0
17152,0
17151,0
17149,0
17142,0
17140,0
17137,0
17134,0
17128,0
17127,0
17125,0
17117,0
17097,0
17095,0
17077,0
17060,0
17059,0
17053,0
17039,0
17038,0
17011,0
17007,0
17001,0
17000,0
16991,0
16989,0
16987,0
16981,0
16979,0
16962,0
16961,0
16890,0
16875,0
16871,0
16858,0
16851,0
16839,0
16836,0
16834,0
16795,0
16788,0
16777,0
16774,0
16750,0
16749,0
16734,0
16708,0
16688,0
16658,0
16652,0
16651,0
16636,0
16607,0
16589,0
16581,0
16577,0
16538,0
16510,0
16499,0
16471,0
16470,0
16469,0
16468,0
16429,0
16419,0
16401,0
16393,0
16390,0
16369,0
16354,0
16318,0
16279,0
16277,0
16257,0
16241,0
16238,0
16215,0
16214,0
16212,0
16210,0
16196,0
16194,0
16179,0
16171,0
16149,0
16146,0
16145,0
16136,0
16123,0
16120,0
16115,0
16110,0
16103,0
16097,0
16095,0
16093,0
16091,0
16086,0
16077,0
15996,0
15993,0
15988,0
15950,0
15932,0
15913,0
15908,0
15902,0
15872,0
15759,0
15736,0
15713,0
15707,0
15702,0
2849,0
15672,32
2819,0
2813,31
15666,0
15640,36
2787,0
15637,0
15636,44
2783,0
2767,51
15620,0
15616,31
2763,0
15597,29
2744,0
2742,2
15595,0
15580,0
15543,0
2687,41
15540,0
2674,22
15527,0
15504,0
15481,0
15471,0
2611,4
15464,0
15459,23
2606,0
15457,8
2604,0
15447,0
2594,0
15406,5
2553,0
15363,0
2504,55
15357,0
15352,33
2499,0
15306,0
15299,0
15265,0
15264,0
2411,0
15255,0
2393,46
15246,0
15230,0
2366,29
15219,0
15204,0
15200,0
2347,0
2344,17
15197,0
15193,0
2340,0
2303,51
15156,0
15052,0
15037,0
15012,0
2159,0
14981,55
2128,0
14971,22
2118,0
14928,0
14926,26
2073,0
2033,53
14886,0
14885,0
2024,39
14877,0
2020,15
14873,0
14865,16
2012,0
14844,0
14839,0
1965,34
14818,0
14736,0
1751,38
14604,0
1734,29
14587,0
14586,0
14563,0
14545,8
1692,0
14539,31
1686,0
14402,0
14069,55
1216,0
13757,0
904,0
13721,0
868,0
13702,0
849,0
13649,0
13507,0
13471,0
13458,0
435,51
13288,0
422,29
13275,0
13263,47
410,0
13255,3
402,0
13245,0
13242,0
389,0
13224,0
371,0
13201,0
13190,0
13175,54
322,0
317,34
13170,0
13163,0
13139,0
271,18
13124,0
13119,0
13096,0
13085,32
232,0
13070,0
13064,28
211,0
13046,0
13021,0
168,0
13003,0
139,8
12992,0
110,10
12963,0
12933,47
80,0
12905,0
12861,0
12836,0
12799,0
12788,0
12778,0
12772,0
12763,0
12760,0
12755,0
12754,0
12748,0
12728,0
12707,0
12691,0
12690,0
12689,0
12683,0
12677,0
12672,0
12670,0
12668,0
12660,0
12651,0
12647,0
12633,0
12621,0
12611,0
12580,0
12564,0
12557,0
12531,0
12502,0
12492,0
12490,0
12489,0
12473,0
12465,0
12461,0
12460,0
12457,0
12442,0
12423,0
12399,0
12374,0
12339,0
12317,0
12313,0
12304,0
12302,0
12286,0
12276,0
12250,0
12249,0
12227,0
12222,0
12191,0
12184,0
12135,0
12119,0
12117,0
12106,0
12073,0
12054,0
12011,0
12001,0
11981,0
11970,0
11957,0
11935,0
11930,0
11909,0
11908,0
11900,0
11888,0
11867,0
11866,0
11848,0
11833,0
11826,0
11822,0
11791,0
11789,0
11723,0
11706,0
11638,0
11627,0
11625,0
11617,0
11602,0
11579,0
11571,0
11551,0
11545,0
11541,0
11519,0
11508,0
11490,0
11487,0
11460,0
11447,0
11444,0
11440,0
11406,0
11403,0
11387,0
11372,0
11371,0
11369,0
11357,0
11348,0
11344,0
11330,0
11327,0
11299,0
11292,0
11291,0
11285,0
11279,0
11278,0
11273,0
11270,0
11265,0
11255,0
11252,0
11249,0
11243,0
11234,0
11211,0
11210,0
11205,0
11191,0
11183,0
11175,0
11103,0
11101,0
11093,0
11074,0
11071,0
11056,0
11039,0
10998,0
10947,0
10941,0
10901,0
10876,0
10845,0
10834,0
10827,0
10817,0
10788,0
10773,0
10742,0
10729,0
10721,0
10714,0
10708,0
10703,0
10693,0
10638,0
10619,0
10618,0
10584,0
10555,0
10545,0
10542,0
10498,0
10470,0
10445,0
10439,0
10423,0
10388,0
10359,0
10348,0
10334,0
10332,0
10328,0
10318,0
10310,0
10302,0
10289,0
10265,0
10258,0
10245,0
10230,0
10114,0
10107,0
10100,0
10096,0
10092,0
10076,0
10074,0
10062,0
10049,0
10042,0
10038,0
9953,0
9936,0
9923,0
9915,0
9906,0
9892,0
9875,0
9874,0
9866,0
9847,0
9822,0
9814,0
9787,0
9752,0
9746,0
9657,0
9654,0
9641,0
9612,0
9607,0
9603,0
9559,0
9557,0
9547,0
9544,0
9509,0
9505,0
9503,0
9489,0
9479,0
9473,0
9453,0
9450,0
9445,0
9432,0
9423,0
9408,0
9356,0
9326,0
9324,0
9314,0
9266,0
9265,0
9253,0
9252,0
15656,44
2803,0
9232,0
9207,0
15626,28
2773,0
9205,0
15624,0
2771,0
9201,0
9197,0
15581,5
2728,0
9156,0
9155,0
15568,0
9147,0
9133,0
9110,0
9104,0
9100,0
9090,0
15496,0
9075,0
9065,0
15485,0
9064,0
9053,0
9048,0
9045,0
9044,0
8978,0
8968,0
8948,0
8944,0
2496,22
15349,0
8928,0
8914,0
2476,17
15329,0
8908,0
15327,45
2474,0
8906,0
8898,0
15314,0
2458,38
15311,0
8873,0
2421,46
15274,0
8845,0
8836,0
15250,46
2397,0
2391,8
15244,0
8823,0
8808,0
2370,29
15223,0
15220,0
8788,0
8785,0
15198,0
8755,0
15171,0
2308,14
15161,0
2304,22
15157,0
8736,0
8732,0
15138,0
8713,0
2275,41
15128,0
8707,0
8705,0
8704,47
21557,0
21541,26
8688,0
8685,0
21538,0
15104,38
2251,0
8683,51
21536,0
8677,0
2224,32
15077,0
8656,0
8641,0
8638,0
21491,0
21489,28
8636,0
8613,0
21466,0
15032,0
15031,0
8610,0
15028,15
2175,0
8606,0
2167,50
15020,0
21451,36
8598,0
15013,0
15006,28
2153,0
8585,0
8571,0
14988,0
21416,13
8563,0
21406,41
8553,0
8546,0
8543,0
8541,29
21394,0
8540,13
21393,0
21359,36
8506,0
14923,0
2065,27
14918,0
21346,28
8493,0
14912,0
8491,0
14911,0
21343,42
8490,0
8489,29
21342,0
2056,31
14909,0
21333,10
8480,0
8479,0
8478,0
8453,0
14859,47
2006,0
14828,10
1975,0
21259,27
8406,0
8405,0
21254,28
8401,0
8378,0
21227,22
8374,0
1932,9
14785,0
8344,42
21197,0
8309,0
8308,0
8276,0
21129,0
8246,0
8244,33
21097,0
21078,29
8225,0
21073,32
8220,0
8214,0
21067,0
8212,48
21065,0
8209,0
21050,39
8197,0
8178,58
21031,0
8177,0
21030,0
8176,0
8167,0
20984,22
8131,0
14551,0
20983,13
8130,0
1694,32
14547,0
20972,22
8119,0
8106,33
20959,0
8091,0
8089,0
20938,38
8085,0
8068,0
8056,23
20909,0
20904,27
8051,0
8050,0
8045,29
20898,0
8028,0
8021,0
8016,8
20869,0
8015,0
14418,0
20833,13
7980,0
14395,0
20825,13
7972,0
1536,22
14389,0
7968,0
7952,0
7942,0
20795,0
7937,0
20790,0
7935,0
7930,0
7912,0
14324,22
1471,0
7896,0
14316,0
7879,0
7874,0
14293,0
1440,0
7851,0
20693,54
7840,0
7839,0
7831,0
7826,36
20679,0
7823,0
20671,13
7818,0
20669,23
7816,0
20667,17
7814,0
7809,0
20662,0
20650,22
7797,0
7791,0
7767,0
7746,0
1293,15
14146,0
7702,0
20535,27
7682,0
14099,54
1246,0
7671,0
20523,22
7670,0
7657,0
20496,44
7643,0
7642,0
7639,0
20480,50
7627,0
7611,0
7606,48
20459,0
7592,0
7576,0
7570,0
20419,23
7566,0
7557,0
7534,0
20386,13
7533,0
20365,15
7512,0
20363,23
7510,0
20357,22
7504,0
7496,0
7488,0
20341,0
7474,0
20319,23
7466,0
7452,0
20286,13
7433,0
13834,0
20266,13
7413,0
7408,17
20261,0
20259,44
7406,0
20247,58
7394,0
7391,0
7386,0
7385,0
7379,4
20232,0
20223,36
7370,0
20220,36
7367,0
7357,0
20210,0
20176,41
7323,0
20132,13
7279,0
7277,0
7275,0
20119,27
7266,0
7220,0
791,0
7209,0
7166,0
20019,0
7148,0
20001,0
725,0
7143,0
714,0
7132,0
7071,0
7064,0
7032,0
7030,0
7029,58
19882,0
7023,0
7014,52
19867,0
7013,9
19866,0
19865,22
7012,0
13393,0
551,47
13404,0
6955,16
19808,0
508,0
6928,32
19781,0
6922,0
19775,0
6913,0
19766,0
6894,0
467,20
13320,0
6881,0
19734,0
6869,0
13287,0
19719,47
6866,0
13286,0
377,0
19651,45
6798,0
19644,40
6791,0
6773,0
13191,6
338,0
349,0
13186,0
13196,47
343,0
6764,0
13184,0
331,0
342,33
13195,0
6761,0
13168,0
315,0
6739,0
13159,0
6733,0
311,0
13151,0
6730,0
304,16
13157,0
19572,39
6719,0
290,0
19562,59
6709,0
19560,20
6707,0
13105,0
6684,0
13103,0
6682,0
6681,6
19534,0
13095,0
242,0
249,0
236,51
13089,0
247,0
13078,39
225,0
6657,31
19510,0
6647,0
19500,0
203,51
13056,0
214,32
13067,0
6632,0
6630,37
19483,0
19482,32
6629,0
201,15
13054,0
19448,32
6595,0
157,0
6578,0
6561,0
6537,0
6527,47
19380,0
6524,41
19377,0
6509,0
71,8
12924,0
82,36
12935,0
75,0
6494,0
42,0
29,0
6445,0
6441,30
19294,0
6438,39
19291,0
12857,0
6436,0
12848,0
12806,0
6385,16
19238,0
12803,0
12797,0
6375,0
6368,0
6346,0
19199,0
12761,0
6340,0
19193,0
6324,0
19170,22
6317,0
6305,0
12703,0
12698,0
6277,0
12694,0
12692,0
6267,0
6264,0
6252,0
6248,38
19101,0
12655,0
12648,0
6225,0
12641,0
6220,46
19073,0
12639,0
6218,0
12636,0
6208,0
6205,0
19042,3
6189,0
12608,0
6184,51
19037,0
12602,0
12599,0
6178,0
6177,0
19022,42
6169,0
12555,0
6128,0
12546,0
6125,0
12515,0
6092,32
18945,0
12512,0
6091,2
18944,0
12507,0
6085,21
18938,0
12503,0
6067,0
18920,0
6063,0
6060,0
6058,0
6051,41
18904,0
12468,0
6043,0
6035,15
18888,0
6034,0
12454,0
6033,0
6027,0
6025,0
6020,0
18873,0
6014,36
18867,0
5998,42
18851,0
18811,47
5958,0
5938,0
5930,22
18783,0
5912,28
18765,0
5901,28
18754,0
5900,0
18739,39
5886,0
18732,22
5879,0
18721,22
5868,0
12270,0
5849,0
5827,0
5818,0
5810,48
18663,0
12229,0
5800,0
12213,0
5789,0
12171,0
5740,0
5739,31
18592,0
5727,0
5724,47
18577,0
5719,0
12138,0
18570,26
5717,0
5713,31
18566,0
5712,29
18565,0
12132,0
12131,0
5706,0
12122,0
5690,0
5672,0
12084,0
12068,0
5641,0
12050,0
12048,0
5617,41
18470,0
5611,0
18464,0
5609,54
18462,0
5604,0
5603,8
18456,0
5598,0
5595,41
18448,0
5592,6
18445,0
11997,0
11996,0
5567,0
18420,0
5566,40
18419,0
5564,0
5558,0
5554,16
18407,0
5544,27
18397,0
11958,0
5537,4
18390,0
11953,0
5532,15
18385,0
5530,41
18383,0
18355,29
5502,0
5499,2
18352,0
11916,0
5491,0
18334,32
5481,0
5475,41
18328,0
5453,0
5411,0
11831,0
5400,1
18253,0
5398,0
11817,0
5394,0
11811,0
5382,0
5350,0
11767,0
11756,0
18188,39
5335,0
18187,54
5334,0
11753,0
5330,0
5323,16
18176,0
5309,0
5303,0
18152,28
5299,0
5296,4
18149,0
5281,0
5278,0
5273,0
18109,57
5256,0
5255,16
18108,0
11665,0
5244,0
18096,27
5243,0
11661,0
5240,57
18093,0
11658,0
5237,0
5235,0
18079,47
5226,0
18075,16
5222,0
5214,0
11628,0
5192,0
5191,0
5190,0
5176,44
18029,0
5172,0
5171,0
5167,0
5148,2
18001,0
5134,0
5126,16
17979,0
17978,54
5125,0
11523,0
5102,0
5097,47
17950,0
5095,40
17948,0
11507,0
11506,0
5085,0
5081,0
11498,0
5060,0
5058,4
17911,0
11476,0
5054,8
17907,0
11455,0
11450,0
5021,0
17874,0
17873,10
5020,0
5013,45
17866,0
5002,0
4998,0
4987,0
4983,0
11402,0
17834,22
4981,0
4965,0
11362,0
11324,0
11315,0
4894,0
11271,0
17701,26
4848,0
17688,17
4835,0
4821,0
17674,0
4816,0
11233,0
4796,0
4795,0
4785,0
11202,0
4779,4
17632,0
4756,0
11166,0
17595,47
4742,0
4717,0
4714,0
11134,0
4713,0
4711,0
4708,0
17545,22
4692,0
4689,0
17540,31
4687,0
4679,0
4666,52
17519,0
4662,0
17507,54
4654,0
17491,54
4638,0
4625,0
17478,0
11043,0
4613,0
4606,0
11025,0
17457,16
4604,0
4603,0
4600,0
4595,33
17448,0
4593,0
17446,0
11007,0
4583,14
17436,0
4579,32
17432,0
4576,0
17429,0
4560,0
4552,33
17405,0
4541,0
4536,47
17389,0
4524,0
4493,0
17346,0
10902,0
4481,0
17334,0
4477,32
17330,0
4476,41
17329,0
4465,0
17318,0
4458,0
17311,0
4453,0
17306,0
10873,0
4452,12
17305,0
4451,15
17304,0
4440,0
10860,0
4439,12
17292,0
4438,15
17291,0
4425,0
4407,0
17260,0
4399,0
17251,57
4398,0
4397,8
17250,0
4389,0
4388,8
17241,0
17239,48
4386,0
4371,0
17224,0
4365,0
4353,6
17206,0
4345,0
4344,0
4343,32
17196,0
10760,0
17186,48
4333,0
4323,0
4318,28
17171,0
10734,0
4313,22
17166,0
4310,24
17163,0
4301,0
17154,0
4286,0
4276,28
17129,0
4267,0
10682,0
4259,0
10678,0
10674,0
4253,0
4249,0
17102,0
17099,10
4246,0
4245,0
17098,0
4241,0
4240,0
4238,58
17091,0
17084,11
4231,0
17081,32
4228,0
4215,0
10625,0
10613,0
4192,0
10596,0
4175,10
17028,0
10594,0
4173,0
4170,2
17023,0
10590,0
10586,0
10581,0
4159,54
17012,0
4156,0
4146,0
4122,0
16975,0
10541,0
4117,0
16970,0
4115,48
16968,0
16966,16
4113,0
4103,0
4096,0
10509,0
10505,0
4074,0
4066,0
16918,6
4065,0
16916,22
4063,0
4061,0
4041,0
16888,53
4035,0
10449,0
4027,0
10446,0
797,0
20071,44
7218,0
4015,38
16868,0
10418,0
16850,19
3997,0
7196,0
3991,0
7192,28
20045,0
3985,0
16838,0
764,0
10403,0
3982,0
16835,0
3980,51
16833,0
16826,39
3973,0
7161,0
736,0
7155,29
20008,0
10354,0
7129,18
19982,0
10347,0
7119,0
3916,0
3912,0
13543,42
690,0
7111,0
19964,0
3908,15
16761,0
16745,44
3892,0
3886,20
16739,0
7087,0
3870,29
16723,0
7070,0
7068,0
7067,0
3864,0
16717,0
16711,6
3858,0
7060,4
19913,0
3853,41
16706,0
3846,0
10264,0
3843,0
13462,0
7041,0
3838,0
7031,0
3828,17
16681,0
7024,0
10238,0
3808,0
3807,0
3801,25
16654,0
3800,0
16653,0
3796,56
16649,0
6998,0
10216,0
16648,47
3795,0
6996,0
10214,0
3793,0
16646,0
16645,15
3792,0
6993,0
10209,0
3787,0
6985,0
3777,0
16630,0
16628,36
3775,0
3774,0
10192,0
3763,0
559,0
6961,0
16611,32
3758,0
554,0
3757,0
6939,0
3720,0
19788,13
6935,0
10122,0
16554,22
3701,0
6884,35
19737,0
478,0
470,0
6872,0
6887,0
10090,0
464,0
10088,0
13271,0
6850,41
19703,0
3640,16
16493,0
408,31
13261,0
405,4
13258,0
416,34
13269,0
6837,40
19690,0
10041,0
3620,4
16473,0
3619,24
16472,0
13251,0
6797,29
19650,0
10015,0
3589,0
16442,0
6788,0
374,0
16430,48
3577,0
366,0
13188,0
13199,29
346,0
16417,15
3564,0
356,0
3559,0
6757,0
9975,0
9974,0
3553,0
16395,32
3542,0
3534,0
9954,0
13144,0
302,0
3520,0
13116,0
3492,0
273,0
13126,0
9912,0
3488,0
6683,0
9901,0
3461,0
16314,0
246,0
3438,0
13059,0
6653,13
19506,0
16288,14
3435,0
16278,35
3425,0
3415,0
191,0
6612,0
16262,4
3409,0
16252,46
3399,0
3389,0
6581,0
3378,0
19428,32
6575,0
13011,0
3372,0
16225,0
3371,0
153,32
13006,0
19409,47
6556,0
9763,0
16195,50
3342,0
124,0
3327,0
19351,32
6498,0
53,0
68,0
3271,0
12900,0
47,0
58,0
12888,0
46,0
12853,0
19285,20
6432,0
6425,0
16075,9
3222,0
19267,45
6414,0
12834,0
16063,51
3210,0
9615,0
9613,0
3187,0
3184,17
16037,0
3157,0
3154,0
6352,0
9570,0
3149,0
9560,0
3139,0
6331,0
9549,0
15968,20
3115,0
9532,0
3111,52
15964,0
9531,0
15963,47
3110,0
6310,41
19163,0
3107,0
15960,0
3104,0
15951,20
3098,0
3086,39
15939,0
6276,0
12696,0
6275,0
19128,0
3071,26
15924,0
3062,0
9477,0
3056,54
15909,0
3048,51
15901,0
15900,17
3047,0
3040,0
3034,0
15881,22
3028,0
3016,0
3010,0
3008,8
15861,0
3007,0
6202,0
2999,0
15851,40
2998,0
9415,0
9414,0
6188,0
19041,0
2985,0
15838,0
2983,0
6180,29
19033,0
9398,0
2971,0
12594,0
15823,15
2970,0
15821,27
2968,0
2965,0
2959,0
2955,0
15808,0
2954,0
15807,0
15803,54
2950,0
9354,0
9349,0
2928,0
9348,0
6119,0
9336,0
2907,0
2902,0
15739,39
2886,0
6075,0
9293,0
2872,0
9279,0
2856,38
15709,0
2853,0
6054,0
12462,0
9259,0
15691,46
2838,0
2833,0
6023,0
2818,0
2793,0
2792,0
12415,0
2791,0
9208,0
5986,0
9204,0
2772,0
9190,0
15621,44
2768,0
2754,53
15607,0
2765,0
2752,22
15605,0
12386,0
2762,0
15602,0
15613,15
2760,0
5954,0
18807,0
15593,0
15590,22
2737,0
15584,0
9163,0
5932,0
5914,0
5898,22
18751,0
9116,0
12315,0
5875,0
18728,0
2648,44
15501,0
15494,0
2652,0
9069,0
2647,0
15451,0
2609,0
15462,0
12226,0
15438,0
2585,0
2596,0
2593,22
15446,0
12209,0
15427,5
2574,0
12201,0
8998,0
8991,0
2558,19
15411,0
15409,0
8982,0
12179,0
15397,5
2544,0
12178,0
8975,0
2550,0
2546,0
15386,0
5746,0
18599,0
12164,0
8961,0
5734,0
2531,16
15384,0
2530,0
12152,0
2520,0
8933,0
12128,0
8895,0
15310,0
8880,0
12064,0
8861,0
12053,0
8850,0
8849,0
8830,0
2396,0
15227,48
2374,0
8806,0
2385,0
2383,0
18432,48
5579,0
2376,0
15208,0
8778,0
2346,0
8765,0
2339,0
11961,0
15179,0
2326,0
8756,0
8747,0
5526,0
5523,34
18376,0
11932,0
5511,0
15149,0
8696,0
5474,0
2271,0
18326,15
5473,0
2259,4
15112,0
11893,0
5472,0
5471,0
15110,0
2257,0
8689,0
2268,32
15121,0
5469,0
8686,0
21539,0
8681,0
15095,0
8674,0
8672,0
11873,0
15091,39
2238,0
8670,44
21523,0
2247,0
2246,0
5443,48
18296,0
8661,0
11863,0
11862,0
2225,47
15078,0
11858,0
2231,0
11843,0
11837,0
2202,54
15055,0
2213,0
5414,0
8632,0
2211,0
11830,0
15045,0
15038,0
10200,0
3779,0
5385,29
18238,0
8603,0
15017,0
10191,0
6968,0
562,0
10186,0
3765,0
2168,0
3764,0
2163,0
6953,0
3750,0
531,0
10155,0
2137,0
486,0
3704,0
8518,26
21371,0
14934,0
8510,29
21363,0
5268,0
2054,3
14907,0
3652,47
16505,0
11679,0
3651,0
8475,0
2049,0
13284,0
3645,0
16478,15
3625,0
2028,41
14881,0
19680,22
6827,0
2027,0
420,0
6825,0
14867,0
14854,11
2001,0
378,5
13231,0
16450,20
3597,0
2000,0
3592,0
8416,0
1995,0
8415,0
1994,0
1983,0
5168,0
9978,0
1960,0
1948,0
3531,0
3526,0
11553,0
5132,0
1929,0
14755,36
1902,0
8334,29
21187,0
6712,0
13142,0
17968,32
5115,0
16360,36
3507,0
8331,0
9907,0
5092,0
16336,51
3483,0
14739,33
1886,0
259,0
3477,0
5083,0
3469,0
13090,35
237,0
6658,0
19511,0
3455,0
1858,0
21122,44
8269,0
14689,0
1836,0
1845,0
5042,0
1832,0
11433,0
5012,0
1809,0
13024,0
6603,0
166,8
13019,0
19451,32
6598,0
3395,0
4990,0
11393,0
3364,0
6573,41
19426,0
3332,51
16185,0
12980,3
127,0
17791,6
4938,0
1735,0
1731,0
3320,30
16173,0
3329,0
1723,0
3313,10
16166,0
14558,0
1714,0
11335,0
1711,0
14550,0
1708,0
85,0
3303,0
6515,0
19368,0
6488,35
19341,0
3285,0
8109,0
12912,49
59,0
8103,0
20947,23
8094,0
1673,0
12878,0
12889,39
36,0
9675,0
3254,31
16107,0
38,13
12891,0
49,0
3225,0
1628,0
3223,32
16076,0
17682,46
4829,0
12843,0
1,0
1622,0
6420,6
19273,0
3217,0
6419,4
19272,0
6410,39
19263,0
9628,0
19283,10
6430,0
4809,0
1606,0
12823,0
6402,39
19255,0
3198,0
1601,0
6407,0
11222,0
14440,0
9604,0
3183,0
1586,0
1579,0
11196,0
12790,0
9587,0
3166,0
7990,0
1568,0
1567,0
16016,45
3163,0
4769,0
17622,0
7987,13
20840,0
4765,40
17618,0
4740,0
17593,0
1537,0
7956,0
1535,0
9538,0
1506,0
12701,0
6280,0
3077,0
15930,0
7901,0
1480,0
1478,0
1460,28
14313,0
7888,0
4664,0
4659,0
7877,0
15899,22
3046,0
12667,0
15896,5
3043,0
11070,0
4649,5
17502,0
4648,0
7866,31
20719,0
1444,0
7861,0
4641,30
17494,0
4637,0
1434,0
7850,0
7848,0
1427,0
1420,0
4617,0
17470,0
7835,0
1412,0
1409,0
4610,43
17463,0
1407,0
11030,0
4609,51
17462,0
1406,0
9422,0
1387,0
4585,0
1382,0
4584,0
2976,16
15829,0
4581,23
17434,0
1367,40
14220,0
9385,0
2964,2
15817,0
2963,5
15816,0
1363,0
15811,54
2958,0
2936,0
2917,0
10944,0
4519,0
17372,0
20586,28
7733,0
1312,0
1300,0
1298,0
1292,0
20562,28
7709,0
17341,10
4488,0
9302,0
2881,0
20546,6
7693,0
15708,0
7681,0
1260,0
4454,0
20525,20
7672,0
10867,0
1243,0
1234,0
17284,52
4431,0
4429,0
17282,0
7647,0
9234,0
2809,0
1212,0
7632,0
20485,0
1210,0
10833,0
4412,0
7629,0
6000,0
15639,0
7621,45
20474,0
1197,0
2785,0
7609,0
7603,0
1182,0
4384,0
4380,12
17233,0
5957,31
18810,0
1156,0
12368,0
20421,13
7568,0
4341,41
17194,0
4340,0
7555,0
5925,25
18778,0
10749,0
4328,0
10748,0
17180,48
4327,0
11544,0
5123,0
1920,0
20392,27
7539,0
1104,0
1897,0
20374,55
7521,0
6685,0
9903,0
8306,0
10709,0
1085,0
2681,0
4285,0
1082,0
256,0
14719,0
5880,0
7501,0
20353,28
7500,0
1079,0
7498,0
1077,0
2671,0
1074,0
1072,0
1862,0
14715,0
1065,0
10687,0
4266,0
5052,0
8270,28
21123,0
4255,0
7468,45
20321,0
5040,0
1036,0
4235,0
4227,29
17080,0
199,20
13052,0
6620,22
19473,0
4223,51
17076,0
9834,0
1019,0
10640,0
1013,0
15448,0
10633,0
176,0
1797,0
13045,0
20274,22
7421,0
1000,0
10622,0
4201,47
17054,0
194,0
10615,0
162,0
16233,47
3380,0
1783,0
15425,0
7407,0
16234,55
3381,0
5783,0
982,0
1771,0
4177,0
15410,0
4174,31
17027,0
971,0
2566,0
10593,0
5708,0
16964,18
4111,0
908,0
20968,15
8115,0
2494,0
7318,0
6493,0
8114,0
1693,0
896,0
7310,0
889,0
4887,0
8105,0
884,0
10506,0
3264,0
16117,0
8088,0
5670,0
18523,0
15309,0
866,0
7278,0
8069,0
20922,0
1648,0
4052,0
4051,0
14476,42
1623,0
8055,0
3243,29
16096,0
6461,0
8855,0
16884,8
4031,0
8029,0
4000,53
16853,0
2390,0
778,0
4791,22
17644,0
1588,0
5583,46
18436,0
9582,0
10391,0
7168,54
20021,0
7975,0
757,0
754,0
9563,0
15995,39
3142,0
1545,0
733,0
5545,6
18398,0
18394,24
5541,0
16797,15
3944,0
10358,0
718,0
20803,22
7950,0
3928,0
19983,17
7130,0
1519,0
7124,0
6312,0
9530,0
3109,0
14354,0
3918,0
5507,0
18360,0
692,0
8724,0
3909,27
16762,0
704,0
688,0
1499,0
3905,0
702,0
11121,0
700,0
19957,41
7104,0
11118,0
4697,0
697,0
9510,0
3089,0
3898,0
695,0
7099,0
693,0
17544,15
4691,0
19950,49
7097,0
691,0
6283,28
19136,0
3888,0
684,0
7088,0
682,0
7085,0
16202,46
3349,0
5755,0
15394,0
955,0
2952,0
7776,0
543,0
6964,0
15391,59
2538,0
7771,16
20624,0
2148,36
15001,0
536,0
19810,16
6957,0
20618,10
7765,0
7763,0
14177,0
6944,0
15777,45
2924,0
2923,0
1315,14
14168,0
505,0
3723,0
14968,15
2115,0
8547,0
529,0
19378,26
6525,0
16175,5
3322,0
6534,22
19387,0
8943,0
7346,0
925,0
513,0
19787,29
6934,0
4518,0
14957,0
19767,39
6914,0
3711,0
6111,0
2908,0
7732,0
16561,55
3708,0
504,0
10128,0
11734,0
512,0
1306,0
6930,0
509,0
6101,0
4098,0
6093,0
3699,0
3688,0
489,0
2064,0
6873,0
7684,0
1263,0
16513,31
3660,0
18514,5
5661,0
4064,10
16917,0
20917,32
8064,0
13688,0
835,0
7267,0
19699,47
6846,0
14888,0
2046,0
16094,48
3241,0
7226,36
20079,0
1217,0
12424,0
6003,0
393,0
6807,0
13243,44
390,0
6384,0
3181,0
16843,58
3990,0
13223,0
381,0
6811,0
19664,0
15623,0
9202,0
10808,0
4387,0
7605,0
20458,0
8796,0
2375,0
6778,0
12397,0
9194,0
13197,0
6776,0
9993,0
11599,0
8396,0
16021,32
3168,0
2371,0
12395,0
9992,0
5573,25
18426,0
1971,0
4372,22
17225,0
1966,0
9977,0
8370,0
1949,0
5543,41
18396,0
3539,0
16392,0
3129,0
5535,15
18388,0
2332,0
4338,0
17191,0
10355,0
3934,54
16787,0
17980,44
5127,0
3511,0
14751,12
1898,0
1909,0
15550,0
7529,0
20382,0
9926,0
16367,9
3514,0
3095,0
14340,0
701,0
4304,29
17157,0
1493,0
7102,57
19955,0
13141,0
3472,0
1875,0
6687,14
19540,0
3256,0
9680,0
3259,47
16112,0
4056,0
16909,0
853,0
9674,0
3253,0
6465,29
19318,0
6877,0
1842,0
18686,47
5833,0
9051,0
16283,36
3430,0
1029,0
5822,0
1022,0
1808,0
2608,0
10831,0
1207,0
6816,0
5807,34
18660,0
9025,0
18062,15
5209,0
8427,0
13025,0
1990,0
14843,0
4993,0
1790,0
14805,0
1963,0
4963,0
17816,0
3360,24
16213,0
21037,28
8184,0
1763,0
6572,0
11385,0
3152,0
16005,0
1555,0
6154,0
2951,0
15804,0
548,0
3751,43
16604,0
5154,0
9369,0
15801,46
2948,0
11775,0
9769,0
3348,18
16201,0
8172,0
6746,0
5149,0
1946,0
2542,0
7366,0
945,0
9363,0
2942,0
7766,0
10163,0
136,0
18590,47
5737,0
930,0
10548,0
4127,0
924,0
5722,0
18575,0
16978,52
4125,0
4525,0
1322,0
17972,15
5119,0
7341,0
6520,50
19373,0
108,0
4106,0
903,0
6912,0
19780,54
6927,0
506,0
1496,0
5899,0
18752,0
2696,0
4302,13
17155,0
8117,0
7320,0
2896,0
1299,0
14941,0
502,0
6511,0
19364,0
15416,0
977,0
12907,0
6486,0
8098,0
3277,32
16130,0
1280,0
14922,0
2480,0
6492,0
5076,50
17929,0
1076,0
3473,0
12897,0
6476,22
19329,0
16126,57
3273,0
7296,0
875,0
20949,38
8096,0
4474,0
3668,15
16521,0
474,0
272,0
3269,29
16122,0
6481,48
19334,0
1959,0
6568,0
8086,0
8912,0
16950,16
4097,0
497,0
6453,0
10868,0
1244,0
850,0
144,0
12162,0
10565,0
4144,0
16997,0
16294,13
3441,0
3893,0
9108,0
1090,0
6499,0
7311,0
14582,0
1729,0
4143,0
7761,0
3440,0
9554,0
4739,0
6539,0
1739,0
4142,53
16995,0
7263,0
20116,0
842,0
6442,39
19295,0
2039,0
20557,13
7704,0
8554,0
3228,0
1631,0
834,0
15368,0
2526,0
4132,2
16985,0
3735,42
16588,0
5732,54
18585,0
4135,10
16988,0
8044,0
4071,0
918,0
521,0
1718,0
1332,0
9374,0
10352,0
10752,0
4331,0
17184,0
5331,0
12426,0
6005,22
18858,0
20479,22
7626,0
8426,0
7659,0
10095,0
16527,46
3674,0
17086,54
4233,0
1030,0
19492,16
6639,0
233,0
4107,0
16454,22
3601,0
6813,22
19666,0
7622,0
6801,12
19654,0
9365,0
15797,41
2944,0
7768,0
1347,0
550,0
3433,44
16286,0
2013,0
2449,0
4055,3
16908,0
16155,16
3302,0
13247,0
7093,17
19946,0
687,0
18540,30
5687,0
20161,27
7308,0
9305,0
2884,0
4043,0
4220,0
17073,0
18676,1
18281,1
18277,1
17758,1
17421,1
16359,1
15973,1
15929,1
15914,1
15859,1
15858,1
15855,1
15643,1
15303,1
15237,1
12829,1
12338,1
12278,1
11587,1
11064,1
10537,1
10306,1
10299,1
9290,1
1659,39
14512,1
20814,22
7961,1
1359,14
14212,1
5655,1
5423,46
18276,1
11065,1
17052,42
4199,1
3463,30
16316,1
6623,1
3072,20
15925,1
15889,15
3036,1
3023,39
15876,1
15675,1
5972,1
12375,1
1815,1
7962,1
3001,52
15854,1
1361,1
7154,1
3096,10
15949,1
1350,1
104,1
9550,1
12332,1
1785,1
3339,1
16170,2
3317,1
105,1
6941,1
3340,1
3315,1
1356,1
19657,22
6804,1
21473,2
20834,2
17915,2
15484,2
15194,2
12404,2
10959,2
10811,2
10559,2
9940,2
15417,2
7066,2
6353,2
6335,2
6083,2
5985,2
5858,2
5328,2
11242,2
4349,2
10662,2
4067,2
6413,2
9294,2
1211,2
3390,2
5525,29
18378,2
5283,2
8162,2
8063,2
1201,2
19065,3
15226,3
13279,3
11179,3
15653,48
2800,3
8359,3
7710,3
20401,13
7548,3
281,3
6382,3
6244,45
19097,3
5826,3
5576,40
18429,3
5272,3
5188,3
18028,28
5175,3
17660,15
4807,3
17543,22
4690,3
17518,17
4665,3
10744,3
2995,3
6090,3
2559,3
2010,3
1880,3
4632,3
3003,3
314,3
5902,3
2467,3
10315,3
2912,3
13237,3
9738,3
5162,3
10563,3
4845,3
3730,28
16583,3
932,3
16656,4
16568,4
16300,4
15959,4
15483,44
2630,4
14166,8
1313,4
12288,4
11933,4
11451,4
11282,4
11105,4
11090,4
10894,4
10877,4
10547,4
10387,4
10237,4
10112,4
10085,4
10002,4
9599,4
9438,4
2560,51
15413,4
15280,4
8784,4
15029,4
8545,4
21173,28
8320,4
8227,4
8221,4
20865,33
8012,4
7979,4
7974,4
7789,4
7725,4
7696,4
20489,11
7636,4
7349,4
7245,4
7158,4
6763,4
6661,4
6577,4
12862,15
9,4
6287,4
6106,4
5935,4
5689,4
18497,5
5644,4
18438,32
5585,4
18243,15
5390,4
11730,4
11643,4
11087,4
11027,4
4551,4
4505,4
4374,4
10790,4
20038,44
7185,4
7063,4
16710,54
3857,4
16684,32
3831,4
10180,4
16458,15
3605,4
3578,4
3541,48
16394,4
13062,4
6590,4
3249,4
9371,4
12550,4
2920,4
9268,4
6042,45
18895,4
2700,6
15553,4
2664,4
9030,4
12155,4
12045,4
2398,4
5440,4
2198,4
3785,15
16638,4
10181,4
8513,4
407,4
406,4
16476,22
3623,4
404,4
1934,4
9904,4
1794,4
14629,4
6532,4
19331,39
6478,4
1563,4
3025,21
15878,4
1379,4
1360,4
6120,4
10893,4
2802,32
15655,4
7631,4
14761,4
12929,4
20170,13
7317,4
7189,4
3939,47
16792,4
1488,4
146,4
5351,4
113,4
6864,4
16496,29
3643,4
16428,28
3575,4
369,4
11156,4
7141,4
6740,4
6862,4
3603,4
3382,4
3543,25
16396,4
11358,4
7358,4
525,4
147,4
865,4
5694,4
3598,4
1747,4
1287,4
18483,5
17964,5
17922,5
17900,5
16207,5
16141,5
15575,16
2722,5
15547,5
2534,32
15387,5
14876,5
14860,5
12630,5
11855,5
11802,5
11413,5
11221,5
11220,5
10715,5
10699,5
10282,5
10280,5
9744,5
9728,5
9707,5
9606,5
9229,5
9160,5
8859,5
8644,5
8614,5
8611,5
7869,5
7757,5
20112,28
7259,5
7008,5
6972,5
6372,5
6349,5
11859,5
11850,5
5264,5
4776,5
10688,5
4105,5
4094,5
4089,5
19856,39
7003,5
3480,5
3456,5
6356,5
2962,5
12463,5
9189,5
2666,5
21521,44
8668,5
3760,5
5257,5
5219,5
16339,47
3486,5
5048,45
17901,5
9741,5
8087,5
2961,5
2960,5
7686,5
16370,32
3517,5
16327,10
3474,5
3468,5
10644,5
6583,5
16953,52
4100,5
4092,5
4085,5
8702,5
1264,5
10338,5
8155,5
920,5
899,5
9177,5
15380,5
541,5
19812,6
19466,6
19365,6
18713,6
18258,6
16244,6
15307,6
13138,6
12569,6
12035,6
12031,6
10427,6
9475,6
9113,6
9097,6
21412,27
8559,6
8457,6
8291,6
20308,23
7455,6
7048,6
388,6
19447,47
6594,6
12506,6
5575,6
17896,24
5043,6
16621,32
3768,6
10000,6
6313,6
9525,6
9428,6
9339,6
2916,39
15769,6
2518,6
8899,6
2429,6
2270,6
11689,6
13093,6
8027,6
1449,6
11031,6
14154,17
1301,6
1225,6
12914,6
6288,6
7092,6
538,6
1643,6
19667,28
6814,6
16799,28
3946,6
7953,6
539,6
11540,6
1271,6
2756,6
8580,6
739,6
2635,7
21038,8
20514,8
16518,8
16003,8
15632,28
2779,8
15283,8
2405,18
15258,8
14622,28
1769,8
12185,8
12067,8
11572,8
11428,8
11098,8
10243,8
10240,8
10162,8
9902,8
9551,8
9335,8
9313,8
9306,8
15688,8
8930,8
15335,46
2482,8
8556,8
21408,32
8555,8
8502,8
20747,22
7894,8
20698,29
7845,8
7843,8
7837,8
20371,13
7518,8
7250,8
722,8
6917,8
6741,8
6673,8
165,8
19381,9
6528,8
86,8
6460,8
6088,8
12036,8
18399,33
5546,8
5346,8
4991,8
17809,47
4956,8
11154,8
4193,8
10484,8
4025,8
3875,8
19930,39
7077,8
3873,47
16726,8
3825,26
16678,8
10242,8
3647,8
10061,8
6777,8
12996,32
143,8
6474,8
9578,8
2927,47
15780,8
15768,48
2915,8
9255,8
9240,8
9056,8
2591,8
2584,8
18595,42
5742,8
5721,8
5662,8
2348,8
16587,29
3734,8
19539,51
6686,8
1824,8
1767,8
13005,47
152,8
19359,54
6506,8
109,20
12962,8
6457,8
1546,8
7782,8
4523,8
14093,8
4446,8
1170,8
20340,13
7487,8
1066,8
1820,8
89,8
828,8
3984,24
16837,8
707,8
6155,8
546,8
1342,8
83,8
461,8
776,8
1169,8
16770,44
3917,8
20370,13
7517,8
4210,8
163,8
2154,8
1345,8
19784,19
6931,8
5720,8
9117,8
20373,13
7520,8
1873,8
7286,8
1341,8
6514,8
5528,8
1814,8
21532,9
18321,9
16940,9
16772,9
16282,9
16100,9
2029,36
14882,9
14783,9
706,10
13559,9
12521,9
11405,9
11276,9
2512,47
15365,9
8726,9
20476,40
7623,9
20438,22
7585,9
7177,9
6929,9
12534,9
5392,9
11717,9
5072,23
17925,9
5044,32
17897,9
17703,28
4850,9
4370,25
17223,9
4091,9
4036,9
19512,44
6659,9
12752,9
2746,9
5686,17
18539,9
11894,9
18068,28
5215,9
6689,9
11190,9
4475,53
17328,9
4385,41
17238,9
9165,9
4306,9
3460,9
1040,9
7424,9
4069,33
16922,9
857,9
10473,9
6951,9
9171,9
284,9
10314,9
7222,9
21000,10
20734,10
19830,10
18191,10
17849,10
17760,10
17579,10
17412,10
17174,10
16796,10
16680,10
16667,10
16495,10
15565,10
15503,44
2650,10
15430,48
2577,10
2562,22
15415,10
12298,10
11639,10
11088,10
15674,10
9047,10
15366,16
2513,10
8916,10
15294,10
8781,10
21350,15
8497,10
21325,27
8472,10
8425,41
21278,10
8240,33
21093,10
21046,31
8193,10
20328,17
7475,10
7352,10
20195,13
7342,10
7253,10
7240,10
6817,10
6507,27
19360,10
6463,10
6082,10
18520,57
5667,10
5465,10
5332,10
11751,10
5291,10
17651,32
4798,10
4622,10
4229,49
17082,10
16886,45
4033,10
6975,58
19828,10
9941,10
3309,10
9403,10
15698,10
5780,10
2570,10
5756,10
12003,10
18308,45
5455,10
2239,10
2206,10
18148,31
5295,10
3622,47
16475,10
3509,10
3442,10
4841,47
17694,10
1598,10
20836,36
7983,10
1562,10
9230,10
4411,32
17264,10
20471,22
7618,10
15596,10
2699,10
4277,10
16952,34
4099,10
3205,10
13615,28
762,10
7110,37
19963,10
6943,16
19796,10
14156,54
1303,10
7184,25
20037,10
10367,10
50,10
1996,10
16814,28
3961,10
18210,32
5357,10
12969,10
1741,10
3744,39
16597,10
7698,10
17416,11
17246,11
17188,11
16957,11
16935,11
16897,11
16434,11
15103,11
13256,11
11459,11
11236,11
10322,11
10292,11
9124,11
2047,28
14900,11
21105,13
8252,11
8134,11
8126,11
20300,36
7447,11
19854,40
7001,11
438,59
13291,11
13113,45
260,11
64,48
12917,11
12488,11
5887,11
5070,31
17923,11
11177,11
4621,11
19864,35
7011,11
19474,45
6621,11
2982,11
5965,11
9181,11
18703,22
5850,11
2410,21
15263,11
16492,15
3639,11
5203,11
14771,16
1918,11
9734,11
1252,11
279,11
10521,11
4780,12
17633,11
4748,39
17601,11
10324,11
13266,11
9196,11
2775,11
524,11
9736,11
9146,11
3599,11
21372,12
20668,12
18254,12
16679,12
15934,12
15897,12
1696,26
14549,12
13092,12
12824,12
12114,12
12046,12
11057,12
10402,12
9878,12
9868,12
9827,12
9671,12
9588,12
9580,12
9577,12
9074,12
8509,32
21362,12
14729,12
14506,47
1653,12
7955,12
20372,15
7519,12
7297,12
7235,12
7167,12
7146,12
6861,12
6235,12
18554,29
5701,12
5663,12
18375,48
5522,12
17753,22
4900,12
4459,12
17031,40
4178,12
7076,12
16641,15
3788,12
10208,12
517,12
514,12
3194,12
6295,12
9383,12
9272,12
9271,12
9014,12
15432,44
2579,12
2561,12
5707,12
2440,12
8768,12
2265,29
15118,12
15082,12
13276,24
423,12
13204,12
3580,12
14569,53
1716,12
4801,12
8007,12
1378,12
15667,12
1177,12
5960,12
1059,12
12940,16
87,12
20766,32
7913,12
3080,17
15933,12
1483,12
1326,12
10109,12
2447,49
15300,12
19655,15
6802,12
3584,52
16437,12
2781,12
11994,12
8730,12
6705,12
19647,15
6794,12
1727,12
21354,27
8501,12
6875,12
13114,12
1239,12
5729,12
1277,12
21436,13
21414,13
21403,13
21385,13
21378,13
21356,13
21330,13
21298,13
21264,13
21255,13
21248,13
21211,13
21179,13
21165,13
21113,13
21103,13
21036,13
21014,13
20974,13
20954,13
20896,13
20826,13
20822,13
20791,13
20784,13
20715,13
20706,13
20654,13
20630,13
20569,13
20548,13
20494,13
20490,13
20463,13
20455,13
20443,13
20442,13
20412,13
20364,13
20339,13
20332,13
20324,13
20309,13
20304,13
20299,13
20273,13
20269,13
20249,13
20233,13
20221,13
20189,13
20187,13
20166,13
20151,13
20138,13
19254,13
19174,13
17032,13
16913,13
16664,13
16619,13
16585,13
16545,13
16315,13
16246,13
15833,13
15800,13
15753,13
15515,13
2173,46
15026,13
13714,54
861,13
13014,13
12674,13
12266,13
8890,13
15023,13
8578,44
21431,13
8428,24
21281,13
8264,54
21117,13
8163,57
21016,13
7994,13
7970,13
7954,40
20807,13
7875,46
20728,13
7821,13
7726,13
7531,58
20384,13
7481,24
20334,13
7388,45
20241,13
7382,47
20235,13
7276,28
20129,13
7264,27
20117,13
6586,13
4012,53
16865,13
3968,13
3872,50
16725,13
3860,13
3782,15
16635,13
16502,29
3649,13
3585,13
196,13
2394,54
15247,13
15079,13
2205,13
2055,13
8449,20
21302,13
14752,13
8293,54
21146,13
1764,13
14,13
7948,46
20801,13
1381,13
7505,22
20358,13
986,13
7404,38
20257,13
976,13
1529,13
6790,13
1108,13
2693,13
7491,22
20344,13
2619,13
8520,22
21373,13
8294,13
1644,13
93,13
1205,13
1087,13
7438,41
20291,13
17860,14
15585,14
15573,48
2720,14
15060,14
14932,39
2079,14
12574,14
9959,14
9284,14
8846,14
8565,14
7707,14
7694,14
555,14
6222,14
4498,14
3681,14
9909,14
8797,14
2230,14
16625,22
3772,14
5300,14
23,14
1429,47
14282,14
1339,14
7690,14
10805,14
12301,14
1571,14
8791,14
8454,14
19489,33
6636,14
21405,15
21360,15
21257,15
21209,15
21205,15
21199,15
21182,15
21181,15
21148,15
21135,15
21132,15
21100,15
21042,15
21017,15
20973,15
20943,15
20932,15
20930,15
20926,15
20894,15
20888,15
20768,15
20695,15
20652,15
20606,15
20498,15
20468,15
20388,15
20378,15
20279,15
20256,15
19704,15
19648,15
19424,15
19422,15
19369,15
18648,15
18158,15
17547,15
16921,15
16803,15
16687,15
16668,15
16662,15
16633,15
16598,15
16592,15
16448,15
16380,15
16015,15
16013,15
15985,15
15980,15
15822,15
15757,15
15732,15
2748,25
15601,15
15559,15
15476,15
15348,15
2237,17
15090,15
14985,15
14525,15
13026,15
12187,15
12063,15
12022,15
11336,15
10921,15
10885,15
10853,15
10235,15
10174,15
9678,15
9273,15
9263,15
9238,15
9103,15
15521,15
15356,15
8810,15
15062,15
15027,15
756,15
7079,15
6771,15
6743,15
13122,15
6311,15
6279,15
6240,15
6175,15
6107,15
6055,15
5913,15
5658,15
11980,15
5496,15
5451,15
5444,15
5355,15
5327,23
18180,15
17943,44
5090,15
4999,15
4803,15
4747,15
10972,15
4521,15
10926,15
4257,15
4176,15
4169,15
10573,15
7078,15
3817,41
16670,15
10196,15
3667,15
12919,49
66,15
48,51
12901,15
11,15
3128,42
15981,15
6231,15
9429,15
6130,15
2887,15
9274,15
6041,15
2827,51
15680,15
18602,28
5749,15
5716,15
12098,15
2468,18
15321,15
5594,15
5456,51
18309,15
2101,22
14954,15
8353,39
21206,15
4911,15
6455,27
19308,15
1566,15
7964,47
20817,15
1527,15
19159,39
6306,15
1384,15
1265,15
5100,15
4219,15
3957,58
16810,15
1494,15
1344,15
1532,15
6642,15
12995,32
142,15
2919,38
15772,15
15359,15
2099,15
14517,15
3466,34
16319,15
535,15
2836,15
1283,15
8338,28
21191,15
6147,15
6505,15
6696,15
8858,15
20013,16
19786,16
19081,16
19077,16
18433,16
18222,16
17876,16
17442,16
17212,16
17148,16
17067,16
16740,16
16415,16
16310,16
16176,16
1105,29
13958,16
12775,16
12759,16
12449,16
12409,16
11801,16
11251,16
11173,16
10757,16
10604,16
10361,16
10335,16
9779,16
9352,16
8835,16
8757,16
8684,16
8108,16
7596,16
13735,46
882,16
7221,16
679,39
13532,16
7015,16
13282,16
6819,16
13238,16
13185,16
13007,16
5470,27
18323,16
5429,16
18065,28
5212,16
4867,16
11237,16
10313,16
19773,35
6920,16
13172,16
3491,16
9277,16
5964,16
9182,16
5788,16
2578,16
2555,16
5678,22
18531,16
2240,54
15093,16
8623,16
8615,16
14842,16
1933,16
17597,39
4744,16
1520,16
7899,16
4623,16
7825,16
12600,16
1272,16
9210,16
7591,16
1103,16
10724,16
1023,16
4189,22
17042,16
974,16
1681,16
686,28
13539,16
16600,29
3747,16
2843,16
15217,16
450,16
940,16
14875,16
2529,16
21462,17
21454,17
21261,17
21133,17
21060,17
20467,17
19826,17
19762,17
18730,17
18351,17
18342,17
18080,17
18037,17
17853,17
17847,17
17782,17
17738,17
17340,17
16663,17
16463,17
15961,17
15785,17
1684,32
14537,17
13711,17
12974,17
12751,17
12350,17
12344,17
12205,17
12094,17
12028,17
11527,17
11477,17
11396,17
10992,17
10434,17
10219,17
10086,17
9285,17
8996,17
8977,17
8544,17
14315,17
20497,27
7644,17
7464,17
20207,36
7354,17
7058,17
6970,58
19823,17
6888,17
19642,36
6789,17
6315,17
6282,17
12688,17
12504,17
12321,17
12221,17
12159,17
12093,17
5660,17
5659,17
5559,17
5533,17
5520,17
18249,46
5396,17
5270,17
11598,17
11597,17
5128,40
17981,17
11539,17
11515,17
11464,17
4806,39
17659,17
11133,17
712,17
16779,34
3926,17
3879,17
498,17
10058,17
10052,17
3367,17
135,32
12988,17
16148,51
3295,17
9608,17
12716,17
2926,17
2867,17
2847,17
9059,17
5743,17
2307,17
15111,17
15061,17
2097,17
6855,17
6828,24
19681,17
8448,19
21301,17
10018,17
1847,17
3400,17
1798,17
4972,45
17825,17
20837,27
7984,17
3117,35
15970,17
12727,17
12378,17
5947,17
17933,48
5080,17
9081,17
13037,17
6616,17
6609,22
19462,17
984,17
16143,33
3290,17
20087,44
7234,17
1497,17
2297,17
2126,17
5304,47
18157,17
20532,44
7679,17
6433,54
19286,17
7149,17
735,17
17965,40
5112,17
16258,54
3405,17
8367,17
1665,17
447,17
1740,17
11657,17
2325,17
6886,17
852,17
21562,18
18425,18
18061,18
18009,18
17169,18
16264,18
15989,18
15840,18
1759,25
14612,18
12706,18
11574,18
10756,18
10746,18
10632,18
10530,18
10455,18
10272,18
9590,18
8699,18
20453,38
7600,18
7216,18
7135,18
6976,18
12714,18
6215,18
5274,18
18036,39
5183,18
11059,18
10754,18
4084,18
16783,30
3930,18
10291,18
3797,32
16650,18
10183,18
16206,22
3353,18
3105,18
2994,18
2993,18
2858,18
9184,18
9012,18
5765,18
8692,18
2260,18
14573,18
111,18
1308,18
1100,18
7437,18
5782,18
14951,18
1656,18
123,18
880,18
4544,18
6699,18
4045,18
9543,18
9965,19
7755,19
19713,32
6860,19
6018,19
21293,20
19844,20
19645,20
19453,20
18963,20
18842,20
17529,20
17103,20
17075,20
17036,20
16776,20
16563,20
15987,20
14903,20
13023,20
11910,20
11563,20
11268,20
11181,20
11174,20
11149,20
10887,20
10847,20
10717,20
10467,20
10342,20
9853,20
2484,23
15337,20
8780,20
8255,20
7322,20
13053,20
13043,20
6373,20
12394,20
5937,20
5615,20
11891,20
5210,20
4818,39
17671,20
4436,51
17289,20
10809,20
7075,20
13214,53
361,20
9799,20
15629,20
2764,31
15617,20
2672,20
5787,20
11895,20
436,20
3626,41
16479,20
354,20
8137,20
81,20
1666,20
3252,20
20708,41
7855,20
4303,29
17156,20
2677,20
2660,20
10648,20
8987,20
20771,22
7918,20
5752,33
18605,20
5620,20
4401,47
17254,20
787,20
10398,20
3565,20
3563,20
6471,20
7428,20
3351,20
9761,20
10156,20
6541,20
4408,20
2102,20
19223,21
15810,21
13077,21
12858,21
11492,21
4893,32
17746,21
4153,21
6157,21
6056,21
2386,40
15239,21
3275,21
15879,35
3026,21
7966,21
3094,21
8441,21
21479,22
21453,22
21272,22
21271,22
21256,22
21236,22
21234,22
21232,22
21221,22
21194,22
21189,22
21114,22
21053,22
21049,22
21045,22
21022,22
21012,22
20969,22
20920,22
20813,22
20812,22
20800,22
20798,22
20779,22
20672,22
20660,22
20658,22
20648,22
20566,22
20561,22
20545,22
20502,22
20499,22
20470,22
20448,22
20440,22
20407,22
20400,22
20284,22
20278,22
20255,22
20105,22
19978,22
19850,22
19803,22
19745,22
19723,22
19710,22
19427,22
19171,22
18953,22
18769,22
18718,22
18699,22
18283,22
18155,22
17988,22
17802,22
17616,22
17556,22
16910,22
16818,22
16816,22
16802,22
16705,22
16672,22
16461,22
16388,22
16377,22
16376,22
16371,22
16324,22
16317,22
15790,22
2291,54
15144,22
15136,22
14516,22
14180,29
1327,22
12721,22
12631,22
12306,22
12207,22
12085,22
12061,22
12042,22
11879,22
11736,22
11727,22
11667,22
11629,22
11621,22
11564,22
11543,22
11500,22
11494,22
11443,22
11307,22
11047,22
10499,22
10478,22
10119,22
10108,22
10037,22
9995,22
9961,22
9914,22
9558,22
9556,22
9441,22
9427,22
9346,22
9111,22
15495,22
8956,22
2273,28
15126,22
15109,22
8602,33
21455,22
8595,58
21448,22
8581,22
14998,22
8458,22
21260,29
8407,22
8366,55
21219,22
8364,22
8342,37
21195,22
8254,22
8001,22
20775,39
7922,22
7884,22
14300,22
14285,22
7730,50
20583,22
7728,22
7674,51
20527,22
7635,47
20488,22
7620,27
20473,22
7476,22
7472,22
7459,22
7331,22
7072,22
560,22
6865,22
19712,53
6859,22
6622,47
19475,22
12915,22
12904,22
6475,22
6323,22
6233,22
6104,22
5969,22
5922,22
12334,22
18418,33
5565,22
18348,51
5495,22
5492,22
18336,39
5483,22
5389,34
18242,22
5367,22
5308,22
18150,33
5297,22
11664,22
11503,22
11478,22
4898,24
17751,22
4814,22
4794,22
4792,22
4457,22
4330,22
17037,38
4184,22
3989,22
16807,45
3954,22
698,22
10254,22
3697,22
466,22
19683,32
6830,22
3533,52
16386,22
19127,39
6274,22
6254,22
9444,22
6186,22
6185,22
6173,22
9366,22
15692,27
2839,22
9260,22
15669,22
5994,22
12352,22
5731,22
8925,22
2490,22
2483,36
15336,22
18530,58
5677,22
5632,22
8826,22
18435,30
5582,22
15190,29
2337,22
8767,22
2320,22
8731,22
5494,22
5441,47
18294,22
5437,22
5356,22
8528,22
2107,54
14960,22
2092,22
3557,40
16410,22
6729,22
1846,22
6669,22
1803,22
8047,53
20900,22
1610,22
4805,22
1524,22
7841,22
7830,22
1404,22
1320,22
12505,22
6084,22
2873,22
2866,53
15719,22
9270,22
1229,22
4419,22
1188,22
4307,22
8318,22
4288,22
8292,22
1063,22
3446,33
16299,22
1849,22
7441,22
13036,49
183,22
4194,22
187,22
12204,22
2580,22
13027,22
8986,22
6495,22
5682,22
7287,48
20140,22
12014,22
783,22
7985,39
20838,22
15180,22
2338,22
2322,54
15175,22
7139,22
7113,27
19966,22
3903,22
1492,22
3895,22
11112,22
12704,22
1722,22
528,22
9311,22
846,22
12880,49
27,22
12869,22
6799,22
6785,22
773,22
16824,39
3971,22
728,22
2298,22
7914,25
20767,22
11499,22
4273,22
6456,22
1033,22
9029,22
10023,22
1351,22
9964,22
65,22
5650,22
7096,22
1642,22
16486,55
3633,22
15782,36
2929,22
1525,22
16874,32
4021,22
7634,22
21308,23
21224,23
20770,23
20712,23
18719,23
17685,23
2462,47
15315,23
12659,23
12182,23
12077,23
11145,23
10253,23
9334,23
8742,23
8579,23
8391,25
21244,23
8388,23
8322,47
21175,23
7359,23
6711,23
12890,35
37,23
6271,23
6232,23
11690,23
5114,51
17967,23
5084,23
11132,23
10973,23
4029,23
7229,23
202,23
6242,23
15455,44
2602,23
15354,23
2335,45
15188,23
11877,23
2252,23
138,23
4892,23
9625,23
14298,54
1445,23
1428,23
1138,23
1877,23
7444,23
1768,23
11308,23
16747,33
3894,23
1752,23
7747,39
20600,23
18166,45
5313,23
731,23
11630,23
10008,23
21190,55
8337,23
859,23
10165,23
18392,24
16939,24
16893,24
16420,24
12893,27
40,24
8863,24
14826,24
7583,24
7427,24
13290,24
13281,24
6770,24
19280,54
6427,24
5808,24
12127,24
5388,24
4812,24
10786,24
4297,24
10515,24
7046,24
16343,46
3490,24
2990,24
15704,40
2851,24
5643,24
5113,24
12851,24
11051,24
2505,24
873,24
952,24
16449,54
3596,24
2365,24
3505,24
13008,24
9573,24
8940,24
1068,24
18,24
3344,32
16197,24
4290,24
21178,25
21034,25
21028,25
20976,25
20596,25
20135,25
19304,25
16808,25
16441,25
16311,25
12705,25
11407,25
11333,25
11300,25
11028,25
11018,25
9562,25
8794,25
8777,25
21277,44
8424,25
21128,44
8275,25
8259,35
21112,25
8030,53
20883,25
7410,25
7302,25
6701,25
6522,53
19375,25
6138,25
5555,25
5359,25
5316,25
4657,25
3806,25
16522,28
3669,25
3637,40
16490,25
3579,27
16432,25
5758,25
5679,25
15162,46
2309,25
2221,25
2048,25
8224,47
21077,25
6540,25
1706,25
1688,25
11302,25
1602,25
1375,25
1200,25
13715,25
5600,25
6299,25
10925,25
5984,25
8296,25
3602,25
2519,25
6529,25
9894,25
12874,25
5741,25
1639,25
5321,25
12860,25
6325,50
19178,25
1328,25
21576,26
19420,26
18600,26
17619,26
15478,26
11860,26
11854,26
11841,26
11812,26
11793,26
11048,26
10702,26
15389,26
14872,26
8234,26
6437,27
19290,26
6234,27
19087,26
12654,26
12605,26
12441,26
5286,26
5177,26
5117,26
4075,26
2551,32
15404,26
2435,26
11829,26
8222,26
3063,26
2568,28
15421,26
11232,26
15146,26
4420,45
17273,26
20927,53
8074,26
3587,26
2517,26
1917,26
8905,26
21437,27
21386,27
21242,27
20918,27
20414,27
20226,27
20217,27
20213,27
20174,27
19142,27
19029,27
19009,27
16812,27
16798,27
16642,27
16584,27
16350,27
16346,27
16263,27
16030,27
12783,27
12562,27
11109,27
10393,27
9860,27
9267,27
9250,27
9235,27
9115,27
15511,29
2658,27
8745,27
8708,27
8637,33
21490,27
8582,38
21435,27
8562,47
21415,27
14962,36
2109,27
21166,28
8313,27
8262,27
8032,38
20885,27
13890,27
12866,47
13,27
6134,27
6047,27
18591,53
5738,27
5339,27
11635,27
5055,27
17630,28
4777,27
4773,27
7061,27
10211,27
3786,27
16574,39
3721,27
16422,41
3569,27
9519,27
6165,27
12570,27
15594,27
2659,27
5793,35
18646,27
8999,27
8976,27
2380,40
15233,27
2253,27
5422,27
8588,44
21441,27
21203,45
8350,27
6466,27
2862,33
15715,27
2789,27
1181,27
1124,27
6591,27
968,27
11305,27
3951,35
16804,27
530,27
5312,27
4376,27
1096,27
1853,27
8229,27
1011,27
6908,35
19761,27
3680,50
16533,27
2433,27
12150,27
7353,54
20206,27
2005,27
8422,39
21275,27
21480,28
21474,28
21352,28
21266,28
21240,28
21237,28
21218,28
21136,28
21032,28
20975,28
20735,28
20711,28
20640,28
20593,28
20558,28
20395,28
20385,28
20376,28
20314,28
20310,28
20228,28
20118,28
19915,28
19887,28
18816,28
18120,28
17712,28
17655,28
17489,28
16825,28
16809,28
16800,28
16655,28
16551,28
16385,28
15819,28
15558,28
15119,54
2266,28
12645,28
12520,28
11320,28
11115,28
10924,28
10851,28
10099,28
9973,28
9405,28
9378,28
9364,28
9316,28
2695,35
15548,28
15528,28
9049,28
8946,28
8865,28
8793,28
8750,28
8740,28
8738,28
2149,36
15002,28
15000,28
8577,41
21430,28
2130,39
14983,28
8409,28
21262,28
8399,38
21252,28
8311,29
21164,28
14314,46
1461,28
7820,39
20673,28
7752,38
20605,28
7723,28
1238,35
14091,28
7449,45
20302,28
7338,40
20191,28
7190,28
19927,32
7074,28
6779,28
6738,28
6273,28
12596,28
6146,28
6048,28
6017,28
18870,28
5950,28
12231,28
5680,28
11976,28
11896,28
5464,28
5426,28
5417,28
5314,28
11633,28
5029,28
17673,39
4820,28
10897,28
4141,28
19986,34
7133,28
3867,28
3784,28
3695,28
9810,28
6129,28
15610,49
2757,28
5967,28
2751,28
5894,28
9066,28
2590,28
5757,32
18610,28
15312,46
2459,28
15221,28
2182,28
2042,28
3624,28
8236,28
19344,49
6491,28
45,50
12898,28
1569,28
1543,28
4729,28
1467,28
1452,28
1317,28
7734,28
1251,28
18863,47
6010,28
4351,28
1134,28
8340,28
21193,28
1122,28
3413,32
16266,28
14417,36
1564,28
3960,35
16813,28
11977,28
3948,32
16801,28
4732,28
9333,28
6504,41
19357,28
17347,47
4494,28
16457,35
3604,28
3582,28
1135,28
1111,28
456,28
399,28
7381,29
20234,28
9372,28
533,28
19386,31
6533,28
10946,28
7398,55
20251,28
13717,28
7362,54
20215,28
10564,28
8060,31
20913,28
3629,28
1128,28
818,28
9231,28
15326,28
21238,29
20180,29
18875,29
17700,29
17573,29
17506,29
16986,29
16644,29
16211,29
16023,29
15841,29
15762,29
15569,29
15296,29
15292,29
13136,29
12702,29
12281,29
12059,29
12033,29
11925,29
11726,29
11418,29
11400,29
11049,29
11035,29
10140,29
10067,29
10057,29
9967,29
9956,29
9927,29
9668,29
9618,29
9465,29
9388,29
9161,29
2428,51
15281,29
8799,29
21519,57
8666,29
15049,42
2196,29
8628,29
8289,53
21142,29
14697,29
8010,29
20792,47
7939,29
7902,29
20746,41
7893,29
7876,29
7687,29
19374,41
6521,29
6503,29
6217,29
6113,29
5647,29
5627,29
11979,29
5345,29
11708,29
11674,29
5234,29
5071,29
11377,29
17775,47
4922,29
4810,29
10826,29
4347,29
17058,37
4205,29
10566,29
16737,47
3884,29
3841,29
13180,29
19491,58
6638,29
9437,29
9337,29
15641,29
15571,47
2718,29
2711,29
15240,29
15107,29
18307,50
5454,29
5376,33
18229,29
2108,29
14949,29
6721,29
14666,29
6447,29
12831,29
8023,29
1502,29
1466,29
7673,29
1208,29
1084,29
13041,29
983,29
11395,29
4974,29
2470,29
10472,29
3937,29
732,29
5358,29
7736,29
11725,29
2890,29
10822,29
6784,29
15213,29
3556,51
16409,29
334,47
13187,29
7120,29
19561,43
6708,29
3899,29
1760,29
14993,29
130,29
10544,29
7315,54
20168,29
14975,29
1732,29
11637,29
10440,29
16872,32
4019,29
3890,29
10105,29
21571,30
20552,30
19181,30
19050,30
16159,30
16152,30
11808,30
10849,30
10794,30
10743,30
10738,30
10606,30
10453,30
10429,30
9850,30
9771,30
9742,30
9733,30
15468,30
8618,30
8512,30
14626,47
1773,30
7977,30
7891,47
20744,30
20457,32
7604,30
20446,55
7593,30
6434,30
12767,30
5854,30
5830,30
5077,54
17930,30
11239,30
4640,30
4167,30
4088,52
16941,30
4081,30
9431,30
2945,30
5955,30
2543,32
15396,30
2532,30
5340,30
21411,32
8558,30
13265,30
16029,32
3176,30
13966,30
1885,30
2637,30
11201,30
18205,32
5352,30
3573,30
9192,30
19410,45
6557,30
480,57
13333,30
16755,34
3902,30
5250,30
941,30
3738,40
16591,30
3931,30
3684,30
20787,31
20398,31
18932,31
18849,31
18403,31
17419,31
17410,31
17277,31
17123,31
17113,31
16549,31
16459,31
16232,31
15551,31
14969,55
2116,31
1651,36
14504,31
14263,31
12956,31
12725,31
12579,31
12400,31
12216,31
12195,31
9925,31
9642,31
9413,31
9203,31
15424,31
8992,31
8945,31
8866,31
15278,31
15120,31
21202,44
8349,31
7963,31
7864,31
20367,36
7514,31
13904,31
7363,31
20216,31
6635,31
6337,31
5888,31
5363,31
18048,36
5195,31
5139,31
4941,31
4933,31
17677,54
4824,31
4555,33
17408,31
4510,31
4470,31
17258,44
4405,31
3830,31
10222,31
3743,31
6852,31
13115,31
6694,31
3155,31
3051,31
9087,31
5796,31
5762,31
2554,31
5751,47
18604,31
2379,31
18393,33
5540,31
15005,31
10115,31
18111,54
5258,31
362,31
3545,40
16398,31
11510,31
1682,31
6502,31
3263,31
4804,31
20811,32
7958,31
1526,31
9484,31
4660,58
17513,31
7873,31
6163,31
4363,41
17216,31
1148,31
6677,31
8298,31
1071,31
4811,31
811,31
8733,31
2312,31
2549,31
8569,31
3748,31
7722,31
3258,31
817,31
4023,31
1173,31
20802,45
7949,31
12886,31
9040,31
8206,31
7304,31
15598,31
9861,31
10054,31
4918,32
17771,31
11752,31
10,31
10311,31
21357,32
21319,32
21287,32
21228,32
21071,32
21040,32
20945,32
20797,32
20396,32
20311,32
20298,32
19833,32
19799,32
19751,32
19507,32
19441,32
19435,32
19411,32
19343,32
19270,32
19241,32
19006,32
18986,32
18479,32
18223,32
18182,32
18138,32
17837,32
17785,32
17784,32
17777,32
17612,32
17576,32
17182,32
17178,32
17146,32
17115,32
17004,32
16925,32
16923,32
16873,32
16700,32
16685,32
16444,32
16443,32
16427,32
16307,32
16026,32
15997,32
15894,32
15682,32
15600,32
14982,32
14623,32
1541,53
14394,32
13704,39
851,32
13189,32
13072,32
12676,32
12443,32
12383,32
12305,32
12237,32
11968,32
11449,32
11143,32
11041,32
11029,32
10978,32
10950,32
10908,32
10883,32
10843,32
10432,32
10224,32
9804,32
9487,32
9343,32
15545,32
8327,32
14619,32
8020,32
7997,32
20725,54
7872,32
7824,32
20670,45
7817,32
20666,39
7813,32
14131,32
7494,32
7490,32
7482,32
7469,32
7319,32
7126,32
7027,52
19880,32
496,32
19702,47
6849,32
13212,32
13210,32
13194,32
13182,32
12949,46
96,32
6473,32
6361,32
12699,32
6223,32
12629,32
12620,32
12610,32
6135,47
18988,32
6103,32
6096,32
12356,32
12331,32
5750,32
18563,43
5710,32
5516,32
5447,52
18300,32
5377,32
11755,32
11748,32
11744,32
11505,32
4910,47
17763,32
4908,32
11078,32
10928,32
10872,32
4369,32
4339,32
10462,32
16852,33
3999,32
3993,32
3933,32
3920,32
7115,40
19968,32
3874,45
16727,32
3839,32
3833,32
10213,32
544,32
6815,32
16275,36
3422,32
3420,32
3418,32
16269,36
3416,32
3251,32
3229,32
9539,32
9526,32
12722,32
9472,32
6070,32
2799,32
2540,32
5723,53
18576,32
2471,38
15324,32
2475,32
5671,32
8771,32
5442,32
2219,32
6907,46
19760,32
14921,32
19697,47
6844,32
16460,47
3607,32
1835,32
1787,32
9640,32
20893,44
8040,32
1581,32
7993,32
17625,47
4772,32
11192,32
10909,32
6065,32
7650,32
9246,32
2797,32
1118,32
2714,32
5105,45
17958,32
16312,51
3459,32
8258,32
16270,34
3417,32
9027,32
3394,32
16247,32
12203,32
4172,48
17025,32
4884,32
7305,32
1667,32
1634,32
15276,32
1577,32
3161,32
748,32
3085,32
2281,32
1477,32
12973,32
2552,32
545,32
125,32
12978,32
12146,32
11738,32
1291,32
3632,32
4787,58
17640,32
353,51
13206,32
13211,32
7992,32
12719,32
7443,32
4964,32
960,32
1354,32
4937,32
12965,32
2500,32
3298,32
10895,32
2956,32
14201,32
5665,32
844,32
6856,32
3336,32
3239,32
836,32
7749,32
1213,32
21391,33
20989,33
20829,33
19556,33
19433,33
19083,33
18835,33
18744,33
18700,33
18674,33
18302,33
18104,33
17455,33
17359,33
17279,33
17083,33
16963,33
16932,33
16929,33
16926,33
16903,33
16856,33
16794,33
16088,33
14904,33
14199,33
186,35
13039,33
12830,33
12604,33
12563,33
11446,33
11390,33
11352,33
11260,33
10905,33
10695,33
10665,33
10642,33
10623,33
10608,33
10255,33
9982,33
9976,33
9933,33
9755,33
9704,33
9681,33
9315,33
9076,33
8857,33
2353,40
15206,33
8676,33
8663,33
8662,33
21488,45
8635,33
8608,33
8599,33
8592,33
21051,47
8198,33
8151,33
8141,33
7907,33
7477,33
6716,33
12472,33
5973,33
12355,33
12340,33
5908,33
5895,33
5792,33
5561,33
5288,33
5201,33
5160,33
11555,33
5057,33
4903,33
11198,33
4513,33
4507,33
10779,33
10767,33
4120,51
16973,33
4026,33
10375,33
3352,33
3078,33
12623,33
12609,33
9172,33
9015,33
12208,33
15270,46
2417,33
8667,33
5408,33
16623,36
3770,33
2025,33
1848,33
1839,33
4970,39
17823,33
134,39
12987,33
6428,33
9637,33
11225,33
3204,33
14270,33
15832,36
2979,33
20655,41
7802,33
1226,33
1159,35
14012,33
10781,33
7558,33
13946,33
1088,33
1871,33
1863,33
13908,33
11461,33
11397,33
21039,47
8186,33
2301,54
15154,33
8725,33
5506,33
6926,33
13950,33
1680,33
1675,33
894,33
8080,33
14055,33
19082,34
19044,34
18527,34
18458,34
18437,34
17511,34
17449,34
17400,34
17256,34
16969,34
16967,34
16854,34
16767,34
16256,34
16164,34
16139,34
15793,34
15742,34
15122,47
2269,34
12466,34
11580,34
11558,34
11170,34
11076,34
10377,34
9905,34
9433,34
8363,34
8199,34
7584,34
6376,34
12758,34
5842,34
5839,34
5798,34
5260,34
5238,34
5207,34
5053,43
17906,34
11197,34
4634,34
10285,34
10261,34
16407,42
3554,34
6619,34
213,34
3073,34
2977,34
12480,34
12407,34
5848,34
18658,54
5805,34
21477,44
8624,34
6952,34
5228,34
1912,34
1910,34
16052,48
3199,34
5769,34
870,34
4695,34
4686,34
379,39
13232,34
6371,34
867,34
1951,34
20946,35
20352,35
19895,35
19870,35
19763,35
19744,35
19635,35
19379,35
19325,35
19312,35
19208,35
19155,35
17749,35
17317,35
17015,35
16707,35
16675,35
16531,35
16404,35
16403,35
15967,35
2151,54
15004,35
1457,52
14310,35
12044,35
11983,35
11743,35
11550,35
11484,35
11104,35
10508,35
9497,35
9410,35
8567,35
14967,39
2114,35
21140,47
8287,35
7897,35
13753,35
13200,35
6538,35
6278,35
6199,35
5835,58
18688,35
11707,35
11441,35
4890,35
11113,35
4605,35
4592,35
10787,35
4237,35
4160,35
9884,35
128,47
12981,35
3180,35
16006,44
3153,35
3067,52
15920,35
12652,35
9392,35
6121,35
2528,35
15325,35
5596,35
5276,35
6841,35
1620,35
9619,35
7870,35
7796,35
1276,35
1209,35
9206,35
7453,35
1016,35
2583,35
5597,35
7199,35
5500,35
11107,35
17808,36
4955,35
553,35
12532,35
820,35
372,47
13225,35
743,35
9893,35
6477,35
963,35
8572,35
13787,35
7260,35
1715,35
13060,35
12852,35
1649,35
21413,36
21336,36
21324,36
21315,36
21265,36
21109,36
21095,36
21081,36
21055,36
21044,36
20988,36
20937,36
20915,36
20776,36
20680,36
20639,36
20628,36
20564,36
20533,36
20450,36
20391,36
20368,36
20252,36
20181,36
18627,36
18052,36
17034,36
16735,36
16715,36
16698,36
16569,36
15886,36
15723,36
15211,36
15141,36
12616,36
12211,36
12005,36
11528,36
11470,36
11283,36
11060,36
10907,36
10529,36
10430,36
10225,36
10130,36
9825,36
9091,36
8997,36
8226,36
8048,36
7836,36
7678,54
20531,36
7312,44
20165,36
7244,36
6765,36
6094,36
5926,36
5402,36
11481,36
11475,36
4357,36
7157,36
3755,50
16608,36
6840,36
9985,36
160,36
9682,36
19307,54
6454,36
9576,36
12664,36
12619,36
6198,36
15695,36
9158,36
15570,36
12296,36
15489,36
8979,36
8972,36
5415,36
15053,36
11721,36
2089,36
17787,54
4934,36
4472,36
12346,36
7484,39
20337,36
10532,36
4014,36
3996,36
5556,36
19981,54
7128,36
6297,36
3091,48
15944,36
7083,36
8970,36
6115,36
8005,36
10411,36
1178,36
774,36
3571,48
16424,36
5911,36
5501,45
18354,36
1070,36
3377,47
16230,36
8868,36
21023,37
19679,37
17365,37
11768,37
11253,37
11144,37
21214,53
8361,37
11920,37
11161,37
10784,37
10676,37
8204,37
8102,37
8113,37
9088,37
6665,37
21176,38
20910,38
20685,38
20651,38
20598,38
20517,38
20515,38
18708,38
16602,38
16055,38
15295,38
12658,38
12649,38
12391,38
12382,38
12380,38
12362,38
12258,38
12154,38
12149,38
11978,38
11884,38
11713,38
11705,38
11614,38
11568,38
10943,38
10083,38
9818,38
9478,38
9237,38
2203,51
15056,38
8026,38
20879,38
20736,55
7883,38
7790,38
13192,38
140,38
12351,38
5657,38
11898,38
5342,38
11724,38
11567,38
4797,38
4755,38
11034,38
17199,58
4346,38
10447,38
10436,38
6787,38
6759,38
9610,38
6123,38
8969,38
12017,38
15094,38
5089,38
126,38
1469,38
9287,38
10840,38
1191,38
1080,38
9034,38
74,38
1608,38
11966,38
2342,38
2333,38
12176,38
6549,38
1658,38
8981,38
11570,38
8995,38
2938,38
2133,38
11644,38
21503,39
21429,39
21382,39
21297,39
19137,39
18859,39
18638,39
18236,39
18135,39
18038,39
17957,39
17956,39
17770,39
17752,39
17719,39
17710,39
17589,39
17538,39
17422,39
17048,39
16622,39
16287,39
16203,39
15912,39
15898,39
14672,39
937,48
13790,39
12827,39
12538,39
12485,39
12345,39
12225,39
12156,39
11722,39
11663,39
11623,39
11435,39
11257,39
10918,39
10892,39
10551,39
10419,39
10404,39
10110,39
9981,39
9971,39
9809,39
8919,39
8496,39
21291,54
8438,39
8351,39
8217,39
8205,39
14393,39
7810,39
7715,39
1017,41
13870,39
7337,39
758,55
13611,39
6660,39
12685,39
12661,39
18830,41
5977,39
5946,39
5876,39
5873,39
12236,39
12133,39
5563,39
5517,39
5505,39
11923,39
11872,39
11847,39
11763,39
5293,39
5091,39
11465,39
11373,39
4952,39
4733,39
10874,39
4145,39
10414,39
3673,39
6723,39
9488,39
12663,39
15892,54
3039,39
9434,39
3013,39
12540,39
9239,39
5949,39
2638,39
9032,39
12186,39
12172,39
2323,39
11915,39
8691,39
8690,39
11892,39
15024,39
19663,47
6810,39
21208,41
8355,39
5121,39
1801,39
9638,39
3216,39
1619,39
8000,39
7867,39
3042,39
6166,39
7737,39
10832,39
4360,39
1123,39
15479,39
13874,39
1816,39
20793,41
7940,39
685,39
7090,47
19943,39
558,39
12173,39
2898,39
14485,39
10025,39
401,39
387,39
5974,39
16400,45
3547,39
4410,39
3345,39
8947,39
1220,39
7261,53
20114,39
21215,40
20794,40
20237,40
19742,40
17795,40
16819,40
16815,40
16347,40
16284,40
16221,40
16022,40
15834,40
14542,47
1689,40
12715,40
12624,40
11301,40
10980,40
10974,40
10855,40
10601,40
9502,40
9486,40
9278,40
8860,40
15205,40
15065,53
2212,40
8394,40
7676,45
20529,40
6293,40
6181,40
6172,40
6073,40
5993,40
12240,40
5744,40
12110,40
5438,40
5407,40
11685,40
11569,40
11549,40
11479,40
4292,40
715,40
3840,40
9963,40
6641,40
169,40
164,40
6213,40
6105,40
2548,40
8892,40
557,40
2112,40
10097,40
3676,40
449,40
6848,40
167,40
11359,40
1638,40
4788,40
1585,40
6179,40
1364,40
1245,40
1160,40
1137,40
20348,44
7495,40
4239,40
4216,40
6597,46
19450,40
998,40
7272,40
3994,40
1554,40
10381,40
4155,40
7735,40
1314,40
11733,40
1198,40
1176,40
2750,40
3672,40
7465,40
12153,40
21295,41
21233,41
21196,41
20634,41
20567,41
20507,41
20380,41
19862,41
19639,41
19459,41
17811,41
16806,41
16348,41
15969,41
15703,51
2850,41
15561,47
2708,41
15130,41
13552,52
699,41
12681,41
12613,41
12516,41
12364,41
12166,41
11696,41
11684,41
11566,41
11416,41
11338,41
11106,41
10999,41
10966,41
10839,41
9807,41
9611,41
9425,41
9301,41
8521,41
14646,41
14103,41
7516,41
7330,41
7191,41
6500,41
6485,41
24,41
6309,41
5991,41
12294,41
5669,41
5629,41
18455,51
5602,41
11046,41
10919,41
4378,41
4358,41
4261,41
4182,47
17035,41
4157,41
10524,41
734,41
12353,41
15477,41
8965,41
2539,41
2350,41
15189,41
2316,41
15152,41
2249,41
2188,41
10185,41
14995,41
10046,41
11649,41
2016,41
6672,41
1861,41
5018,41
1655,41
1366,41
1285,41
1117,41
14744,41
2663,41
1010,41
8915,41
848,41
781,41
5725,41
4517,41
5317,41
1311,41
2110,51
14963,41
98,41
8879,41
6298,41
4361,41
5354,41
4954,41
1633,41
490,41
20159,42
19692,42
18952,42
18549,42
18504,42
18488,42
18465,42
18362,42
17343,42
17274,42
17245,42
16993,42
16332,42
16331,42
16304,42
16289,42
16216,42
16150,42
15831,42
15767,42
15578,49
2725,42
2492,51
15345,42
15096,42
13321,42
12687,42
12657,42
12627,42
12592,42
12571,42
12483,42
12336,42
12274,42
12259,42
12246,42
12235,42
12223,42
12215,42
12197,42
12147,42
12125,42
12112,42
12102,42
11989,42
11960,42
11945,42
11940,42
11934,42
11907,42
11746,42
11425,42
10913,42
10864,42
10750,42
9988,42
9943,42
15563,42
9031,42
8802,42
8432,47
21285,42
1789,49
14642,42
14178,42
6726,42
12774,42
12732,42
12509,42
12469,42
12398,42
12316,42
12260,42
5711,48
18564,42
12101,42
12024,42
11913,42
4204,42
4152,48
17005,42
409,51
13262,42
12910,42
3266,54
16119,42
12875,58
22,42
15984,45
3131,42
12731,42
3092,42
12632,42
8951,42
11861,42
3694,42
14499,42
3219,42
15956,54
3103,42
1125,42
1919,42
12091,42
11946,42
1512,42
2155,42
12514,42
13285,42
1078,42
12243,42
1916,42
16200,44
3347,42
3133,42
8160,42
3122,42
16555,47
3702,42
13694,42
10464,42
1047,57
13900,43
10612,43
10611,43
10609,43
10284,43
9417,43
9187,43
9127,43
8125,43
6341,43
5410,43
11227,43
11168,43
4574,43
4149,43
6999,43
6358,43
8619,43
17071,44
4218,43
10610,43
5593,43
10349,43
2279,43
6774,43
299,43
4123,43
883,43
4562,43
887,43
21556,44
21512,44
21339,44
21303,44
21138,44
21130,44
20925,44
20907,44
20377,44
20089,44
20080,44
20039,44
20025,44
20012,44
19993,44
19557,44
18423,44
18050,44
17314,44
16955,44
16177,44
15234,44
14987,44
14757,44
12842,44
12815,44
12791,44
12027,44
11430,44
11297,44
11287,44
10048,44
9797,44
9795,44
9764,44
9720,44
9712,44
9689,44
9535,44
15694,44
9134,44
15454,44
8710,44
21460,53
8607,44
7669,44
7355,44
7314,44
13270,44
6350,44
6086,44
12333,44
11322,44
11314,44
11163,44
4712,44
10774,44
10661,44
16992,47
4139,44
7136,47
19989,44
16615,53
3762,44
13244,44
3449,44
6201,44
9220,44
15453,44
15400,44
15253,44
8658,44
15048,44
15562,44
2620,44
991,44
9697,44
677,54
13530,44
9515,44
4038,44
3528,44
15450,44
9777,44
21337,45
21222,45
20432,45
18997,45
18832,45
17975,45
17848,45
17661,45
17558,45
16911,45
16817,45
16719,45
16665,45
16590,45
16421,45
16337,45
16219,45
15482,45
12572,45
12255,45
11750,45
11687,45
11565,45
11452,45
11424,45
11340,45
11317,45
11306,45
10964,45
10870,45
10600,45
10500,45
10032,45
10027,45
9970,45
9937,45
9896,45
9652,45
15679,45
2826,45
9101,45
8893,45
15153,45
8317,45
8297,45
8286,45
14540,45
7774,45
7462,45
13633,51
780,45
534,45
6809,45
6670,45
6458,45
6227,45
6187,45
6102,45
18955,45
5906,45
12239,45
5461,45
4920,50
17773,45
10599,45
10597,45
10538,45
10094,45
3631,45
10040,45
13203,45
5968,45
2488,45
2478,45
5624,45
3713,45
21300,50
8447,45
6783,45
8339,50
21192,45
9930,45
13131,45
6680,45
14524,45
4775,45
1446,45
1438,45
1288,45
1284,45
2825,45
2807,45
2613,45
10053,45
15259,45
5976,45
9994,45
5078,45
151,45
10556,45
2437,45
19674,46
16885,46
16546,46
16297,46
15888,46
15210,47
2357,46
13174,46
13031,46
12680,46
12487,46
11883,46
11728,46
11381,46
11370,46
11272,46
10917,46
10904,46
10431,46
10233,46
10197,46
10173,46
9869,46
9330,46
9280,46
9242,46
9072,46
8716,46
8526,46
2080,54
14933,46
8481,46
8039,46
7880,46
7442,46
13854,46
13656,46
6732,46
6674,46
12646,46
12517,46
4827,46
4751,46
11111,46
10891,46
3922,46
7073,46
16718,47
3865,46
494,46
6762,46
6752,46
3261,46
12551,46
9328,46
5951,46
2729,46
2409,46
2236,46
5431,46
2194,46
6863,46
11666,46
11504,46
19412,49
6559,46
6523,46
8022,46
14427,46
1572,46
1414,46
1391,46
1269,46
1015,46
1765,46
13708,46
7107,46
9373,46
10841,46
696,46
13709,46
995,46
11575,46
145,46
1677,46
483,46
17672,50
4819,46
21253,47
21143,47
21041,47
20982,47
20887,47
20641,47
19959,47
19935,47
19906,47
19732,47
19297,47
19258,47
18898,47
18882,47
18861,47
18654,47
18239,47
17973,47
17798,47
17652,47
17596,47
17569,47
17559,47
16983,47
16714,47
16695,47
16676,47
16512,47
16163,47
16041,47
15717,47
15664,47
15591,47
15308,47
14978,47
12937,47
12822,47
12679,47
12625,47
12087,47
11274,47
11126,47
11095,47
11063,47
10989,47
10988,47
10985,47
10922,47
10899,47
10848,47
10371,47
10146,47
9929,47
9920,47
9918,47
9858,47
9844,47
9561,47
9443,47
9332,47
9020,47
8853,47
8717,47
8711,47
7847,47
7470,47
7247,47
7225,47
7065,47
6874,47
19727,47
13280,47
352,51
13205,47
12959,47
6450,47
12644,47
6124,47
12390,47
5934,47
5910,47
5889,47
12309,47
12219,47
5675,47
11982,47
5477,47
5421,47
5349,47
5094,47
11386,47
11086,47
4591,47
4537,47
10768,47
3958,53
16811,47
3821,47
3759,47
552,47
3717,58
16570,47
10102,47
3634,55
16487,47
3612,52
16465,47
6767,47
6695,47
6655,47
3189,47
3100,47
12697,47
3069,47
3038,47
2933,47
9288,47
6059,47
6030,47
15668,55
2815,47
2569,47
2419,47
5409,47
5366,47
10171,47
442,47
6734,47
9928,47
12883,47
6422,47
14423,47
7967,47
6246,47
7865,47
4615,47
1316,47
2897,47
9102,47
1052,47
14679,47
1032,47
1020,47
4212,47
185,47
4976,47
17829,47
3276,47
4054,47
7217,47
768,47
3970,47
703,47
21575,48
8722,47
1500,47
7109,54
19962,47
1335,47
10129,47
3707,47
8467,47
1203,47
1575,47
4774,47
1153,47
3387,47
3093,47
1676,47
3356,47
2491,47
4447,47
6853,47
1340,47
939,47
10442,47
1039,47
2810,47
21096,48
20757,48
20682,48
20270,48
20264,48
19509,48
19499,48
19017,48
18490,48
17916,48
17074,48
16946,48
16759,48
16357,48
16125,48
16098,48
15979,48
14544,48
12318,48
11466,48
11185,48
11123,48
10080,48
9700,48
8706,48
14984,48
14974,57
2121,48
8314,48
7903,48
7552,48
7332,48
7047,48
12435,48
5692,48
5684,48
5508,48
11771,48
5220,48
4366,48
4165,48
4048,48
13482,48
6737,48
3118,48
2930,48
12389,48
9139,48
8903,48
2228,48
5371,48
323,48
6547,48
9706,48
9382,48
9283,48
9178,48
1147,48
15556,48
897,48
11773,48
4504,53
17357,48
5178,48
345,48
1761,48
13274,48
10825,48
5216,48
1616,48
19831,49
17993,49
16274,49
16074,49
15467,49
12040,49
12010,49
10458,49
9296,49
8962,49
8734,49
8373,49
12016,49
11941,49
5287,49
5141,49
15579,49
15560,49
3009,49
10527,49
12908,49
2953,49
21286,50
20381,50
18606,50
16912,50
15733,50
12244,50
12169,50
11128,50
11019,50
10963,50
10923,50
10856,50
9647,50
9572,50
9003,50
8935,50
8488,50
8335,50
6257,50
6078,50
12078,50
11622,50
11588,50
10879,50
4258,50
10227,50
3771,50
6243,50
6211,50
2834,50
2820,50
8814,50
5538,50
2234,50
2227,50
13110,50
5051,50
8219,50
4914,50
11058,50
1157,50
2479,50
11153,50
680,50
2276,50
8530,50
4554,50
7762,50
18487,51
18252,51
17839,51
17003,51
16481,51
16399,51
12885,51
12573,51
12224,51
12202,51
11765,51
11711,51
9527,51
9393,51
9142,51
9107,51
8932,51
8654,51
800,51
100,51
6348,51
11714,51
11546,51
5118,51
11100,51
4129,51
4028,51
10262,51
10068,51
13236,51
3594,51
3452,51
220,51
198,51
3211,51
6301,51
2973,51
2688,51
5586,51
3609,51
11636,51
6748,51
9952,51
248,51
3207,51
1456,51
1193,51
9175,51
1152,51
9098,51
1024,51
793,51
1343,51
6546,51
895,51
1184,51
293,51
6714,51
56,51
9760,51
922,51
839,51
4039,51
816,51
17523,52
17089,52
16285,52
16251,52
16188,52
16133,52
15510,52
12810,52
12785,52
12413,52
11794,52
11284,52
10796,52
10755,52
10737,52
10710,52
10416,52
10356,52
9745,52
9299,52
9217,52
8629,52
7100,52
19933,53
7080,52
6981,52
6483,52
12523,52
5909,52
5905,52
5819,52
11832,52
11798,52
5360,52
5269,52
11256,52
11228,52
4768,52
7020,52
330,52
12846,52
5945,52
8760,52
8728,52
8678,52
11864,52
6369,52
11193,52
9218,52
3482,52
15523,52
9880,52
2565,52
13739,52
10321,52
9781,52
5223,52
21447,53
21388,53
21106,53
21047,53
20804,53
20646,53
19815,53
19790,53
16848,53
16480,53
16342,53
13032,53
12341,53
11990,53
11878,53
11758,53
11754,53
11700,53
11683,53
11578,53
9399,53
8487,53
8430,54
21283,53
8036,53
8017,53
7838,53
7739,53
7483,53
7439,53
7212,53
6747,53
13118,53
6668,53
6601,53
6496,53
12379,53
12079,53
5654,53
11967,53
11904,53
17887,59
5034,53
5015,53
11354,53
4901,53
4745,53
3952,53
9839,53
212,53
6592,53
3192,57
16045,53
9605,53
9389,53
6149,53
2918,53
2691,53
12271,53
2645,53
2567,53
12163,53
5416,53
2026,53
13165,53
1872,53
5050,53
41,53
1433,53
11036,53
2806,53
1192,53
4337,53
1837,53
1003,53
10598,53
837,53
15145,53
3900,53
6552,53
1355,53
3740,53
1258,53
10459,53
3977,53
1528,53
1101,53
2667,53
6679,53
1650,53
1007,53
6551,53
4930,53
2877,53
10089,53
6880,53
10983,53
12115,53
484,53
4404,53
21376,54
21318,54
21251,54
21134,54
19975,54
19892,54
19874,54
19860,54
19649,54
19383,54
19180,54
19113,54
18921,54
18910,54
18906,54
18145,54
17835,54
17810,54
17723,54
17716,54
17687,54
17551,54
17488,54
16677,54
16523,54
15918,54
15885,54
15778,54
14028,54
12717,54
12529,54
12049,54
11619,54
11559,54
11522,54
11514,54
11468,54
11431,54
11378,54
11374,54
11349,54
11136,54
11102,54
10971,54
10961,54
10960,54
10816,54
10158,54
10098,54
10071,54
9891,54
9872,54
9833,54
9661,54
9454,54
9258,54
9033,54
8748,54
8514,54
8435,54
7928,54
7895,54
7344,54
745,54
7045,54
6818,54
6725,54
6702,54
6697,54
6562,54
6497,54
12559,54
5919,54
11954,54
5379,54
5082,54
4586,54
10962,54
4161,54
3856,54
3790,54
376,54
2946,54
18828,55
5975,54
2769,54
8909,54
12083,54
5608,54
547,54
532,54
10066,54
6710,54
5001,54
3384,54
1678,54
9644,54
1626,54
3053,54
1425,54
9381,54
9338,54
7729,54
4437,54
1228,54
11526,54
9867,54
978,54
1679,54
2434,54
10435,54
767,54
11962,54
741,54
724,54
3910,54
9345,54
424,54
1584,54
9984,54
6731,54
9677,54
441,54
6604,54
3742,54
1099,54
7497,54
10518,54
16140,57
3287,54
10151,54
6836,54
840,54
21322,55
20931,55
20657,55
20415,55
19440,55
17788,55
17617,55
17607,55
16405,55
16374,55
16365,55
16363,55
15729,55
15429,55
11993,55
11529,55
11429,55
10884,55
10561,55
9566,55
9312,55
8300,55
14630,55
13435,55
5086,55
10534,55
2761,55
5931,55
8741,55
5452,55
15067,55
7887,55
210,55
1009,55
7193,55
15207,55
7432,55
14970,55
14959,56
4781,56
518,56
2310,56
969,56
3572,56
4735,56
5870,56
21076,57
20878,57
19998,57
19198,57
18749,57
18454,57
17384,57
17352,57
17062,57
16488,57
12818,57
12814,57
12813,57
12743,57
12628,57
12432,57
11437,57
11171,57
11015,57
10903,57
10634,57
8829,57
14930,57
439,59
13292,57
6214,57
12524,57
5767,57
5253,57
5194,57
5146,57
4364,57
10394,57
19902,58
7049,57
6995,57
9792,57
1913,57
1889,57
1657,57
4630,57
1174,57
8761,57
1498,57
10694,57
11497,57
1044,57
3630,57
5236,57
19653,58
19625,58
18509,58
18459,58
18374,58
18366,58
16990,58
16142,58
16134,58
11795,58
11379,58
11261,58
11137,58
10704,58
10385,58
9829,58
9812,58
8451,58
8347,58
8138,58
444,58
6576,58
6137,58
12464,58
12080,58
5485,58
5205,58
4741,58
4080,58
6965,58
9841,58
6982,58
5245,58
5231,58
8190,58
4881,58
12841,58
11230,58
4771,58
1550,58
7577,58
7569,58
9135,58
1102,58
4700,58
2522,58
5318,58
3661,58
6758,58
3396,58
8211,58
1158,58
890,58
11160,58
10553,58
929,58
21553,59
21551,59
20393,59
19571,59
19515,59
19053,59
19045,59
18481,59
17440,59
7541,59
5815,59
11241,59
4644,59
11787,59
7544,59
1924,59
