21177,0
20439,0
20389,0
20377,0
20267,0
20262,0
20058,0
19529,0
19419,0
19092,0
18430,0
18372,0
18371,0
18367,0
18225,0
18217,0
18050,0
17899,0
17880,0
17878,0
17857,0
17523,0
17472,0
17384,0
17342,0
17314,0
17285,0
17221,0
17137,0
17097,0
17077,0
17060,0
17003,0
16749,0
16538,0
16285,0
16279,0
16274,0
16241,0
16194,0
16149,0
16133,0
16103,0
16074,0
2813,2
15666,0
2742,10
15595,0
15580,0
2725,34
15578,0
15575,15
2722,0
2687,26
15540,0
15504,0
15481,0
15471,0
15230,0
2033,4
14886,0
14876,0
14839,0
14783,0
14539,8
1686,0
14310,30
1457,0
14069,1
1216,0
904,30
13757,0
13458,0
389,30
13242,0
13201,0
317,15
13170,0
13163,0
12760,0
12683,0
12670,0
12633,0
12630,0
12502,0
12413,0
12117,0
12054,0
12040,0
12010,0
11935,0
11812,0
11794,0
11444,0
11371,0
11357,0
11284,0
11255,0
10755,0
10729,0
10715,0
10714,0
10710,0
10699,0
10638,0
10388,0
10334,0
9752,0
9745,0
9473,0
9299,0
9217,0
2771,35
15624,0
15568,0
9104,0
9100,0
15294,0
15198,0
8713,0
21491,34
8638,0
8629,0
21466,38
8613,0
15028,16
2175,0
14962,1
2109,0
2065,11
14918,0
21346,13
8493,0
14859,15
2006,0
8432,27
21285,0
8405,0
21254,13
8401,0
21202,36
8349,0
8344,36
21197,0
21050,30
8197,0
20972,14
8119,0
7930,0
7839,0
7831,0
7814,27
20667,0
7809,0
20662,0
14178,0
7755,0
1293,16
14146,0
7642,0
20286,1
7433,0
13834,0
7408,27
20261,0
20247,31
7394,0
20220,1
7367,0
7166,27
20019,0
7100,0
6981,0
551,19
13404,0
6928,18
19781,0
439,11
13292,0
13196,8
343,0
6632,0
19360,38
6507,0
6483,0
42,0
6450,0
6436,0
6385,31
19238,0
12767,0
12761,0
19193,10
6340,0
12692,0
12648,0
6178,0
12523,0
6091,34
18944,0
18811,24
5958,0
5930,28
18783,0
5905,0
12270,0
5826,0
5819,0
12213,0
5717,36
18570,0
12084,0
12016,0
5576,20
18429,0
5565,14
18418,0
11958,0
11953,0
5530,26
18383,0
11941,0
5491,0
18323,15
5470,0
11832,0
5360,0
5330,0
18152,13
5299,0
5269,0
11658,0
5237,0
5148,34
18001,0
17873,38
5020,0
4903,0
11256,0
11233,0
11228,0
4773,0
11166,0
17595,19
4742,0
4711,0
11100,0
4679,0
17519,15
4666,0
4593,5
17446,0
4583,17
17436,0
4439,35
17292,0
4371,2
17224,0
4318,12
17171,0
4276,13
17129,0
4259,0
4245,29
17098,0
10596,0
4159,27
17012,0
4122,37
16975,0
16970,36
4117,0
4103,0
16941,30
4088,0
16888,4
4035,0
16850,23
3997,0
10394,0
7155,17
20008,0
3908,12
16761,0
7020,0
16649,34
3796,0
10216,0
10214,0
6939,0
518,0
470,0
416,7
13269,0
16465,8
3612,0
10015,0
16432,23
3579,0
374,0
16386,28
3533,0
9941,0
9912,0
16314,10
3461,0
16288,3
3435,0
3378,0
3372,2
16225,0
3352,0
66,12
12919,0
3184,34
16037,0
6352,0
15951,30
3098,0
15920,24
3067,0
3040,0
15823,28
2970,0
2959,0
2955,38
15808,0
15807,12
2954,0
12462,0
2793,0
12415,0
2757,12
15610,0
12386,0
5945,0
15579,0
5932,0
15560,0
9014,0
2558,23
15411,0
2544,7
15397,0
5746,17
18599,0
12164,0
12003,0
18432,31
5579,0
8760,0
5523,31
18376,0
11932,0
5469,0
8670,5
21523,0
11862,0
2228,0
11837,0
2206,0
13231,15
378,0
3526,0
19511,5
6658,0
5042,0
13024,0
19451,18
6598,0
11393,0
6573,26
19426,0
3285,0
12912,0
59,0
9675,0
12843,0
6410,8
19263,0
12823,0
3204,0
6369,0
3166,0
11193,0
17593,25
4740,0
7888,0
4659,0
17502,38
4649,0
1444,0
14270,0
17470,34
4617,0
1412,0
4610,21
17463,0
15854,39
3001,0
1260,0
4431,33
17284,0
9218,0
4385,23
17238,0
4380,29
17233,0
1159,27
14012,0
4328,0
314,0
3482,0
8306,0
10709,0
2681,0
1082,0
3474,21
16327,0
1871,0
7495,20
20348,0
1072,0
1862,3
14715,0
5052,0
5040,0
15448,0
5783,0
2566,0
2565,0
1693,0
4054,0
778,0
1588,0
754,0
3109,0
9515,0
11121,0
10321,0
3898,0
2923,0
19787,17
6934,0
14957,0
7684,0
835,18
13688,0
27,28
12880,0
387,0
7184,23
20037,0
8396,0
13950,0
1493,0
5870,0
3256,0
9680,0
8427,0
4993,0
9781,0
3360,0
16213,0
13008,0
5154,0
11775,0
6746,0
12969,0
4525,0
6520,9
19373,0
6912,0
16230,1
3377,0
3473,0
7296,0
272,0
12908,0
12162,0
4845,0
3228,0
3735,36
16588,0
5223,0
12426,0
15797,26
2944,0
14055,0
21437,1
21436,1
21414,1
21413,1
21385,1
21356,1
21336,1
21330,1
21324,1
21315,1
21264,1
21109,1
21095,1
21081,1
21055,1
21044,1
21014,1
20988,1
20937,1
20915,1
20822,1
20784,1
20776,1
20715,1
20706,1
20639,1
20628,1
20569,1
20548,1
20533,1
20463,1
20450,1
20448,1
20442,1
20414,1
20391,1
20368,1
20339,1
20332,1
20309,1
20299,1
20273,1
20269,1
20252,1
20249,1
20233,1
20221,1
20217,1
20213,1
20189,1
20181,1
20166,1
19742,1
19254,1
19174,1
18769,1
18627,1
18052,1
17032,1
16735,1
16584,1
16569,1
16350,1
16263,1
15886,1
2787,29
15640,1
15515,1
15211,1
15141,1
14882,39
2029,1
14504,37
1651,1
13714,2
861,1
13014,1
40,31
12893,1
12616,1
12266,1
12211,1
12005,1
11528,1
11470,1
11283,1
11060,1
10907,1
10529,1
10430,1
10393,1
10130,1
9860,1
9825,1
9091,1
8997,1
8745,1
8637,36
21490,1
8598,33
21451,1
8582,22
21435,1
8563,15
21416,1
8559,23
21412,1
21393,38
8540,1
8506,34
21359,1
8472,27
21325,1
8406,27
21259,1
21166,13
8313,1
8264,19
21117,1
8262,1
8226,1
8051,39
20904,1
8048,1
7980,31
20833,1
7972,15
20825,1
7836,1
20679,38
7826,1
7821,1
7818,31
20671,1
7726,1
7682,29
20535,1
7593,24
20446,1
7518,35
20371,1
7514,27
20367,1
13890,1
7447,7
20300,1
7413,35
20266,1
7382,3
20235,1
7370,24
20223,1
7354,8
20207,1
7312,5
20165,1
7279,35
20132,1
7264,12
20117,1
7244,1
6789,8
19642,1
6765,1
6586,1
19290,34
6437,1
6134,1
6094,1
6088,1
6047,1
18867,36
6014,1
5926,1
5402,1
11635,1
5195,32
18048,1
11481,1
11475,1
4755,1
4357,1
4330,1
4178,3
17031,1
4012,9
16865,1
3968,1
3860,1
3782,16
16635,1
3775,3
16628,1
16574,30
3721,1
3701,33
16554,1
16502,30
3649,1
6840,1
3585,1
16422,23
3569,1
9985,1
3422,18
16275,1
3416,18
16269,1
196,1
160,1
9682,1
19307,6
6454,1
9576,1
9519,1
12664,1
12619,1
6198,1
15695,1
2839,28
15692,1
15594,1
15570,1
12296,1
2659,1
15489,1
5793,2
18646,1
8979,1
8976,1
8972,1
15336,28
2483,1
2253,1
15079,1
15053,1
2205,1
3770,36
16623,1
8588,5
21441,1
11721,1
2089,1
2055,1
8449,7
21302,1
1902,8
14755,1
3507,7
16360,1
1764,1
11359,1
6466,1
12891,37
38,1
14,1
7983,37
20836,1
1381,1
4472,1
12346,1
7539,34
20392,1
7505,28
20358,1
7484,24
20337,1
986,1
976,1
968,1
10532,1
74,1
4014,1
3996,1
5556,1
1529,1
19981,19
7128,1
19966,28
7113,1
6297,1
3091,30
15944,1
7083,1
4955,24
17808,1
5358,1
8970,1
1722,1
6115,1
20079,32
7226,1
8005,1
10411,1
1178,1
774,1
3571,10
16424,1
4376,1
1108,1
5501,23
18354,1
7517,35
20370,1
1096,1
7491,28
20344,1
1070,1
4056,36
16909,1
1853,1
3430,36
16283,1
1727,1
8520,28
21373,1
8501,35
21354,1
1644,1
8868,1
3680,9
16533,1
2133,1
2433,1
12150,1
7353,24
20206,1
2929,28
15782,1
8422,30
21275,1
1087,1
7308,34
20161,1
7438,26
20291,1
21261,2
21201,2
20835,2
20552,2
20467,2
19732,2
19645,2
19464,2
19420,2
19371,2
19297,2
19181,2
19137,2
18962,2
18922,2
18921,2
18038,2
18037,2
17860,2
17770,2
17719,2
17562,2
17412,2
17361,2
17317,2
17168,2
16796,2
15616,19
2763,2
15591,2
15585,2
2708,26
15561,2
15510,2
15430,7
2577,2
15197,29
2344,2
2303,7
15156,2
14028,2
937,30
13790,2
13711,2
851,18
13704,2
12822,2
12785,2
12751,2
12679,2
12651,2
12538,2
11989,2
11867,2
11722,2
11623,2
11563,2
11559,2
11466,2
11435,2
11431,2
11370,2
11369,2
11299,2
11257,2
10960,2
10904,2
10847,2
10788,2
10429,2
10310,2
10245,2
9850,2
9809,2
9326,2
9280,2
9252,2
15653,10
2800,2
9075,2
9053,2
15365,7
2512,2
8919,2
8853,2
2391,29
15244,2
8748,2
21557,32
8704,2
14984,2
14911,2
8479,2
21291,19
8438,2
21227,28
8374,2
8351,2
8287,3
21140,2
8276,39
21129,2
8255,2
8240,36
21093,2
8217,2
14512,39
1659,2
7896,2
7715,2
20497,20
7644,2
7344,2
13532,6
679,2
7065,2
13168,36
315,2
13151,2
6719,5
19572,2
6702,2
157,2
6537,2
6527,27
19380,2
12661,2
12641,2
6124,2
12504,2
18873,38
6020,2
5937,2
12321,2
5876,2
5873,2
12260,2
12171,2
12133,2
5672,2
5615,2
5559,2
11954,2
5517,2
11923,2
11920,2
5483,28
18336,2
5477,2
5400,39
18253,2
5309,2
5293,2
11465,2
17763,30
4910,2
4820,13
17673,2
4818,30
17671,2
4768,2
4665,36
17518,2
17457,15
4604,2
4600,2
10962,2
10874,2
10790,2
10787,2
10744,2
17102,15
4249,2
4228,29
17081,2
4145,2
3958,4
16811,2
712,2
16678,35
3825,2
3821,2
7003,21
19856,2
559,2
6920,15
19773,2
3673,2
10088,2
6695,2
19512,5
6659,2
47,30
12900,2
16063,31
3210,2
9570,2
3115,27
15968,2
12663,2
15892,24
3039,2
3038,2
3007,2
15780,35
2927,2
12540,2
2886,29
15739,2
9239,2
5986,2
18828,26
5975,2
5949,2
9087,2
12186,2
12172,2
2459,13
15312,2
2323,2
11892,2
11864,2
15005,2
19760,18
6907,2
436,2
6844,36
19697,2
5228,2
16460,27
3607,2
10018,2
1994,2
21206,13
8353,2
6712,2
17823,36
4970,2
1735,2
11335,2
6506,29
19359,2
4841,27
17694,2
1619,2
12851,2
1606,2
1601,2
16029,18
3176,2
4772,18
17625,2
6306,16
19159,2
4660,31
17513,2
3053,2
15899,28
3046,2
15896,28
3043,2
7867,2
3042,2
6166,2
1276,2
20546,22
7693,2
4360,2
7558,2
5925,26
18778,2
2671,2
14679,2
4235,2
13874,2
8204,2
8186,36
21039,2
884,2
10473,2
2434,2
15175,28
2322,2
15154,36
2301,2
3918,2
1500,2
3089,2
15933,35
3080,2
682,2
558,2
12173,2
5752,36
18605,2
18205,18
5352,2
13285,2
18514,21
5661,2
6846,32
19699,2
5620,2
787,2
5974,2
2365,2
3129,2
6877,2
3405,30
16258,2
18210,18
5357,2
3742,2
7341,2
2896,2
1280,2
20168,17
7315,2
19295,10
6442,2
3730,13
16583,2
5732,24
18585,2
5331,2
7698,2
4107,2
1039,2
3599,2
687,2
7261,4
20114,2
21550,3
21469,3
21210,3
20142,3
19758,3
19069,3
18040,3
17563,3
17455,3
17134,3
17113,3
16714,3
16676,3
16568,3
16549,3
16300,3
16232,3
16041,3
15959,3
15573,7
2720,3
15483,5
2630,3
15464,27
2611,3
15060,3
14932,27
2079,3
1751,22
14604,3
14166,35
1313,3
13064,13
211,3
12824,3
12579,3
12492,3
12317,3
12288,3
11282,3
11090,3
11088,3
11056,3
11015,3
10894,3
10877,3
10547,3
10258,3
10146,3
10112,3
10098,3
10085,3
10002,3
9976,3
9959,3
9858,3
9755,3
9599,3
9438,3
9324,3
9284,3
9258,3
15581,34
2728,3
8992,3
15280,3
15278,3
8836,3
8784,3
15161,36
2308,3
15120,3
15029,3
8545,3
21175,11
8322,3
21173,13
8320,3
14729,3
8227,3
8221,3
1653,29
14506,3
20865,36
8012,3
7979,3
7974,3
7939,17
20792,3
7937,34
20790,3
7864,3
7847,3
14212,30
1359,3
7725,3
7707,3
7696,3
7694,3
20489,15
7636,3
20357,28
7504,3
7452,3
7363,3
20216,3
7349,3
791,3
7158,3
7030,3
555,3
19766,38
6913,3
6763,3
6661,3
13067,10
214,3
6635,3
6577,3
12862,21
9,3
6287,3
12698,3
6222,3
12599,3
5854,3
18520,33
5667,3
18497,21
5644,3
18438,30
5585,3
18390,27
5537,3
11730,3
18149,27
5296,3
11643,3
17911,38
5058,3
4933,3
4821,35
17674,3
17632,37
4779,3
11087,3
11027,3
4606,3
4551,3
4505,3
4498,3
4374,3
4345,3
17186,31
4333,3
4310,30
17163,3
17028,38
4175,3
16916,14
4063,3
20038,36
7185,3
3916,3
7111,27
19964,3
7063,3
19913,37
7060,3
16710,19
3857,3
16684,18
3831,3
10208,3
10180,3
6961,3
6852,3
10068,3
13258,5
405,3
16473,29
3620,3
16458,28
3605,3
3578,3
3541,7
16394,3
6694,3
13062,3
6590,3
12981,27
128,3
19041,39
6188,3
9383,3
9371,3
12550,3
2920,3
2907,3
9268,3
5954,5
18807,3
2700,23
15553,3
5898,14
18751,3
2664,3
5743,3
2532,3
12155,3
12045,3
2398,3
8797,3
15112,32
2259,3
5440,3
2230,3
2198,3
16625,28
3772,3
10181,3
10115,3
5300,3
8513,3
407,3
406,3
16476,14
3623,3
404,3
11636,3
9904,3
11510,3
1794,3
6532,3
6488,30
19341,3
19331,8
6478,3
16107,15
3254,3
1657,3
3217,3
19272,39
6419,3
8023,3
17622,37
4769,3
1563,3
20811,18
7958,3
1526,3
20719,36
7866,3
1429,19
14282,3
3025,38
15878,3
4585,3
1379,3
1360,3
6120,3
9302,3
10893,3
7690,3
2802,38
15655,3
7631,3
10833,3
10805,3
14761,3
1071,3
13041,3
16234,6
3381,3
12929,3
20170,11
7317,3
2470,3
16117,15
3264,3
7189,3
7975,3
3939,24
16792,3
732,3
8733,3
21575,31
8722,3
1488,3
19943,27
7090,3
146,3
16202,12
3349,3
5351,3
6943,31
19796,3
2912,3
6864,3
3258,3
16496,17
3643,3
4023,3
381,3
15623,3
16428,13
3575,3
1571,3
8791,3
11156,3
7141,3
20802,23
7949,3
8730,3
19540,8
6687,3
6862,3
9040,3
3603,3
3382,3
3543,26
16396,3
11358,3
7358,3
2500,3
19364,38
6511,3
147,3
865,3
5694,3
10868,3
3738,20
16591,3
8454,3
10054,3
3598,3
16197,31
3344,3
1747,3
19489,5
6636,3
1287,3
4043,3
21106,4
20804,4
20646,4
20135,4
19815,4
19304,4
16848,4
16808,4
16480,4
16342,4
14394,18
1541,4
13032,4
12182,4
11990,4
11878,4
11758,4
11700,4
11300,4
10963,4
10253,4
9562,4
9334,4
15511,27
2658,4
8742,4
2212,20
15065,4
8607,5
21460,4
8487,4
8430,24
21283,4
8388,4
8361,8
21214,4
21142,11
8289,4
8036,4
20883,22
8030,4
8017,4
7739,4
7483,4
7466,17
20319,4
7455,4
20308,4
7439,4
7359,4
7212,4
7080,33
19933,4
6859,14
19712,4
6711,4
13118,4
6496,4
12890,24
37,4
12866,24
13,4
6271,4
6232,4
6187,4
12379,4
5738,14
18591,4
5654,4
11967,4
11904,4
11690,4
17925,15
5072,4
17887,11
5034,4
5015,4
11354,4
4901,4
4745,4
11132,4
10973,4
7229,4
3952,4
10211,4
361,30
13214,4
202,4
9839,4
212,4
3192,38
16045,4
9605,4
6242,4
9389,4
6149,4
2918,4
15607,15
2754,4
2691,4
12271,4
15455,32
2602,4
2567,4
12163,4
18576,18
5723,4
2335,23
15188,4
11877,4
5416,4
8447,23
21300,4
2026,4
13165,4
1872,4
5050,4
1716,29
14569,4
4892,4
41,4
20900,28
8047,4
1375,4
15719,28
2866,4
2806,4
1181,4
1138,4
10598,4
11308,4
837,4
16853,38
4000,4
15145,4
16762,10
3909,4
3900,4
6552,4
1355,4
3740,4
7747,27
20600,4
17357,5
4504,4
1258,4
3977,4
7953,4
1528,4
6679,4
8074,5
20927,4
1011,4
1007,4
10008,4
6551,4
4930,4
21190,12
8337,4
2877,4
10983,4
12115,4
484,4
859,4
4404,4
21138,5
20080,5
20048,5
20025,5
20012,5
19993,5
19844,5
19556,5
19293,5
19122,5
18423,5
17952,5
17877,5
17423,5
17365,5
17316,5
17298,5
17247,5
17246,5
17236,5
17188,5
17075,5
16955,5
16929,5
16196,5
16171,5
2767,10
15620,5
2393,17
15246,5
15122,38
2269,5
14987,5
13256,5
13175,24
322,5
12490,5
12461,5
12135,5
12027,5
11795,5
11430,5
11297,5
11278,5
11174,5
11149,5
10903,5
10704,5
10693,5
10618,5
10606,5
10048,5
9853,5
9764,5
9720,5
9712,5
9535,5
9134,5
15454,5
15220,5
8710,5
8641,5
21105,12
8252,5
8234,5
8199,5
7710,5
7534,5
7148,29
20001,5
7032,5
13053,5
6373,5
12654,5
5712,30
18565,5
5592,26
18445,5
11753,5
5210,5
5090,16
17943,5
11322,5
4848,32
17701,5
4717,5
4713,5
4689,5
4662,5
17507,8
4654,5
4595,36
17448,5
4451,13
17304,5
4436,25
17289,5
10809,5
10774,5
4353,23
17206,5
10661,5
4165,5
16992,8
4139,5
4061,5
7196,5
7136,24
19989,5
19864,27
7011,5
408,30
13261,5
16395,18
3542,5
3449,5
9841,5
19474,23
6621,5
9799,5
9792,5
9763,5
3222,5
16075,5
3111,39
15964,5
15963,27
3110,5
2853,5
9220,5
2768,18
15621,5
2764,36
15617,5
15453,5
2579,29
15432,5
12201,5
2554,5
8895,5
8686,36
21539,5
8674,5
8658,5
1933,5
1858,5
8269,35
21122,5
3442,5
3364,5
81,5
1,5
6420,23
19273,5
1478,5
4581,26
17434,5
1300,5
4341,26
17194,5
15556,5
1863,5
2620,5
4218,21
17071,5
10622,5
897,5
3290,6
16143,5
889,5
8069,31
20922,5
16884,35
4031,5
5583,30
18436,5
10358,5
11946,5
677,36
13530,5
20771,14
7918,5
10315,5
3894,26
16747,5
955,5
14968,14
2115,5
2064,5
4038,5
13266,5
4401,8
17254,5
9196,5
9194,5
3572,5
1949,5
3528,5
5127,5
17980,5
3917,29
16770,5
5822,5
1207,5
3348,31
16201,5
977,5
2956,5
9777,5
20116,31
7263,5
4132,37
16985,5
10156,5
6541,5
918,5
1332,5
10752,5
16286,24
3433,5
18403,6
17993,6
17867,6
16734,6
16512,6
16419,6
16277,6
15632,13
2779,6
15547,6
15467,6
15457,29
2604,6
15037,6
14736,6
13279,6
12529,6
11374,6
10458,6
9606,6
8734,6
8425,26
21278,6
8373,6
14642,37
1789,6
7891,8
20744,6
6881,29
19734,6
19727,24
6874,6
5934,6
12333,6
4397,29
17250,6
4339,6
17082,24
4229,6
15698,6
2752,28
15605,6
15462,33
2609,6
12209,6
442,6
19663,27
6810,6
5113,6
6559,30
19412,6
6491,13
19344,6
6422,6
7987,12
20840,6
3009,6
20525,19
7672,6
7501,6
6616,6
183,28
13036,6
3970,6
15146,6
7097,8
19950,6
14177,6
1263,6
15300,29
2447,6
4064,15
16917,6
441,6
10527,6
1676,6
497,6
21473,7
21096,7
20465,7
19653,7
19198,7
19082,7
19044,7
18860,7
18749,7
18509,7
18493,7
18437,7
18061,7
17062,7
16969,7
16481,7
16434,7
16399,7
16134,7
15793,7
2850,26
15703,7
15345,30
2492,7
15103,7
14818,38
1965,7
402,32
13255,7
13124,31
271,7
13119,7
12885,7
12628,7
12432,7
11970,7
11957,7
11617,7
11185,7
11171,7
11170,7
11137,7
10634,7
10377,7
10322,7
10292,7
9905,7
9829,7
9641,7
9393,7
9265,7
9124,7
8829,7
21536,39
8683,7
8677,7
8666,36
21519,7
8654,7
8606,7
2047,13
14900,7
8451,7
14785,25
1932,7
8314,7
21065,36
8212,7
21031,36
8178,7
20650,28
7797,7
20384,12
7531,7
7216,7
7066,7
7047,7
19854,20
7001,7
19808,8
6955,7
13286,7
13113,23
260,7
13056,10
203,7
6494,7
6376,7
6214,7
12524,7
12488,7
12394,7
5842,7
5830,7
5818,7
5798,7
5767,7
5692,7
5684,7
5617,26
18470,7
5602,26
18455,7
11771,7
5256,7
18109,7
5253,7
5205,7
5172,7
5146,7
5070,36
17923,7
5044,18
17897,7
5043,23
17896,7
4987,7
17751,14
4898,7
4640,7
17491,27
4638,7
4621,7
4407,37
17260,7
4398,35
17251,7
4366,7
4297,7
4286,7
17091,31
4238,7
10625,7
16968,10
4115,7
4036,7
7133,13
19986,7
3926,8
16779,7
3912,7
7075,7
10285,7
13482,7
19902,27
7049,7
10262,7
10261,7
16653,35
3800,7
16645,16
3792,7
16417,13
3564,7
13116,7
213,7
3295,8
16148,7
6201,7
15838,36
2985,7
2982,7
2977,7
12480,7
15680,11
2827,7
9181,7
5848,7
5765,7
15384,39
2531,7
8933,7
11961,7
11858,7
15045,7
6952,7
13284,7
16492,14
3639,7
2001,36
14854,7
1983,7
3531,7
323,7
1918,15
14771,7
1913,7
1910,7
3486,21
16339,7
6686,35
19539,7
9706,7
3199,36
16052,7
11190,7
1550,7
9294,7
1211,7
1210,7
1193,7
9206,7
9178,7
1152,7
1919,7
9135,7
9903,7
1079,7
10648,7
3417,18
16270,7
10644,7
15425,7
5769,7
896,7
4780,35
17633,7
10324,7
4695,7
4686,7
6964,7
11773,7
19378,15
6525,7
5318,7
4098,7
5178,7
6371,7
12395,7
1174,7
9171,7
293,7
3505,7
3514,34
16367,7
1498,7
19955,15
7102,7
867,7
9573,7
1946,7
5737,27
18590,7
9760,7
924,7
3902,36
16755,7
880,7
1076,7
16319,28
3466,7
13274,7
890,7
9761,7
11160,7
4739,7
839,7
4045,7
5236,7
9736,7
9146,7
5216,7
21565,8
21462,8
21454,8
21253,8
21143,8
21133,8
21060,8
20824,8
20641,8
20584,8
19826,8
19802,8
19635,8
19006,8
18730,8
18667,8
18342,8
18101,8
18080,8
17957,8
17853,8
17847,8
17782,8
17738,8
17706,8
17666,8
17569,8
17559,8
17529,8
17174,8
16961,8
16695,8
16663,8
16622,8
16563,8
16531,8
16499,8
16463,8
16459,8
16210,8
15988,8
15961,8
15932,8
15898,8
15713,8
15204,8
2347,29
15200,8
15052,8
14563,8
1684,18
14537,8
14263,8
13702,27
849,8
13139,8
13021,37
168,8
12974,8
110,32
12963,8
12956,8
80,31
12933,8
12702,8
12668,8
12318,8
12205,8
12106,8
12094,8
12028,8
11910,8
11527,8
11396,8
11348,8
11274,8
11268,8
11093,8
11063,8
10899,8
10892,8
10848,8
10834,8
10467,8
10359,8
10219,8
9925,8
9874,8
9804,8
9642,8
9607,8
9557,8
9285,8
9090,8
9045,8
9020,8
8977,8
2484,26
15337,8
2458,22
15311,8
15138,8
8546,8
14909,18
2056,8
1773,9
14626,8
8045,17
20898,8
7968,8
7912,8
7897,8
14315,8
20488,28
7635,8
7475,38
20328,8
7464,8
7247,8
7220,8
745,8
725,8
7058,8
13320,36
467,8
6888,8
6817,8
13184,27
331,8
342,36
13195,8
6682,8
6528,35
19381,8
6315,8
6282,8
12688,8
12644,8
5946,8
5910,8
12309,8
12219,8
12159,8
5727,8
12093,8
5659,8
11982,8
5533,8
18249,12
5396,8
5270,8
18075,15
5222,8
11598,8
5128,20
17981,8
17950,24
5097,8
11515,8
11464,8
11441,8
4835,10
17688,8
4806,19
17659,8
11134,8
11133,8
4592,8
17389,38
4536,8
17346,25
4493,8
17154,32
4301,8
17035,26
4182,8
10581,8
797,8
764,8
3884,17
16737,8
3879,8
16726,29
3873,8
7068,8
3853,26
16706,8
498,8
6887,8
3640,31
16493,8
10058,8
10052,8
3415,8
3367,8
135,18
12988,8
19409,30
6556,8
68,8
9608,8
3154,8
9560,8
6331,8
12716,8
12697,8
3047,15
15900,8
3034,8
12652,8
9414,8
2933,8
2926,8
2867,8
6059,8
2847,8
2833,8
6030,8
2818,8
5965,8
15590,14
2737,8
2648,10
15501,8
12226,8
5762,8
18604,34
5751,8
2546,8
8951,8
18539,38
5686,8
15263,30
2410,8
11895,8
15061,8
10171,8
21371,34
8518,8
6855,8
11679,8
3626,26
16479,8
6828,24
19681,8
8448,23
21301,8
16475,36
3622,8
21208,26
8355,8
11553,8
1847,8
3400,8
1798,8
4972,23
17825,8
134,27
12987,8
6515,15
19368,8
20837,11
7984,8
7967,8
4744,31
17597,8
3117,30
15970,8
12727,8
15930,35
3077,8
10944,8
1301,23
14154,8
1292,8
6065,8
2797,8
11526,8
9081,8
6620,28
19473,8
1020,8
13037,8
4212,8
6609,14
19462,8
17054,10
4201,8
8987,8
4887,8
20087,39
7234,8
703,8
6312,8
7109,24
19962,8
1497,8
2126,8
14156,24
1303,8
10129,8
10128,8
5304,8
18157,8
20532,15
7679,8
14485,8
424,8
1217,8
6003,8
16021,18
3168,8
8370,8
7149,8
735,8
6740,8
6714,8
17965,20
5112,8
5833,37
18686,8
1029,8
12243,8
3387,8
16814,13
3961,8
8367,8
9363,8
6533,13
19386,8
3668,16
16521,8
6481,36
19334,8
1665,8
2491,8
447,8
850,8
1740,8
11657,8
2325,8
6886,8
12852,8
1649,8
16155,15
3302,8
21447,9
21286,9
21047,9
20712,9
20381,9
19790,9
18719,9
18606,9
16912,9
15733,9
12244,9
12169,9
11754,9
11683,9
11578,9
11128,9
11019,9
10923,9
10856,9
9647,9
9003,9
8935,9
15020,33
2167,9
14983,13
2130,9
8488,9
8335,9
7816,38
20669,9
20583,14
7730,9
7627,39
20480,9
6747,9
6668,9
6257,9
6138,9
6078,9
12079,9
12078,9
11622,9
11588,9
17773,23
4920,9
10879,9
4258,9
16725,11
3872,9
10227,9
3771,9
16608,13
3755,9
6243,9
6211,9
2834,9
2820,9
2645,9
8814,9
5538,9
2252,9
5454,27
18307,9
2234,9
2227,9
1934,9
21192,23
8339,9
13110,9
5051,9
8219,9
4914,9
11058,9
11036,9
1192,9
1157,9
4337,9
1885,9
1003,9
2479,9
11153,9
680,9
2276,9
7085,9
8530,9
10459,9
1101,9
2667,9
4554,9
17929,10
5076,9
10089,9
7762,9
16995,38
4142,9
19178,23
6325,9
4819,17
17672,9
21568,10
21502,10
21423,10
21267,10
20936,10
20919,10
20878,10
20778,10
20721,10
20709,10
20420,10
20409,10
20406,10
20270,10
20090,10
20034,10
19998,10
19559,10
19509,10
19505,10
19499,10
19480,10
19262,10
18840,10
18795,10
18746,10
18738,10
18736,10
18698,10
18689,10
18621,10
18466,10
18415,10
18186,10
18085,10
18071,10
18066,10
17963,10
17892,10
17875,10
17813,10
17731,10
17473,10
17419,10
17416,10
17411,10
17403,10
17359,10
17338,10
17187,10
17177,10
17117,10
17038,10
17001,10
16658,10
16212,10
16110,10
2562,14
15415,10
2020,16
14873,10
14545,35
1692,10
13507,10
13096,10
12815,10
12763,10
12680,10
12286,10
11768,10
11541,10
11460,10
11387,10
11179,10
10947,10
10773,10
10107,10
10049,10
9797,10
9689,10
9527,10
9356,10
9253,10
8906,10
8610,10
14974,38
2121,10
8478,10
8453,10
8214,32
21067,10
8167,10
8134,10
8016,35
20869,10
8015,10
20496,15
7643,10
7606,31
20459,10
7576,10
7557,10
20259,36
7406,10
13290,10
13281,10
19651,23
6798,10
13200,10
13205,37
352,10
349,10
6707,37
19560,10
13089,27
236,10
247,10
82,11
12935,10
6375,10
6348,10
6244,23
19097,10
12655,10
12639,10
6208,10
19037,36
6184,10
6177,10
6025,10
5912,12
18765,10
5901,13
18754,10
5706,10
12122,10
12050,10
5595,26
18448,10
5532,16
18385,10
11767,10
5273,10
5255,36
18108,10
5244,10
18096,11
5243,10
5171,10
5167,10
11324,10
4816,10
4714,10
4625,31
17478,10
11025,10
17429,34
4576,10
4555,15
17408,10
4552,36
17405,10
4524,10
17334,39
4481,10
4476,26
17329,10
17306,33
4453,10
4438,16
17291,10
10734,10
17099,27
4246,10
4129,10
4067,10
4028,10
4027,10
16838,35
3985,10
6996,10
10192,10
6872,10
13236,10
13126,29
273,10
3452,10
6638,17
19491,10
6653,17
19506,10
191,10
3389,10
16195,31
3342,10
6432,10
19285,10
3189,10
6275,29
19128,10
15851,20
2998,10
9293,10
9163,10
2688,10
5875,19
18728,10
15438,38
2585,10
12208,10
5742,29
18595,10
2530,10
2383,10
2310,10
8672,10
2239,10
2231,10
8624,31
21477,10
8510,17
21363,10
5268,10
423,29
13276,10
1995,10
3455,10
248,10
12980,15
127,10
1731,10
3303,10
3223,18
16076,10
11222,10
1598,10
4664,10
11070,10
4609,10
17462,10
1387,10
4584,10
15811,19
2958,10
4519,31
17372,10
4488,36
17341,10
7621,23
20474,10
1197,10
5957,32
18810,10
256,10
10640,10
194,10
17027,31
4174,10
969,10
16952,31
4099,10
8105,10
873,10
7966,10
11118,10
4697,10
684,10
7088,10
952,10
2522,10
1306,10
8113,10
489,10
20917,18
8064,10
2046,10
2775,10
13206,18
353,10
10367,10
1909,10
1875,10
14843,39
1990,10
1761,10
8172,10
7366,10
945,10
19780,24
6927,10
4474,10
3269,17
16122,10
16200,36
3347,10
144,10
4039,10
4918,18
17771,10
9374,10
1616,10
2449,10
21553,11
21551,11
21403,11
21388,11
21248,11
21176,11
21103,11
21028,11
20954,11
20918,11
20826,11
20791,11
20412,11
20393,11
20304,11
20226,11
20151,11
19515,11
19053,11
19045,11
18481,11
17440,11
17034,11
16913,11
16698,11
16664,11
16642,11
16619,11
16585,11
16546,11
16545,11
16380,11
16324,11
16315,11
16246,11
15969,11
15833,11
15822,11
15800,11
15753,11
15723,11
15348,11
2173,17
15026,11
11802,11
11705,11
10282,11
10280,11
9728,11
9707,11
9417,11
15356,11
15002,13
2149,11
8163,27
21016,11
7954,20
20807,11
20736,26
7883,11
7869,11
7757,11
7541,11
7481,30
20334,11
6972,11
13291,32
438,11
6709,29
19562,11
6601,11
6335,11
5815,11
5188,11
11241,11
4644,11
10688,11
3817,26
16670,11
3762,15
16615,11
3634,26
16487,11
9158,11
2468,31
15321,11
11787,11
8475,11
8293,19
21146,11
8087,11
1469,11
2979,36
15832,11
1124,11
7544,11
6583,11
1564,13
14417,11
2538,36
15391,11
1924,11
5283,11
3441,36
16294,11
7704,37
20557,11
21378,12
21322,12
21298,12
21255,12
21211,12
21179,12
21165,12
21113,12
21036,12
20974,12
20931,12
20896,12
20654,12
20630,12
20494,12
20443,12
20415,12
20364,12
20324,12
20279,12
19648,12
19424,12
19422,12
18648,12
16803,12
16405,12
16374,12
16365,12
15985,12
15729,12
15527,36
2674,12
15265,12
2116,38
14969,12
12674,12
11667,12
11301,12
9238,12
2773,29
15626,12
8946,12
8890,12
15274,19
2421,12
8793,12
15023,12
8578,34
21431,12
8458,12
8428,27
21281,12
8130,15
20983,12
7994,12
7678,24
20531,12
7548,15
20401,12
7533,31
20386,12
7459,12
7342,27
20195,12
7276,13
20129,12
6738,12
5390,30
18243,12
5055,12
17906,31
5053,12
11377,12
11111,12
16807,23
3954,12
3801,26
16654,12
6935,37
19788,12
494,12
3681,12
6186,12
2968,33
15821,12
2887,12
6018,12
18531,15
5678,12
2394,19
15247,12
8741,12
2236,12
2221,12
2194,12
21203,23
8350,12
14752,12
7948,28
20801,12
7830,12
2862,36
15715,12
1182,12
7568,32
20421,12
7487,29
20340,12
7441,12
7404,22
20257,12
1765,12
3944,29
16797,12
6802,29
19655,12
6790,12
6774,12
15207,12
2619,12
399,12
6794,29
19647,12
17155,36
4302,12
7520,35
20373,12
6908,17
19761,12
1677,12
8294,12
2756,12
93,12
2836,12
3633,14
16486,12
14970,12
1205,12
19666,19
6813,12
15326,12
21480,13
21474,13
21352,13
21266,13
21240,13
21237,13
21218,13
21136,13
21135,13
21038,13
21032,13
20975,13
20735,13
20711,13
20695,13
20668,13
20640,13
20593,13
20558,13
20395,13
20385,13
20376,13
20314,13
20310,13
20228,13
20118,13
19915,13
19887,13
19369,13
18816,13
18120,13
17712,13
17655,13
17489,13
16890,13
16825,13
16809,13
16800,13
16655,13
16551,13
16385,13
15819,13
15558,13
15119,24
2266,13
1769,35
14622,13
13092,13
12645,13
12520,13
11320,13
11115,13
10924,13
10851,13
10099,13
9973,13
9405,13
9378,13
9364,13
9316,13
9273,13
2695,30
15548,13
9049,13
8865,13
8859,13
8750,13
8740,13
8738,13
15126,28
2273,13
15062,13
8636,39
21489,13
2153,29
15006,13
15000,13
8577,26
21430,13
8565,13
8409,13
21262,13
8399,22
21252,13
8032,22
20885,13
14314,30
1461,13
7843,13
7752,22
20605,13
1238,19
14091,13
7449,23
20302,13
7338,20
20191,13
7259,31
20112,13
7190,13
7079,13
19927,38
7074,13
6779,13
6273,13
12596,13
6175,13
6146,13
6048,13
6017,13
18870,13
5950,13
12231,13
5680,13
11976,13
11896,13
5464,13
5426,13
5417,13
5314,13
11633,13
5212,15
18065,13
5175,37
18028,13
5029,13
4777,17
17630,13
4747,13
10897,13
4176,13
4141,13
20045,36
7192,13
3867,13
3784,13
3695,13
3669,26
16522,13
3667,13
9810,13
9429,13
6165,13
6129,13
6041,13
5967,13
2751,13
5894,13
9066,13
2590,13
5757,18
18610,13
5749,16
18602,13
15221,13
2182,13
2042,13
3624,13
5215,38
18068,13
8236,13
45,38
12898,13
6455,14
19308,13
1569,13
1543,13
1527,13
4729,13
14313,34
1460,13
1467,13
1452,13
1317,13
7734,13
7733,38
20586,13
7709,35
20562,13
14093,13
18863,19
6010,13
1177,13
4351,13
1134,13
21193,21
8340,13
1122,13
7500,36
20353,13
21123,36
8270,13
3413,18
16266,13
15421,15
2568,13
762,27
13615,13
3960,24
16813,13
11977,13
3948,18
16801,13
4732,13
13539,15
686,13
19136,27
6283,13
1344,13
9333,13
6504,26
19357,13
17347,24
4494,13
1264,13
6814,23
19667,13
16457,24
3604,13
3582,13
3946,23
16799,13
1135,13
1111,13
2693,13
456,13
8184,32
21037,13
7381,30
20234,13
9372,13
533,13
10946,13
7398,26
20251,13
13717,13
7362,24
20215,13
10564,13
8060,32
20913,13
3629,13
21191,28
8338,13
818,13
17073,15
4220,13
21479,14
21453,14
21271,14
21256,14
21236,14
21194,14
21022,14
20680,14
20672,14
20658,14
20561,14
20545,14
20499,14
20490,14
20455,14
20400,14
20105,14
19723,14
19009,14
18718,14
18699,14
18155,14
17988,14
17556,14
16910,14
16802,14
16376,14
16371,14
16317,14
15888,14
15790,14
2748,26
15601,14
15136,14
14180,17
1327,14
11727,14
11621,14
11543,14
11494,14
11307,14
10499,14
9961,14
9914,14
9441,14
9346,14
9267,14
9250,14
9235,14
15521,14
8595,30
21448,14
21260,17
8407,14
8366,16
21219,14
8342,33
21195,14
8131,15
20984,14
8001,14
14300,14
7875,30
20728,14
7620,22
20473,14
7012,15
19865,14
12915,14
6323,14
6104,14
5879,15
18732,14
4981,19
17834,14
4794,14
4690,24
17543,14
4521,14
4457,14
10254,14
3786,14
3697,14
3036,39
15889,14
3028,37
15881,14
5632,14
2380,20
15233,14
18435,24
5582,14
8767,14
2107,38
14960,14
2092,14
11666,14
6729,14
6523,14
14427,14
1320,14
6084,14
1229,14
7618,27
20471,14
1188,14
4288,14
12204,14
2580,14
6495,14
5682,14
7985,19
20838,14
3957,34
16810,14
7139,14
3903,14
3895,14
11112,14
4155,14
530,14
5312,14
6785,14
17225,36
4372,14
728,14
2298,14
9029,14
65,14
19329,27
6476,14
2005,14
6804,39
19657,14
3601,29
16454,14
21576,15
21019,15
21018,15
20769,15
20089,15
20039,15
20013,15
19832,15
19786,15
19256,15
19167,15
18995,15
18994,15
18902,15
18774,15
18504,15
18479,15
18467,15
18234,15
18034,15
18017,15
17986,15
17916,15
17876,15
17839,15
17748,15
17619,15
17574,15
17433,15
17417,15
17302,15
17152,15
17148,15
17053,15
17048,15
16991,15
16962,15
16871,15
16772,15
16680,15
16215,15
16176,15
16098,15
16091,15
16086,15
15810,15
2783,30
15636,15
15478,15
15447,36
2594,15
2504,28
15357,15
14959,15
14926,15
2073,15
14865,15
2012,15
14549,35
1696,15
1105,30
13958,15
13003,15
139,29
12992,15
12905,15
12775,15
12772,15
12759,15
12754,15
12728,15
12691,15
12660,15
12647,15
12557,15
12489,15
12449,15
12281,15
12249,15
12073,15
11888,15
11854,15
11822,15
11808,15
11406,15
11291,15
11287,15
11251,15
11236,15
11210,15
11181,15
11048,15
10849,15
10743,15
10742,15
10738,15
10545,15
10371,15
10361,15
10335,15
10318,15
9814,15
9779,15
9771,15
9742,15
9733,15
9661,15
9654,15
9352,15
15694,15
9161,15
15545,15
15468,15
15417,15
2513,30
15366,15
8845,15
8835,15
8755,15
8685,27
21538,15
8618,15
21406,26
8553,15
14872,15
14828,38
1975,15
8244,36
21097,15
21078,27
8225,15
8126,15
8108,15
8068,15
14418,15
7952,15
7942,29
20795,15
7879,15
7596,15
7355,15
13735,30
882,15
7014,31
19867,15
6922,39
19775,15
6819,15
19644,20
6791,15
304,15
13157,15
6681,23
19534,15
19483,36
6630,15
6463,15
12858,15
6434,15
6382,15
12797,15
6350,15
6189,34
19042,15
19022,37
6169,15
12555,15
6086,15
18920,27
6067,15
12469,15
12468,15
12454,15
12441,15
12398,15
5900,15
5888,15
5789,15
5739,27
18592,15
5713,27
18566,15
5566,20
18419,15
18407,33
5554,15
5522,29
18375,15
5508,15
18334,18
5481,15
18300,18
5447,15
5429,15
5398,15
5332,15
5281,15
17978,19
5125,15
5118,15
5117,15
5021,29
17874,15
5013,23
17866,15
11314,15
4867,15
11239,15
11237,15
11177,15
4756,15
4634,15
4579,18
17432,15
4364,15
4323,15
10674,15
16973,36
4120,15
4113,25
16966,15
4074,15
3980,25
16833,15
10354,15
7129,31
19982,15
10313,15
3793,36
16646,15
3768,26
16621,15
3589,27
16442,15
3559,15
9954,15
3491,15
16343,30
3490,15
246,15
220,15
3309,15
3266,27
16119,15
3249,15
12834,15
3187,15
3153,24
16006,15
6310,26
19163,15
3051,15
2999,15
2983,15
6119,15
9336,15
6075,15
9279,15
9277,15
15691,30
2838,15
6023,15
9190,15
5964,15
2652,15
5788,15
2578,15
5780,15
2543,18
15396,15
5734,15
2386,20
15239,15
2326,31
15179,15
8756,15
5474,15
8623,15
8615,15
6982,15
3652,19
16505,15
13265,15
16450,19
3597,15
14842,15
1948,15
3477,15
1880,15
6603,15
3332,15
16185,15
14558,15
1711,15
9638,15
12790,15
1535,15
1520,15
7899,15
4623,15
7825,15
15829,27
2976,15
9234,15
1212,15
7632,36
20485,15
4411,18
17264,15
6000,15
9210,15
7603,15
4340,15
5123,15
5105,23
17958,15
279,15
1088,15
1023,15
13045,15
87,29
12940,15
7310,15
2467,15
10391,15
1519,15
697,15
16600,17
3747,15
6957,37
19810,15
6093,15
3688,15
16513,30
3660,15
3181,15
7605,38
20458,15
15217,15
6758,15
4304,17
17157,15
16005,36
3152,15
5149,15
524,15
2517,15
3277,15
16130,15
2480,15
5162,15
5250,15
8162,15
941,15
3440,15
939,15
3630,15
14875,15
834,15
1917,15
6005,28
18858,15
6639,36
19492,15
8905,15
21372,16
21257,16
21182,16
21181,16
21132,16
21100,16
21042,16
20932,16
20926,16
20768,16
20606,16
20498,16
19704,16
18303,16
18158,16
17617,16
17547,16
16598,16
16592,16
14985,16
2128,39
14981,16
14525,16
13026,16
12187,16
12063,16
11336,16
10921,16
10885,16
10853,16
10174,16
9678,16
9486,16
9263,16
9103,16
8810,16
7674,31
20527,16
7235,16
756,16
6743,16
13054,27
201,16
6311,16
6279,16
6240,16
6172,16
6107,16
6055,16
18888,38
6035,16
5913,16
11980,16
5496,16
5451,16
5444,16
5355,16
5327,26
18180,16
4999,16
4803,16
10926,16
4257,16
4169,16
10573,16
7078,16
10196,16
3128,37
15981,16
6231,16
12570,16
9274,16
2815,27
15668,16
2760,37
15613,16
2561,16
5716,16
12098,16
5473,36
18326,16
16638,35
3785,16
2101,28
14954,16
4911,16
1566,16
7964,30
20817,16
1384,16
1265,16
15667,16
5100,16
4219,16
1009,16
8115,30
20968,16
1494,16
4691,31
17544,16
1532,16
18388,27
5535,16
1033,16
6642,16
12995,18
142,16
5119,30
17972,16
2099,16
13114,16
535,16
6505,16
7508,16
6696,16
8858,16
21238,17
20237,17
20187,17
20180,17
20174,17
20138,17
18875,17
17812,17
17700,17
17652,17
16644,17
15841,17
15762,17
15292,17
15219,32
2366,17
15210,38
2357,17
14587,19
1734,17
14544,17
13275,25
422,17
12681,17
12033,17
11925,17
11418,17
11400,17
11381,17
11123,17
11106,17
11049,17
11035,17
10140,17
10067,17
9967,17
9869,17
9556,17
9465,17
9097,17
2482,29
15335,17
15314,17
2428,30
15281,17
8846,17
15223,32
2370,17
8799,17
15049,34
2196,17
21342,36
8489,17
14697,17
8010,17
7903,17
7902,17
7876,17
13904,17
7388,23
20241,17
7245,17
13656,17
6894,17
13186,17
6503,17
6215,17
6113,17
6106,17
5660,17
5647,17
11979,17
5502,35
18355,17
11708,17
11674,17
11546,17
11506,17
17775,30
4922,17
4810,17
4751,17
10826,17
4347,17
17058,36
4205,17
16739,34
3886,17
16723,36
3870,17
3841,17
3743,17
464,17
19650,27
6797,17
13180,17
6592,17
3194,17
12696,17
3056,24
15909,17
6202,17
15641,17
15593,17
15571,19
2718,17
2711,17
8999,17
15240,17
2374,36
15227,17
2379,17
2337,28
15190,17
2309,26
15162,17
15107,17
18238,38
5385,17
3734,29
16587,17
2108,17
6863,17
2048,17
3625,34
16478,17
3483,25
16336,17
14666,17
6447,17
4829,33
17682,17
23,17
12831,17
1502,17
1414,17
11031,17
1391,17
7673,17
7647,17
1208,17
15639,17
1084,17
17080,39
4227,17
1015,17
187,17
11395,17
4974,17
15309,17
10472,17
16096,37
3243,17
811,17
2549,17
7763,17
8547,17
113,17
7736,17
11725,17
83,17
2890,17
817,17
1173,17
7120,17
19561,21
6708,17
3899,17
696,17
56,17
19318,34
6465,17
3602,17
14993,17
10544,17
13333,31
480,17
6699,17
14975,17
1732,17
18,17
11637,17
10440,17
3890,17
21357,18
21287,18
21228,18
21071,18
21040,18
20945,18
20797,18
20396,18
20311,18
20298,18
20035,18
19833,18
19831,18
19799,18
19751,18
19507,18
19441,18
19435,18
19411,18
19343,18
19270,18
19241,18
18986,18
18223,18
18182,18
17837,18
17785,18
17784,18
17777,18
17576,18
17182,18
17178,18
17149,18
17146,18
17142,18
17127,18
17115,18
17004,18
16989,18
16981,18
16925,18
16923,18
16873,18
16700,18
16685,18
16444,18
16443,18
16427,18
16145,18
16136,18
16026,18
15997,18
15894,18
15682,18
2819,38
15672,18
15600,18
15387,21
2534,18
14982,18
14623,18
13189,18
232,39
13085,18
13072,18
12676,18
12443,18
12305,18
12237,18
11968,18
11449,18
11143,18
11041,18
11029,18
10950,18
10908,18
10901,18
10883,18
10843,18
10432,18
10423,18
10224,18
9487,18
9343,18
2496,28
15349,18
15077,29
2224,18
8555,35
21408,18
8512,18
21362,21
8509,18
8359,18
8327,18
8220,37
21073,18
14619,18
8020,18
7997,18
7977,18
20725,27
7872,18
7824,18
20670,23
7817,18
20666,38
7813,18
14131,18
7604,24
20457,18
7494,18
7490,18
7482,18
7469,18
7319,18
7126,18
7027,33
19880,18
13393,18
496,18
6860,23
19713,18
19702,27
6849,18
13212,18
13210,18
13194,18
13182,18
6629,29
19482,18
6595,36
19448,18
12949,30
96,18
6473,18
12699,18
6223,18
6220,30
19073,18
12629,18
12620,18
12610,18
6135,24
18988,18
6103,18
6096,18
18945,33
6092,18
12356,18
12331,18
5750,18
18563,21
5710,18
5516,18
5377,18
11755,18
11748,18
11744,18
4908,18
4798,38
17651,18
11078,18
10928,18
17330,33
4477,18
10872,18
4369,18
17196,36
4343,18
10462,18
16852,36
3999,18
3993,18
3933,18
3920,18
7115,20
19968,18
3839,18
3833,18
16650,31
3797,18
10213,18
6815,18
6830,28
19683,18
3418,18
143,29
12996,18
6575,29
19428,18
13006,35
153,18
6498,24
19351,18
3229,18
9539,18
9526,18
12722,18
9472,18
15803,19
2950,18
6070,18
15404,27
2551,18
2540,18
2471,22
15324,18
2475,18
5671,18
8771,18
15121,27
2268,18
2247,18
5442,18
2219,18
8558,38
21411,18
1835,18
9640,18
20893,36
8040,18
1581,18
7993,18
10909,18
7650,18
9246,18
3517,21
16370,18
1118,18
2714,18
8298,18
8258,18
9027,18
16247,38
3394,18
12203,18
4172,36
17025,18
4884,18
7305,18
1667,18
15276,18
1577,18
3161,18
748,18
7913,29
20766,18
3085,18
2281,18
1477,18
12973,18
2552,18
545,18
125,18
12978,18
11738,18
1291,18
6873,18
3632,18
4787,31
17640,18
13211,18
7992,18
12719,18
853,18
7443,18
4964,18
15804,36
2951,18
1354,18
4937,18
12965,18
3298,18
10895,18
14201,18
5665,18
844,18
6856,18
3336,18
3239,18
836,18
7749,18
4021,28
16874,18
1213,18
4019,30
16872,18
21297,19
21134,19
21041,19
21007,19
20982,19
20137,19
19874,19
19839,19
19763,19
19453,19
19258,19
19113,19
18906,19
18882,19
18859,19
18842,19
18654,19
18638,19
18145,19
17973,19
17710,19
16510,19
15993,19
15664,19
15012,29
2159,19
1689,20
14542,19
13900,21
1047,19
12707,19
12677,19
12344,19
12222,19
12191,19
11579,19
11468,19
11403,19
11074,19
10998,19
10985,19
10941,19
10817,19
9920,19
9844,19
9413,19
9332,19
8780,19
15031,19
7963,19
7874,19
7840,29
20693,19
1017,26
13870,19
758,26
13611,19
225,37
13078,19
12685,19
12636,19
18830,26
5977,19
5886,39
18739,19
5740,19
5690,19
5421,19
5226,38
18079,19
5102,19
4952,19
4824,32
17677,19
4796,19
10515,19
7067,19
7046,19
3830,19
478,19
376,19
3409,27
16262,19
3251,19
3069,19
9431,19
9288,19
15629,19
2672,19
2271,19
18294,28
5441,19
15078,35
2225,19
547,19
532,19
5276,19
5258,32
18111,19
1673,19
1666,19
3252,19
14423,19
11161,19
3103,34
15956,19
1506,19
1445,26
14298,19
12667,19
20708,26
7855,19
1434,19
9381,19
1243,19
4437,19
9230,19
1123,19
1103,19
15479,19
1032,19
3380,30
16233,19
185,19
978,19
3276,19
11201,19
724,19
1512,19
2148,28
15001,19
3707,19
6807,19
3565,19
9984,19
6731,19
16112,39
3259,19
17816,24
4963,19
1099,19
3893,19
16140,36
3287,19
1340,19
4408,19
10095,19
6801,35
19654,19
2102,19
19946,38
7093,19
21215,20
20794,20
18258,20
17795,20
16819,20
16815,20
16812,20
16347,20
16284,20
16221,20
16022,20
15834,20
12715,20
12624,20
10980,20
10974,20
10855,20
10601,20
9502,20
9278,20
8860,20
15206,36
2353,20
15205,20
8394,20
8311,30
21164,20
7723,20
7676,23
20529,20
6293,20
6181,20
6073,20
5993,20
12240,20
5744,20
12110,20
5438,20
5407,20
11685,20
11569,20
11549,20
17948,31
5095,20
11479,20
4292,20
715,20
3840,20
16490,21
3637,20
19690,38
6837,20
9963,20
6641,20
169,20
164,20
6213,20
6105,20
2851,39
15704,20
2548,20
8892,20
15067,20
557,20
2112,20
10097,20
3676,20
449,20
6848,20
16410,28
3557,20
16398,38
3545,20
167,20
1638,20
4788,20
1585,20
17618,36
4765,20
6179,20
14220,36
1367,20
1364,20
1251,20
1245,20
1160,20
1137,20
4239,20
4216,20
6597,30
19450,20
998,20
7272,20
3994,20
1554,20
10381,20
7735,20
1314,20
11733,20
1198,20
1176,20
2750,20
3672,20
7465,20
12153,20
1128,20
9231,20
21386,21
21360,21
21199,21
20973,21
20894,21
20596,21
20378,21
20256,21
19674,21
19571,21
18483,21
17964,21
17922,21
17900,21
16662,21
16421,21
16363,21
16311,21
16207,21
16141,21
15980,21
15908,21
15429,21
2553,32
15406,21
14860,21
12829,21
12783,21
11855,21
11333,21
11221,21
11220,21
10284,21
10235,21
9744,21
9229,21
9187,21
9160,21
9127,21
9115,21
8777,21
8644,21
8614,21
8611,21
8125,21
7970,21
13435,21
7008,21
6771,21
6372,21
6349,21
6341,21
11859,21
11850,21
5264,21
4850,34
17703,21
4827,21
11227,21
4776,21
11168,21
4657,21
4574,21
4149,21
4105,21
4094,21
4089,21
6999,21
3788,29
16641,21
3480,21
3456,21
48,31
12901,21
11,21
6358,21
6356,21
2962,21
12463,21
9189,21
2666,21
2574,38
15427,21
5594,21
21521,33
8668,21
8619,21
3760,21
2137,21
5257,21
5219,21
5048,23
17901,21
8224,24
21077,21
9741,21
1688,21
15816,37
2963,21
2961,21
2960,21
7686,21
3468,21
1059,21
16953,24
4100,21
4092,21
4085,21
10349,21
8702,21
2279,21
3322,27
16175,21
10338,21
16604,30
3751,21
8155,21
4123,21
920,21
899,21
883,21
9177,21
4562,21
15380,21
541,21
1030,21
887,21
21337,22
21308,22
20910,22
20685,22
20651,22
20598,22
20517,22
20515,22
19142,22
19029,22
18713,22
18708,22
16602,22
16055,22
16030,22
15295,22
12658,22
12649,22
12391,22
12382,22
12380,22
12362,22
12341,22
12258,22
12154,22
12149,22
12077,22
11978,22
11884,22
11713,22
11614,22
11568,22
11452,22
11109,22
10943,22
10083,22
9818,22
9478,22
9399,22
9237,22
9101,22
8794,22
8708,22
2251,38
15104,22
2203,30
15056,22
8579,22
8562,27
21415,22
21244,26
8391,22
8085,38
20938,22
20909,36
8056,22
20879,26
8026,22
7838,22
7790,22
7600,36
20453,22
7266,35
20119,22
140,22
19101,36
6248,22
12351,22
11898,22
5342,22
11724,22
11567,22
11402,22
4797,22
11034,22
16918,23
4065,22
4033,38
16886,22
10447,22
10436,22
16868,27
4015,22
7061,22
6787,22
6759,22
6414,32
19267,22
9610,22
6123,22
15709,35
2856,22
8969,22
2478,22
12017,22
15094,22
11649,22
5089,22
126,22
11302,22
1438,22
1433,22
1428,22
17328,38
4475,22
9287,22
10840,22
17180,31
4327,22
1837,22
9034,22
1013,22
6591,22
16964,36
4111,22
1608,22
11966,22
2342,22
12176,22
6549,22
1658,22
1650,22
13025,22
8981,22
11570,22
15772,28
2919,22
11540,22
8995,22
8096,37
20949,22
6880,22
2938,22
11644,22
21222,23
20432,23
19812,23
19466,23
19440,23
19365,23
18997,23
18832,23
17975,23
17848,23
17661,23
17558,23
16911,23
16817,23
16798,23
16719,23
16665,23
16590,23
16337,23
16244,23
16219,23
15482,23
15307,23
13263,30
410,23
13138,23
12572,23
12569,23
12255,23
12035,23
12031,23
11750,23
11687,23
11565,23
11424,23
11340,23
11317,23
11306,23
11018,23
10964,23
10884,23
10870,23
10600,23
10500,23
10427,23
10032,23
10027,23
9970,23
9965,23
9937,23
9896,23
9652,23
9475,23
15679,23
2826,23
9113,23
2474,30
15327,23
8893,23
15153,23
8635,36
21488,23
8481,23
8457,23
21277,36
8424,23
8317,23
8297,23
8291,23
8286,23
14540,23
7774,23
7462,23
13633,34
780,23
7048,23
534,23
388,23
6809,23
6701,23
6670,23
19447,36
6594,23
6522,23
19375,23
6458,23
6227,23
6102,23
18955,23
12506,23
5906,23
12239,23
18397,32
5544,23
5461,23
5316,23
10599,23
10597,23
10538,23
16727,30
3874,23
10094,23
3631,23
10040,23
13203,23
3131,37
15984,23
6313,23
9525,23
9428,23
9339,23
2916,30
15769,23
18895,27
6042,23
5968,23
2761,23
2518,23
2488,23
8899,23
2429,23
5624,23
2270,23
5455,27
18308,23
3713,23
11689,23
10046,23
6783,23
9930,23
13131,23
6680,23
13093,23
6672,23
4938,31
17791,23
1706,23
14524,23
8027,23
3163,27
16016,23
1449,23
1446,23
1288,23
1284,23
2825,23
1225,23
2807,23
20321,30
7468,23
2613,23
12914,23
18398,27
5545,23
6299,23
6288,23
7092,23
538,23
2924,38
15777,23
5313,26
18166,23
10925,23
1643,23
10053,23
15259,23
17273,36
4420,23
5984,23
5976,23
9994,23
3547,38
16400,23
5078,23
151,23
4361,23
539,23
6557,34
19410,23
2519,23
6931,35
19784,23
6529,23
1271,23
12874,23
739,23
10556,23
12860,23
1328,23
2437,23
21318,24
21000,24
20946,24
20379,24
19959,24
19935,24
19906,24
19860,24
19711,24
19383,24
19379,24
19208,24
19180,24
19155,24
17894,24
17863,24
17849,24
17835,24
17810,24
17798,24
17687,24
17551,24
17015,24
16707,24
16677,24
16675,24
16523,24
16420,24
16404,24
16287,24
15778,24
15717,24
15503,32
2650,24
15363,24
15315,26
2462,24
15255,24
15144,28
2291,24
15004,24
2151,24
13039,36
186,24
12937,24
12350,24
12225,24
12087,24
11619,24
11477,24
11378,24
11243,24
11136,24
11126,24
11095,24
10971,24
10961,24
10918,24
10559,24
10508,24
10071,24
10042,24
9918,24
9891,24
9833,24
9497,24
9454,24
9033,24
8717,24
8571,24
8567,24
8514,24
8198,36
21051,24
7895,24
1246,30
14099,24
7470,24
13753,24
7045,24
6866,30
19719,24
6818,24
6725,24
281,24
6697,24
6562,24
12959,24
6538,24
6497,24
6427,31
19280,24
6368,24
12390,24
5919,24
12236,24
5675,24
18462,34
5609,24
11997,24
5350,24
5349,24
11751,24
11707,24
5082,24
17930,34
5077,24
4812,24
11086,24
4605,24
4591,24
4586,24
4537,24
4237,24
4161,24
3795,36
16648,24
10102,24
6767,24
3438,24
3180,24
3100,24
9434,24
9392,24
2946,24
2945,24
2769,24
2528,24
8909,24
12083,24
2419,24
5608,24
15111,24
2246,24
15055,34
2202,24
2097,24
10066,24
237,36
13090,24
1836,38
14689,24
5001,24
3384,24
4934,28
17787,24
1678,24
3263,24
12883,24
1626,24
9619,24
9538,24
1480,24
3026,27
15879,24
1425,24
4615,24
7796,24
7737,24
7729,24
1228,24
1209,24
9102,24
2677,24
2660,24
7453,24
2583,24
7407,24
4976,27
17829,24
1679,24
10435,24
5597,24
7199,24
767,24
20021,38
7168,24
3142,37
15995,24
4748,27
17601,24
741,24
7130,39
19983,24
9510,24
1335,24
9345,24
820,24
3596,30
16449,24
1584,24
13232,31
379,24
9202,24
1153,24
17191,33
4338,24
16787,36
3934,24
9893,24
6477,24
6604,24
13787,24
136,24
9738,24
3093,24
7497,24
6853,24
932,24
1220,24
10442,24
4233,37
17086,24
13060,24
840,24
18616,25
17759,25
17140,25
17128,25
16776,25
16750,25
16115,25
16077,25
14885,25
13070,25
12423,25
12224,25
11826,25
11173,25
11071,25
10717,25
9822,25
9787,25
9746,25
15485,25
14988,25
8176,25
14293,36
1440,25
7552,25
12507,25
5495,28
18348,25
11811,25
18187,27
5334,25
11507,25
11007,25
4541,25
10682,25
7070,25
6998,25
124,25
3107,30
15960,25
6301,25
9349,25
15584,25
8850,25
11893,25
15017,25
2000,25
3225,25
1537,25
11030,25
7577,25
9834,25
15394,25
1343,25
12424,25
5543,26
18396,25
14751,35
1898,25
13237,25
6486,25
8086,25
7659,25
9305,25
21295,26
21242,26
21233,26
21224,26
21196,26
21178,26
21034,26
20976,26
20770,26
20657,26
20634,26
20567,26
20507,26
20380,26
19862,26
19639,26
19459,26
17811,26
17788,26
17685,26
17607,26
16806,26
16441,26
16348,26
16346,26
2606,32
15459,26
15130,26
14612,30
1759,26
13552,33
699,26
12705,26
12659,26
12613,26
12562,26
12516,26
12364,26
12166,26
11993,26
11696,26
11684,26
11566,26
11529,26
11429,26
11416,26
11407,26
11338,26
11145,26
11028,26
10999,26
10966,26
10839,26
10561,26
9807,26
9611,26
9566,26
9425,26
9312,26
9301,26
15128,38
2275,26
8521,26
8300,26
21128,39
8275,26
8259,30
21112,26
14646,26
14630,26
7893,30
20746,26
7820,36
20673,26
14103,26
7566,34
20419,26
7516,26
7510,32
20363,26
7410,26
7330,26
7323,34
20176,26
7302,26
7191,26
19377,36
6524,26
6521,30
19374,26
6500,26
6485,26
24,26
6309,26
19087,33
6234,26
18904,37
6051,26
5991,26
12294,26
5669,26
5657,26
5629,26
5575,26
5555,26
18328,36
5475,26
5359,26
5339,26
5114,30
17967,26
5084,26
11046,26
10919,26
4378,26
17223,38
4370,26
4358,26
17199,34
4346,26
4261,26
4184,28
17037,26
4157,26
10534,26
10524,26
4029,26
734,26
3806,26
19703,27
6850,26
12353,26
5931,26
15477,26
5758,26
8965,26
2539,26
15354,26
5679,26
2350,26
15189,26
2316,26
15152,26
5452,26
2249,26
5422,26
2188,26
10185,26
14995,26
14881,36
2028,26
2016,26
1861,26
5018,26
138,26
6540,26
8094,36
20947,26
1655,26
1602,26
9625,26
4775,26
7887,26
7802,36
20655,26
1366,26
1285,26
1200,26
2789,26
1191,26
17216,34
4363,26
1117,26
14744,26
7521,36
20374,26
1877,26
1080,26
2663,26
7444,26
210,26
1010,26
1768,26
8915,26
11305,26
13715,26
848,26
5600,26
781,26
3951,30
16804,26
2333,26
7940,38
20793,26
7104,33
19957,26
1752,26
5725,26
4517,26
5317,26
1311,26
3708,39
16561,26
2110,34
14963,26
98,26
8879,26
7193,26
18426,36
5573,26
731,26
6298,26
20767,28
7914,26
8296,26
8229,26
7432,26
11630,26
5354,26
4954,26
9894,26
8580,26
5741,26
1639,26
1633,26
5321,26
10165,26
490,26
21429,27
21419,27
21376,27
21251,27
20773,27
20710,27
20699,27
19912,27
19895,27
19892,27
19870,27
19762,27
19744,27
19731,27
19692,27
19649,27
19312,27
18975,27
18963,27
18951,27
18932,27
18930,27
18910,27
18898,27
18872,27
18861,27
18773,27
18768,27
18682,27
18600,27
18402,27
18387,27
18280,27
18254,27
18239,27
18191,27
18138,27
18135,27
17960,27
17956,27
17752,27
17749,27
17723,27
17612,27
17596,27
17573,27
17538,27
17488,27
17349,27
17340,27
17315,27
17125,27
17095,27
17011,27
16986,27
16875,27
16652,27
16403,27
16369,27
16354,27
16238,27
16211,27
16203,27
16093,27
15918,27
15912,27
15736,27
2744,31
15597,27
15569,27
15308,27
15306,27
14978,27
14877,32
2024,27
13288,39
435,27
13224,35
371,27
13174,27
13023,27
12717,27
12625,27
12621,27
12574,27
12531,27
12487,27
12485,27
12374,27
12345,27
12339,27
12313,27
12276,27
12046,27
11933,27
11743,27
11625,27
11550,27
11484,27
11451,27
11440,27
11413,27
11405,27
11105,27
11104,27
11039,27
10992,27
10978,27
10887,27
10816,27
10702,27
10612,27
10498,27
10404,27
10387,27
10197,27
10158,27
10114,27
10110,27
10096,27
10086,27
10057,27
10038,27
9971,27
9929,27
9915,27
9618,27
9590,27
9561,27
9544,27
9489,27
9453,27
9443,27
9388,27
9330,27
9232,27
9072,27
9031,27
8996,27
8948,27
8945,27
8916,27
8914,27
15329,32
2476,27
8863,27
8716,27
8711,27
8707,27
8688,36
21541,27
14930,27
21350,28
8497,27
8205,27
8177,32
21030,27
14395,27
7935,27
7928,27
7922,28
20775,27
7845,29
20698,27
7823,27
7789,27
7687,27
7671,27
7488,35
20341,27
7386,27
7357,38
20210,27
7209,27
7013,38
19866,27
6869,27
6726,27
6660,27
13043,27
6561,27
6278,27
6218,27
12608,27
12559,27
12517,27
12515,27
12512,27
5889,27
5810,36
18663,27
12127,27
5689,27
12068,27
5641,27
11996,27
18420,34
5567,27
5558,27
11916,27
11891,27
5465,27
11872,27
18276,39
5423,27
5411,27
5379,27
11763,27
5323,36
18176,27
11665,27
5240,31
18093,27
5234,27
5183,36
18036,27
5094,27
5091,27
11505,27
5081,27
11386,27
11373,27
4893,30
17746,27
4890,27
4733,27
4687,33
17540,27
4510,27
10860,27
17239,34
4386,27
10786,27
17084,36
4231,27
10566,27
10509,27
4075,27
10446,27
7087,27
7073,27
3858,35
16711,27
3843,27
7041,27
10222,27
16630,36
3777,27
544,27
3759,27
3758,30
16611,27
6884,27
19737,27
10041,27
16430,38
3577,27
9909,27
16316,39
3463,27
6612,27
13011,27
3327,27
12888,27
6425,27
3139,27
9549,27
3118,27
15939,36
3086,27
6276,27
3071,27
15924,27
9488,27
9437,27
3013,27
3008,35
15861,27
2930,27
6121,27
6056,27
9259,27
2791,27
2762,27
15602,27
12315,27
15494,27
2638,27
9030,27
5805,31
18658,27
8998,27
2570,27
2435,27
12053,27
8778,27
18393,36
5540,27
11915,27
8691,27
8690,27
15118,29
2265,27
2240,30
15093,27
11873,27
5409,27
15038,27
15024,27
5376,36
18229,27
5366,27
5340,27
18148,36
5295,27
3592,27
6734,27
9952,27
6710,27
8331,27
14739,36
1886,27
1832,27
1801,27
3395,27
14629,27
3313,30
16166,27
1628,27
9644,27
6430,36
19283,27
3183,27
8000,27
3063,27
1456,27
7865,27
1427,27
9338,27
1316,27
2897,27
10867,27
7629,27
2785,27
15596,27
12368,27
1077,27
1052,27
199,30
13052,27
4223,30
17076,27
1000,27
984,27
5708,27
10521,27
6461,27
11232,27
7217,27
733,27
11962,27
18394,37
5541,27
7110,27
19963,27
15949,39
3096,27
11107,27
7107,27
685,27
543,27
553,27
12146,27
6111,27
6101,27
8467,27
6433,27
19286,27
10841,27
1203,27
393,27
401,27
19664,37
6811,27
1575,27
6784,27
10398,27
3556,30
16409,27
8761,27
9677,27
1996,27
995,27
3587,27
1790,27
1760,27
8572,27
5722,35
18575,27
8940,27
5899,27
18752,27
2696,27
4144,29
16997,27
9108,27
1729,38
14582,27
4143,27
9861,27
6539,27
7260,27
2039,27
10151,27
6836,27
8947,27
3702,37
16555,27
16597,30
3744,27
10,27
2884,27
21405,28
21272,28
21265,28
21234,28
21232,28
21221,28
21209,28
21205,28
21189,28
21148,28
21114,28
21053,28
21049,28
21045,28
21017,28
21012,28
20969,28
20943,28
20930,28
20920,28
20888,28
20813,28
20812,28
20800,28
20798,28
20779,28
20660,28
20652,28
20648,28
20566,28
20564,28
20502,28
20470,28
20468,28
20440,28
20407,28
20388,28
20284,28
20278,28
20255,28
19978,28
19850,28
19803,28
19745,28
19710,28
19427,28
19171,28
18953,28
18283,28
17802,28
17616,28
16921,28
16858,28
16818,28
16816,28
16715,28
16708,28
16705,28
16687,28
16672,28
16668,28
16633,28
16461,28
16448,28
16388,28
16377,28
16297,28
16015,28
16013,28
15757,28
15732,28
15559,28
15476,28
2237,30
15090,28
2118,38
14971,28
14516,28
13031,28
12721,28
12672,28
12631,28
12306,28
12207,28
12085,28
12061,28
12042,28
12022,28
11879,28
11736,28
11629,28
11564,28
11500,28
11443,28
11047,28
10917,28
10609,28
10478,28
10431,28
10225,28
10119,28
10108,28
10037,28
9995,28
9572,28
9558,28
9427,28
9111,28
15495,28
8956,28
15157,35
2304,28
15109,28
15027,28
8602,36
21455,28
8581,28
14998,28
8364,28
8254,28
14389,37
1536,28
7961,39
20814,28
1471,29
14324,28
7894,35
20747,28
7884,28
7880,28
14285,28
7728,28
7670,37
20523,28
7623,31
20476,28
7585,31
20438,28
7519,35
20372,28
7512,36
20365,28
7476,28
7472,28
13854,28
7331,28
7072,28
560,28
6865,28
338,32
13191,28
13122,28
6622,30
19475,28
12904,28
6475,28
6317,37
19170,28
6233,28
5969,28
5922,28
12334,28
5868,37
18721,28
5658,28
5492,28
5389,31
18242,28
5367,28
5308,28
18150,36
5297,28
11664,28
11503,28
11478,28
4900,29
17753,28
4814,28
4807,37
17660,28
4792,28
4692,39
17545,28
10972,28
10891,28
17166,36
4313,28
3989,28
7157,28
3922,28
698,28
466,28
3353,31
16206,28
19127,30
6274,28
6254,28
9444,28
6185,28
6173,28
9366,28
9260,28
15669,28
5994,28
12352,28
5850,36
18703,28
15446,32
2593,28
5731,28
8925,28
2490,28
18530,34
5677,28
2409,28
8826,28
2320,28
8731,28
5494,28
5456,36
18309,28
5437,28
5415,28
5356,28
8528,28
6827,35
19680,28
1846,28
6669,28
1803,28
1610,28
4805,28
1524,28
7841,28
1404,28
12505,28
2873,28
9270,28
4419,28
4307,28
8318,28
8292,28
1063,28
3446,36
16299,28
1849,28
7421,31
20274,28
4194,28
17042,31
4189,28
13027,28
8986,28
7287,31
20140,28
12014,28
17644,30
4791,28
783,28
15180,28
2338,28
7950,36
20803,28
1492,28
12704,28
19387,36
6534,28
528,28
9311,28
846,28
12869,28
6799,28
773,28
16824,30
3971,28
5911,28
11499,28
4273,28
6456,28
5209,37
18062,28
10023,28
1351,28
9964,28
15359,28
483,28
14517,28
5650,28
7096,28
1642,28
1283,28
1525,28
7626,36
20479,28
6147,28
7634,28
20514,29
20493,29
17554,29
16839,29
16834,29
16471,29
16470,29
16469,29
16468,29
16390,29
16003,29
15897,29
15702,35
2849,29
15637,29
15299,29
14402,29
12304,29
12119,29
12114,29
10076,29
10074,29
9875,29
9868,29
9671,29
9612,29
9588,29
15688,29
9266,29
9074,29
8930,29
8908,29
8491,29
14551,29
1694,30
14547,29
14316,29
7851,29
7837,29
7702,29
7657,29
7277,29
7167,29
508,29
6917,29
6773,29
6741,29
6739,29
6733,29
6684,29
165,29
86,29
12924,36
71,29
6460,29
6324,29
6305,29
6205,29
6033,29
5663,29
12036,29
18399,36
5546,29
5086,29
5085,29
4998,29
17809,30
4956,29
4560,29
17305,36
4452,29
4440,29
17241,34
4388,29
4253,29
4241,29
4025,29
3982,36
16835,29
13543,37
690,29
3875,29
7076,29
3808,29
3807,29
3774,29
3763,29
3757,29
517,29
514,29
3647,29
3619,30
16472,29
6777,29
9901,29
53,29
6474,29
9531,29
6295,29
6130,29
9272,29
9271,29
2772,29
9056,29
2591,29
2584,29
5707,29
5662,29
12064,29
2396,29
2385,29
2346,29
2339,29
15091,30
2238,29
2213,29
2211,29
3765,29
3764,29
2163,29
531,29
3651,29
2049,29
3580,29
5083,29
1824,29
13019,31
166,29
4990,29
1767,29
13005,38
152,29
1714,29
14550,29
1708,29
109,30
12962,29
12889,30
36,29
6457,29
1586,29
7990,29
1568,29
1567,29
1546,29
6280,29
7850,29
1420,29
7835,29
1382,29
1363,29
7782,29
1298,29
2809,29
4412,29
1170,29
5960,29
6685,29
7498,29
1066,29
1783,29
4177,29
2494,29
89,29
866,29
1648,29
1545,29
707,29
692,29
3905,29
702,29
700,29
695,29
693,29
691,29
1483,29
536,29
546,29
1315,30
14168,29
1326,29
529,29
7346,29
513,29
2908,29
512,29
509,29
461,29
3584,33
16437,29
2781,29
776,29
6776,29
1169,29
2332,29
701,29
2608,29
4210,29
163,29
1763,29
1555,29
6154,29
548,29
2154,29
7766,29
1345,29
10163,29
1322,29
108,29
506,29
1496,29
9117,29
1873,29
1244,29
10565,29
1341,29
1090,29
7761,29
1239,29
5729,29
521,29
5528,29
1277,29
16527,30
3674,29
7768,29
1814,29
21503,30
21382,30
20887,30
20757,30
20753,30
20682,30
20398,30
19975,30
19890,30
18490,30
18356,30
18351,30
18339,30
18332,30
17870,30
17822,30
17760,30
17716,30
17643,30
17589,30
16983,30
16885,30
16589,30
16577,30
16495,30
16332,30
16216,30
16159,30
16152,30
16123,30
16097,30
16023,30
15987,30
15979,30
15967,30
15885,30
15785,30
15296,30
15226,30
14672,30
13721,30
868,30
13136,30
12827,30
12611,30
12573,30
12521,30
12460,30
12383,30
12216,30
12202,30
12059,30
12044,30
11983,30
11981,30
11883,30
11728,30
11726,30
11711,30
11663,30
11522,30
11490,30
11349,30
11344,30
11292,30
11272,30
10989,30
10988,30
10922,30
10551,30
10453,30
10445,30
10434,30
10419,30
10342,30
10328,30
10272,30
10233,30
10173,30
9981,30
9927,30
9410,30
9296,30
15674,30
9242,30
9156,30
9048,30
15413,38
2560,30
8932,30
8866,30
2397,35
15250,30
14967,30
2114,30
8544,30
21394,36
8541,30
8526,30
2080,38
14933,30
8435,30
8138,30
8039,30
14393,30
7442,30
20232,32
7379,30
7332,30
7225,30
13192,30
311,30
6732,30
6674,30
12917,30
64,30
19291,36
6438,30
6361,30
6277,30
12646,30
6217,30
6199,30
12221,30
12132,30
18564,37
5711,30
5627,30
5563,30
5505,30
5345,30
5335,38
18188,30
11714,30
5291,30
5287,30
5272,30
5141,30
17979,39
5126,30
11539,30
11492,30
5071,30
4894,30
11113,30
10768,30
4160,30
10541,30
10414,30
3973,36
16826,30
7077,35
19930,30
3865,30
16718,30
3856,30
3846,30
16681,31
3828,30
3790,30
552,30
13262,37
409,30
10000,30
346,38
13199,30
6762,30
356,30
6752,30
6723,30
9884,30
6655,30
3425,30
16278,30
3420,30
3399,38
16252,30
6581,30
3261,30
3062,30
15876,39
3023,30
12551,30
9337,30
2915,35
15768,30
9328,30
12389,30
5951,30
2729,30
9139,30
9059,30
9032,30
2596,30
5787,30
2569,30
2559,30
15325,30
8903,30
8880,30
2417,36
15270,30
8830,30
5596,30
5586,30
2307,30
18296,31
5443,30
5431,30
14949,30
6841,30
6748,30
21187,38
8334,30
6721,30
9928,30
6689,30
1787,30
3320,38
16173,30
6547,30
1622,30
1620,30
9637,30
4804,30
8022,30
1572,30
11192,30
9484,30
1466,30
7870,30
6246,30
7848,30
12600,30
1339,30
10832,30
12378,30
9175,30
1104,30
17156,31
4303,30
17933,31
5080,30
9098,30
3459,33
16312,30
9867,30
1024,30
1816,30
1016,30
10615,30
983,30
2505,30
13708,30
8055,30
1634,30
3205,30
16837,35
3984,30
3937,30
2312,30
3910,30
5500,30
2297,30
9373,30
8943,30
6914,36
19767,30
12532,30
2898,30
7722,30
16094,36
3241,30
10822,30
10025,30
13243,33
390,30
372,38
13225,30
12397,30
13197,30
4774,30
15213,30
9977,30
743,30
16392,35
3539,30
13187,30
334,30
9926,30
299,30
13709,30
4410,30
7428,30
3396,30
963,30
11385,30
11575,30
2948,36
15801,30
130,30
145,30
922,30
15598,30
10518,30
4447,30
2953,30
1347,30
2810,30
852,30
10105,30
21562,31
21532,31
20095,31
19625,31
19478,31
19418,31
19081,31
19077,31
19062,31
19017,31
18665,31
18495,31
18487,31
18458,31
18454,31
18433,31
18425,31
18366,31
18009,31
17442,31
17431,31
17422,31
17400,31
17169,31
17036,31
17000,31
16990,31
16987,31
16967,31
16940,31
16939,31
16893,31
16854,31
16767,31
16759,31
16740,31
16651,31
16429,31
16415,31
16310,31
16282,31
16264,31
16164,31
16142,31
16125,31
16120,31
15996,31
15989,31
15950,31
15742,31
15352,36
2499,31
15258,35
2405,31
13649,31
706,38
13559,31
13471,31
12814,31
12813,31
12706,31
12466,31
11765,31
11379,31
11261,31
10845,31
10827,31
10757,31
10756,31
10746,31
10737,31
10708,31
10703,31
10632,31
10604,31
10385,31
9956,31
9700,31
9433,31
9133,31
9107,31
8757,31
8726,31
8706,31
8363,31
8347,31
7767,31
7592,31
7584,31
7583,31
7015,31
6976,31
444,31
13282,31
13238,31
6770,31
13159,31
13007,31
100,31
29,31
6441,38
19294,31
6353,31
12758,31
12714,31
12703,31
6063,31
12435,31
5849,31
5839,31
12080,31
5485,31
11831,31
5388,31
5274,31
5260,31
5238,31
5235,31
5220,31
5207,31
5060,31
11197,31
4741,31
11059,31
10873,31
10754,31
4192,31
10594,31
17005,36
4152,31
4084,31
4080,31
10375,31
16783,36
3930,31
10291,31
6995,31
6965,31
10183,31
19828,38
6975,31
13172,31
330,31
13115,31
3488,31
198,31
6619,31
3371,31
58,31
3105,31
3073,31
2994,31
2993,31
2990,31
2872,31
2858,31
12407,31
2765,31
9012,31
2555,31
11894,31
2257,38
15110,31
2260,31
10155,31
5245,31
5231,31
14867,31
1912,31
8190,31
14573,31
111,31
4771,31
17494,33
4641,31
4637,31
4630,31
1308,31
1252,31
1226,31
7591,31
9165,31
7555,31
1102,31
1897,31
10724,31
1100,31
4255,31
1036,31
7437,31
5782,31
974,31
1681,31
870,31
4811,31
4700,31
7099,31
895,31
3661,31
2843,31
3990,36
16843,31
6816,31
18660,38
5807,31
8211,31
1158,31
9769,31
123,31
6492,31
3273,36
16126,31
4097,36
16950,31
450,31
4544,31
10314,31
940,31
10553,31
929,31
2529,31
1068,31
4055,36
16908,31
4290,31
5687,35
18540,31
20925,32
20230,32
20005,32
19807,32
18924,32
18557,32
18222,32
18014,32
17707,32
17568,32
17499,32
17301,32
17173,32
14757,32
13190,32
12465,32
11866,32
11848,32
11638,32
11627,32
11459,32
11372,32
11265,32
11183,32
10959,32
10619,32
10584,32
9953,32
9559,32
9509,32
9450,32
9207,32
9203,32
15424,32
8978,32
8857,32
15171,32
14923,32
7570,32
7071,32
7064,32
290,32
13095,36
242,32
249,32
6647,35
19500,32
6576,32
6346,36
19199,32
6128,32
5792,32
5598,32
11817,32
5382,32
5192,32
5191,32
5139,32
5134,32
5002,32
4965,32
4781,32
4458,37
17311,32
17258,33
4405,32
10760,32
10613,32
4173,32
10586,32
10505,32
10449,32
10403,32
13462,32
3838,32
10122,32
13271,32
6757,32
3155,32
9208,32
15400,32
2550,32
8961,32
12152,32
15095,32
11843,32
562,32
2010,32
8415,32
5168,32
1889,32
8103,32
6407,32
7873,32
2964,34
15817,32
1312,32
10748,32
15562,32
6677,32
5880,32
6493,32
10506,32
14476,37
1623,32
7124,32
704,32
3748,32
11734,32
4735,32
3511,32
15550,32
8206,32
3351,32
1299,32
7304,32
7311,32
842,32
9365,32
21556,33
21512,33
21339,33
21321,33
21303,33
20907,33
19471,33
18374,33
18095,33
17728,33
17343,33
17248,33
17089,33
16897,33
16251,33
16188,33
16177,33
11900,33
11211,33
10796,33
10416,33
10356,33
10289,33
9205,33
8802,33
8684,33
8490,35
21343,33
8246,33
13280,33
12803,33
6058,33
5909,33
5603,35
18456,33
5453,33
5394,33
11798,33
5214,33
4795,33
4096,33
4081,33
7031,33
13244,33
9974,33
12846,33
2965,33
2635,33
8806,33
8728,33
8678,33
3694,33
8137,33
4809,33
7609,33
15523,33
1074,33
9880,33
982,33
13739,33
3928,33
2952,33
4518,33
1971,33
10831,33
4125,34
16978,33
12907,33
1959,33
21567,34
20834,34
20264,34
19551,34
18849,34
18527,34
18443,34
18389,34
18321,34
17915,34
17864,34
17333,34
17277,34
17212,34
17123,34
16667,34
16607,34
16318,34
15484,34
14928,34
14844,34
12725,34
12400,34
12011,34
11789,34
11746,34
11234,34
10811,34
10100,34
10062,34
9940,34
9812,34
9201,34
9155,34
21046,38
8193,34
7427,34
7322,34
800,34
7221,34
7177,34
19882,36
7029,34
19823,36
6970,34
6929,34
13287,34
377,34
6764,34
6578,34
75,34
6267,34
12605,34
6137,34
12534,34
6083,34
12464,34
5985,34
5611,36
18464,34
5564,34
5520,34
18352,36
5499,34
11847,34
5363,34
5328,34
5194,34
5190,34
11597,34
11242,34
4603,34
4470,34
4465,36
17318,34
4349,34
4267,34
10662,34
4215,34
4041,34
7161,34
16570,38
3717,34
16407,37
3554,34
22,37
12875,34
3211,34
6413,34
15901,35
3048,34
2995,34
2973,34
15253,34
8747,34
5526,34
5511,34
10200,34
3704,34
362,34
1960,34
3509,34
1682,34
6502,34
12841,34
3207,34
11230,34
7901,34
6163,34
2936,34
17282,36
4429,34
7569,34
1147,34
11544,34
3460,34
1040,34
10633,34
7424,34
3390,34
10593,34
7318,34
4069,36
16922,34
857,34
793,34
9563,34
5525,38
18378,34
8569,34
6951,34
6546,34
504,34
14888,34
1184,34
7529,36
20382,34
284,34
525,34
3317,39
16170,34
14922,34
11497,34
4135,38
16988,34
3122,34
11752,34
10825,34
1201,34
7222,34
816,34
16836,35
16795,35
16679,35
16518,35
16401,35
16393,35
15934,35
15902,35
15759,35
15708,35
15707,35
15283,35
15193,35
2340,35
14586,35
12580,35
12227,35
12185,35
12184,35
12067,35
12001,35
11930,35
11908,35
11572,35
11571,35
11428,35
11098,35
11057,35
10611,35
10542,35
10439,35
10402,35
10243,35
10240,35
10162,35
10092,35
9936,35
9902,35
9878,35
9827,35
9580,35
9577,35
9551,35
9547,35
9503,35
9335,35
9313,35
9306,35
15496,35
9044,35
8968,35
8928,35
8898,35
8808,35
8788,35
8785,35
8736,35
15032,35
8556,35
8502,35
8378,35
8028,35
7955,35
7746,35
7474,35
7385,35
7297,35
7275,35
7250,35
7146,35
722,35
7132,35
6861,35
6761,35
6730,35
6673,35
6509,35
6252,35
6235,35
6043,35
5938,35
18554,38
5701,35
5604,35
5346,35
11756,35
11628,35
11476,35
17907,38
5054,35
4991,35
11154,35
4613,35
4459,35
4399,35
4389,35
4344,35
4240,35
4193,35
10484,35
3864,38
16717,35
10242,35
3787,35
554,35
10061,35
6683,35
13059,35
9613,35
9578,35
9477,35
9354,35
2928,35
9255,35
9240,35
5914,35
9116,35
5721,35
12128,35
2440,35
15208,35
2348,35
8768,35
15082,35
5414,35
10186,35
3750,35
14934,35
420,35
6825,35
13204,35
11433,35
5012,35
85,35
4801,35
8007,35
9587,35
7956,35
7861,35
9422,35
1378,35
9385,35
4523,35
7681,35
4454,35
4446,35
1234,35
4384,35
4285,35
12301,35
1065,35
1820,35
1797,35
10610,35
7278,35
828,35
5593,35
9530,35
8724,35
6155,35
7776,35
1342,35
7732,35
10109,35
7267,35
13223,35
4387,35
9993,35
9992,35
11994,35
6705,35
6572,35
9369,35
5720,35
7320,35
12897,35
6875,35
6568,35
7286,35
8912,35
6514,35
17184,38
4331,35
8426,35
7622,35
21517,36
21501,36
21391,36
21369,36
21358,36
21131,36
21076,36
21023,36
20989,36
20829,36
20787,36
20632,36
20469,36
20186,36
19658,36
19557,36
19546,36
19433,36
19432,36
19223,36
19191,36
18992,36
18835,36
18782,36
18744,36
18700,36
18674,36
18519,36
18472,36
18459,36
18421,36
18357,36
18302,36
18271,36
18257,36
18252,36
18236,36
18231,36
18104,36
17780,36
17686,36
17511,36
17452,36
17449,36
17410,36
17406,36
17364,36
17352,36
17335,36
17279,36
17274,36
17269,36
17256,36
17245,36
17201,36
17103,36
17083,36
17074,36
17059,36
17039,36
17007,36
16993,36
16963,36
16957,36
16946,36
16935,36
16932,36
16926,36
16903,36
16856,36
16794,36
16788,36
16777,36
16774,36
16636,36
16581,36
16357,36
16331,36
16307,36
16257,36
16256,36
16214,36
16179,36
16139,36
16088,36
15872,36
15840,36
15551,36
15543,36
15234,36
15096,36
14904,36
14199,36
13077,36
13046,36
12842,36
12836,36
12830,36
12799,36
12791,36
12690,36
12604,36
12564,36
12563,36
12473,36
12457,36
12409,36
12404,36
12399,36
11860,36
11841,36
11833,36
11801,36
11793,36
11791,36
11723,36
11706,36
11580,36
11551,36
11545,36
11487,36
11447,36
11446,36
11425,36
11390,36
11352,36
11330,36
11279,36
11260,36
11252,36
11249,36
11191,36
11175,36
11103,36
11102,36
11076,36
10913,36
10905,36
10876,36
10864,36
10750,36
10695,36
10665,36
10642,36
10623,36
10530,36
10455,36
10332,36
10302,36
10265,36
10255,36
10230,36
10080,36
9988,36
9982,36
9943,36
9933,36
9923,36
9906,36
9892,36
9866,36
9847,36
9795,36
9704,36
9681,36
9657,36
9603,36
9432,36
9408,36
9315,36
2803,38
15656,36
9147,36
9110,36
9076,36
9064,36
15389,36
8705,36
8699,36
8676,36
8663,36
8662,36
8628,36
8608,36
8599,36
15013,36
8592,36
14912,36
14826,36
8309,36
8151,36
8141,36
8106,36
20959,36
7907,36
7669,36
7611,36
7477,36
7391,36
7337,36
7314,36
7240,36
7135,36
13270,36
13185,36
6716,36
19510,38
6657,36
12848,36
12806,36
6337,36
12602,36
6125,36
12503,36
12472,36
18851,37
5998,36
5973,36
12355,36
12340,36
5908,36
5895,36
5887,36
5858,36
18688,38
5835,36
5808,36
5724,36
18577,36
5561,36
5288,36
11661,36
5201,36
18029,38
5176,36
5160,36
11555,36
11498,36
5057,36
11455,36
11450,36
11362,36
4941,36
11315,36
11198,36
11163,36
4712,36
4708,36
4513,36
10902,36
10779,36
10767,36
4170,36
17023,36
4156,36
4146,36
4066,36
4048,36
4026,36
7218,38
20071,36
10418,36
3892,36
16745,36
10264,36
10209,36
6985,36
6788,36
3553,36
3534,36
13144,36
3520,36
3157,36
3149,36
9532,36
3104,36
3078,36
3010,36
12623,36
9415,36
12609,36
6180,38
19033,36
9398,36
9348,36
6090,36
9184,36
9182,36
2647,36
15451,36
9015,36
5796,36
15409,36
8982,36
12179,36
15386,36
2520,36
15310,36
5643,36
8861,36
8765,36
15149,36
8692,36
5471,36
8667,36
11863,36
15048,36
11829,36
5408,36
8603,36
6968,36
5371,36
14907,38
2054,36
2025,36
354,36
5132,36
1929,36
5115,36
17968,36
259,36
3469,36
1848,36
1839,36
1809,36
9734,36
8109,36
3275,36
49,36
6428,36
9628,36
11225,36
1579,36
4648,36
4632,36
1409,36
3003,36
1406,36
2917,36
1272,36
10781,36
1156,36
1148,36
10749,36
1125,36
1920,36
13946,36
1085,36
13908,36
11461,36
1019,36
176,36
991,36
11397,36
971,36
908,36
8102,36
9697,36
5670,36
18523,36
8855,36
8029,36
2390,36
757,36
718,36
5507,36
18360,36
8725,36
5506,36
688,36
1499,36
3888,36
2155,36
7771,36
20624,36
20618,38
7765,36
6926,36
925,36
3711,36
14951,36
10808,36
8796,36
9192,36
3563,36
345,36
10355,36
3472,36
1078,36
6471,36
9674,36
3253,36
1656,36
9051,36
1022,36
1808,36
15450,36
1963,36
1951,36
2542,36
2942,36
930,36
903,36
8117,36
14941,36
502,36
8098,36
1680,36
875,36
1675,36
474,36
894,36
6941,36
9554,36
8063,36
1631,36
8441,36
8044,36
4071,36
1715,36
1718,36
1356,36
8080,36
9543,36
10352,36
3931,36
13247,36
10311,36
3684,36
10464,36
21574,37
21292,37
21130,37
20159,37
20031,37
19769,37
19679,37
19470,37
19325,37
19083,37
18952,37
18865,37
18852,37
18549,37
18488,37
18465,37
18392,37
18362,37
18228,37
17766,37
16979,37
16688,37
16656,37
16488,37
16304,37
16289,37
16150,37
16146,37
16095,37
15831,37
15767,37
2411,38
15264,37
14903,37
13321,37
12861,37
12788,37
12687,37
12657,37
12627,37
12592,37
12571,37
12483,37
12442,37
12336,37
12302,37
12298,37
12274,37
12259,37
12246,37
12235,37
12223,37
12215,37
12197,37
12147,37
12125,37
12112,37
12102,37
11960,37
11945,37
11940,37
11934,37
11907,37
11639,37
11602,37
11508,37
11285,37
11253,37
11205,37
10721,37
10608,37
10555,37
10348,37
9668,37
9479,37
9423,37
9314,37
9197,37
15563,37
9142,37
15528,37
9065,37
8543,37
8496,37
8209,37
8089,37
8021,37
7352,37
7023,37
13105,37
6445,37
12857,37
12774,37
12732,37
12694,37
12509,37
6034,37
12316,37
12229,37
5719,37
12131,37
12101,37
12024,37
11913,37
5410,37
11523,37
4983,37
4622,37
4507,37
4425,37
4365,37
4199,39
17052,37
10590,37
4167,37
736,37
7119,37
7024,37
10238,37
6993,37
366,37
13188,37
3492,37
12910,37
12853,37
12731,37
3092,37
12632,37
2971,37
6054,37
9204,37
5955,37
8681,37
11861,37
486,37
3645,37
2027,37
9978,37
13142,37
5092,37
3329,37
4881,37
14499,37
3219,37
6402,38
19255,37
9604,37
11196,37
11051,37
2881,37
10687,37
15410,37
8114,37
12091,37
4051,37
5755,37
6944,37
505,37
12514,37
6384,37
3573,37
369,37
2371,37
1966,37
13141,37
50,37
14805,37
3345,37
1916,37
15416,37
6453,37
1741,37
3133,37
15368,37
233,37
550,37
13694,37
21571,38
21401,38
21387,38
21319,38
21293,38
20905,38
20902,38
20734,38
20352,38
19984,38
19837,38
19830,38
19050,38
18313,38
18160,38
17872,38
17579,38
17506,38
17275,38
17164,38
17151,38
16851,38
16163,38
16100,38
15565,38
15194,38
13245,38
12810,38
12743,38
12689,38
12250,38
12195,38
12156,38
12049,38
11909,38
11514,38
11276,38
11144,38
11101,38
10794,38
10470,38
10237,38
9872,38
9505,38
9445,38
9047,38
8962,38
8944,38
8873,38
8823,38
8781,38
8732,38
8656,38
8585,38
8480,38
21333,38
8308,38
8091,38
7810,38
7791,38
7639,38
7253,38
714,38
13103,38
6225,38
12546,38
6085,38
18938,38
6082,38
6027,38
5935,38
5827,38
5800,38
12138,38
12048,38
5392,38
5303,38
11717,38
5286,38
5177,38
11271,38
4785,38
11202,38
4204,38
4153,38
4091,38
3991,38
10347,38
6737,38
302,38
3271,38
9615,38
12752,38
15925,39
3072,38
9403,38
6157,38
2902,38
2799,38
2792,38
9172,38
2746,38
12178,38
8975,38
5756,38
8849,38
2376,38
8696,38
8689,38
8661,38
8632,38
11830,38
3779,38
2168,38
6953,38
14921,38
5203,38
5121,38
11504,38
8222,38
1723,38
12878,38
3216,38
3198,38
14440,38
1562,38
9382,38
1269,38
9283,38
10784,38
5947,38
13966,38
4306,38
5902,38
2699,38
14719,38
10676,38
2637,38
162,38
1771,38
4052,38
768,38
9582,38
3094,38
6930,38
3699,38
2375,38
6778,38
11599,38
3095,38
10694,38
12886,38
6665,38
1842,38
9025,38
960,38
10548,38
4127,38
4106,38
3356,38
1044,38
6499,38
1739,38
2526,38
2013,38
21404,39
20653,39
19065,39
18917,39
18676,39
18567,39
18463,39
18281,39
18277,39
18099,39
17927,39
17776,39
17758,39
17479,39
17421,39
17399,39
17067,39
16359,39
15973,39
15929,39
15914,39
15913,39
15859,39
15858,39
15855,39
15643,39
15303,39
15237,39
12818,39
12778,39
12755,39
12748,39
12338,39
12278,39
11587,39
11574,39
11558,39
11519,39
11437,39
11327,39
11273,39
11270,39
11064,39
10537,39
10306,39
10299,39
9290,39
8050,39
7496,39
7143,39
6264,39
6060,39
5655,39
5278,39
11065,39
11043,39
10678,39
3720,39
10090,39
13251,39
3594,39
9975,39
6623,39
46,39
3016,39
12594,39
15675,39
5972,39
12375,39
9069,39
8991,39
5472,39
10191,39
3609,39
8416,39
9907,39
1845,39
1815,39
7962,39
12701,39
7877,39
1407,39
1361,39
4277,39
4266,39
8088,39
7154,39
14354,39
1350,39
3723,39
104,39
9550,39
12332,39
14340,39
9088,39
1785,39
3339,39
105,39
3340,39
8160,39
10563,39
8554,39
3315,39
