21210,0
21018,0
20439,0
20267,0
20142,0
20058,0
19529,0
19419,0
19262,0
19167,0
19122,0
19092,0
19069,0
18975,0
18902,0
18774,0
18667,0
18466,0
18371,0
18367,0
18234,0
18225,0
18034,0
17963,0
17927,0
17899,0
17894,0
17892,0
17880,0
17878,0
17867,0
17523,0
17472,0
17342,0
17333,0
17285,0
17248,0
17137,0
17134,0
17113,0
17089,0
17003,0
16991,0
16989,0
16981,0
16776,0
16750,0
16749,0
16714,0
16688,0
16676,0
16568,0
16549,0
16538,0
16419,0
16300,0
16285,0
16274,0
16251,0
16241,0
16232,0
16194,0
16188,0
16179,0
16149,0
16133,0
16120,0
16103,0
16041,0
15959,0
2742,7
15595,0
15580,0
2725,14
15578,0
15573,3
2720,0
15547,0
2687,6
15540,0
15510,0
15483,7
2630,0
15481,0
15471,0
15464,0
2611,0
15447,4
2594,0
15429,0
2562,16
15415,0
2553,7
15406,0
15230,0
15060,0
14959,0
14932,13
2079,0
14928,0
2033,10
14886,0
14865,11
2012,0
1965,9
14818,0
14544,0
14539,12
1686,0
14310,17
1457,0
14166,2
1313,0
14069,18
1216,0
699,6
13552,0
13458,0
13175,12
322,0
13163,0
12905,0
12824,0
12810,0
12785,0
12772,0
12763,0
12760,0
12683,0
12633,0
12579,0
12492,0
12413,0
12317,0
12288,0
12249,0
12117,0
12054,0
12040,0
12010,0
11970,0
11935,0
11900,0
11812,0
11794,0
11371,0
11284,0
11282,0
11090,0
11088,0
11056,0
11015,0
10894,0
10877,0
10796,0
10755,0
10729,0
10714,0
10710,0
10638,0
10547,0
10416,0
10388,0
10356,0
10334,0
10237,0
10146,0
10112,0
10107,0
10085,0
10002,0
9959,0
9906,0
9858,0
9745,0
9661,0
9599,0
9473,0
9438,0
9324,0
9299,0
9284,0
9258,0
9217,0
2771,2
15624,0
15581,11
2728,0
15568,0
9104,0
9064,0
2560,13
15413,0
8992,0
2476,13
15329,0
15294,0
15280,0
15278,0
8846,0
8836,0
2391,2
15244,0
8784,0
15198,0
15161,4
2308,0
8713,0
15120,0
8683,9
21536,0
8677,0
21519,3
8666,0
21491,7
8638,0
8629,0
8628,0
21466,19
8613,0
8610,0
15029,0
14988,0
21406,6
8553,0
8545,0
8544,0
14962,18
2109,0
21254,8
8401,0
1932,9
14785,0
21202,7
8349,0
21173,8
8320,0
21140,12
8287,0
21129,12
8276,0
8227,0
8221,0
21050,17
8197,0
8167,0
1653,2
14506,0
8068,0
8021,0
20865,4
8012,0
14418,0
7979,0
7974,0
1536,16
14389,0
7939,17
20792,0
7930,0
14293,4
1440,0
7864,0
7831,0
7814,13
20667,0
20662,7
7809,0
14212,17
1359,0
1293,5
14146,0
7725,0
7707,0
7696,0
7694,0
7642,0
20489,11
7636,0
20488,16
7635,0
7570,0
7534,0
7452,0
20286,18
7433,0
13834,0
20235,18
7382,0
20220,18
7367,0
20216,19
7363,0
7349,0
7245,0
7166,13
20019,0
7158,0
7100,0
19933,10
7080,0
7064,0
19880,19
7027,0
7023,0
13435,0
6981,0
555,0
551,13
13404,0
6928,19
19781,0
6894,0
13286,0
349,0
13196,12
343,0
6763,0
6661,0
203,3
13056,0
214,0
13067,0
6635,0
6577,0
6537,0
19360,19
6507,0
6483,0
12862,18
9,0
6385,9
19238,0
6368,0
12767,0
19193,13
6340,0
6287,0
12698,0
12692,0
6244,10
19097,0
6234,6
19087,0
12648,0
6222,0
12599,0
6106,0
12523,0
5935,0
5930,5
18783,0
5909,0
5905,0
12270,0
5826,0
5819,0
12213,0
5739,13
18592,0
5717,4
18570,0
12132,0
5706,0
12122,0
12016,0
11997,0
11958,0
18390,13
5537,0
5530,6
18383,0
5522,2
18375,0
11941,0
18323,11
5470,0
11832,0
11831,0
11798,0
5360,0
11751,0
11730,0
18152,8
5299,0
18149,13
5296,0
5269,0
5244,0
5237,0
11643,0
5148,9
18001,0
5126,17
17979,0
11523,0
5102,0
17911,19
5058,0
11402,0
11377,0
17701,4
4848,0
11256,0
4821,2
17674,0
11233,0
11228,0
4781,0
4773,0
4768,0
11166,0
17595,13
4742,0
4711,0
4708,0
17540,13
4687,0
4679,0
11087,0
17519,4
4666,0
11027,0
4606,0
17457,11
4604,0
4593,7
17446,0
4583,17
17436,0
4579,19
17432,0
4551,0
4505,0
4498,0
4481,15
17334,0
4465,4
17318,0
4453,15
17306,0
4405,14
17258,0
4374,0
4371,12
17224,0
4345,0
4339,0
4318,8
17171,0
4259,0
4249,13
17102,0
4192,0
17031,18
4178,0
10596,0
4175,0
17028,0
4159,13
17012,0
4122,15
16975,0
16941,17
4088,0
4066,0
16888,10
4035,0
16850,10
3997,0
20038,4
7185,0
10354,0
3916,0
7063,0
19913,15
7060,0
16710,13
3857,0
3843,0
16684,19
3831,0
7031,0
7020,0
10238,0
16649,14
3796,0
16646,11
3793,0
10180,0
518,0
470,0
6852,0
10068,0
13258,4
405,0
16473,2
3620,0
16465,13
3612,0
16458,5
3605,0
16432,10
3579,0
3578,0
3559,0
3541,3
16394,0
16386,16
3533,0
9941,0
6694,0
19512,14
6659,0
13062,0
6638,17
19491,0
3435,14
16288,0
3378,0
6590,0
66,5
12919,0
12846,0
3194,0
3184,17
16037,0
15963,13
3110,0
15920,13
3067,0
15900,15
3047,0
3040,0
2999,0
6201,0
19041,14
6188,0
2959,0
15808,9
2955,0
9371,0
9349,0
2920,0
2907,0
9279,0
9268,0
12462,0
2793,0
9204,0
2757,8
15610,0
2754,10
15607,0
2765,0
12386,0
15613,5
2760,0
5954,4
18807,0
15593,0
5945,0
15584,0
15579,0
15560,0
2700,10
15553,0
5898,5
18751,0
2666,0
2664,0
2635,0
15462,15
2609,0
2558,10
15411,0
12164,0
5742,2
18595,0
2532,0
12155,0
12045,0
2398,0
12003,0
2379,0
18432,3
5579,0
8797,0
8768,0
8760,0
8756,0
5523,9
18376,0
11932,0
8728,0
15112,7
2259,0
11893,0
5469,0
8678,0
8672,0
8670,4
21523,0
11864,0
2239,0
11862,0
5440,0
2231,0
2230,0
2228,0
11837,0
2206,0
2198,0
3785,5
16638,0
16625,16
3772,0
15017,0
10191,0
10181,0
10115,0
5300,0
8513,0
442,0
407,0
406,0
16476,16
3623,0
404,0
11636,0
1983,0
9904,0
11510,0
3477,0
3442,0
5042,0
1794,0
3364,0
6559,17
19412,0
6532,0
3329,0
14558,0
6488,17
19341,0
12912,0
59,0
19331,15
6478,0
1657,0
12843,0
19272,3
6419,0
8023,0
11222,0
1598,0
9604,0
8007,0
11196,0
6369,0
3166,0
11193,0
1563,0
4740,0
17593,0
20811,19
7958,0
1537,0
1480,0
4648,0
20719,4
7866,0
1429,12
14282,0
3025,9
15878,0
17470,7
4617,0
1412,0
4610,18
17463,0
15854,4
3001,0
4585,0
1379,0
1360,0
6120,0
1300,0
4488,4
17341,0
2881,0
10893,0
7690,0
4431,7
17284,0
2802,19
15655,0
9234,0
7631,0
10833,0
9218,0
7609,0
10805,0
10749,0
4328,0
14761,0
1897,0
9903,0
3482,0
8306,0
15523,0
1082,0
12301,0
2677,0
1072,0
1071,0
9880,0
1862,0
14715,0
5040,0
13041,0
15448,0
16234,1
3381,0
2566,0
2565,0
4100,13
16953,0
13739,0
12929,0
1693,0
16952,9
4099,0
20170,1
7317,0
2470,0
16117,19
3264,0
811,0
778,0
7189,0
10391,0
7975,0
3939,13
16792,0
10358,0
732,0
1519,0
8733,0
3918,0
21575,9
8722,0
11121,0
20771,16
7918,0
10321,0
1488,0
684,0
7085,0
146,0
2952,0
2549,0
5351,0
19810,11
6957,0
6943,9
19796,0
2923,0
113,0
83,0
6864,0
7684,0
3258,0
18514,18
5661,0
20917,19
8064,0
16496,17
3643,0
27,16
12880,0
817,0
4023,0
6807,0
3181,0
16437,2
3584,0
10808,0
16428,8
3575,0
8396,0
1571,0
1173,0
1971,0
4735,0
7141,0
4338,17
17191,0
20802,10
7949,0
8730,0
1493,0
19540,19
6687,0
5870,0
3256,0
6862,0
5822,0
9040,0
5807,9
18660,0
3603,0
3382,0
9781,0
3360,9
16213,0
9573,0
11775,0
3543,6
16396,0
11358,0
7358,0
12969,0
4125,7
16978,0
4525,0
1916,0
2500,0
13333,9
480,0
16230,18
3377,0
6486,0
5283,0
5076,10
17929,0
3473,0
7296,0
272,0
12908,0
147,0
865,0
5694,0
16200,7
3347,0
12162,0
3738,5
16591,0
1044,0
4739,0
939,0
8454,0
10054,0
3228,0
834,0
5223,0
1332,0
9374,0
12426,0
6005,16
18858,0
3598,0
15797,6
2944,0
16197,9
3344,0
1747,0
19489,4
6636,0
2449,0
9305,0
1287,0
21553,1
21551,1
21403,1
21388,1
21378,1
21336,1
21248,1
21176,1
21165,1
21113,1
21103,1
21036,1
21028,1
20954,1
20931,1
20918,1
20826,1
20794,1
20791,1
20494,1
20415,1
20412,1
20393,1
20324,1
20304,1
20279,1
20226,1
20151,1
20138,1
19571,1
19515,1
19424,1
19053,1
19045,1
18481,1
17440,1
17034,1
16913,1
16698,1
16664,1
16642,1
16619,1
16585,1
16546,1
16545,1
16405,1
16380,1
16374,1
16365,1
16324,1
16315,1
16246,1
15969,1
15833,1
15822,1
15800,1
15753,1
15729,1
15723,1
15575,11
2722,1
15348,1
15265,1
2173,17
15026,1
2116,17
14969,1
14876,1
12630,1
11802,1
11705,1
10699,1
10282,1
10280,1
9728,1
9707,1
9606,1
9417,1
15356,1
8777,1
15023,1
15002,8
2149,1
14918,9
2065,1
8322,13
21175,1
8289,10
21142,1
8163,13
21016,1
7994,1
7954,16
20807,1
20736,6
7883,1
7869,1
7757,1
7755,1
7541,1
7481,13
20334,1
6972,1
13292,9
439,1
13291,9
438,1
6709,2
19562,1
6601,1
12935,13
82,1
6341,1
6335,1
5815,1
5410,1
5243,11
18096,1
5188,1
17906,9
5053,1
5034,10
17887,1
11241,1
4657,1
4644,1
10688,1
3872,10
16725,1
3817,6
16670,1
3762,7
16615,1
6935,15
19788,1
3681,1
464,1
3634,6
16487,1
6358,1
2968,11
15821,1
2827,3
15680,1
6018,1
9158,1
2544,17
15397,1
2468,3
15321,1
2394,13
15247,1
8741,1
2236,1
2221,1
2194,1
11787,1
8475,1
13231,11
378,1
8293,12
21146,1
8087,1
20840,17
7987,1
7984,12
20837,1
17502,13
4649,1
2979,14
15832,1
2960,1
1124,1
7544,1
16327,14
3474,1
7487,2
20340,1
10644,1
6583,1
1564,8
14417,1
3349,4
16202,1
2538,4
15391,1
6774,1
15207,1
1924,1
6708,17
19561,1
2619,1
8337,10
21190,1
6908,19
19761,1
2756,1
3441,4
16294,1
93,1
7704,15
20557,1
14970,1
541,1
15326,1
21372,2
20514,2
20493,2
17554,2
16839,2
16836,2
16834,2
16795,2
16679,2
16518,2
16471,2
16470,2
16469,2
16468,2
16401,2
16393,2
16390,2
16003,2
15934,2
15902,2
15897,2
15759,2
15708,2
15707,2
15702,2
2849,2
15640,18
2787,2
15637,2
15632,8
2779,2
2604,15
15457,2
15299,2
15283,2
2405,3
15258,2
15200,4
2347,2
2344,12
15197,2
15193,2
2340,2
2159,13
15012,2
14622,8
1769,2
14586,2
1696,13
14549,2
1692,7
14545,2
14402,2
371,13
13224,2
12992,14
139,2
12580,2
12304,2
12227,2
12185,2
12184,2
12119,2
12114,2
12067,2
12001,2
11930,2
11908,2
11572,2
11571,2
11428,2
11098,2
11057,2
10611,2
10542,2
10439,2
10402,2
10243,2
10240,2
10162,2
10092,2
10076,2
10074,2
9936,2
9902,2
9878,2
9875,2
9868,2
9827,2
9671,2
9612,2
9588,2
9580,2
9577,2
9551,2
9547,2
9503,2
9335,2
9313,2
9306,2
15688,2
9266,2
15626,8
2773,2
15496,2
9074,2
9044,2
8968,2
8930,2
8928,2
15335,17
2482,2
8908,2
8898,2
15250,17
2397,2
8808,2
8788,2
8785,2
2304,16
15157,2
8736,2
2224,19
15077,2
15032,2
15006,8
2153,2
8556,2
21408,19
8555,2
8502,2
8491,2
21343,15
8490,2
8378,2
14551,2
1694,17
14547,2
8028,2
20869,7
8016,2
7955,2
20795,11
7942,2
14324,16
1471,2
14316,2
20747,16
7894,2
7851,2
20698,13
7845,2
20693,12
7840,2
7837,2
7746,2
7702,2
20535,18
7682,2
7657,2
20372,5
7519,2
20371,5
7518,2
20341,13
7488,2
7474,2
20266,18
7413,2
7385,2
7297,2
20132,18
7279,2
7277,2
7275,2
20119,6
7266,2
7250,2
7235,2
7167,2
20001,7
7148,2
7146,2
7132,2
508,2
6917,2
19734,3
6881,2
6861,2
6773,2
6761,2
6741,2
6739,2
6733,2
6730,2
6684,2
6673,2
19500,14
6647,2
19482,19
6629,2
165,2
19381,12
6528,2
6509,2
86,2
12924,4
71,2
6460,2
6324,2
6305,2
6252,2
6235,2
6205,2
6043,2
6033,2
5938,2
18554,17
5701,2
5663,2
12036,2
5604,2
18456,14
5603,2
18399,4
5546,2
18355,17
5502,2
5346,2
11756,2
11628,2
5086,2
5085,2
11476,2
17907,7
5054,2
17874,11
5021,2
4998,2
4991,2
17809,17
4956,2
17753,16
4900,2
11154,2
4613,2
4560,2
4459,2
17305,4
4452,2
4440,2
17292,17
4439,2
4399,2
17251,3
4398,2
17250,17
4397,2
4389,2
17241,7
4388,2
4344,2
4253,2
17098,3
4245,2
4241,2
4240,2
17081,12
4228,2
4193,2
10484,2
4025,2
3985,15
16838,2
3982,4
16835,2
13543,15
690,2
3875,2
19930,17
7077,2
7076,2
3873,12
16726,2
3864,7
16717,2
16711,13
3858,2
3825,12
16678,2
10242,2
3808,2
3807,2
3800,9
16653,2
16641,18
3788,2
3787,2
3774,2
3763,2
554,2
3757,2
517,2
514,2
3647,2
10061,2
3619,17
16472,2
6777,2
273,14
13126,2
6683,2
9901,2
13059,2
12996,19
143,2
19428,19
6575,2
153,19
13006,2
53,2
6474,2
9613,2
9578,2
9531,2
6295,2
19128,7
6275,2
9477,2
3048,3
15901,2
6213,2
15861,13
3008,2
9354,2
2928,2
6130,2
2927,12
15780,2
15768,3
2915,2
15739,12
2886,2
2856,6
15709,2
9272,2
9271,2
9255,2
9240,2
2772,2
5914,2
9116,2
9056,2
2591,2
15432,7
2579,2
2584,2
5721,2
12128,2
5707,2
5662,2
12064,2
2440,2
2396,2
2385,2
15208,2
2348,2
2346,2
2339,2
2265,13
15118,2
15091,17
2238,2
15082,2
2225,13
15078,2
2213,2
5414,2
2211,2
10186,2
3765,2
3764,2
2163,2
3750,2
531,2
16587,18
3734,2
14934,2
13276,14
423,2
3651,2
2049,2
19680,16
6827,2
420,2
6825,2
13204,2
3580,2
19539,3
6686,2
5083,2
21122,7
8269,2
1824,2
11433,2
5012,2
13019,3
166,2
4990,2
1767,2
13005,12
152,2
14569,10
1716,2
1714,2
14550,2
1708,2
85,2
19359,12
6506,2
109,3
12962,2
12889,17
36,2
6457,2
4801,2
1586,2
9587,2
7990,2
1568,2
1567,2
1546,2
7956,2
6280,2
3077,17
15930,2
7861,2
7850,2
1420,2
7835,2
9422,2
1382,2
1378,2
9385,2
1363,2
7782,2
4523,2
1298,2
20562,8
7709,2
7681,2
4454,2
4446,2
1234,2
2809,2
4412,2
4384,2
17233,19
4380,2
1170,2
5960,2
6685,2
4285,2
7498,2
1066,2
1065,2
1820,2
1797,2
1783,2
10610,2
4177,2
2494,2
12940,11
87,2
89,2
866,2
7278,2
1648,2
4031,4
16884,2
828,2
5593,2
3984,17
16837,2
17633,9
4780,2
1545,2
16797,5
3944,2
707,2
9530,2
692,2
8724,2
3905,2
702,2
700,2
20766,19
7913,2
695,2
693,2
691,2
3080,12
15933,2
1483,2
6155,2
7776,2
536,2
546,2
1342,2
1315,17
14168,2
1326,2
529,2
7346,2
513,2
2908,2
7732,2
512,2
509,2
10109,2
2447,12
15300,2
461,2
7267,2
13223,2
19655,5
6802,2
2781,2
4387,2
776,2
6776,2
9993,2
9992,2
11994,2
1169,2
3539,17
16392,2
2332,2
16770,7
3917,2
1898,7
14751,2
701,2
20370,18
7517,2
6705,2
4056,4
16909,2
2608,2
4210,2
19647,5
6794,2
163,2
1763,2
6572,2
1555,2
6154,2
548,2
2154,2
9369,2
7766,2
1345,2
10163,2
18575,13
5722,2
1322,2
19784,10
6931,2
5720,2
108,2
506,2
1496,2
9117,2
20373,5
7520,2
7320,2
21354,18
8501,2
1873,2
12897,2
6875,2
6568,2
7286,2
8912,2
1244,2
10565,2
16997,13
4144,2
1341,2
1090,2
6514,2
7761,2
1239,2
5729,2
521,2
5528,2
17184,19
4331,2
8426,2
1277,2
16527,13
3674,2
16454,16
3601,2
7622,2
19654,15
6801,2
7768,2
18540,9
5687,2
1814,2
21562,3
20757,3
20264,3
20095,3
19418,3
19198,3
19062,3
19044,3
19017,3
18749,3
18665,3
18616,3
18490,3
18425,3
18339,3
18061,3
18009,3
17849,3
17643,3
17431,3
17169,3
17152,3
17075,3
17062,3
17036,3
17000,3
16990,3
16969,3
16939,3
16893,3
16759,3
16651,3
16481,3
16399,3
16277,3
16264,3
16125,3
16115,3
16074,3
15996,3
15989,3
15987,3
15950,3
2850,6
15703,3
15597,13
2744,3
2577,12
15430,3
15226,3
15156,13
2303,3
1759,6
14612,3
13790,12
937,3
13757,11
904,3
13721,12
868,3
402,11
13255,3
13124,7
271,3
13070,3
12933,12
80,3
12893,18
40,3
12706,3
12647,3
12628,3
12318,3
11981,3
11574,3
11508,3
11374,3
11171,3
10845,3
10757,3
10756,3
10746,3
10632,3
10292,3
10272,3
9956,3
9853,3
9822,3
9787,3
9603,3
9133,3
15485,3
9048,3
8829,3
8706,3
8699,3
15056,10
2203,3
2196,17
15049,3
8199,3
20833,18
7980,3
20790,14
7937,3
7879,3
20671,18
7818,3
20419,17
7566,3
20384,18
7531,3
7496,3
7216,3
6976,3
19719,15
6866,3
6770,3
13159,3
6441,13
19294,3
19280,12
6427,3
12714,3
12703,3
6215,3
12507,3
6063,3
12435,3
18663,13
5810,3
5767,3
5692,3
5684,3
5520,3
11811,3
11771,3
5335,19
18188,3
18187,13
5334,3
11714,3
5274,3
5270,3
5256,9
18109,3
11665,3
11661,3
5235,3
5220,3
5146,3
5060,3
4987,3
4983,3
11059,3
17478,7
4625,3
4541,3
10873,3
4366,3
4353,17
17206,3
10754,3
4333,15
17186,3
4323,3
17163,15
4310,3
4276,8
17129,3
10682,3
4238,3
17091,3
10594,3
16966,11
4113,3
4084,3
16833,11
3980,3
16783,9
3930,3
19982,14
7129,3
7070,3
13482,3
19902,13
7049,3
10262,3
3828,17
16681,3
3797,19
16650,3
10183,3
16611,13
3758,3
13269,7
416,3
16407,15
3554,3
13115,3
6655,3
3415,3
9799,3
16225,14
3372,3
3371,3
16206,16
3353,3
124,3
12900,12
47,3
58,3
12901,18
48,3
3107,14
15960,3
3105,3
6301,3
3098,14
15951,3
2994,3
2993,3
15838,7
2985,3
2973,3
2872,3
2858,3
12480,3
9012,3
5765,3
2554,3
8850,3
5511,3
8692,3
2260,3
5443,17
18296,3
6952,3
10155,3
3694,3
2000,3
1960,3
323,3
1913,3
16360,18
3507,3
5113,3
3483,3
16336,3
1880,3
16185,14
3332,3
17791,10
4938,3
14573,3
111,3
81,3
3225,3
9637,3
3199,4
16052,3
1407,3
11030,3
17372,7
4519,3
1308,3
1252,3
1193,3
1152,3
4327,18
17180,3
1919,3
9135,3
4303,17
17156,3
1100,3
5080,17
17933,3
9834,3
7437,3
20274,16
7421,3
162,3
9697,3
2467,3
20922,7
8069,3
4811,3
11946,3
7099,3
6964,3
1343,3
2898,3
16094,4
3241,3
12424,3
15623,3
8796,3
6778,3
1174,3
4304,17
17157,3
284,3
7428,3
16201,7
3348,3
924,3
6520,10
19373,3
123,3
880,3
4544,3
890,3
940,3
4045,3
4845,3
5236,3
10156,3
9736,3
11752,3
7659,3
5216,3
4055,4
16908,3
21517,4
21501,4
21473,4
21391,4
21369,4
21358,4
21131,4
21076,4
21023,4
20829,4
20787,4
20653,4
20632,4
20469,4
20186,4
20048,4
20005,4
19998,4
19658,4
19653,4
19557,4
19556,4
19546,4
19471,4
19432,4
19223,4
19191,4
18992,4
18835,4
18782,4
18746,4
18676,4
18674,4
18519,4
18472,4
18459,4
18443,4
18421,4
18357,4
18302,4
18281,4
18277,4
18271,4
18236,4
18231,4
18160,4
18104,4
18095,4
17986,4
17952,4
17863,4
17780,4
17759,4
17758,4
17686,4
17511,4
17452,4
17449,4
17421,4
17410,4
17406,4
17399,4
17364,4
17359,4
17352,4
17343,4
17335,4
17316,4
17302,4
17279,4
17277,4
17274,4
17269,4
17256,4
17245,4
17201,4
17103,4
17083,4
17074,4
17060,4
17039,4
17007,4
17001,4
16993,4
16963,4
16957,4
16946,4
16935,4
16932,4
16929,4
16926,4
16903,4
16856,4
16794,4
16788,4
16777,4
16774,4
16680,4
16636,4
16581,4
16359,4
16357,4
16331,4
16307,4
16256,4
16214,4
16139,4
16088,4
15973,4
15929,4
15914,4
15859,4
15858,4
15855,4
15840,4
15643,4
15551,4
2674,16
15527,4
2650,12
15503,4
15352,4
2499,4
15303,4
15237,4
14981,5
2128,4
14904,4
2020,5
14873,4
14199,4
13649,4
13077,4
186,15
13039,4
168,12
13021,4
12842,4
12836,4
12799,4
12791,4
12564,4
12563,4
12473,4
12457,4
12409,4
12404,4
12338,4
12278,4
12028,4
11860,4
11841,4
11801,4
11723,4
11706,4
11617,4
11587,4
11580,4
11558,4
11551,4
11545,4
11487,4
11447,4
11446,4
11390,4
11330,4
11327,4
11287,4
11279,4
11270,4
11265,4
11260,4
11252,4
11175,4
11149,4
11103,4
11102,4
11076,4
11071,4
11064,4
10947,4
10905,4
10876,4
10695,4
10665,4
10642,4
10623,4
10608,4
10537,4
10455,4
10332,4
10306,4
10302,4
10299,4
10265,4
10255,4
10230,4
10080,4
10062,4
10049,4
9988,4
9982,4
9943,4
9933,4
9923,4
9892,4
9866,4
9847,4
9764,4
9742,4
9720,4
9712,4
9681,4
9657,4
9654,4
9432,4
9408,4
9315,4
9290,4
9197,4
9155,4
9110,4
9100,4
9076,4
9065,4
15389,4
2370,17
15223,4
2353,16
15206,4
15171,4
21541,11
8688,4
8676,4
8663,4
8641,4
8608,4
21455,16
8602,4
8541,17
21394,4
14912,4
8489,17
21342,4
2056,12
14909,4
2047,8
14900,4
8424,10
21277,4
14826,4
8344,15
21197,4
8309,4
21097,11
8244,4
21093,13
8240,4
8212,9
21065,4
8178,9
21031,4
8141,4
8106,7
20959,4
1659,12
14512,4
20938,10
8085,4
8056,10
20909,4
20814,16
7961,4
7952,4
20673,6
7820,4
7669,4
7611,4
20453,10
7600,4
20365,18
7512,4
7477,4
7406,9
20259,4
7391,4
7379,17
20232,4
7337,4
7314,4
20165,18
7312,4
7240,4
800,4
7135,4
7029,9
19882,4
6970,9
19823,4
19775,7
6922,4
467,12
13320,4
13270,4
13185,4
13195,12
342,4
315,12
13168,4
6716,4
242,14
13095,4
19510,19
6657,4
6632,4
6630,19
19483,4
6594,10
19447,4
6562,4
6524,6
19377,4
6438,17
19291,4
12848,4
12806,4
19199,7
6346,4
6337,4
6248,6
19101,4
12639,4
6184,7
19037,4
12602,4
6091,7
18944,4
12503,4
6058,4
12472,4
6014,18
18867,4
18851,7
5998,4
5973,4
12355,4
12340,4
5908,4
5895,4
5887,4
5858,4
18688,17
5835,4
5808,4
5724,4
18577,4
5712,17
18565,4
18464,14
5611,4
5561,4
5499,9
18352,4
5491,4
5475,6
18328,4
5423,13
18276,4
18253,12
5400,4
5394,4
18176,13
5323,4
5297,16
18150,4
5278,4
18108,7
5255,4
11658,4
5201,4
18036,13
5183,4
18029,19
5176,4
5134,4
11507,4
11498,4
5077,13
17930,4
17923,7
5070,4
11455,4
17873,19
5020,4
11362,4
11198,4
11163,4
4712,4
17518,12
4665,4
11065,4
11043,4
4622,4
11025,4
17448,7
4595,4
11007,4
17405,7
4552,4
4513,4
10902,4
4451,8
17304,4
10779,4
10767,4
17196,7
4343,4
4231,13
17084,4
17052,15
4199,4
4170,4
17023,4
10590,4
4156,4
4120,11
16973,4
4117,9
16970,4
4103,4
4048,4
4026,4
3999,19
16852,4
10418,4
16826,17
3973,4
7111,13
19964,4
3892,4
16745,4
3870,6
16723,4
10264,4
19864,13
7011,4
10216,4
10214,4
6993,4
10209,4
3777,13
16630,4
6939,4
408,17
13261,4
6788,4
3553,4
3534,4
9954,4
13116,4
3463,13
16316,4
6653,17
19506,4
6623,4
9792,4
46,4
6432,14
19285,4
3222,7
16075,4
3157,4
3149,4
9532,4
3104,4
3086,13
15939,4
3078,4
3072,12
15925,4
15889,5
3036,4
3023,17
15876,4
3010,4
12623,4
9415,4
12609,4
6180,13
19033,4
2977,4
12594,4
9348,4
9336,4
6090,4
15704,5
2851,4
5972,4
9184,4
9182,4
12375,4
18728,13
5875,4
9069,4
18703,16
5850,4
2647,4
15451,4
2602,10
15455,4
9015,4
5796,4
2593,16
15446,4
8991,4
8982,4
15400,4
12179,4
5751,15
18604,4
2520,4
15310,4
5643,4
8861,4
15270,17
2417,4
15227,17
2374,4
8765,4
8696,4
5471,4
21539,9
8686,4
18309,8
5456,4
8674,4
11863,4
11829,4
5408,4
16623,18
3770,4
18229,13
5376,4
5371,4
21441,18
8588,4
486,4
5295,13
18148,4
14907,19
2054,4
19697,12
6844,4
2028,6
14881,4
3622,12
16475,4
2025,4
14854,9
2001,4
354,4
5132,4
1929,4
5115,4
17968,4
1886,13
14739,4
259,4
3469,4
13090,15
237,4
1848,4
1845,4
1839,4
1815,4
1809,4
6603,4
19451,19
6598,4
4970,12
17823,4
1731,4
9734,4
8109,4
3275,4
20947,6
8094,4
49,4
6428,4
1,4
6410,12
19263,4
9628,4
4809,4
11225,4
3204,4
1579,4
7962,4
12701,4
1478,4
1460,8
14313,4
1444,4
4632,4
1409,4
3003,4
4609,7
17462,4
20655,6
7802,4
1367,16
14220,4
1361,4
2936,4
2917,4
20546,10
7693,4
1272,4
15715,18
2862,4
4429,9
17282,4
1197,4
4363,6
17216,4
10781,4
1148,4
4341,6
17194,4
1920,4
15556,4
20374,6
7521,4
1088,4
1085,4
7501,4
20353,8
7500,4
1871,4
4277,4
13908,4
16299,16
3446,4
8270,8
21123,4
11461,4
1019,4
10633,4
176,4
991,4
11397,4
17025,19
4172,4
4111,10
16964,4
889,4
18523,7
5670,4
8029,4
2390,4
7168,12
20021,4
757,4
7154,4
718,4
20803,16
7950,4
20793,6
7940,4
14354,4
2301,12
15154,4
5507,4
18360,4
13530,14
677,4
688,4
3096,13
15949,4
1499,4
19957,6
7104,4
11118,4
4697,4
3888,4
955,4
2155,4
18605,12
5752,4
7771,4
20624,4
1350,4
6926,4
6546,4
104,4
6534,16
19387,4
925,4
19767,13
6914,4
3711,4
14951,4
4504,10
17357,4
489,4
4420,10
17273,4
16843,9
3990,4
2775,4
9192,4
5573,6
18426,4
4372,16
17225,4
3563,4
1966,4
16409,13
3556,4
345,4
9550,4
3934,12
16787,4
12332,4
20382,7
7529,4
14340,4
1078,4
9674,4
3253,4
1656,4
18686,12
5833,4
9051,4
16283,18
3430,4
1022,4
1808,4
15450,4
6604,4
1785,4
1963,4
3152,11
16005,4
2951,19
15804,4
1951,4
15801,15
2948,4
945,4
2942,4
930,4
3339,4
16170,9
3317,4
6912,4
16755,9
3902,4
14941,4
502,4
105,4
12907,4
8098,4
1680,4
16126,9
3273,4
875,4
1675,4
474,4
19334,12
6481,4
9777,4
16950,9
4097,4
894,4
6941,4
3287,13
16140,4
3340,4
9554,4
10563,4
8063,4
8554,4
1631,4
4132,9
16985,4
3735,15
16588,4
8044,4
4071,4
1715,4
3315,4
1718,4
1356,4
9543,4
10352,4
3931,4
20479,16
7626,4
19492,11
6639,4
19657,16
6804,4
13247,4
10311,4
3684,4
10464,4
4043,4
21405,5
21257,5
21255,5
21209,5
21205,5
21182,5
21181,5
21148,5
21132,5
21100,5
21042,5
21017,5
20974,5
20943,5
20932,5
20930,5
20926,5
20888,5
20768,5
20654,5
20652,5
20606,5
20566,5
20498,5
20468,5
20388,5
20364,5
19704,5
19648,5
19422,5
18648,5
18158,5
17795,5
17617,5
17547,5
16921,5
16815,5
16708,5
16687,5
16633,5
16598,5
16592,5
16448,5
16347,5
16221,5
16022,5
16015,5
16013,5
15985,5
15757,5
15732,5
2748,6
15601,5
15559,5
2237,17
15090,5
14985,5
2118,7
14971,5
14525,5
14180,17
1327,5
13026,5
12674,5
12672,5
12187,5
12063,5
12022,5
11336,5
11301,5
10921,5
10885,5
10853,5
10609,5
10174,5
9678,5
9572,5
9502,5
9486,5
9263,5
9238,5
9103,5
15521,5
8810,5
2175,15
15028,5
15027,5
8497,13
21350,5
21219,16
8366,5
8252,7
21105,5
8130,11
20983,5
14300,5
7678,12
20531,5
7674,9
20527,5
7548,11
20401,5
756,5
722,5
338,7
13191,5
6743,5
13122,5
13054,13
201,5
6323,5
6311,5
6279,5
6240,5
6172,5
6107,5
6088,5
6055,5
18888,9
6035,5
5913,5
5658,5
11980,5
18385,9
5532,5
5496,5
5451,5
5444,5
5390,13
18243,5
5355,5
5327,6
18180,5
17943,14
5090,5
4999,5
4807,15
17660,5
4803,5
10972,5
4521,5
10926,5
17291,9
4438,5
4292,5
4257,5
4169,5
10573,5
19968,19
7115,5
16761,11
3908,5
7078,5
10254,5
3801,6
16654,5
3792,11
16645,5
16635,18
3782,5
10196,5
9682,5
3128,15
15981,5
6231,5
2970,14
15823,5
2954,7
15807,5
12570,5
6105,5
2887,5
9274,5
2815,13
15668,5
15605,12
2752,5
2561,5
18602,8
5749,5
5716,5
12098,5
5473,7
18326,5
15067,5
2101,16
14954,5
3676,5
3639,9
16492,5
6669,5
4911,5
1566,5
7964,17
20817,5
19159,13
6306,5
3043,12
15896,5
1384,5
1320,5
1265,5
15667,5
7618,13
20471,5
7568,14
20421,5
5100,5
4239,5
4219,5
1009,5
8115,17
20968,5
3957,13
16810,5
1494,5
4691,9
17544,5
2115,7
14968,5
1532,5
18388,13
5535,5
1033,5
6642,5
5209,13
18062,5
12995,19
142,5
2919,10
15772,5
5119,17
17972,5
2099,5
16521,15
3668,5
3466,9
16319,5
13114,5
535,5
7465,5
2836,5
1283,5
3633,16
16486,5
8338,8
21191,5
6147,5
6505,5
7508,5
6696,5
8858,5
21295,6
21242,6
21233,6
21224,6
21196,6
21178,6
21034,6
20976,6
20910,6
20770,6
20685,6
20657,6
20634,6
20567,6
20507,6
20432,6
20380,6
20135,6
19862,6
19639,6
19459,6
19440,6
18303,6
17811,6
17788,6
17685,6
17607,6
16806,6
16441,6
16348,6
16346,6
15561,12
2708,6
2606,14
15459,6
2462,15
15315,6
15130,6
12705,6
12681,6
12659,6
12613,6
12572,6
12562,6
12516,6
12364,6
12166,6
11993,6
11696,6
11684,6
11568,6
11566,6
11529,6
11429,6
11416,6
11407,6
11338,6
11145,6
11106,6
11028,6
10999,6
10966,6
10884,6
10839,6
10561,6
10253,6
9818,6
9807,6
9611,6
9566,6
9425,6
9312,6
9301,6
15337,12
2484,6
8742,6
15128,19
2275,6
21430,8
8577,6
8562,13
21415,6
8521,6
21278,15
8425,6
8391,10
21244,6
8317,6
8300,6
8286,6
21128,7
8275,6
8259,17
21112,6
14646,6
14630,6
8026,10
20879,6
7893,17
20746,6
7774,6
14103,6
7516,6
7510,14
20363,6
7466,10
20319,6
13870,12
1017,6
7410,6
7330,6
7323,14
20176,6
7302,6
7191,6
13611,13
758,6
6701,6
6521,12
19374,6
6500,6
6485,6
24,6
6309,6
18904,15
6051,6
5991,6
5977,12
18830,6
12294,6
5669,6
5657,6
5629,6
18470,9
5617,6
18455,9
5602,6
18448,7
5595,6
18445,14
5592,6
5575,6
5555,6
5359,6
5339,6
5316,6
5114,17
17967,6
5084,6
11046,6
10919,6
17329,7
4476,6
4378,6
17223,9
4370,6
4358,6
17199,9
4346,6
4261,6
4184,16
17037,6
4182,13
17035,6
4157,6
10534,6
10524,6
4029,6
734,6
16706,12
3853,6
3806,6
16522,8
3669,6
19703,13
6850,6
3569,18
16422,6
19163,7
6310,6
9525,6
6242,6
6123,6
9339,6
5975,12
18828,6
2761,6
12353,6
5931,6
15477,6
5758,6
8965,6
2539,6
15354,6
15324,19
2471,6
5679,6
2350,6
15189,6
15162,17
2309,6
2316,6
15152,6
5452,6
2249,6
5422,6
2188,6
10185,6
14995,6
16479,15
3626,6
10046,6
11649,6
2016,6
8355,12
21208,6
6672,6
1861,6
5018,6
19426,15
6573,6
138,6
6540,6
11302,6
1655,6
1602,6
9625,6
4775,6
1469,6
7887,6
14298,13
1445,6
7855,12
20708,6
17434,9
4581,6
1366,6
1285,6
1200,6
2789,6
1191,6
17238,9
4385,6
18778,12
5925,6
1117,6
14744,6
1877,6
1080,6
2663,6
7444,6
210,6
2613,6
1010,6
1768,6
8915,6
11305,6
13715,6
848,6
5600,6
781,6
3951,13
16804,6
2333,6
16747,11
3894,6
1752,6
12176,6
2924,19
15777,6
5725,6
4517,6
5317,6
1311,6
3708,11
16561,6
5313,6
18166,6
2110,11
14963,6
19357,8
6504,6
98,6
8879,6
7193,6
5984,6
20037,11
7184,6
18396,14
5543,6
731,6
6298,6
20767,16
7914,6
8296,6
8229,6
7432,6
11630,6
3602,6
4361,6
5354,6
4954,6
2519,6
20251,8
7398,6
9894,6
8580,6
5741,6
7762,6
1639,6
1633,6
5321,6
10165,6
490,6
20291,18
7438,6
21568,7
21567,7
21556,7
21512,7
21502,7
21469,7
21339,7
21321,7
21303,7
21293,7
21138,7
21130,7
21019,7
20989,7
20925,7
20907,7
20878,7
20409,7
20377,7
20090,7
20089,7
20080,7
20039,7
20025,7
20012,7
19993,7
19832,7
19559,7
19509,7
19480,7
19478,7
19433,7
19293,7
19065,7
18865,7
18768,7
18744,7
18621,7
18567,7
18423,7
18403,7
18389,7
18372,7
18228,7
18066,7
18050,7
17877,7
17864,7
17813,7
17748,7
17728,7
17419,7
17417,7
17411,7
17403,7
17365,7
17314,7
17298,7
17247,7
17236,7
17149,7
17142,7
17128,7
17123,7
17117,7
17097,7
16987,7
16658,7
16257,7
16216,7
16171,7
16095,7
16093,7
16077,7
15913,7
15872,7
15672,19
2819,7
2813,11
15666,7
2783,17
15636,7
15620,11
2767,7
15543,7
2393,8
15246,7
15234,7
15194,7
14987,7
14982,7
14926,11
2073,7
14844,7
14757,7
13096,7
13046,7
12861,7
12815,7
12778,7
12748,7
12725,7
12680,7
12670,7
12604,7
12461,7
12442,7
12399,7
12027,7
12011,7
11848,7
11833,7
11808,7
11793,7
11768,7
11746,7
11519,7
11466,7
11460,7
11444,7
11437,7
11430,7
11357,7
11352,7
11297,7
11285,7
11249,7
11243,7
11234,7
10913,7
10903,7
10901,7
10773,7
10750,7
10693,7
10634,7
10618,7
10606,7
10048,7
9797,7
9795,7
9704,7
9689,7
9535,7
9527,7
9479,7
9445,7
9423,7
9356,7
9314,7
15694,7
9253,7
2803,17
15656,7
9147,7
9134,7
8906,7
8857,7
8845,7
8710,7
8704,13
21557,7
8662,7
21490,18
8637,7
21489,8
8636,7
21460,10
8607,7
8606,7
8599,7
21451,18
8598,7
8592,7
21431,18
8578,7
14974,9
2121,7
14859,11
2006,7
8246,7
21030,13
8177,7
8134,7
20972,16
8119,7
8089,7
7907,7
7710,7
7643,14
20496,7
7606,9
20459,7
20210,13
7357,7
7355,7
780,10
13633,7
7066,7
7030,7
19866,13
7013,7
6869,7
13281,7
377,7
13200,7
13205,15
352,7
311,7
304,11
13157,7
19572,12
6719,7
6707,9
19560,7
281,7
13089,13
236,7
247,7
13053,7
6578,7
6576,7
12857,7
6436,7
6375,7
6373,7
6350,7
12732,7
6267,7
6264,7
6225,7
6189,9
19042,7
6125,7
6092,19
18945,7
6086,7
6083,7
6060,7
12468,7
6034,7
12454,7
5985,7
12333,7
5888,7
18721,16
5868,7
5800,7
5719,7
12084,7
5576,16
18429,7
5566,16
18419,7
5565,16
18418,7
5453,7
11817,7
11753,7
5288,7
5273,7
18028,8
5175,7
5167,7
5160,7
11555,7
5057,7
5043,10
17896,7
11450,7
4965,7
11324,7
4903,7
11322,7
11314,7
17688,15
4835,7
4816,7
11202,7
4756,7
4713,7
17543,16
4690,7
4689,7
4662,7
17408,11
4555,7
4524,7
4507,7
4436,9
17289,7
4407,7
17260,7
4364,7
10774,7
10734,7
4313,16
17166,7
4301,12
17154,7
10661,7
16992,12
4139,7
4115,17
16968,7
4061,7
4041,7
4028,7
4027,7
7218,15
20071,7
7196,7
7192,8
20045,7
7161,7
736,7
7155,17
20008,7
7136,15
19989,7
7119,7
3912,7
10291,7
7024,7
16648,13
3795,7
6985,7
10192,7
6961,7
6975,9
19828,7
13244,7
16395,19
3542,7
6737,7
13144,7
3488,7
3452,7
3449,7
3352,7
9763,7
16045,10
3192,7
3153,15
16006,7
15803,13
2950,7
9293,7
2853,7
6023,7
9220,7
2768,19
15621,7
2764,9
15617,7
9172,7
9163,7
2688,7
15501,12
2648,7
15453,7
12201,7
5780,7
2475,7
15253,7
2386,16
15239,7
8806,7
2383,7
15179,7
2326,7
8747,7
15149,7
15110,14
2257,7
8689,7
8668,18
21521,7
2247,7
8658,7
11830,7
15048,7
8624,9
21477,7
8603,7
6968,7
5268,7
16450,12
3597,7
8416,7
1995,7
1948,7
14755,18
1902,7
8334,17
21187,7
3509,7
13142,7
9907,7
3455,7
248,7
8137,7
6502,7
9638,7
8040,19
20893,7
19283,13
6430,7
6402,19
19255,7
3198,7
17622,19
4769,7
4630,7
1387,7
6163,7
1226,7
1212,7
20485,11
7632,7
15639,7
1159,13
14012,7
4340,7
13966,7
11544,7
15562,7
20392,18
7539,7
13946,7
10709,7
2681,7
256,7
7495,16
20348,7
1863,7
10687,7
2620,7
4218,18
17071,7
10622,7
4201,15
17054,7
3390,7
982,7
21039,12
8186,7
8102,7
873,7
8088,7
14476,15
1623,7
8855,7
7234,15
20087,7
5583,17
18436,7
8725,7
5506,7
9515,7
7088,7
952,7
8569,7
20618,19
7765,7
6944,7
4518,7
11734,7
1306,7
3699,7
2064,7
16513,17
3660,7
835,19
13688,7
19699,12
6846,7
4038,7
4401,12
17254,7
390,17
13243,7
20458,14
7605,7
387,7
16424,18
3571,7
3528,7
5127,7
17980,7
1909,7
15550,7
13950,7
6471,7
1990,9
14843,7
1761,7
6746,7
2542,7
7366,7
10548,7
9738,7
903,7
5899,13
18752,7
4302,18
17155,7
8117,7
14922,7
6492,7
1076,7
144,7
941,7
8160,7
20116,9
7263,7
6442,12
19295,7
8441,7
4918,19
17771,7
918,7
16286,19
3433,7
14055,7
11637,7
1616,7
20161,18
7308,7
4220,8
17073,7
21480,8
21474,8
21352,8
21266,8
21240,8
21237,8
21218,8
21136,8
21135,8
21038,8
21032,8
20975,8
20735,8
20711,8
20695,8
20668,8
20640,8
20596,8
20593,8
20558,8
20395,8
20385,8
20376,8
20314,8
20310,8
20228,8
20118,8
19915,8
19887,8
19369,8
18816,8
18258,8
18120,8
17712,8
17655,8
17489,8
16890,8
16825,8
16819,8
16812,8
16809,8
16803,8
16800,8
16668,8
16655,8
16551,8
16385,8
16297,8
15888,8
15819,8
15558,8
15476,8
15119,12
2266,8
14542,13
1689,8
13092,8
211,9
13064,8
13031,8
12645,8
12520,8
11320,8
11115,8
10974,8
10924,8
10917,8
10855,8
10851,8
10431,8
10099,8
9973,8
9405,8
9378,8
9364,8
9316,8
9273,8
2695,17
15548,8
9049,8
8946,8
8865,8
8859,8
8793,8
8750,8
8740,8
8738,8
15126,16
2273,8
15062,8
15000,8
8565,8
2130,9
14983,8
8493,15
21346,8
8409,8
21262,8
8399,10
21252,8
8313,18
21166,8
8311,17
21164,8
14314,17
1461,8
7880,8
7843,8
7752,10
20605,8
7723,8
1238,13
14091,8
7449,10
20302,8
13854,8
7338,16
20191,8
20129,16
7276,8
7259,13
20112,8
7190,8
7079,8
19927,19
7074,8
6779,8
6738,8
6273,8
12596,8
6175,8
6146,8
6048,8
6017,8
18870,8
5950,8
18765,13
5912,8
18754,15
5901,8
12231,8
5680,8
11976,8
11896,8
5464,8
5426,8
5417,8
5314,8
11633,8
5212,11
18065,8
5029,8
17673,12
4820,8
4777,18
17630,8
4747,8
10897,8
10891,8
4176,8
4141,8
19986,9
7133,8
3922,8
3867,8
3784,8
3755,10
16608,8
3695,8
3667,8
3564,9
16417,8
6641,8
9810,8
9429,8
6129,8
6041,8
5967,8
2751,8
5894,8
9066,8
2590,8
5757,19
18610,8
8892,8
15312,12
2459,8
2409,8
15233,16
2380,8
15221,8
2182,8
11666,8
2042,8
3625,11
16478,8
3624,8
5215,9
18068,8
8353,12
21206,8
8236,8
6523,8
19344,12
6491,8
45,19
12898,8
6455,16
19308,8
14427,8
1569,8
1543,8
1527,8
4729,8
1467,8
1452,8
1317,8
7734,8
7733,19
20586,8
14093,8
1251,8
18863,13
6010,8
1177,8
4351,8
1134,8
21193,18
8340,8
1122,8
3413,19
16266,8
4216,8
15421,11
2568,8
762,13
13615,8
1554,8
3960,15
16813,8
11977,8
3948,19
16801,8
4732,8
13539,11
686,8
19136,13
6283,8
1344,8
6934,9
19787,8
9333,8
17347,15
4494,8
1264,8
6814,10
19667,8
16457,15
3604,8
3582,8
2750,8
3946,10
16799,8
1135,8
1111,8
2693,8
456,8
8184,15
21037,8
7381,17
20234,8
3961,12
16814,8
9372,8
533,8
19386,13
6533,8
10946,8
15359,8
483,8
13717,8
14517,8
7362,13
20215,8
10564,8
8060,14
20913,8
16583,13
3730,8
3629,8
1128,8
818,8
9231,8
17672,10
4819,8
21565,9
21532,9
21423,9
21096,9
20465,9
20262,9
19844,9
19807,9
19625,9
19083,9
19082,9
19081,9
19077,9
18995,9
18994,9
18860,9
18849,9
18509,9
18495,9
18493,9
18487,9
18458,9
18454,9
18437,9
18433,9
18374,9
18366,9
18321,9
18186,9
17442,9
17433,9
17423,9
17416,9
17400,9
17384,9
17301,9
17246,9
17188,9
17187,9
17173,9
17038,9
16967,9
16961,9
16940,9
16897,9
16854,9
16767,9
16740,9
16415,9
16310,9
16282,9
16164,9
16142,9
16134,9
15742,9
2504,16
15357,9
15122,19
2269,9
14903,9
2029,18
14882,9
14783,9
13471,9
435,13
13288,9
422,18
13275,9
13256,9
13245,9
13190,9
13119,9
13085,19
232,9
12818,9
12814,9
12813,9
12788,9
12743,9
12466,9
12400,9
12224,9
12135,9
12073,9
11957,9
11795,9
11789,9
11765,9
11459,9
11379,9
11372,9
11291,9
11278,9
11276,9
11261,9
11211,9
11191,9
11185,9
11183,9
11173,9
11170,9
10827,9
10737,9
10708,9
10703,9
10604,9
10385,9
10377,9
10359,9
10322,9
10289,9
10258,9
10100,9
9829,9
9812,9
9752,9
9700,9
9607,9
9433,9
9393,9
9265,9
9201,9
9107,9
15417,9
2512,12
15365,9
8757,9
8726,9
8654,9
8585,9
21359,18
8506,9
8451,9
8363,9
8359,9
8347,9
8314,9
8209,9
14626,15
1773,9
20650,16
7797,9
14099,12
1246,9
20476,16
7623,9
20438,16
7585,9
7584,9
7583,9
7557,9
7552,9
20300,18
7447,9
7408,13
20261,9
7394,14
20247,9
7177,9
7047,9
7015,9
19867,14
7014,9
19865,16
7012,9
19808,12
6955,9
13287,9
444,9
13282,9
13280,9
13238,9
13113,10
260,9
13007,9
100,9
6494,9
42,9
6434,9
6376,9
12758,9
6214,9
12534,9
12524,9
12488,9
12464,9
6025,9
12394,9
18739,13
5886,9
18732,16
5879,9
5849,9
5839,9
5830,9
5827,9
5818,9
5798,9
12080,9
11953,9
5485,9
18242,16
5389,9
5388,9
5330,9
5328,9
5260,9
5253,9
18093,13
5240,9
5238,9
5210,9
5207,9
5205,9
5194,9
5190,9
5172,9
5171,9
11546,9
5044,19
17897,9
5002,9
17751,16
4898,9
11242,9
4785,9
11197,9
4741,9
4640,9
17491,13
4638,9
4634,9
4603,9
4386,13
17239,9
4349,9
4297,9
4173,9
4165,9
17005,15
4152,9
4129,9
4091,9
4080,9
4074,9
4067,9
16916,16
4063,9
4036,9
10394,9
10347,9
3926,13
16779,9
3886,12
16739,9
7075,9
10285,9
10261,9
3838,9
6995,9
6965,9
16570,15
3717,9
16493,12
3640,9
3594,9
374,9
9975,9
13172,9
330,9
3520,9
220,9
19474,10
6621,9
198,9
6619,9
213,9
3342,15
16195,9
3295,12
16148,9
3211,9
3210,12
16063,9
12752,9
3073,9
3034,9
3016,9
2995,9
2990,9
12407,9
9181,9
5848,9
18658,13
5805,9
2585,15
15438,9
12209,9
2555,9
2550,9
15384,11
2531,9
2530,9
12152,9
11961,9
2310,9
11894,9
8681,9
8661,9
11858,9
15045,9
10200,9
562,9
8518,12
21371,9
13284,9
5245,9
5231,9
14867,9
3609,9
9978,9
3531,9
1933,9
1918,11
14771,9
1912,9
1910,9
1889,9
1858,9
8190,9
9706,9
3285,9
4881,9
12841,9
3207,9
11230,9
4771,9
11190,9
1550,9
17597,12
4744,9
7888,9
17513,12
4660,9
4659,9
7877,9
17494,14
4641,9
4637,9
14270,9
15817,11
2964,9
15811,13
2958,9
1312,9
9294,9
4475,17
17328,9
1211,9
7621,10
20474,9
7591,9
9178,9
7577,9
1156,9
7569,9
9165,9
1147,9
7555,9
314,9
1102,9
10724,9
1885,9
3460,9
16312,17
3459,9
4255,9
1040,9
1036,9
10648,9
3417,19
16270,9
10640,9
7424,9
15425,9
4189,16
17042,9
5783,9
5782,9
974,9
4174,14
17027,9
5769,9
7318,9
897,9
3290,12
16143,9
8114,9
896,9
1681,9
870,9
16922,17
4069,9
20140,16
7287,9
857,9
4000,10
16853,9
793,9
754,9
7124,9
4700,9
10324,9
4695,9
3898,9
19950,11
7097,9
10315,9
4686,9
11773,9
6951,9
19378,11
6525,9
2522,9
5318,9
895,9
3661,9
2843,9
13266,9
6384,9
17640,19
4787,9
379,12
13232,9
1184,9
9196,9
5178,9
6371,9
9171,9
1949,9
293,9
16367,17
3514,9
1498,9
19955,11
7102,9
3472,9
867,9
9680,9
6465,17
19318,9
1842,9
10831,9
1207,9
13237,9
6816,9
8211,9
13008,9
1158,9
9769,9
8172,9
1946,9
136,9
19410,10
6557,9
9760,9
19780,12
6927,9
977,9
1959,9
8086,9
6453,9
13274,9
450,9
10314,9
9761,9
11160,9
839,9
842,9
4039,9
10553,9
929,9
2529,9
1068,9
1030,9
10825,9
9365,9
7222,9
816,9
4290,9
21447,10
21337,10
21286,10
21222,10
21106,10
21047,10
20804,10
20712,10
20651,10
20646,10
20598,10
20515,10
20381,10
19815,10
19812,10
19790,10
19466,10
19365,10
19304,10
19142,10
18997,10
18832,10
18719,10
18713,10
18708,10
18606,10
17975,10
17848,10
17661,10
17558,10
16912,10
16911,10
16848,10
16817,10
16808,10
16798,10
16719,10
16665,10
16602,10
16590,10
16480,10
16342,10
16337,10
16244,10
16219,10
16055,10
16030,10
15733,10
15482,10
15307,10
15295,10
14604,12
1751,10
14394,19
1541,10
13263,11
410,10
13138,10
13032,10
12658,10
12649,10
12569,10
12382,10
12380,10
12362,10
12341,10
12258,10
12255,10
12244,10
12182,10
12169,10
12154,10
12149,10
12077,10
12035,10
12031,10
11990,10
11978,10
11884,10
11878,10
11758,10
11754,10
11750,10
11713,10
11700,10
11687,10
11683,10
11614,10
11578,10
11565,10
11452,10
11424,10
11340,10
11333,10
11317,10
11306,10
11300,10
11128,10
11109,10
11019,10
11018,10
10964,10
10963,10
10923,10
10870,10
10856,10
10600,10
10500,10
10427,10
10083,10
10032,10
10027,10
9970,10
9965,10
9937,10
9896,10
9652,10
9647,10
9562,10
9475,10
9399,10
9334,10
15679,10
2826,10
9237,10
9113,10
9101,10
9097,10
15511,13
2658,10
9003,10
8935,10
2474,17
15327,10
8893,10
15311,15
2458,10
8794,10
15153,10
8708,10
2251,11
15104,10
2212,16
15065,10
8635,14
21488,10
15020,19
2167,10
21435,18
8582,10
8579,10
21412,18
8559,10
8488,10
8487,10
8481,10
8457,10
8430,12
21283,10
8388,10
8361,12
21214,10
8335,10
8297,10
8291,10
14540,10
8036,10
20885,18
8032,10
20883,18
8030,10
8017,10
7838,10
7817,19
20670,10
7816,19
20669,10
7739,10
20583,16
7730,10
20529,18
7676,10
7627,15
20480,10
20473,16
7620,10
7483,10
7462,10
7455,10
20308,10
7439,10
20241,17
7388,10
7048,10
534,10
19713,19
6860,10
6859,16
19712,10
388,10
6809,10
6798,15
19651,10
6747,10
6711,10
13118,10
19534,14
6681,10
6670,10
6668,10
140,10
6522,10
19375,10
6496,10
12890,15
37,10
6458,10
6271,10
6257,10
6232,10
6227,10
6187,10
6138,10
6102,10
18955,10
12506,10
6078,10
12379,10
12351,10
5906,10
12239,10
5738,16
18591,10
12079,10
12078,10
5654,10
11967,10
18397,14
5544,10
11904,10
5461,10
5342,10
11690,10
11622,10
11588,10
11567,10
17925,11
5072,10
5015,10
17866,11
5013,10
11354,10
4920,10
17773,10
4901,10
4797,10
4745,10
11132,10
11034,10
10973,10
10879,10
4258,10
10599,10
10597,10
10538,10
4065,10
16918,10
4033,19
16886,10
7229,10
10436,10
16811,12
3958,10
3954,16
16807,10
3952,10
16727,19
3874,10
10227,10
10211,10
3771,10
16621,11
3768,10
10094,10
3631,10
10040,10
13203,10
361,12
13214,10
6759,10
202,10
9839,10
212,10
6414,14
19267,10
9610,10
9605,10
3131,15
15984,10
6313,10
6243,10
6211,10
9428,10
9389,10
6149,10
2918,10
2916,17
15769,10
18895,13
6042,10
2834,10
2820,10
5968,10
2691,10
12271,10
2645,10
2567,10
8969,10
12163,10
18576,19
5723,10
2518,10
2488,10
8899,10
2478,10
2429,10
5624,10
8814,10
15188,10
2335,10
5538,10
2270,10
11877,10
5455,13
18308,10
15094,10
2252,10
5454,13
18307,10
2234,10
2227,10
5416,10
3713,10
11689,10
21301,12
8448,10
8447,10
21300,10
2026,10
6783,10
13165,10
8350,18
21203,10
8339,10
21192,10
9930,10
13131,10
13110,10
5089,10
6680,10
13093,10
1872,10
5051,10
5050,10
17901,18
5048,10
8219,10
17825,13
4972,10
126,10
4914,10
1706,10
4892,10
14524,10
41,10
20900,16
8047,10
19273,14
6420,10
8027,10
3163,13
16016,10
1449,10
1446,10
1438,10
11058,10
11036,10
11031,10
1375,10
14154,15
1301,10
1288,10
1284,10
9287,10
15719,16
2866,10
2825,10
1225,10
2807,10
2806,10
1192,10
1157,10
1138,10
4337,10
17958,11
5105,10
20321,12
7468,10
1837,10
9034,10
1003,10
20257,18
7404,10
10598,10
12914,10
11308,10
2479,10
837,10
1608,10
11966,10
18398,13
5545,10
2342,10
11153,10
15145,10
16762,11
3909,10
6299,10
3900,10
6288,10
7092,10
680,10
2276,10
6552,10
1355,10
3740,10
538,10
7747,13
20600,10
6549,10
8530,10
10925,10
1258,10
1643,10
10459,10
10053,10
15259,10
5976,10
9994,10
3977,10
3547,13
16400,10
7953,10
1528,10
18354,18
5501,10
1101,10
5078,10
2667,10
6679,10
1650,10
8074,11
20927,10
1011,10
1007,10
13025,10
10008,10
151,10
8981,10
4554,10
6551,10
11570,10
539,10
4930,10
11540,10
6529,10
8995,10
2877,10
8096,14
20949,10
1271,10
10089,10
6880,10
10983,10
12115,10
12874,10
2938,10
739,10
16995,19
4142,10
16533,18
3680,10
484,10
10556,10
11644,10
859,10
12860,10
6325,10
19178,10
1328,10
4404,10
2437,10
20114,12
7261,10
21576,11
21550,11
20769,11
20035,11
20013,11
19890,11
19786,11
19241,11
18527,11
18504,11
18479,11
18467,11
18463,11
18099,11
17916,11
17876,11
17839,11
17619,11
17473,11
17212,11
17177,11
17148,11
17067,11
17053,11
17048,11
16955,11
16772,11
16488,11
16429,11
16318,11
16279,11
16212,11
16196,11
16176,11
16136,11
16098,11
16086,11
15793,11
15478,11
2411,19
15264,11
2024,13
14877,11
1105,17
13958,11
706,15
13559,11
13507,11
13170,19
317,11
13139,11
110,19
12963,11
12775,11
12759,11
12751,11
12728,11
12691,11
12660,11
12557,11
12449,11
12197,11
11888,11
11854,11
11822,11
11639,11
11638,11
11627,11
11541,11
11406,11
11387,11
11251,11
11236,11
11210,11
11205,11
11181,11
11179,11
11048,11
10743,11
10742,11
10738,11
10371,11
10361,11
10335,11
10318,11
9976,11
9905,11
9779,11
9755,11
9733,11
9352,11
9142,11
15545,11
15468,11
2513,17
15366,11
15314,11
8835,11
8685,13
21538,11
8618,11
14911,11
8478,11
8453,11
14872,11
21195,16
8342,11
8234,11
21078,13
8225,11
8151,11
20984,16
8131,11
8126,11
8108,11
7767,11
7596,11
7576,11
20357,16
7504,11
13735,17
882,11
7221,11
679,13
13532,11
19854,18
7001,11
13393,11
19766,19
6913,11
6819,11
6764,11
157,11
29,11
12858,11
6382,11
12797,11
12774,11
6353,11
6348,11
6208,11
19022,15
6169,11
6137,11
12555,11
18920,13
6067,11
12469,11
12441,11
12398,11
18811,12
5958,11
5900,11
5842,11
5789,11
5713,13
18566,11
18462,15
5609,11
5564,11
18407,14
5554,11
5508,11
5495,16
18348,11
18334,19
5481,11
18300,19
5447,11
5429,11
11847,11
5398,11
5332,11
5281,11
5222,12
18075,11
17978,12
5125,11
5118,11
5117,11
4933,11
4867,11
11239,11
11237,11
11177,11
4714,11
11100,11
10674,11
4215,11
10581,11
4081,11
4075,11
10313,11
3720,11
19773,12
6920,11
6872,11
3491,11
16314,15
3461,11
3266,13
16119,11
22,15
12875,11
3249,11
12834,11
9615,11
3187,11
3111,15
15964,11
15924,13
3071,11
15909,18
3056,11
3051,11
2983,11
6119,11
6075,11
9277,11
15691,17
2838,11
2818,11
9190,11
5964,11
5932,11
5788,11
2578,11
2543,19
15396,11
5734,11
5678,16
18531,11
5677,16
18530,11
8880,11
5526,11
5474,11
15055,19
2202,11
8623,11
8615,11
6982,11
3704,11
13265,11
21302,18
8449,11
5203,11
14842,11
3526,11
19511,14
6658,11
127,15
12980,11
3313,15
16166,11
1682,11
17682,17
4829,11
1535,11
1520,11
7899,11
3063,11
4664,11
7848,11
4623,11
7825,11
15829,13
2976,11
7796,11
4411,19
17264,11
6000,11
9210,11
7603,11
9175,11
5123,11
14719,11
1079,11
1074,11
4266,11
5052,11
4227,17
17080,11
1023,11
7310,11
4054,11
3970,11
7966,11
3094,11
697,11
16600,17
3747,11
1335,11
3723,11
4098,11
3688,11
16917,12
4064,11
7679,12
20532,11
14888,11
15217,11
13206,19
353,11
6758,11
6714,11
3505,11
4993,11
11575,11
5149,11
2517,11
16130,17
3277,11
2480,11
5162,11
2956,11
2491,11
10868,11
8162,11
3440,11
3630,11
14875,11
1917,11
17086,15
4233,11
3302,15
16155,11
8905,11
21462,12
21454,12
21261,12
21253,12
21201,12
21143,12
21133,12
21041,12
21007,12
20982,12
20552,12
20467,12
19935,12
19860,12
19839,12
19802,12
19758,12
19732,12
19645,12
19635,12
19464,12
19420,12
19383,12
19379,12
19371,12
19297,12
19258,12
19181,12
19155,12
18962,12
18922,12
18921,12
18842,12
18730,12
18654,12
18080,12
18040,12
18038,12
18037,12
17993,12
17957,12
17860,12
17853,12
17835,12
17798,12
17782,12
17770,12
17738,12
17719,12
17687,12
17652,12
17569,12
17562,12
17559,12
17529,12
17412,12
17361,12
17168,12
17015,12
16796,12
16707,12
16695,12
16677,12
16675,12
16663,12
16531,12
16523,12
16499,12
16459,12
16404,12
16289,12
16287,12
16210,12
15961,12
15898,12
15778,12
15717,12
15713,12
15664,12
15616,13
2763,12
15591,12
15585,12
15204,12
15052,12
15037,12
15004,15
2151,12
14563,12
1684,19
14537,12
14263,12
14028,12
861,18
13714,12
13711,12
851,19
13704,12
13702,13
849,12
12956,12
12822,12
12679,12
12668,12
12651,12
12538,12
12094,12
12087,12
11909,12
11722,12
11623,12
11619,12
11563,12
11559,12
11527,12
11477,12
11435,12
11431,12
11378,12
11370,12
11369,12
11348,12
11274,12
11268,12
11257,12
11136,12
11093,12
10971,12
10961,12
10960,12
10941,12
10904,12
10892,12
10848,12
10847,12
10834,12
10788,12
10508,12
10467,12
10458,12
10429,12
10310,12
10245,12
10071,12
10042,12
9925,12
9850,12
9809,12
9642,12
9497,12
9454,12
9332,12
9326,12
9280,12
9252,12
9242,12
15653,14
2800,12
15563,12
9090,12
9075,12
9053,12
9045,12
9020,12
8977,12
8919,12
8853,12
8755,12
8748,12
8734,12
15138,12
14984,12
21416,18
8563,12
8546,12
14933,13
2080,12
8479,12
21291,13
8438,12
21227,16
8374,12
8351,12
21117,18
8264,12
8255,12
8217,12
8193,14
21046,12
8045,17
20898,12
8015,12
14393,12
7968,12
7897,12
14315,12
7813,19
20666,12
7810,12
7715,12
20497,18
7644,12
7475,19
20328,12
20223,18
7370,12
7344,12
7322,12
7247,12
745,12
7065,12
7058,12
7045,12
6929,12
19727,13
6874,12
6817,12
13151,12
6697,12
6674,12
96,19
12949,12
6527,13
19380,12
6450,12
13,18
12866,12
12803,12
12688,12
12685,12
12661,12
12644,12
12641,12
6124,12
12504,12
18873,19
6020,12
5946,12
5937,12
5934,12
5910,12
12321,12
12309,12
5876,12
5873,12
12260,12
5792,12
12171,12
5740,12
12133,12
12093,12
5672,12
5659,12
18497,18
5644,12
5615,12
11982,12
5559,12
11954,12
5505,12
11923,12
11920,12
5483,16
18336,12
5477,12
5350,12
5309,12
5293,12
11597,12
5082,12
11465,12
11464,12
11441,12
4824,14
17677,12
4818,17
17671,12
4806,13
17659,12
11134,12
11133,12
4605,12
4600,12
4592,12
4586,12
10962,12
17346,14
4493,12
10874,12
10787,12
10768,12
4347,12
10744,12
4229,13
17082,12
4161,12
4145,12
764,12
712,12
3884,17
16737,12
7068,12
16718,17
3865,12
3821,12
7003,18
19856,12
559,12
498,12
478,12
10102,12
3673,12
6887,12
10088,12
376,12
13199,17
346,12
6695,12
3409,13
16262,12
19409,17
6556,12
19351,19
6498,12
68,12
6454,18
19307,12
3251,12
6413,12
9608,12
3180,12
3154,12
3115,13
15968,12
12697,12
12663,12
15892,17
3039,12
3038,12
12652,12
3007,12
9414,12
2946,12
2945,12
2933,12
12551,12
2926,12
12540,12
9288,12
6059,12
2847,12
6030,12
9239,12
15629,12
5949,12
2672,12
9087,12
12226,12
18646,18
5793,12
12186,12
5762,12
12172,12
2546,12
2528,12
8909,12
15263,17
2410,12
5608,12
2323,12
15111,12
11892,12
15061,12
15005,12
10171,12
19760,19
6907,12
6855,12
16505,17
3652,12
5258,14
18111,12
10066,12
436,12
6828,13
19681,12
5228,12
19663,13
6810,12
10018,12
1994,12
362,12
11553,12
3486,18
16339,12
3400,12
3384,12
1735,12
134,13
12987,12
4934,16
17787,12
11335,12
6515,14
19368,12
1678,12
1666,12
16107,14
3254,12
3252,12
4841,13
17694,12
1626,12
6422,12
1622,12
1619,12
12851,12
1606,12
9619,12
1601,12
16029,19
3176,12
4772,19
17625,12
7967,12
12727,12
1506,12
9484,12
3053,12
15899,16
3046,12
3042,12
1425,12
3009,12
6166,12
7737,12
7729,12
1276,12
7672,13
20525,12
1243,12
4360,12
7558,12
11526,12
2671,12
9081,12
2660,12
9867,12
14679,12
4235,12
7453,12
13052,13
199,12
6620,16
19473,12
6616,12
4212,12
6609,16
19462,12
183,16
13036,12
8204,12
2583,12
1771,12
8987,12
4887,12
884,12
1679,12
10473,12
2434,12
9563,12
3142,15
15995,12
4748,13
17601,12
19983,15
7130,12
703,12
6312,12
1512,12
2312,12
15146,12
1500,12
3089,12
682,12
17808,18
4955,12
558,12
12173,12
18205,19
5352,12
2148,16
15001,12
14156,17
1303,12
10129,12
3707,12
6930,12
18157,13
5304,12
13285,12
1263,12
14485,12
424,12
5620,12
1217,12
787,12
16021,19
3168,12
4774,12
5974,12
2365,12
3565,12
9984,12
8370,12
3129,12
17965,18
5112,12
9893,12
16112,13
3259,12
6477,12
6877,12
12243,12
3405,17
16258,12
9025,12
3387,12
18210,19
5357,12
8367,12
13787,12
9363,12
3742,12
7341,12
10527,12
2896,12
1280,12
7497,12
20168,17
7315,12
497,12
850,12
5732,12
18585,12
4135,19
16988,12
20206,18
7353,12
2325,12
5331,12
7698,12
13060,12
4107,12
12852,12
21275,18
8422,12
1039,12
2013,12
1649,12
2102,12
3599,12
687,12
21429,13
21419,13
21376,13
21318,13
21297,13
21251,13
21134,13
20773,13
20734,13
20710,13
20699,13
20398,13
20270,13
20137,13
19912,13
19906,13
19895,13
19892,13
19874,13
19870,13
19833,13
19763,13
19762,13
19744,13
19731,13
19692,13
19649,13
19453,13
19312,13
19208,13
19180,13
19137,13
19113,13
19006,13
18963,13
18951,13
18932,13
18930,13
18910,13
18906,13
18898,13
18882,13
18872,13
18861,13
18859,13
18795,13
18773,13
18738,13
18736,13
18698,13
18682,13
18638,13
18600,13
18402,13
18387,13
18280,13
18254,13
18239,13
18191,13
18145,13
18138,13
18135,13
17973,13
17960,13
17956,13
17752,13
17749,13
17723,13
17710,13
17612,13
17596,13
17573,13
17551,13
17538,13
17488,13
17455,13
17349,13
17340,13
17317,13
17315,13
17174,13
17125,13
17095,13
17011,13
16986,13
16875,13
16652,13
16563,13
16510,13
16403,13
16369,13
16354,13
16238,13
16211,13
16203,13
15993,13
15988,13
15967,13
15932,13
15918,13
15912,13
15736,13
15569,13
15484,13
15363,13
15345,17
2492,13
15308,13
15306,13
15144,16
2291,13
14978,13
1734,17
14587,13
13900,18
1047,13
13174,13
13023,13
12885,13
12717,13
12707,13
12677,13
12625,13
12621,13
12611,13
12574,13
12531,13
12529,13
12487,13
12485,13
12432,13
12374,13
12345,13
12344,13
12339,13
12313,13
12276,13
12237,13
12205,13
12125,13
12049,13
12046,13
11983,13
11933,13
11910,13
11883,13
11867,13
11743,13
11625,13
11550,13
11484,13
11468,13
11451,13
11440,13
11418,13
11413,13
11405,13
11403,13
11400,13
11396,13
11105,13
11104,13
11074,13
11039,13
10998,13
10992,13
10985,13
10978,13
10918,13
10887,13
10817,13
10816,13
10715,13
10702,13
10612,13
10498,13
10432,13
10404,13
10387,13
10219,13
10197,13
10158,13
10114,13
10110,13
10096,13
10086,13
10067,13
10057,13
10038,13
9971,13
9929,13
9920,13
9918,13
9915,13
9891,13
9874,13
9844,13
9833,13
9618,13
9590,13
9561,13
9544,13
9489,13
9453,13
9443,13
9413,13
9388,13
9330,13
9296,13
9232,13
9072,13
9033,13
9031,13
8996,13
8948,13
8945,13
8916,13
8914,13
8863,13
2421,18
15274,13
8780,13
8732,13
8716,13
8711,13
8707,13
8705,13
15031,13
14967,17
2114,13
8514,13
14930,13
21325,18
8472,13
8435,13
21285,15
8432,13
21281,18
8428,13
21259,18
8406,13
8405,13
8205,13
8198,15
21051,13
14395,13
7935,13
7928,13
7922,16
20775,13
7895,13
7874,13
7872,19
20725,13
7823,13
7789,13
7687,13
7671,13
20367,18
7514,13
13904,13
7386,13
20195,18
7342,13
13656,13
7225,13
7209,13
6849,19
19702,13
6818,13
6732,13
6726,13
6725,13
6702,13
6660,13
225,14
13078,13
13043,13
6561,13
6278,13
6218,13
12636,13
12620,13
12608,13
12559,13
6113,13
12517,13
12515,13
12512,13
5919,13
5889,13
5854,13
12221,13
12127,13
5690,13
5689,13
18520,14
5667,13
12068,13
5641,13
11996,13
18420,14
5567,13
5558,13
5517,13
11916,13
11891,13
5465,13
11872,13
5421,13
5411,13
18249,18
5396,13
5379,13
11763,13
5291,13
5234,13
5226,19
18079,13
17950,15
5097,13
5094,13
5091,13
11505,13
5081,13
17834,16
4981,13
11386,13
11373,13
4952,13
17775,17
4922,13
4910,19
17763,13
4893,17
17746,13
4890,13
17651,19
4798,13
4796,13
17632,19
4779,13
4733,13
4510,13
10860,13
4425,13
10790,13
10786,13
4246,14
17099,13
4237,13
4146,13
10566,13
10515,13
10509,13
10446,13
4015,18
16868,13
7073,13
7067,13
7046,13
7041,13
3830,13
10222,13
544,13
3759,13
6884,13
19737,13
10041,13
6797,17
19650,13
16442,17
3589,13
16430,17
3577,13
9909,13
6612,13
13011,13
128,15
12981,13
3327,13
12888,13
6425,13
3189,13
9570,13
3139,13
9549,13
3118,13
6276,13
3069,13
9488,13
9437,13
3013,13
9431,13
9392,13
9383,13
2930,13
12550,13
6121,13
6056,13
9259,13
2791,13
5986,13
2769,13
2762,13
15602,13
2718,17
15571,13
12315,13
15494,13
2638,13
9030,13
8998,13
2570,13
2551,19
15404,13
5756,13
12083,13
2435,13
12053,13
5596,13
8778,13
18393,14
5540,13
11915,13
11895,13
2271,13
8691,13
8690,13
2268,19
15121,13
2240,14
15093,13
11873,13
18294,16
5441,13
5409,13
15038,13
15024,13
547,13
5366,13
532,13
5340,13
14960,16
2107,13
5276,13
3607,17
16460,13
3592,13
6734,13
9952,13
6710,13
9928,13
8331,13
1836,14
14689,13
1847,13
1832,13
21077,18
8224,13
1801,13
3395,13
5001,13
1798,13
14629,13
1628,13
9644,13
3183,13
14423,13
8000,13
11161,13
9538,13
3103,15
15956,13
7901,13
1456,13
12667,13
7865,13
1434,13
15879,17
3026,13
1427,13
1406,13
9381,13
9338,13
1316,13
2897,13
10867,13
4437,13
1228,13
9230,13
7629,13
2797,13
2785,13
5957,14
18810,13
15596,13
12368,13
1123,13
1103,13
279,13
1077,13
1052,13
15479,13
13874,13
1032,13
4223,17
17076,13
13037,13
1816,13
1015,13
1000,13
3380,17
16233,13
984,13
978,13
17829,15
4976,13
971,13
5708,13
10521,13
3276,13
10472,13
6461,13
11232,13
7217,13
10435,13
5597,13
20838,16
7985,13
733,13
11962,13
18394,15
5541,13
741,13
15175,16
2322,13
18378,14
5525,13
724,13
7128,18
19981,13
7110,13
19963,13
19962,19
7109,13
5500,13
11107,13
7107,13
685,13
7090,15
19943,13
543,13
553,13
9345,13
125,19
12978,13
16175,18
3322,13
7736,13
6111,13
6101,13
11725,13
8467,13
2046,13
6433,13
19286,13
820,13
10841,13
1203,13
393,13
16449,15
3596,13
401,13
1584,13
19664,15
6811,13
1575,13
6784,13
10398,13
8791,13
8761,13
11156,13
6731,13
13709,13
9677,13
56,13
1029,13
1996,13
995,13
3587,13
1790,13
17816,19
4963,13
1760,13
8572,13
18590,19
5737,13
8940,13
524,13
2696,13
1099,13
6476,16
19329,13
1676,13
10895,13
5250,13
3893,13
9108,13
1729,19
14582,13
4143,13
1340,13
9861,13
6539,13
7260,13
2039,13
10151,13
11657,13
6836,13
8947,13
9146,13
3702,15
16555,13
4408,13
16597,17
3744,13
10095,13
10,13
6813,16
19666,13
19946,19
7093,13
2884,13
21571,14
21177,14
20902,14
20389,14
20230,14
20034,14
19551,14
19505,14
19499,14
18924,14
18700,14
18557,14
18257,14
18222,14
18085,14
18071,14
18014,14
17915,14
17731,14
17707,14
17568,14
17499,14
17338,14
17275,14
17221,14
17140,14
17059,14
16962,14
16607,14
15504,14
2366,17
15219,14
14885,14
14839,14
13279,14
13201,14
13003,14
12830,14
12754,14
12690,14
12502,14
12490,14
12465,14
12423,14
12302,14
11866,14
11826,14
11273,14
11174,14
10959,14
10717,14
10704,14
10619,14
10584,14
10545,14
10530,14
9953,14
9771,14
9746,14
9559,14
9450,14
9207,14
9203,14
9124,14
15454,14
15424,14
8978,14
8873,14
15220,14
15013,14
14923,14
14828,19
1975,14
8308,14
21067,15
8214,14
8176,14
791,14
7143,14
7071,14
7032,14
13290,14
19644,16
6791,14
290,14
249,14
19448,19
6595,14
75,14
6437,18
19290,14
12761,14
12655,14
12654,14
6128,14
5727,14
5655,14
5598,14
5382,14
5214,14
18048,18
5195,14
5192,14
5191,14
5139,14
5095,16
17948,14
4941,14
4717,14
17507,17
4654,14
4576,15
17429,14
4536,15
17389,14
4477,19
17330,14
4470,14
4458,15
17311,14
10809,14
10760,14
4286,14
4267,14
10678,14
4205,17
17058,14
10625,14
10613,14
10586,14
4096,14
10505,14
10449,14
797,14
10403,14
10375,14
7087,14
13462,14
6998,14
6996,14
10122,14
16554,16
3701,14
13271,14
13236,14
10015,14
6757,14
3492,14
9912,14
246,14
3438,14
9841,14
3155,14
6352,14
15851,18
2998,14
2982,14
9398,14
2965,14
6054,14
12415,14
9208,14
12208,14
15409,14
12178,14
5746,17
18599,14
8961,14
8895,14
15095,14
8667,14
2246,14
11843,14
3779,14
2010,14
8415,14
5168,14
1934,14
1723,14
1711,14
9675,14
12823,14
6407,14
14440,14
12790,14
4765,16
17618,14
7873,14
6677,14
5880,14
13045,14
10615,14
15410,14
10593,14
908,14
6493,14
8105,14
10506,14
4052,14
4051,14
3928,14
3109,14
704,14
15394,14
3748,14
14957,14
7226,18
20079,14
10367,14
10355,14
3511,14
8427,14
8206,14
3351,14
4127,14
525,14
19364,19
6511,14
15416,14
7304,14
7311,14
6541,14
21574,15
21292,15
21267,15
21060,15
21000,15
20936,15
20919,15
20835,15
20778,15
20721,15
20709,15
20641,15
20584,15
20420,15
20406,15
20379,15
20159,15
20031,15
19826,15
19769,15
19711,15
19679,15
19470,15
19325,15
18952,15
18852,15
18840,15
18549,15
18488,15
18465,15
18430,15
18392,15
18362,15
18342,15
18101,15
17875,15
17847,15
17810,15
17706,15
17666,15
17574,15
17422,15
17077,15
16979,15
16656,15
16622,15
16463,15
16420,15
16304,15
16177,15
16150,15
16146,15
16110,15
15831,15
15767,15
15467,15
15096,15
13321,15
389,17
13242,15
12974,15
12937,15
12687,15
12657,15
12627,15
12592,15
12571,15
12489,15
12483,15
12350,15
12336,15
12298,15
12286,15
12274,15
12259,15
12246,15
12235,15
12223,15
12222,15
12215,15
12191,15
12147,15
12112,15
12106,15
12102,15
11989,15
11960,15
11945,15
11940,15
11934,15
11907,15
11791,15
11602,15
11579,15
11425,15
11126,15
11095,15
10922,15
10899,15
10864,15
10811,15
10721,15
10559,15
10555,15
10173,15
10098,15
9557,15
15528,15
8802,15
8717,15
8684,15
8656,15
8567,15
8543,15
8540,18
21393,15
14729,15
1789,17
14642,15
21073,19
8220,15
7912,15
7896,15
7891,15
20744,15
14178,15
20523,16
7670,15
20457,19
7604,15
20446,18
7593,15
7464,15
20207,18
7354,15
7352,15
13753,15
7220,15
725,15
6888,15
19642,18
6789,15
13186,15
13184,17
331,15
13105,15
6682,15
12959,15
6538,15
6497,15
6445,15
19170,16
6317,15
6315,15
12694,15
12646,15
6177,15
18988,19
6135,15
12509,15
12316,15
12229,15
12219,15
12159,15
5711,17
18564,15
12131,15
12101,15
5675,15
12024,15
18438,17
5585,15
5533,15
11913,15
5363,15
11767,15
11707,15
11598,15
5128,16
17981,15
11515,15
17703,18
4850,15
4812,15
4776,15
11086,15
4591,15
4537,15
4365,15
10662,15
4167,15
3879,15
10208,15
552,15
10058,15
409,17
13262,15
366,15
13188,15
6767,15
6723,15
191,15
3389,15
3367,15
135,19
12988,15
12910,15
12853,15
6331,15
12731,15
3100,15
12716,15
3092,15
12696,15
15881,16
3028,15
9434,15
12632,15
2971,15
2867,15
5955,15
5951,15
15590,16
2737,15
2559,15
8951,15
8933,15
18539,19
5686,15
8849,15
2419,15
11861,15
8510,17
21363,15
11679,15
2027,15
13024,15
3303,15
8103,15
14499,15
38,18
12891,15
12883,15
3223,19
16076,15
3219,15
3217,15
20836,18
7983,15
1526,15
3117,17
15970,15
11070,15
7867,15
11051,15
4615,15
4584,15
2963,18
15816,15
1292,15
1209,15
10832,15
1125,15
9102,15
20337,18
7484,15
1020,15
194,15
185,15
969,15
12091,15
13708,15
3243,17
16096,15
7199,15
1588,15
767,15
1497,15
9510,15
5755,15
14177,15
2126,15
2912,15
10128,15
8113,15
12514,15
6003,15
3573,15
369,15
3572,15
2371,15
12395,15
1153,15
7149,15
735,15
13141,15
1875,15
50,15
441,15
14805,15
3345,15
3093,15
4474,15
1665,15
6853,15
447,15
1741,15
1740,15
3133,15
15368,15
932,15
1220,15
8080,15
3122,15
10752,15
10442,15
6886,15
233,15
1201,15
13694,15
840,15
21479,16
21453,16
21272,16
21271,16
21265,16
21256,16
21236,16
21234,16
21232,16
21221,16
21215,16
21194,16
21189,16
21114,16
21053,16
21049,16
21045,16
21022,16
21012,16
20969,16
20920,16
20896,16
20813,16
20812,16
20800,16
20798,16
20779,16
20672,16
20660,16
20658,16
20648,16
20630,16
20564,16
20561,16
20545,16
20502,16
20499,16
20470,16
20440,16
20407,16
20400,16
20284,16
20278,16
20255,16
20237,16
20105,16
19978,16
19850,16
19803,16
19745,16
19723,16
19710,16
19427,16
19171,16
19009,16
18953,16
18718,16
18699,16
18283,16
18155,16
17988,16
17802,16
17616,16
17556,16
16910,16
16858,16
16818,16
16816,16
16802,16
16715,16
16705,16
16672,16
16461,16
16388,16
16377,16
16376,16
16371,16
16317,16
16284,16
15834,16
15790,16
15136,16
14516,16
12721,16
12715,16
12631,16
12624,16
12306,16
12207,16
12085,16
12061,16
12042,16
11879,16
11736,16
11727,16
11667,16
11629,16
11621,16
11564,16
11543,16
11500,16
11494,16
11443,16
11307,16
11047,16
10980,16
10601,16
10499,16
10478,16
10225,16
10119,16
10108,16
10037,16
9995,16
9961,16
9914,16
9558,16
9441,16
9427,16
9346,16
9278,16
9267,16
9250,16
9235,16
9111,16
15495,16
8956,16
15349,17
2496,16
8860,16
15205,16
15109,16
8595,17
21448,16
8581,16
14998,16
8458,16
21260,17
8407,16
8394,16
8364,16
8254,16
8001,16
7884,16
14285,16
7728,16
7476,16
7472,16
7459,16
7331,16
7072,16
560,16
6865,16
6622,17
19475,16
12915,16
12904,16
6475,16
6293,16
6233,16
6181,16
6104,16
5993,16
5969,16
5922,16
12334,16
12240,16
5744,16
12110,16
5492,16
5438,16
5407,16
5367,16
5308,16
11685,16
11664,16
11569,16
11549,16
11503,16
11479,16
11478,16
5055,16
4814,16
4794,16
4792,16
4692,17
17545,16
4457,16
4330,16
3989,16
7157,16
715,16
698,16
3786,16
3697,16
466,16
16490,18
3637,16
19690,19
6837,16
19683,19
6830,16
9963,16
169,16
19127,17
6274,16
6254,16
9444,16
6186,16
6185,16
6173,16
9366,16
15692,18
2839,16
9260,16
15669,16
5994,16
12352,16
2548,16
5731,16
8925,16
2490,16
2483,18
15336,16
5632,16
8826,16
18435,17
5582,16
15190,17
2337,16
8767,16
2320,16
8731,16
5494,16
5437,16
5415,16
557,16
5356,16
2112,16
8528,16
2092,16
10097,16
449,16
6848,16
3557,16
16410,16
16398,19
3545,16
6729,16
1846,16
1803,16
167,16
1638,16
1610,16
4805,16
4788,16
1585,16
1524,16
7841,16
7830,16
1404,16
6179,16
1364,16
12505,16
6084,16
2873,16
9270,16
1245,16
1229,16
4419,16
1188,16
1160,16
1137,16
4307,16
8318,16
4288,16
20358,18
7505,16
8292,16
1063,16
1849,16
7441,16
6597,17
19450,16
998,16
4194,16
187,16
12204,16
2580,16
13027,16
8986,16
6495,16
5682,16
7272,16
12014,16
17644,17
4791,16
3994,16
783,16
10381,16
15180,16
2338,16
7139,16
7113,18
19966,16
3903,16
1492,16
3895,16
11112,16
12704,16
4155,16
530,16
1722,16
528,16
7735,16
11733,16
5312,16
9311,16
846,16
12869,16
6799,16
1198,16
1176,16
6785,16
773,16
16824,17
3971,16
728,16
5911,16
2298,16
11499,16
4273,16
20344,18
7491,16
6456,16
9029,16
10023,16
1351,16
9964,16
21373,18
8520,16
65,16
3672,16
5650,16
7096,16
1642,16
12153,16
15782,18
2929,16
1525,16
2005,16
16874,19
4021,16
7634,16
21503,17
21382,17
21238,17
21179,17
20946,17
20887,17
20834,17
20824,17
20753,17
20682,17
20517,17
20180,17
20174,17
19975,17
18917,17
18875,17
18415,17
18356,17
18351,17
18332,17
18252,17
17870,17
17822,17
17760,17
17716,17
17700,17
17589,17
17563,17
16983,17
16885,17
16871,17
16734,17
16644,17
16589,17
16577,17
16512,17
16495,17
16434,17
16332,17
16215,17
16159,17
16152,17
16123,17
16097,17
16023,17
15979,17
15885,17
15841,17
15785,17
15762,17
15296,17
15292,17
15210,19
2357,17
15103,17
14672,17
13136,17
12755,17
12702,17
12573,17
12521,17
12460,17
12391,17
12383,17
12225,17
12216,17
12202,17
12195,17
12059,17
12044,17
12033,17
11925,17
11728,17
11726,17
11711,17
11663,17
11522,17
11490,17
11381,17
11349,17
11344,17
11292,17
11272,17
11137,17
11123,17
11049,17
11035,17
10989,17
10988,17
10943,17
10849,17
10551,17
10470,17
10453,17
10445,17
10434,17
10419,17
10342,17
10328,17
10233,17
10140,17
9981,17
9967,17
9940,17
9927,17
9869,17
9814,17
9641,17
9556,17
9505,17
9465,17
9410,17
15674,17
9161,17
9156,17
8932,17
8866,17
15281,17
2428,17
8799,17
8526,17
21333,19
8480,17
8373,17
14697,17
8138,17
20904,18
8051,17
8050,17
8039,17
8010,17
20825,18
7972,17
7903,17
7902,17
7876,17
20728,18
7875,17
7470,17
7442,17
7427,17
7359,17
7332,17
7212,17
13192,17
6503,17
12917,17
64,17
6361,17
6282,17
6277,17
6220,17
19073,17
6217,17
6199,17
12236,17
5660,17
5647,17
12048,17
5627,17
5563,17
11979,17
11898,17
5345,17
11717,17
11708,17
5287,17
5272,17
11674,17
5141,17
11539,17
11506,17
11492,17
5071,17
4894,17
4810,17
4795,17
4751,17
11113,17
4621,17
10826,17
4160,17
10541,17
10447,17
16865,18
4012,17
10414,17
3856,17
3846,17
3841,17
3790,17
3743,17
3721,18
16574,17
10090,17
3649,18
16502,17
10052,17
10000,17
6762,17
356,17
9974,17
13180,17
6752,17
3490,19
16343,17
9884,17
3425,17
16278,17
3420,17
3399,19
16252,17
6592,17
6581,17
164,17
3309,17
3261,17
9560,17
3062,17
9337,17
9328,17
2833,17
15641,17
12389,17
5965,17
2729,17
9139,17
2711,17
9059,17
9032,17
2596,17
5787,17
8999,17
2569,17
15386,17
5743,17
15325,17
8903,17
8830,17
15240,17
12017,17
5586,17
2307,17
5472,17
15107,17
5431,17
18238,19
5385,17
2108,17
14949,17
2097,17
6863,17
3645,17
6841,17
6748,17
6721,17
6689,17
5092,17
11504,17
14666,17
1787,17
11393,17
3320,19
16173,17
6547,17
12878,17
23,17
1620,17
12831,17
4804,17
8022,17
1572,17
11192,17
1502,17
1466,17
7870,17
6246,17
1433,17
1428,17
1414,17
1391,17
12600,17
1339,17
10944,17
9302,17
1269,17
1260,17
7673,17
7647,17
1210,17
1208,17
9206,17
12378,17
1104,17
1084,17
9098,17
1024,17
1016,17
983,17
11395,17
4974,17
2505,17
15309,17
8055,17
1634,17
3205,17
3937,17
3910,17
2297,17
15944,18
3091,17
9373,17
7763,17
505,17
8547,17
8943,17
12532,17
504,17
7722,17
2890,17
1658,17
10822,17
10025,17
372,19
13225,17
12397,17
9194,17
13197,17
15213,17
9977,17
743,17
13187,17
334,17
6740,17
9926,17
3899,17
696,17
299,17
4410,17
3396,17
963,17
11385,17
3751,18
16604,17
14993,17
130,17
145,17
922,17
10544,17
11497,17
16122,19
3269,17
15598,17
10518,17
4447,17
6699,17
14975,17
1732,17
2953,17
18,17
1347,17
550,17
2810,17
10440,17
16872,19
4019,17
852,17
3890,17
10105,17
21437,18
21436,18
21414,18
21413,18
21386,18
21385,18
21360,18
21356,18
21330,18
21324,18
21322,18
21315,18
21308,18
21298,18
21264,18
21211,18
21199,18
21109,18
21095,18
21081,18
21055,18
21044,18
21014,18
20988,18
20973,18
20937,18
20915,18
20894,18
20822,18
20784,18
20776,18
20715,18
20706,18
20680,18
20639,18
20628,18
20569,18
20548,18
20533,18
20490,18
20463,18
20455,18
20450,18
20448,18
20443,18
20442,18
20414,18
20391,18
20378,18
20368,18
20339,18
20332,18
20309,18
20299,18
20273,18
20269,18
20256,18
20252,18
20249,18
20233,18
20221,18
20217,18
20213,18
20189,18
20187,18
20181,18
20166,18
19742,18
19674,18
19254,18
19174,18
19029,18
18769,18
18627,18
18483,18
18052,18
17964,18
17922,18
17900,18
17032,18
16735,18
16662,18
16584,18
16569,18
16421,18
16363,18
16350,18
16311,18
16263,18
16207,18
16141,18
15980,18
15908,18
15886,18
15515,18
2534,19
15387,18
15211,18
15141,18
14860,18
14504,19
1651,18
13014,18
12829,18
12783,18
12616,18
12266,18
12211,18
12005,18
11855,18
11528,18
11470,18
11283,18
11221,18
11220,18
11060,18
10907,18
10529,18
10430,18
10393,18
10284,18
10235,18
10130,18
9860,18
9825,18
9744,18
9478,18
9229,18
9187,18
9160,18
9127,18
9115,18
9091,18
8997,18
8890,18
8745,18
8644,18
8614,18
8611,18
8509,19
21362,18
8262,18
8226,18
8125,18
8048,18
7970,18
7836,18
20679,19
7826,18
7821,18
7790,18
7726,18
7533,19
20386,18
13890,18
7264,18
20117,18
7244,18
7008,18
6771,18
6765,18
6586,18
6372,18
6349,18
6134,18
6094,18
6073,18
6047,18
5926,18
5710,19
18563,18
11859,18
11850,18
5402,18
11724,18
5264,18
11635,18
11481,18
11475,18
4827,18
11227,18
4755,18
11168,18
11111,18
4574,18
4357,18
4149,18
4105,18
4094,18
4089,18
3968,18
3860,18
7061,18
3840,18
6999,18
3775,19
16628,18
494,18
6840,18
3585,18
6787,18
9985,18
3480,18
3456,18
3422,19
16275,18
3416,19
16269,18
196,18
160,18
11,18
9576,18
6356,18
9519,18
12664,18
12619,18
6198,18
6165,18
2962,18
15695,18
12463,18
9189,18
15594,18
15570,18
12296,18
2659,18
15489,18
2574,19
15427,18
8979,18
8976,18
8972,18
5594,18
2253,18
15079,18
15053,18
2205,18
8619,18
3760,18
2137,18
11721,18
2089,18
2055,18
5257,18
2048,18
5219,18
14752,18
1764,18
11359,18
9741,18
1688,18
6466,18
6447,18
14,18
7948,18
20801,18
1381,18
2961,18
4472,18
7686,18
10840,18
1181,18
12346,18
16370,19
3517,18
3468,18
1059,18
1013,18
986,18
6591,18
976,18
1765,18
968,18
10532,18
74,18
4092,18
4085,18
4014,18
3996,18
5556,18
1529,18
10349,18
6297,18
8702,18
2279,18
7083,18
5358,18
8970,18
6115,18
1314,18
8005,18
10411,18
1178,18
6790,18
774,18
4376,18
7120,18
10338,18
1108,18
1096,18
1070,18
1853,18
399,18
8155,18
1727,18
4123,18
920,18
899,18
1677,18
883,18
8294,18
9177,18
4562,18
1644,18
8868,18
15380,18
2133,18
2433,18
12150,18
1205,18
1087,18
887,18
21404,19
21401,19
21387,19
21357,19
21319,19
21287,19
21228,19
21071,19
21040,19
20945,19
20905,19
20797,19
20396,19
20352,19
20311,19
20298,19
19984,19
19959,19
19837,19
19831,19
19830,19
19799,19
19751,19
19507,19
19441,19
19435,19
19411,19
19343,19
19270,19
19256,19
19050,19
18986,19
18689,19
18313,19
18223,19
18217,19
18182,19
18017,19
17872,19
17857,19
17837,19
17812,19
17785,19
17784,19
17777,19
17776,19
17766,19
17579,19
17576,19
17506,19
17479,19
17182,19
17178,19
17164,19
17151,19
17146,19
17127,19
17115,19
17004,19
16925,19
16923,19
16873,19
16851,19
16700,19
16685,19
16667,19
16444,19
16443,19
16427,19
16163,19
16145,19
16100,19
16091,19
16026,19
15997,19
15894,19
15810,19
15682,19
15600,19
15565,19
15255,19
14736,19
14623,19
13189,19
13072,19
12827,19
12689,19
12676,19
12443,19
12305,19
12281,19
12250,19
12156,19
11968,19
11514,19
11449,19
11299,19
11255,19
11253,19
11144,19
11143,19
11101,19
11063,19
11041,19
11029,19
10950,19
10908,19
10883,19
10843,19
10794,19
10423,19
10348,19
10224,19
9872,19
9804,19
9668,19
9509,19
9487,19
9343,19
9285,19
9205,19
9047,19
8962,19
8944,19
8823,19
8781,19
8571,19
8512,19
8496,19
8327,19
14619,19
8091,19
8020,19
7997,19
7977,19
7963,19
7847,19
7839,19
7824,19
7791,19
14131,19
7639,19
7592,19
7494,19
7490,19
7482,19
7469,19
7319,19
7253,19
714,19
7126,19
496,19
13212,19
13210,19
13194,19
13182,19
13103,19
6473,19
6463,19
12699,19
6223,19
12629,19
12610,19
12605,19
6178,19
12546,19
6103,19
6096,19
6085,19
18938,19
6082,19
6027,19
12390,19
12356,19
12331,19
5750,19
12138,19
12050,19
5516,19
5392,19
5377,19
5349,19
11755,19
11748,19
11744,19
5303,19
5286,19
5177,19
4908,19
11315,19
11271,19
11078,19
10928,19
10872,19
4369,19
4204,19
4153,19
10462,19
3993,19
3991,19
3933,19
3920,19
3839,19
3833,19
10213,19
6815,19
13251,19
302,19
3418,19
3271,19
3229,19
9539,19
9526,19
12722,19
9472,19
6202,19
9403,19
6157,19
2902,19
6070,19
15698,19
15675,19
2799,19
2792,19
2746,19
2652,19
9014,19
8975,19
2540,19
5671,19
2376,19
8771,19
5442,19
2219,19
8632,19
2168,19
6953,19
8558,19
21411,19
14921,19
5121,19
6712,19
1835,19
8222,19
1673,19
3263,19
9640,19
3216,19
1581,19
7993,19
1562,19
9382,19
10909,19
6065,19
9283,19
7650,19
9246,19
1182,19
10784,19
5947,19
10748,19
1118,19
2714,19
4306,19
5902,19
2699,19
8298,19
10676,19
8258,19
2637,19
9027,19
3394,19
16247,19
7407,19
12203,19
4884,19
7305,19
1667,19
15276,19
768,19
11201,19
1577,19
9582,19
3161,19
748,19
3085,19
2281,19
1477,19
12973,19
2552,19
545,19
12146,19
11738,19
6093,19
1291,19
6873,19
3632,19
381,19
9202,19
2375,19
13211,19
11599,19
7992,19
12719,19
3095,19
9088,19
10694,19
853,19
12886,19
6665,19
7443,19
4964,19
960,19
1354,19
5154,19
4937,19
12965,19
4106,19
1299,19
3298,19
14201,19
3356,19
5665,19
844,19
6856,19
6499,19
3336,19
1739,19
3239,19
836,19
2526,19
7749,19
1213,19
