21321,0
20058,0
19069,0
18459,0
17059,0
15914,0
15858,0
14928,0
14885,0
14783,0
12814,0
12813,0
11183,0
11173,0
10332,0
10322,0
9393,0
9265,0
9201,0
9124,0
8684,0
21536,36
8683,0
8654,0
14988,0
14923,0
14828,17
1975,0
14293,14
1440,0
13286,0
6092,35
18945,0
18688,15
5835,0
5576,29
18429,0
5495,46
18348,0
5214,0
18028,51
5175,0
18001,47
5148,0
17751,5
4898,0
10678,0
16970,10
4117,0
4096,0
16916,5
4063,0
10394,0
6995,0
16645,4
3792,0
6939,0
19788,39
6935,0
16554,46
3701,0
6872,0
416,40
13269,0
3072,57
15925,0
2977,0
9349,0
5972,0
11893,0
2246,0
15017,0
16492,29
3639,0
1910,0
259,0
19368,57
6515,0
3254,19
16107,0
11230,0
11190,0
1537,0
15817,13
2964,0
4385,9
17238,0
7577,0
7569,0
9903,0
3474,3
16327,0
8270,12
21123,0
908,0
10324,0
4697,0
686,12
13539,0
293,0
13237,0
1946,0
16170,57
3317,0
6486,0
9374,0
1030,0
19657,5
6804,0
9305,0
21574,1
21532,1
20159,1
20025,1
19529,1
19191,1
18902,1
18549,1
18490,1
18465,1
18374,1
18009,1
17952,1
17758,1
17352,1
17343,1
17128,1
17077,1
16993,1
16987,1
16429,1
16331,1
16177,1
16150,1
16125,1
16120,1
15096,1
13321,1
435,15
13288,1
12799,1
12788,1
12748,1
12627,1
12278,1
12259,1
12197,1
11907,1
11848,1
11789,1
11746,1
11425,1
11291,1
11103,1
10864,1
10721,1
10289,1
9943,1
8802,1
8757,1
8677,1
8638,17
21491,1
2196,43
15049,1
2065,39
14918,1
8490,32
21343,1
21197,36
8344,1
1789,20
14642,1
14626,43
1773,1
20328,55
7475,1
7032,1
19882,13
7029,1
19823,33
6970,1
6764,1
6483,1
6376,1
12774,1
12732,1
6178,1
6169,34
19022,1
18944,14
6091,1
6063,1
12469,1
18851,21
5998,1
12398,1
5667,15
18520,1
5453,1
18300,35
5447,1
11831,1
11817,1
18093,15
5240,1
5237,1
5194,1
17311,36
4458,1
4439,32
17292,1
4407,36
17260,1
4405,36
17258,1
4152,52
17005,1
4067,1
10354,1
7129,52
19982,1
3926,15
16779,1
690,16
13543,1
7075,1
3838,1
7031,1
3828,14
16681,1
16678,32
3825,1
16653,32
3800,1
16615,39
3762,1
409,43
13262,1
3520,1
6659,55
19512,1
16288,18
3435,1
9841,1
9792,1
3371,1
16045,50
3192,1
6352,1
15984,9
3131,1
15981,4
3128,1
12731,1
3016,1
6188,17
19041,1
5787,1
5742,16
18595,1
15227,48
2374,1
18376,42
5523,1
11858,1
3694,1
2010,1
1995,1
1933,1
6658,24
19511,1
1815,1
8103,1
20947,8
8094,1
9675,1
3219,1
3216,1
6369,1
15956,15
3103,1
4637,1
1427,1
11030,1
9294,1
4475,44
17328,1
1125,1
1919,1
1885,1
1019,1
4218,3
17071,1
15410,1
4174,34
17027,1
8114,1
896,1
12091,1
3243,55
16096,1
677,36
13530,1
4695,1
17544,4
4691,1
2155,1
16513,47
3660,1
7679,23
20532,1
6384,1
9196,1
1971,1
15550,1
3472,1
1078,1
3253,1
6816,1
18660,38
5807,1
16213,36
3360,1
21037,12
8184,1
13008,1
9769,1
8172,1
4525,1
16319,4
3466,1
6453,1
9761,1
3133,1
16588,38
3735,1
3122,1
6005,46
18858,1
233,1
7222,1
10464,1
17113,2
15585,2
15573,40
2720,2
14932,57
2079,2
1686,15
14539,2
14263,2
14166,32
1313,2
12574,2
12237,2
11451,2
11211,2
11015,2
10894,2
10547,2
10432,2
10237,2
10002,2
9959,2
9618,2
9599,2
9413,2
9388,2
8846,2
8784,2
15161,14
2308,2
15029,2
21415,3
8562,2
14909,10
2056,2
8479,2
21175,50
8322,2
21173,51
8320,2
8221,2
7864,2
14212,36
1359,2
20235,59
7382,2
7349,2
7158,2
7064,2
6913,42
19766,2
13067,36
214,2
6635,2
12862,3
9,2
6222,2
11643,2
4796,2
17632,47
4779,2
4551,2
17028,14
4175,2
10566,2
10509,2
20038,7
7185,2
19913,42
7060,2
10222,2
10208,2
10068,2
16473,32
3620,2
3578,2
3409,17
16262,2
9414,2
9383,2
9371,2
15593,2
8797,2
18393,36
5540,2
15112,36
2259,2
5440,2
2198,2
8513,2
442,2
6734,2
11510,2
14629,2
19272,15
6419,2
1526,2
20719,36
7866,2
1429,17
14282,2
3025,57
15878,2
10805,2
7217,2
3939,45
16792,2
21575,26
8722,2
19943,15
7090,2
146,2
5351,2
125,35
12978,2
8467,2
1575,2
16428,12
3575,2
1571,2
8791,2
11358,2
10054,2
3598,2
16197,26
3344,2
19489,36
6636,2
21360,3
21308,3
20256,3
18483,3
17964,3
17922,3
17900,3
16662,3
16363,3
16207,3
16141,3
15980,3
15575,15
2722,3
2606,13
15459,3
2534,57
15387,3
14876,3
14860,3
1047,41
13900,3
12783,3
12005,3
11855,3
11221,3
11220,3
10284,3
10235,3
9825,3
9744,3
9478,3
9229,3
9187,3
9160,3
9127,3
8644,3
8614,3
8611,3
8509,38
21362,3
8125,3
7869,3
7367,36
20220,3
20112,12
7259,3
7008,3
6771,3
6372,3
6349,3
5710,24
18563,3
5644,57
18497,3
11859,3
11850,3
5264,3
5188,3
11227,3
4776,3
11168,3
4657,3
4574,3
4149,3
4105,3
4094,3
4089,3
19856,23
7003,3
6999,3
3788,16
16641,3
16432,9
3579,3
3480,3
3456,3
6356,3
3023,47
15876,3
2962,3
12463,3
9189,3
2666,3
2574,54
15427,3
5594,3
21521,7
8668,3
8619,3
2137,3
5257,3
5219,3
16339,25
3486,3
5048,30
17901,3
8224,15
21077,3
9741,3
1688,3
17502,38
4649,3
17463,27
4610,3
15816,6
2963,3
2961,3
2960,3
7686,3
16370,55
3517,3
3468,3
10644,3
16953,55
4100,3
4092,3
4085,3
10349,3
8702,3
3322,54
16175,3
5661,24
18514,3
10338,3
6708,13
19561,3
8155,3
4123,3
920,3
899,3
883,3
9177,3
4562,3
15380,3
541,3
8905,3
887,3
21405,4
21257,4
21255,4
21205,4
21182,4
21181,4
21148,4
21135,4
21100,4
21042,4
21017,4
20969,4
20943,4
20932,4
20930,4
20926,4
20888,4
20768,4
20695,4
20654,4
20566,4
20415,4
20388,4
20364,4
19803,4
18158,4
17617,4
17616,4
16921,4
16816,4
16815,4
16795,4
16708,4
16687,4
16633,4
16598,4
16592,4
16448,4
16221,4
16015,4
16013,4
2748,8
15601,4
15357,13
2504,4
14985,4
2128,36
14981,4
2118,13
14971,4
14873,41
2020,4
14525,4
13092,4
12674,4
12187,4
12063,4
12022,4
10885,4
10174,4
10119,4
10108,4
9678,4
9606,4
9572,4
9486,4
9273,4
9263,4
9238,4
9103,4
8859,4
15205,4
2175,34
15028,4
15027,4
14998,4
8497,38
21350,4
21219,46
8366,4
8252,10
21105,4
8130,47
20983,4
14285,4
7843,4
7728,4
14146,27
1293,4
7519,32
20372,4
7518,32
20371,4
7476,4
7190,4
756,4
7079,4
338,36
13191,4
6743,4
13122,4
13054,15
201,4
12904,4
6311,4
6172,4
6107,4
6055,4
18783,17
5930,4
5913,4
5496,4
5451,4
5355,4
18150,13
5297,4
4999,4
4807,55
17660,4
4803,4
10972,4
17304,10
4451,4
4257,4
4176,4
10573,4
7078,4
3864,47
16717,4
3801,50
16654,4
16635,59
3782,4
10196,4
3667,4
19683,47
6830,4
3605,25
16458,4
9963,4
6231,4
6213,4
2970,36
15823,4
2954,47
15807,4
9366,4
6130,4
6105,4
15669,4
15605,57
2752,4
2760,27
15613,4
2561,4
18602,5
5749,4
5731,4
8925,4
12098,4
16638,18
3785,4
2101,59
14954,4
5215,26
18068,4
6669,4
4911,4
1610,4
1566,4
7964,48
20817,4
1527,4
19159,24
6306,4
3043,55
15896,4
1384,4
1265,4
14093,4
15667,4
1177,4
5100,4
20358,59
7505,4
1009,4
4194,4
3381,38
16234,4
8986,4
1494,4
12704,4
1264,4
773,4
15207,4
1532,4
18388,17
5535,4
4273,4
1033,4
6642,4
5209,54
18062,4
9964,4
12995,35
142,4
5119,47
17972,4
8337,50
21190,4
7520,32
20373,4
2099,4
13114,4
535,4
2836,4
3633,5
16486,4
8338,12
21191,4
14970,4
16874,35
4021,4
6505,4
7508,4
6696,4
8858,4
21480,5
21453,5
21271,5
21256,5
21236,5
21194,5
21132,5
21022,5
20974,5
20894,5
20672,5
20658,5
20606,5
20561,5
20545,5
20499,5
20498,5
20490,5
20400,5
20385,5
19723,5
19704,5
19369,5
18718,5
18155,5
18120,5
17556,5
17547,5
16910,5
16825,5
16803,5
16802,5
16551,5
16385,5
16376,5
16371,5
16347,5
16317,5
15888,5
15790,5
15476,5
15119,23
2266,5
1769,32
14622,5
14180,8
1327,5
211,36
13064,5
11727,5
11621,5
11494,5
11336,5
10924,5
10853,5
9961,5
9346,5
2695,43
15548,5
8810,5
15062,5
8636,24
21489,5
15000,5
2130,13
14983,5
8428,14
21281,5
21260,44
8407,5
8342,13
21195,5
8313,59
21166,5
8131,34
20984,5
8119,34
20972,5
14300,5
7730,8
20583,5
7674,52
20527,5
7620,30
20473,5
7012,58
19865,5
19712,50
6859,5
12915,5
6323,5
12596,5
6175,5
5950,5
5879,26
18732,5
11980,5
5444,5
5327,37
18180,5
5212,41
18065,5
17943,7
5090,5
5055,5
5029,5
4690,47
17543,5
4521,5
4457,5
17291,34
4438,5
4292,5
4169,5
20045,36
7192,5
10254,5
3697,5
3695,5
16490,59
3637,5
169,5
12919,49
66,5
9682,5
3036,48
15889,5
12570,5
6129,5
9274,5
6041,5
2815,17
15668,5
2751,5
18751,15
5898,5
9066,5
2590,5
5716,5
18435,48
5582,5
15221,5
15190,8
2337,5
8767,5
5473,47
18326,5
2182,5
2107,17
14960,5
2092,5
3676,5
11666,5
3623,19
16476,5
8353,33
21206,5
6729,5
6523,5
45,47
12898,5
6455,46
19308,5
4729,5
14313,36
1460,5
1320,5
7734,5
6084,5
7618,15
20471,5
7568,36
20421,5
21193,50
8340,5
4239,5
4219,5
4216,5
19462,38
6609,5
12204,5
6495,5
5682,5
7985,45
20838,5
1554,5
3957,47
16810,5
3948,35
16801,5
3944,32
16797,5
7950,36
20803,5
3903,5
3895,5
11112,5
4155,5
1344,5
2115,13
14968,5
9333,5
6785,5
3582,5
2298,5
9029,5
65,5
16521,33
3668,5
16583,55
3730,5
21562,6
20757,6
19418,6
19062,6
18665,6
17169,6
15996,6
15989,6
15950,6
15597,15
2744,6
1759,50
14612,6
12933,45
80,6
12706,6
9956,6
20833,59
7980,6
20671,59
7818,6
6976,6
13159,6
6441,57
19294,6
12714,6
12703,6
6051,37
18904,6
12435,6
5410,6
5060,6
11059,6
4333,17
17186,6
10594,6
4084,6
16783,52
3930,6
3797,36
16650,6
10183,6
16206,46
3353,6
58,6
3105,6
2915,16
15768,6
2872,6
2858,6
9012,6
15321,39
2468,6
2260,6
5443,25
18296,6
10155,6
166,16
13019,6
17791,9
4938,6
14573,6
111,6
17372,26
4519,6
1308,6
4327,56
17180,6
1100,6
5080,24
17933,6
7437,6
20274,29
7421,6
4811,6
16201,36
3348,6
4544,6
4055,36
16908,6
21556,7
21512,7
21339,7
21303,7
21138,7
21130,7
21076,7
20925,7
20907,7
20769,7
20089,7
20080,7
20012,7
19993,7
19557,7
18674,7
18160,7
18050,7
17877,7
2819,36
15672,7
2783,48
15636,7
2630,18
15483,7
12842,7
12791,7
12027,7
11551,7
11460,7
11447,7
11444,7
11430,7
11297,7
10048,7
9797,7
9720,7
9689,7
9535,7
15694,7
2803,25
15656,7
9134,7
8710,7
8641,7
21460,50
8607,7
8489,43
21342,7
8424,30
21277,7
8309,7
8275,44
21128,7
7942,16
20795,7
7669,7
7643,36
20496,7
13270,7
11555,7
11450,7
11322,7
11314,7
11163,7
4712,7
4595,10
17448,7
10774,7
10661,7
4205,8
17058,7
16992,33
4139,7
7218,45
20071,7
3999,35
16852,7
10418,7
7136,14
19989,7
3892,36
16745,7
10213,7
13144,7
3222,36
16075,7
9348,7
9220,7
2764,47
15617,7
15453,7
2579,16
15432,7
2531,26
15384,7
8674,7
21523,36
8670,7
8658,7
8624,52
21477,7
21441,59
8588,7
8334,25
21187,7
8269,32
21122,7
8040,13
20893,7
14270,7
15562,7
7495,29
20348,7
2620,7
7234,23
20087,7
4038,7
5127,13
17980,7
13950,7
3347,13
16200,7
16286,45
3433,7
21238,8
21103,8
21053,8
21034,8
20976,8
20770,8
20634,8
20493,8
20237,8
20180,8
20138,8
18875,8
18258,8
17795,8
16022,8
15834,8
15561,33
2708,8
15246,13
2393,8
14587,15
1734,8
14542,15
1689,8
12715,8
11758,8
11106,8
10980,8
10601,8
10561,8
15521,8
9097,8
8956,8
8595,41
21448,8
8391,30
21244,8
8311,25
21164,8
8289,50
21142,8
20883,30
8030,8
8017,8
20807,39
7954,8
7723,8
7510,13
20363,8
7466,56
20319,8
13854,8
20191,44
7338,8
7276,12
20129,8
388,8
6791,47
19644,8
6293,8
19101,14
6248,8
6240,8
6073,8
5993,8
5868,47
18721,8
12240,8
5680,8
5658,8
5575,8
11904,8
5438,8
5417,8
5407,8
11690,8
11685,8
11569,8
17981,23
5128,8
17948,13
5095,8
11479,8
10973,8
10919,8
17329,34
4476,8
17199,41
4346,8
17166,13
4313,8
16865,59
4012,8
715,8
16723,10
3870,8
16487,39
3634,8
361,48
13214,8
6641,8
19506,34
6653,8
5975,33
18828,8
15571,15
2718,8
5894,8
15233,46
2380,8
10185,8
557,8
3734,16
16587,8
420,8
1872,8
1861,8
167,8
1638,8
17618,36
4765,8
11031,8
14220,10
1367,8
1364,8
1245,8
1188,8
1160,8
4307,8
1084,8
210,8
6597,43
19450,8
998,8
187,8
4974,8
1765,8
837,8
10381,8
3900,8
6934,36
19787,8
7735,8
6504,37
19357,8
17347,15
4494,8
1258,8
1198,8
1176,8
2750,8
731,8
17157,14
4304,8
11630,8
10023,8
3602,8
12115,8
12874,8
5741,8
1283,8
859,8
17672,37
4819,8
21222,9
21196,9
20657,9
20646,9
19812,9
19466,9
19440,9
19365,9
19304,9
18997,9
18832,9
18713,9
17975,9
17848,9
17661,9
17558,9
16911,9
16808,9
16719,9
16337,9
13138,9
12572,9
12569,9
12255,9
12244,9
12035,9
11750,9
11687,9
11565,9
11424,9
11340,9
11317,9
11018,9
10963,9
10884,9
10870,9
10600,9
10500,9
10427,9
10083,9
10032,9
9970,9
9937,9
9896,9
9652,9
9475,9
15679,9
2826,9
9113,9
2474,20
15327,9
8893,9
15153,9
8635,13
21488,9
15020,15
2167,9
21412,44
8559,9
8317,9
8297,9
8291,9
8286,9
14646,9
14540,9
7893,25
20746,9
7817,35
20670,9
7774,9
20529,44
7676,9
7462,9
20302,12
7449,9
20241,44
7388,9
13633,36
780,9
7048,9
534,9
6809,9
6798,43
19651,9
6701,9
13118,9
260,47
13113,9
19534,36
6681,9
19447,14
6594,9
6522,9
19375,9
6458,9
19097,36
6244,9
6227,9
6102,9
18955,9
12506,9
5906,9
12239,9
18445,36
5592,9
18383,36
5530,9
5461,9
5316,9
17896,13
5043,9
17866,38
5013,9
11354,9
10599,9
10597,9
10538,9
4065,39
16918,9
3954,59
16807,9
16727,38
3874,9
16608,12
3755,9
10094,9
3631,9
3569,59
16422,9
13203,9
6621,26
19474,9
6313,9
9525,9
9428,9
18895,24
6042,9
5968,9
2761,9
15553,18
2700,9
2518,9
2488,9
8899,9
2478,9
5624,9
15188,50
2335,9
2270,9
5455,38
18308,9
2234,9
3713,9
11689,9
10046,9
21300,50
8447,9
6783,9
8350,44
21203,9
8339,37
21192,9
9930,9
13131,9
6680,9
13093,9
6672,9
8219,9
17825,48
4972,9
14524,9
19273,13
6420,9
8027,9
3163,17
16016,9
1449,9
1446,9
14154,17
1301,9
1288,9
1284,9
2825,9
1225,9
2807,9
20474,36
7621,9
17958,47
5105,9
20321,13
7468,9
2613,9
12914,9
18398,55
5545,9
6299,9
6288,9
538,9
2924,15
15777,9
4517,9
5313,50
18166,9
10925,9
1643,9
10053,9
15259,9
17273,36
4420,9
19667,51
6814,9
5984,9
20037,24
7184,9
5976,9
9994,9
3547,57
16400,9
7953,9
7949,19
20802,9
6298,9
18354,46
5501,9
5078,9
151,9
4361,9
539,9
6557,24
19410,9
2519,9
1271,9
8580,9
739,9
10556,9
6325,37
19178,9
1328,9
2437,9
21501,10
21391,10
21023,10
20787,10
20469,10
20439,10
20409,10
19546,10
19293,10
18992,10
18421,10
18231,10
18104,10
17511,10
17452,10
17449,10
17335,10
17316,10
17279,10
17277,10
17274,10
17269,10
17256,10
17245,10
17201,10
17083,10
17074,10
16957,10
16946,10
16935,10
16932,10
16929,10
16926,10
16856,10
16794,10
16788,10
16357,10
16256,10
16088,10
15840,10
14904,10
14199,10
13649,10
186,42
13039,10
12755,10
12690,10
12604,10
12564,10
12563,10
12473,10
12457,10
11706,10
11587,10
11580,10
11558,10
11519,10
11446,10
11390,10
11357,10
11287,10
11260,10
11175,10
11076,10
10905,10
10695,10
10665,10
10642,10
10623,10
10530,10
10455,10
10265,10
9923,10
9847,10
9755,10
9712,10
9704,10
9657,10
9315,10
9076,10
2370,25
15223,10
2353,29
15206,10
15171,10
8699,10
8676,10
8663,10
8608,10
21455,46
8602,10
14912,10
14826,10
8349,47
21202,10
20959,47
8106,10
8012,19
20865,10
7907,10
20453,30
7600,10
7477,10
7135,10
13195,33
342,10
6716,10
6524,50
19377,10
71,16
12924,10
12806,10
19199,13
6346,10
12602,10
12472,10
5908,10
5895,10
5858,10
18663,38
5810,10
5808,10
18577,36
5724,10
5561,10
5546,16
18399,10
5499,36
18352,10
11771,10
5288,10
18108,34
5255,10
11658,10
18036,15
5183,10
5160,10
11498,10
5057,10
11198,10
4717,10
17518,33
4665,10
17507,15
4654,10
17405,34
4552,10
4452,32
17305,10
10809,10
10779,10
10767,10
4231,15
17084,10
4192,10
17023,36
4170,10
4120,41
16973,10
4048,10
4026,10
10347,10
10264,10
10209,10
6788,10
6757,10
3553,10
9532,10
6310,50
19163,10
3078,10
12623,10
9415,10
12609,10
6180,57
19033,10
12594,10
9184,10
5964,10
15501,38
2648,10
18703,46
5850,10
9015,10
8982,10
12179,10
12178,10
15386,10
8692,10
16623,59
3770,10
18229,15
5376,10
5295,17
18148,10
2028,30
14881,10
2025,10
354,10
5132,10
17968,14
5115,10
1886,15
14739,10
1848,10
1839,10
1809,10
1731,10
8109,10
49,10
9628,10
16052,43
3199,10
11225,10
1579,10
4632,10
20655,37
7802,10
15715,59
2862,10
4429,34
17282,10
1226,10
4363,37
17216,10
10781,10
1148,10
4341,50
17194,10
20374,37
7521,10
10709,10
1871,10
1863,10
13908,10
16299,46
3446,10
11461,10
13045,10
991,10
11397,10
17025,35
4172,10
21039,17
8186,10
9697,10
16884,32
4031,10
2301,17
15154,10
1499,10
9515,10
18605,33
5752,10
7771,36
20624,10
6926,10
925,10
14951,10
3241,48
16094,10
10355,10
16909,12
4056,10
1656,10
1022,10
1951,10
16755,52
3902,10
1680,10
9777,10
6941,10
16294,39
3441,10
9554,10
8044,10
1356,10
10352,10
3931,10
20479,46
7626,10
19492,15
6639,10
6214,11
2558,56
15411,11
8518,38
21371,11
9365,11
21474,12
21352,12
21240,12
21237,12
21165,12
21038,12
21032,12
20975,12
20776,12
20735,12
20711,12
20680,12
20652,12
20640,12
20596,12
20593,12
20558,12
20395,12
20376,12
20314,12
20310,12
20228,12
20118,12
19915,12
19887,12
19674,12
18816,12
17712,12
17655,12
17489,12
16890,12
16819,12
16812,12
16809,12
16800,12
16735,12
16655,12
16642,12
15886,12
15819,12
2779,16
15632,12
13031,12
12645,12
12520,12
11115,12
10917,12
10851,12
10611,12
10609,12
10431,12
9973,12
9378,12
9049,12
8865,12
8750,12
8740,12
8738,12
2153,16
15006,12
2149,39
15002,12
8577,50
21430,12
2109,39
14962,12
14900,14
2047,12
8409,12
21262,12
8399,30
21252,12
7880,12
7752,30
20605,12
7678,57
20531,12
1238,33
14091,12
7533,36
20386,12
7514,15
20367,12
7342,57
20195,12
19927,34
7074,12
6779,12
6273,12
6048,12
6017,12
18870,12
18754,53
5901,12
11976,12
11896,12
5464,12
5426,12
5314,12
17673,33
4820,12
10891,12
4357,12
17129,36
4276,12
4141,12
19986,52
7133,12
3922,12
3784,12
3669,37
16522,12
9985,12
6165,12
15695,12
15570,12
5757,35
18610,12
15312,23
2459,12
2409,12
5456,41
18309,12
2253,12
2042,12
3625,54
16478,12
8236,12
19344,20
6491,12
1569,12
1543,12
1467,12
1452,12
1317,12
7733,36
20586,12
7709,32
20562,12
18863,15
6010,12
4351,12
1134,12
1122,12
7500,36
20353,12
10610,12
7404,30
20257,12
15421,36
2568,12
3996,12
14417,39
1564,12
762,17
13615,12
11977,12
5556,12
19136,15
6283,12
8970,12
16457,38
3604,12
3946,30
16799,12
1135,12
1111,12
456,12
3961,55
16814,12
9372,12
1727,12
533,12
19386,23
6533,12
7398,37
20251,12
3377,24
16230,12
483,12
13717,12
14517,12
10564,12
8060,36
20913,12
17073,36
4220,12
21568,13
21567,13
21469,13
20989,13
20829,13
20389,13
20230,13
20186,13
20048,13
20039,13
20005,13
19807,13
19551,13
19478,13
19065,13
18917,13
18860,13
18744,13
18700,13
18504,13
18472,13
18466,13
18415,13
18403,13
18186,13
18014,13
17915,13
17894,13
17864,13
17759,13
17748,13
17731,13
17612,13
17499,13
17455,13
17423,13
17365,13
17301,13
17173,13
17140,13
17075,13
16777,13
16759,13
16257,13
16214,13
16139,13
16103,13
15551,13
15352,36
2499,13
15194,13
14982,13
14865,54
2012,13
14844,13
1965,52
14818,13
13507,13
422,44
13275,13
13255,40
402,13
13190,13
13085,38
232,13
13023,13
12830,13
12778,13
12763,13
12754,13
12725,13
12691,13
12529,13
12490,13
12409,13
12399,13
12135,13
12011,13
11866,13
11826,13
11768,13
11574,13
11545,13
11541,13
11487,13
11437,13
11387,13
11372,13
11330,13
11327,13
11273,13
11265,13
11236,13
11093,13
11048,13
10959,13
10903,13
10717,13
10702,13
10619,13
10618,13
10608,13
10584,13
10545,13
10537,13
10388,13
10306,13
10299,13
10230,13
10100,13
10049,13
9953,13
9892,13
9746,13
9661,13
9654,13
9559,13
9450,13
2800,43
15653,13
9207,13
2771,32
15624,13
9203,13
15424,13
15198,13
8704,48
21557,13
15104,30
2251,13
8662,13
21490,59
8637,13
8606,13
8599,13
15013,13
8592,13
21431,29
8578,13
14974,26
2121,13
8480,47
21333,13
8453,13
8308,13
21097,45
8244,13
21051,17
8198,13
8151,13
8141,13
1659,23
14512,13
8056,44
20909,13
20825,59
7972,13
7952,13
20790,47
7937,13
7814,15
20667,13
20662,21
7809,13
14099,31
1246,13
7596,13
7552,13
7408,48
20261,13
7406,24
20259,13
7379,43
20232,13
7355,13
20176,29
7323,13
791,13
7143,13
7071,13
7014,52
19867,13
311,13
249,13
19510,15
6657,13
19448,35
6595,13
6576,13
12761,13
6267,13
12655,13
6225,13
12639,13
6137,13
6128,13
6086,13
6034,13
5985,13
5973,13
12355,13
12340,13
5827,13
12213,13
18570,24
5717,13
5655,13
5609,24
18462,13
5598,13
5567,26
18420,13
5565,59
18418,13
5554,47
18407,13
5532,51
18385,13
5382,13
5345,13
11753,13
18176,54
5323,13
5278,13
18079,57
5226,13
5192,13
18029,57
5176,13
5172,13
5171,13
5134,13
5126,43
17979,13
11492,13
5020,14
17873,13
5002,13
4965,13
4821,32
17674,13
4666,58
17519,13
4640,13
4603,13
4579,15
17432,13
4536,23
17389,13
4524,13
4513,13
4507,13
4493,45
17346,13
10902,13
4353,30
17206,13
4349,13
4345,13
4267,13
10625,13
10586,13
4156,13
4153,13
16975,17
4122,13
10505,13
10403,13
10375,13
7115,29
19968,13
7111,15
19964,13
7049,40
19902,13
13462,13
19864,15
7011,13
16649,34
3796,13
6998,13
10122,13
13271,13
408,48
13261,13
13199,48
346,13
3492,13
3438,13
16225,36
3372,13
9763,13
3266,48
16119,13
3155,13
3153,23
16006,13
3104,13
15939,34
3086,13
15909,44
3056,13
3051,13
3034,13
15881,46
3028,13
9403,13
9398,13
2971,13
15803,15
2950,13
2792,13
9172,13
2746,13
2652,13
15409,13
5756,13
2550,13
5751,24
18604,13
5746,47
18599,13
8961,13
12152,13
8895,13
15310,13
15270,25
2417,13
2326,36
15179,13
8747,13
2257,47
15110,13
21539,36
8686,13
15095,13
2247,13
8667,13
11843,13
11830,13
5408,13
3779,13
562,13
18111,17
5258,13
3645,13
8415,13
5168,13
1960,13
1889,13
1880,13
13090,23
237,13
1845,13
6603,13
8137,13
3223,35
16076,13
9638,13
12823,13
6402,57
19255,13
6407,13
12790,13
17622,47
4769,13
1478,13
7888,13
15829,53
2976,13
4581,50
17434,13
1312,13
2881,13
1212,13
1210,13
18810,53
5957,13
1156,13
4340,13
10749,13
11544,13
4303,38
17156,13
1085,13
256,13
14719,13
5880,13
7501,13
10640,13
10622,13
3390,13
982,13
10593,13
6493,13
8102,13
8105,13
10506,13
8088,13
2467,13
8069,13
20922,13
4052,13
8055,13
8029,13
754,13
5525,15
18378,13
3928,13
7124,13
5507,47
18360,13
8725,13
704,13
684,13
8569,13
6534,46
19387,13
5318,13
8113,13
10808,13
8796,13
12397,13
3256,13
9680,13
6465,41
19318,13
1207,13
8427,13
8206,13
11575,13
11775,13
4127,13
525,13
1916,13
903,13
6912,13
4302,29
17155,13
1299,13
977,13
14922,13
2480,13
1076,13
875,13
1959,13
8086,13
894,13
7311,13
20116,52
7263,13
842,13
6442,17
19295,13
4132,26
16985,13
6541,13
4071,13
8080,13
10752,13
1201,13
21358,14
21131,14
20734,14
18467,14
18234,14
17706,14
17686,14
17421,14
17164,14
17152,14
16589,14
16332,14
15973,14
15859,14
2850,50
15703,14
1684,35
14537,14
12689,14
12028,14
11981,14
11860,14
11468,14
10470,14
10302,14
9432,14
9147,14
8781,14
21538,42
8685,14
8541,43
21394,14
8438,47
21291,14
8212,40
21065,14
14547,32
1694,14
20814,46
7961,14
7148,32
20001,14
12803,14
12797,14
12441,14
6014,44
18867,14
5713,38
18566,14
4890,14
17671,55
4818,14
11065,14
10674,14
764,14
10041,14
6425,14
12834,14
3157,14
3154,14
15960,26
3107,14
9434,14
3010,14
9279,14
9259,14
2638,14
2559,14
15397,39
2544,14
2419,14
2054,47
14907,14
19697,24
6844,14
14854,26
2001,14
14771,26
1918,14
3313,38
16166,14
6502,14
3204,14
9302,14
7672,15
20525,14
7603,14
1123,14
1897,14
2637,14
7453,14
4111,43
16964,14
10435,14
5583,43
18436,14
3970,14
104,14
1153,14
9977,14
9926,14
3396,14
3751,44
16604,14
2942,14
8441,14
9543,14
4331,32
17184,14
3702,49
16555,14
21462,15
21454,15
21318,15
21251,15
21210,15
20710,15
19959,15
19895,15
19762,15
19751,15
19744,15
19731,15
19371,15
18962,15
18951,15
18930,15
18861,15
18682,15
18254,15
18217,15
18182,15
18138,15
18135,15
17993,15
17960,15
17849,15
17723,15
17710,15
17573,15
17349,15
17317,15
17174,15
17125,15
17095,15
17003,15
16875,15
16510,15
15993,15
15988,15
15961,15
15918,15
15912,15
2763,38
15616,15
15484,15
15308,15
15306,15
15230,15
2303,43
15156,15
2269,41
15122,15
14978,15
14903,15
13958,36
1105,15
13757,54
904,15
849,57
13702,15
410,56
13263,15
13224,32
371,15
13003,15
139,16
12992,15
12963,54
110,15
12861,15
12707,15
12702,15
12677,15
12651,15
12611,15
12487,15
12298,15
11925,15
11841,15
11808,15
11793,15
11743,15
11625,15
11563,15
11440,15
11374,15
11274,15
11251,15
11105,15
11074,15
10913,15
10887,15
10849,15
10794,15
10508,15
10110,15
10096,15
10071,15
10067,15
9809,15
9668,15
9443,15
9296,15
9242,15
9232,15
9072,15
9064,15
8945,15
2496,59
15349,15
8853,15
8717,15
8711,15
2275,37
15128,15
8546,15
8526,15
14933,25
2080,15
21325,59
8472,15
21259,59
8406,15
21129,41
8276,15
7997,15
7928,15
7897,15
7872,15
20725,15
7845,16
20698,15
7839,15
7826,59
20679,15
7813,35
20666,15
7810,15
7671,15
20523,59
7670,15
20497,59
7644,15
20457,35
7604,15
20334,39
7481,15
13753,15
7209,15
758,37
13611,15
13404,55
551,15
352,34
13205,15
6726,15
281,15
13043,15
19380,17
6527,15
75,15
37,50
12890,15
6438,48
19291,15
12857,15
6385,52
19238,15
12641,15
6220,25
19073,15
12620,15
18988,35
6135,15
12512,15
12503,15
6067,52
18920,15
6027,15
5919,15
18592,36
5739,15
12127,15
5689,15
5641,15
5537,19
18390,15
11891,15
5465,15
11872,15
11847,15
18253,33
5400,15
5379,15
5377,15
11763,15
11717,15
5296,19
18149,15
18096,39
5243,15
5234,15
5222,41
18075,15
5102,15
5094,15
11373,15
11324,15
17659,33
4806,15
4708,15
17540,48
4687,15
11100,15
10872,15
10786,15
4237,15
4228,16
17081,15
4146,15
3916,15
3857,19
16710,15
7041,15
3830,15
544,15
3759,15
3758,15
16611,15
498,15
478,15
6737,15
6752,15
3491,15
19491,36
6638,15
13011,15
6498,23
19351,15
12888,15
9549,15
6276,15
9437,15
3008,19
15861,15
6157,15
12550,15
2886,16
15739,15
6059,15
15698,15
5986,15
2570,15
5723,50
18576,15
8880,15
8830,15
2271,15
15118,32
2265,15
18294,46
5441,15
8632,15
5409,15
11829,15
15024,15
547,15
532,15
2097,15
1994,15
6721,15
1801,15
3395,15
3275,15
12883,15
9637,15
14423,15
4772,38
17625,15
1456,15
4648,15
7865,15
1434,15
11051,15
4585,15
9381,15
2958,26
15811,15
9338,15
2917,15
1316,15
2897,15
1300,15
1276,15
20546,30
7693,15
7650,15
1228,15
5947,15
13966,15
1103,15
2677,15
1052,15
1032,15
6620,46
19473,15
162,15
7318,15
3276,15
15995,17
3142,15
4748,57
17601,15
15175,46
2322,15
7128,44
19981,15
6101,15
1263,15
820,15
16843,52
3990,15
13232,52
379,15
6811,17
19664,15
7149,15
17191,49
4338,15
7102,41
19955,15
696,15
9677,15
6877,15
12243,15
995,15
3587,15
1790,15
4963,17
17816,15
18590,55
5737,15
10548,15
8940,15
1099,15
474,15
9108,15
16140,41
3287,15
4143,15
7260,15
2039,15
6836,15
1332,15
16597,55
3744,15
4107,15
10,15
6801,32
19654,15
1213,15
19946,36
7093,15
15702,32
2849,16
15640,46
2787,16
15200,36
2347,16
9868,16
9266,16
15626,59
2773,16
8930,16
15244,34
2391,16
8502,16
8491,16
14506,55
1653,16
14324,48
1471,16
7851,16
20693,55
7840,16
7837,16
7702,16
20535,59
7682,16
7657,16
20341,17
7488,16
7167,16
508,16
6917,16
19734,20
6881,16
6773,16
6741,16
165,16
86,16
6460,16
6324,16
6305,16
6205,16
6033,16
5663,16
18375,36
5522,16
5086,16
5085,16
17874,24
5021,16
17809,48
4956,16
4560,16
17250,57
4397,16
17241,36
4388,16
4253,16
17098,55
4245,16
4241,16
4025,16
3875,16
7076,16
3774,16
3763,16
3757,16
517,16
514,16
470,16
464,16
3647,16
6777,16
273,34
13126,16
9901,16
12996,35
143,16
19428,35
6575,16
53,16
6474,16
6295,16
19128,34
6275,16
9240,16
2772,16
2591,16
2584,16
5707,16
2396,16
2385,16
2346,16
2339,16
15091,47
2238,16
2213,16
2211,16
3764,16
531,16
13276,34
423,16
3651,16
2049,16
3580,16
5083,16
1824,16
4990,16
1767,16
13005,57
152,16
14569,30
1716,16
1714,16
1708,16
19359,45
6506,16
12889,48
36,16
6457,16
1586,16
7990,16
1568,16
1567,16
1546,16
6280,16
7850,16
1420,16
7835,16
1382,16
1363,16
7782,16
1298,16
2809,16
4412,16
17233,24
4380,16
1170,16
5960,16
6685,16
7498,16
20340,29
7487,16
1066,16
1783,16
4177,16
2494,16
12940,47
87,16
89,16
866,16
1648,16
5593,16
1545,16
707,16
692,16
3905,16
702,16
700,16
20766,35
7913,16
695,16
693,16
691,16
1483,16
536,16
546,16
1326,16
529,16
7346,16
513,16
2908,16
512,16
509,16
461,16
19655,29
6802,16
776,16
6776,16
6774,16
1169,16
2332,16
16770,36
3917,16
701,16
2608,16
4210,16
19647,29
6794,16
163,16
1763,16
1555,16
6154,16
548,16
2154,16
7766,16
1345,16
10163,16
1322,16
108,16
506,16
1496,16
1873,16
16997,24
4144,16
1090,16
7761,16
1239,16
521,16
5528,16
1277,16
16527,25
3674,16
16454,44
3601,16
7768,16
1814,16
21550,17
21401,17
21201,17
21133,17
21007,17
20982,17
20946,17
19975,17
19830,17
19312,17
19208,17
19092,17
18906,17
18882,17
18852,17
18782,17
18667,17
18402,17
18387,17
18225,17
18145,17
18080,17
18037,17
17782,17
17563,17
17488,17
17137,17
16963,17
16677,17
16403,17
16277,17
15197,32
2344,17
1457,58
14310,17
13711,17
12683,17
12679,17
12400,17
12345,17
12225,17
12191,17
11822,17
11403,17
11104,17
11056,17
11039,17
10985,17
10941,17
10847,17
10467,17
9976,17
9607,17
9205,17
8978,17
2513,36
15366,17
8916,17
15329,47
2476,17
8780,17
8705,17
8613,36
21466,17
8540,59
21393,17
21214,37
8361,17
7968,17
14315,17
7534,17
7452,17
7352,17
7337,17
7045,17
6874,20
19727,17
6725,17
6697,17
247,17
6537,17
13,50
12866,17
12692,17
12644,17
12599,17
12515,17
12321,17
5888,17
12236,17
12132,17
5675,17
11954,17
5533,17
11920,17
5335,36
18188,17
5291,17
11707,17
5191,17
11464,17
17834,46
4981,17
4922,43
17775,17
17595,38
4742,17
11134,17
4592,17
10962,17
4510,17
10790,17
17102,53
4249,17
17035,50
4182,17
4015,30
16868,17
7087,17
3853,30
16706,17
3846,17
16628,59
3775,17
19737,57
6884,17
10102,17
16442,36
3589,17
16430,47
3577,17
366,17
3367,17
68,17
3251,17
15963,23
3110,17
3069,17
2999,17
9392,17
15704,29
2851,17
2672,17
15462,26
2609,17
9014,17
2578,17
2551,35
15404,17
5762,17
2530,17
8909,17
18539,26
5686,17
11915,17
11873,17
6953,17
6841,17
5203,17
6712,17
1832,17
11393,17
3263,17
1626,17
1,17
6430,36
19283,17
3183,17
7987,29
20840,17
1506,17
1480,17
1260,17
9234,17
1211,17
15596,17
10748,17
8298,17
2671,17
9081,17
13874,17
17054,28
4201,17
10615,17
3380,41
16233,17
10473,17
5597,17
703,17
11121,17
1497,17
11107,17
685,17
16202,29
3349,17
5755,17
12173,17
1350,17
10129,17
17254,34
4401,17
15623,17
9194,17
13197,17
735,17
9893,17
12886,17
3405,41
16258,17
3387,17
945,17
930,17
5722,32
18575,17
10895,17
272,17
20168,44
7315,17
10151,17
15368,17
16155,41
3302,17
16549,18
16300,18
11282,18
10387,18
9284,18
15278,18
15120,18
7707,18
7694,18
20489,41
7636,18
555,18
6661,18
6577,18
11027,18
4498,18
16684,35
3831,18
10180,18
9268,18
12164,18
12155,18
8768,18
16625,46
3772,18
5300,18
406,18
404,18
9904,18
1794,18
6120,18
7690,18
3258,18
19540,47
6687,18
12162,18
8454,18
16568,19
15959,19
15464,45
2611,19
12824,19
12288,19
11090,19
10877,19
10112,19
10085,19
9438,19
15528,19
8992,19
15280,19
8545,19
14729,19
8227,19
7979,19
7974,19
7725,19
7696,19
20216,38
7363,19
7245,19
6894,19
6763,19
6287,19
6106,19
11730,19
17911,36
5058,19
4613,19
4505,19
4374,19
17031,44
4178,19
7063,19
6852,19
13258,36
405,19
3541,40
16394,19
13062,19
6590,19
3194,19
2920,19
2664,19
9030,19
12045,19
2398,19
2379,19
2230,19
10181,19
10115,19
407,19
11636,19
6532,19
19331,33
6478,19
8007,19
20811,24
7958,19
1360,19
4523,19
2802,38
15655,19
7631,19
14761,19
1071,19
12929,19
20170,39
7317,19
811,19
7189,19
6312,19
8733,19
1488,19
2549,19
113,19
83,19
6864,19
817,19
1173,19
11156,19
7141,19
50,19
6862,19
9040,19
3382,19
3543,29
16396,19
7358,19
13333,52
480,19
147,19
865,19
5694,19
1747,19
1287,19
17867,20
17847,20
15467,20
9752,20
8734,20
21254,59
8401,20
7715,20
12333,20
12093,20
5287,20
5141,20
17082,48
4229,20
3378,20
6454,46
19307,20
5113,20
6559,25
19412,20
6422,20
3009,20
183,59
13036,20
16143,36
3290,20
15300,32
2447,20
10527,20
1676,20
2953,20
18865,21
17097,21
9356,21
9197,21
21067,53
8214,21
290,21
4425,21
10590,21
6993,21
486,21
4051,21
1966,21
18686,24
5833,21
3473,21
497,21
17338,22
11352,22
11174,22
12555,22
5826,22
5220,22
11315,22
19935,23
19860,23
19826,23
19711,23
19635,23
19113,23
18963,23
18898,23
18859,23
18842,23
18730,23
18342,23
17749,23
17569,23
17551,23
17361,23
16622,23
16563,23
16404,23
16210,23
16041,23
15457,32
2604,23
15204,23
15090,51
2237,23
15004,24
2151,23
322,36
13175,23
13163,23
13021,36
168,23
12668,23
12625,23
12538,23
12350,23
12094,23
12087,23
11909,23
11527,23
11405,23
10971,23
10961,23
10158,23
10098,23
10042,23
9925,23
9561,23
9324,23
9090,23
9045,23
9020,23
8996,23
15031,23
8217,23
20744,57
7891,23
7464,23
7357,38
20210,23
6888,23
6682,23
12688,23
18830,37
5977,23
5946,23
12219,23
5659,23
18249,59
5396,23
5082,23
5081,23
17930,36
5077,23
4893,48
17746,23
4812,23
11166,23
11133,23
4586,23
712,23
3673,23
10058,23
10052,23
3612,58
16465,23
135,35
12988,23
16148,26
3295,23
3047,47
15900,23
12652,23
2946,23
12540,23
2867,23
10171,23
6855,23
16475,47
3622,23
10018,23
11553,23
1847,23
3400,23
5001,23
3384,23
1666,23
1628,23
3117,41
15970,23
5925,29
18778,23
11526,23
17829,38
4976,23
8987,23
15146,23
19962,38
7109,23
17808,44
4955,23
5304,48
18157,23
6003,23
3596,48
16449,23
17965,44
5112,23
1029,23
8367,23
7341,23
7296,23
11657,23
20206,59
7353,23
2884,23
20887,24
20835,24
20699,24
20641,24
20352,24
19837,24
19831,24
19420,24
19343,24
18371,24
18356,24
18351,24
18302,24
18239,24
18236,24
18191,24
18034,24
17770,24
17738,24
17700,24
17315,24
17038,24
17001,24
16955,24
16925,24
16750,24
16714,24
16676,24
16488,24
16463,24
16241,24
16123,24
15481,24
15471,24
15264,47
2411,24
15234,24
1751,48
14604,24
12810,24
12647,24
12339,24
12276,24
11933,24
11910,24
11833,24
11801,24
11726,24
11663,24
11579,24
11406,24
11396,24
11071,24
11035,24
10978,24
10843,24
10638,24
10348,24
10334,24
9929,24
9872,24
9844,24
9814,24
9280,24
9156,24
9033,24
15417,24
8863,24
8571,24
8514,24
8225,47
21078,24
8108,24
8021,24
20419,50
7566,24
7386,24
20019,26
7166,24
679,45
13532,24
7047,24
6929,24
13287,24
6860,56
19713,24
377,24
19642,46
6789,24
6660,24
157,24
6562,24
29,24
6445,24
6375,24
6315,24
12648,24
12605,24
12534,24
12504,24
18888,47
6035,24
5958,54
18811,24
12309,24
5886,52
18739,24
5873,24
5818,24
12068,24
12048,24
5617,37
18470,24
5517,24
5270,24
11598,24
11515,24
11505,24
11362,24
17703,44
4850,24
17651,35
4798,24
10787,24
17163,55
4310,24
4204,24
10581,24
4066,24
3856,24
3795,36
16648,24
3793,24
16646,24
3717,26
16570,24
3559,24
6655,24
12981,48
128,24
9615,24
9608,24
2983,24
2959,24
15780,32
2927,24
6121,24
2791,24
5805,52
18658,24
12209,24
5743,24
12053,24
5511,24
11892,24
2268,38
15121,24
15048,24
5366,24
16360,44
3507,24
6488,48
19341,24
3217,24
11222,24
1581,24
9538,24
15879,33
3026,24
4615,24
7737,24
10867,24
2797,24
12368,24
6677,24
1077,24
4277,24
1074,24
1862,38
14715,24
15479,24
1040,24
17080,47
4227,24
13052,47
199,24
15448,24
7424,24
978,24
5708,24
14476,53
1623,24
741,24
7130,24
19983,24
19963,57
7110,24
3888,24
5358,24
6943,52
19796,24
14177,24
9345,24
505,24
14156,24
1303,24
1203,24
9202,24
11599,24
3511,24
1493,24
441,24
10831,24
9025,24
18752,55
5899,24
3269,43
16122,24
2491,24
10518,24
20215,59
7362,24
14582,45
1729,24
1740,24
918,24
12426,24
550,24
16495,25
16369,25
15979,25
15967,25
15292,25
15226,25
15210,57
2357,25
15144,46
2291,25
15026,39
2173,25
14672,25
868,41
13721,25
12202,25
11728,25
11617,25
11418,25
11400,25
11370,25
11272,25
10904,25
10197,25
10140,25
10114,25
9967,25
9940,25
9874,25
9869,25
9641,25
9330,25
15674,25
2658,30
15511,25
8866,25
8799,25
8716,25
7903,25
7876,25
13904,25
882,48
13735,25
13656,25
7216,25
6732,25
6674,25
225,36
13078,25
96,35
12949,25
19374,50
6521,25
6503,25
6113,25
12517,25
18565,36
5712,25
5660,25
12050,25
5627,25
11979,25
18243,29
5390,25
11714,25
11708,25
17967,37
5114,25
11506,25
4810,25
4751,25
10826,25
4160,25
17012,55
4159,25
10515,25
20008,34
7155,25
7073,25
16718,43
3865,25
3858,32
16711,25
3841,25
3721,59
16574,25
3649,59
16502,25
10000,25
6762,25
13180,25
6723,25
6612,25
3118,25
12551,25
15602,25
5951,25
2729,25
2711,25
2410,33
15263,25
15240,25
18432,52
5579,25
2309,37
15162,25
5474,25
15107,25
18307,37
5454,25
2240,48
15093,25
18238,57
5385,25
19760,47
6907,25
5092,25
3483,36
16336,25
4829,36
17682,25
1391,25
7647,25
10833,25
10832,25
1208,25
1152,25
1015,25
11395,25
15309,25
13708,25
10472,25
6461,25
7975,25
9563,25
5500,25
15944,59
3091,25
7107,25
7763,25
14168,32
1315,25
8547,25
11725,25
10841,25
6784,25
743,25
334,48
13187,25
13141,25
56,25
14993,25
3742,25
3893,25
9861,25
6539,25
14975,25
18,25
3890,25
10105,25
21423,26
20778,26
20262,26
20090,26
19653,26
19262,26
19122,26
19017,26
18995,26
18994,26
18872,26
18616,26
18493,26
18454,26
17416,26
17384,26
17333,26
17285,26
17275,26
17123,26
17117,26
17103,26
16967,26
16897,26
16893,26
16740,26
16359,26
16310,26
16212,26
16115,26
16100,26
16098,26
16091,26
15643,26
15580,26
2687,50
15540,26
15504,26
2073,36
14926,26
2029,59
14882,26
706,55
13559,26
13170,36
317,26
13119,26
13070,26
12818,26
12743,26
12432,26
12224,26
11064,26
10742,26
10703,26
10632,26
10255,26
10062,26
9603,26
9408,26
15485,26
2512,55
15365,26
8656,26
21406,37
8553,26
21346,51
8493,26
8451,26
8209,26
21046,45
8193,26
21031,36
8178,26
14418,26
20673,50
7820,26
7767,26
7642,26
7583,26
7557,26
13834,26
800,26
7015,26
19866,45
7013,26
6869,26
439,39
13292,26
438,39
13291,26
6770,26
6647,32
19500,26
203,36
13056,26
13053,26
6450,26
19280,48
6427,26
19042,55
6189,26
12507,26
6025,26
5887,26
5602,37
18455,26
5566,29
18419,26
5388,26
18187,48
5334,26
5272,26
18109,40
5256,26
5253,26
5210,26
11546,26
11507,26
5053,32
17906,26
11202,26
4679,26
4541,26
17289,34
4436,26
4371,45
17224,26
4370,50
17223,26
10744,26
4297,26
10682,26
4173,26
16966,47
4113,26
4080,26
4074,26
7070,26
16493,57
3640,26
9974,26
220,26
3342,53
16195,26
124,26
3309,26
3211,26
3040,26
2995,26
15675,26
2765,26
11932,26
15045,26
10200,26
8603,26
14867,26
2000,26
3531,26
1929,26
1858,26
13024,26
9734,26
12843,26
3207,26
1550,26
1445,50
14298,26
3001,58
15854,26
7825,26
1272,26
7558,26
4328,26
4306,26
4255,26
1036,26
1023,26
9834,26
4189,46
17042,26
5783,26
4099,27
16952,26
4000,50
16853,26
793,26
1588,26
4780,32
17633,26
10358,26
14354,26
697,26
3898,26
11773,26
6951,26
2923,26
13266,26
1217,26
12424,26
1184,26
5178,26
9192,26
14340,26
4993,26
1785,26
1761,26
3152,47
16005,26
9760,26
6520,37
19373,26
105,26
12907,26
13274,26
10314,26
1068,26
10825,26
816,26
4290,26
21177,27
20377,27
19256,27
18557,27
17878,27
17472,27
17342,27
16279,27
16194,27
2562,46
15415,27
2033,30
14886,27
14544,27
14069,56
1216,27
13279,27
12760,27
12579,27
12117,27
10107,27
13196,33
343,27
42,27
11233,27
4593,34
17446,27
9941,27
12462,27
15584,27
2593,46
15446,27
12003,27
2239,27
11862,27
2206,27
1983,27
5042,27
1598,27
4488,36
17341,27
8306,27
10367,27
3603,27
3228,27
20878,28
19844,28
16077,28
15620,36
2767,28
9527,28
8914,28
19037,47
6184,28
5118,28
4983,28
4129,28
4028,28
3886,55
16739,28
3594,28
15901,32
3048,28
2973,28
2688,28
3609,28
17462,36
4609,28
3909,50
16762,28
16409,57
3556,28
4039,28
21378,29
21322,29
21298,29
21215,29
21209,29
21036,29
20931,29
20794,29
20668,29
20468,29
20443,29
20407,29
20324,29
20279,29
19648,29
19424,29
19422,29
18648,29
16806,29
16405,29
16374,29
16365,29
15985,29
15732,29
15729,29
15265,29
2116,55
14969,29
13026,29
12681,29
12624,29
12166,29
11878,29
11416,29
11320,29
11301,29
10974,29
10855,29
10839,29
9502,29
9278,29
8890,29
8860,29
8793,29
15065,29
2212,29
15023,29
8581,29
8394,29
7548,41
20401,29
6738,29
6181,29
6146,29
6104,29
5744,29
5359,29
5339,29
11633,29
11549,29
4814,29
4747,29
10926,29
7229,29
16761,55
3908,29
16621,55
3768,29
494,29
9810,29
164,29
6414,36
19267,29
19127,48
6274,29
9429,29
2998,34
15851,29
2968,36
15821,29
9339,29
2887,29
15610,49
2757,29
8892,29
15239,47
2386,29
2350,29
15189,29
8741,29
5452,29
2236,29
15067,29
2221,29
2194,29
10097,29
449,29
6848,29
16410,46
3557,29
16398,57
3545,29
4788,29
1585,29
7830,29
6179,29
1366,29
1285,29
1251,29
1200,29
1182,29
7441,29
1010,29
8115,38
20968,29
13715,29
4732,29
16747,47
3894,29
7092,29
6549,29
1101,29
2667,29
2619,29
8229,29
8294,29
3672,29
16591,57
3738,29
93,29
12153,29
1128,29
6147,29
9231,29
15326,29
490,29
21337,30
20910,30
20685,30
20651,30
20598,30
20517,30
20299,30
19142,30
19029,30
18708,30
16817,30
16798,30
16665,30
16602,30
16590,30
16219,30
16055,30
16030,30
15307,30
15295,30
12658,30
12391,30
12382,30
12380,30
12364,30
12362,30
12341,30
12258,30
12154,30
12149,30
12077,30
12031,30
11978,30
11884,30
11713,30
11705,30
11700,30
11614,30
11568,30
11452,30
11333,30
11306,30
10999,30
10943,30
9301,30
9237,30
9101,30
15311,33
2458,30
8794,30
8708,30
2203,43
15056,30
21435,59
8582,30
8579,30
8481,30
8457,30
8085,36
20938,30
8036,30
20885,59
8032,30
20879,37
8026,30
7838,30
20308,50
7455,30
7266,32
20119,30
7080,58
19933,30
13192,30
6670,30
140,30
6309,30
19087,38
6234,30
12351,30
18397,36
5544,30
11898,30
5342,30
11567,30
4920,37
17773,30
4797,30
4745,30
11034,30
4033,36
16886,30
10436,30
16811,48
3958,30
3952,30
6787,30
6759,30
212,30
9610,30
9605,30
2916,48
15769,30
15709,32
2856,30
12353,30
8969,30
15324,48
2471,30
2429,30
12017,30
2316,30
15094,30
5422,30
2026,30
11649,30
13165,30
5089,30
6540,30
1706,30
11302,30
41,30
1602,30
1438,30
1433,30
1428,30
1375,30
9287,30
10840,30
1191,30
2663,30
9034,30
10598,30
1608,30
3951,41
16804,30
11966,30
2342,30
2333,30
1658,30
18426,36
5573,30
1011,30
8981,30
11570,30
15772,51
2919,30
11540,30
6529,30
8995,30
8096,41
20949,30
6880,30
2938,30
11644,30
5321,30
12860,30
19906,31
18922,31
18654,31
18430,31
18040,31
17880,31
17340,31
16707,31
16695,31
16675,31
15778,31
15664,31
15600,31
14028,31
861,59
13714,31
12822,31
11989,31
11268,31
11257,31
10960,31
8836,31
15138,31
21117,59
8264,31
21073,35
8220,31
5477,31
11086,31
3821,31
6695,31
2933,31
9288,31
5954,36
18807,31
15078,32
2225,31
2027,31
21146,39
8293,31
7967,31
6616,31
185,31
18523,34
5670,31
20021,36
7168,31
1500,31
3707,31
4064,41
16917,31
6807,31
3565,31
9984,31
6714,31
14805,31
13787,31
1039,31
21372,32
20514,32
17554,32
16839,32
16836,32
16834,32
16679,32
16518,32
16471,32
16470,32
16469,32
16468,32
16401,32
16393,32
16390,32
16003,32
15934,32
15902,32
15897,32
15759,32
15708,32
15707,32
15637,32
15299,32
15283,32
2405,55
15258,32
15193,32
2340,32
2159,55
15012,32
14586,32
1696,41
14549,32
1692,34
14545,32
14402,32
12580,32
12304,32
12227,32
12185,32
12184,32
12119,32
12114,32
12067,32
12001,32
11930,32
11908,32
11572,32
11571,32
11428,32
11098,32
11057,32
10542,32
10439,32
10402,32
10243,32
10240,32
10162,32
10092,32
10076,32
10074,32
9936,32
9902,32
9878,32
9875,32
9827,32
9671,32
9612,32
9588,32
9580,32
9577,32
9551,32
9547,32
9503,32
9335,32
9313,32
9306,32
15688,32
15496,32
9074,32
9044,32
8968,32
8928,32
15335,47
2482,32
8908,32
8898,32
15250,43
2397,32
8808,32
8788,32
8785,32
2304,51
15157,32
8736,32
2224,35
15077,32
15032,32
8556,32
21408,35
8555,32
8378,32
14551,32
8028,32
20869,34
8016,32
7955,32
14316,32
20747,46
7894,32
7746,32
7474,32
20266,59
7413,32
7385,32
7297,32
20132,59
7279,32
7277,32
7275,32
7250,32
7235,32
7146,32
722,32
7132,32
6861,32
6761,32
6739,32
6733,32
6730,32
19562,39
6709,32
6684,32
6673,32
19482,35
6629,32
19381,57
6528,32
6509,32
6252,32
6235,32
6088,32
6043,32
5938,32
18554,47
5701,32
12036,32
5604,32
18456,47
5603,32
18355,43
5502,32
5346,32
11756,32
11628,32
11476,32
17907,41
5054,32
4998,32
4991,32
17753,46
4900,32
11154,32
4459,32
4440,32
4399,32
17251,40
4398,32
4389,32
4344,32
4240,32
4193,32
10484,32
3985,53
16838,32
3982,36
16835,32
19930,48
7077,32
3873,48
16726,32
10242,32
3808,32
3807,32
3787,32
554,32
10061,32
3619,43
16472,32
6683,32
13059,32
153,35
13006,32
9613,32
9578,32
9531,32
9477,32
9354,32
2928,32
9272,32
9271,32
9255,32
5914,32
9116,32
9056,32
5721,32
12128,32
5662,32
12064,32
2440,32
15208,32
2348,32
15082,32
5414,32
10186,32
3765,32
2163,32
3750,32
14934,32
19680,51
6827,32
6825,32
13204,32
19539,41
6686,32
11433,32
5012,32
14550,32
85,32
109,36
12962,32
4801,32
9587,32
7956,32
3077,57
15930,32
7861,32
9422,32
1378,32
9385,32
7681,32
4454,32
4446,32
1234,32
4384,32
4285,32
12301,32
1065,32
1820,32
1797,32
7278,32
828,32
3984,36
16837,32
9530,32
8724,32
3080,55
15933,32
6155,32
7776,32
1342,32
7732,32
10109,32
7267,32
13223,32
3584,58
16437,32
2781,32
4387,32
9993,32
9992,32
11994,32
3539,36
16392,32
1898,36
14751,32
20370,46
7517,32
6705,32
6572,32
9369,32
19784,56
6931,32
5720,32
9117,32
7320,32
21354,59
8501,32
12897,32
6875,32
6568,32
7286,32
8912,32
1244,32
10565,32
1341,32
6514,32
5729,32
8426,32
7622,32
18540,52
5687,32
21387,33
21253,33
20584,33
20031,33
19763,33
19383,33
19379,33
19297,33
19258,33
18101,33
18038,33
17853,33
17719,33
17666,33
17412,33
16796,33
16663,33
16531,33
16523,33
15898,33
15885,33
15430,40
2577,33
15037,33
14563,33
851,35
13704,33
12974,33
12222,33
11623,33
11550,33
11477,33
11435,33
10848,33
10834,33
10429,33
10419,33
9497,33
9332,33
8919,33
2484,50
15337,33
8732,33
8544,33
8351,33
21140,38
8287,33
8255,33
7939,47
20792,33
7225,33
745,33
13320,36
467,33
6719,47
19572,33
12685,33
12661,33
6199,33
5937,33
5876,33
12133,33
5615,33
11997,33
11923,33
5483,46
18336,33
5350,33
11465,33
11441,33
4824,36
17677,33
11113,33
4537,33
10874,33
17154,36
4301,33
10446,33
559,33
10088,33
376,33
13188,33
16278,47
3425,33
47,36
12900,33
12716,33
3067,58
15920,33
9239,33
18728,53
5875,33
12226,33
12172,33
2323,33
15061,33
16505,36
3652,33
3626,50
16479,33
6828,55
19681,33
3252,33
9619,33
4744,52
17597,33
3042,33
1425,33
2583,33
2434,33
15949,48
3096,33
2148,46
15001,33
1584,33
5974,33
8370,33
9573,33
1280,33
7497,33
12852,33
1649,33
2102,33
687,33
20270,34
20095,34
19998,34
19559,34
19509,34
19505,34
19499,34
19223,34
19083,34
18621,34
18567,34
18085,34
18066,34
17963,34
17892,34
17780,34
17473,34
17431,34
17419,34
17359,34
17298,34
17236,34
16658,34
16651,34
16636,34
16607,34
13096,34
12680,34
12670,34
11723,34
11639,34
11559,34
11149,34
10080,34
9445,34
8610,34
8478,34
8167,34
8134,34
14395,34
7611,34
7606,52
20459,34
13290,34
13281,34
13280,34
349,34
13095,57
242,34
13089,45
236,34
6348,34
6264,34
6177,34
6060,34
5706,34
5595,37
18448,34
5273,34
5244,34
5167,34
17978,55
5125,34
17688,48
4835,34
4714,34
4713,34
4662,34
4625,36
17478,34
11025,34
17457,41
4604,34
4600,34
11007,34
4555,36
17408,34
17239,36
4386,34
4365,34
17099,36
4246,34
4115,40
16968,34
3843,34
13115,34
3452,34
246,34
6432,34
19285,34
6413,34
6119,34
9293,34
15691,48
2838,34
6023,34
2754,50
15607,34
2383,34
8765,34
8672,34
3509,34
3455,34
248,34
19451,35
6598,34
3364,34
1711,34
4664,34
1387,34
6163,34
873,34
11118,34
19950,47
7097,34
952,34
1306,34
489,34
2775,34
13206,35
353,34
16424,46
3571,34
1909,34
20382,36
7529,34
9674,34
16283,44
3430,34
6746,34
8117,34
502,34
5076,37
17929,34
144,34
1616,34
2449,34
21287,35
21228,35
21071,35
21040,35
20945,35
20797,35
20311,35
20298,35
19984,35
19874,35
19441,35
19435,35
19270,35
18986,35
18223,35
17837,35
17785,35
17784,35
17777,35
17576,35
17182,35
17178,35
17115,35
16923,35
16873,35
16700,35
16685,35
16444,35
16427,35
16145,35
16136,35
16026,35
15997,35
15682,35
14623,35
1541,50
14394,35
13189,35
11508,35
11143,35
11041,35
11029,35
10950,35
10908,35
10883,35
10714,35
10224,35
9642,35
9343,35
8327,35
14619,35
8020,35
14131,35
7494,35
7490,35
7482,35
7469,35
7027,58
19880,35
13393,35
13212,35
13182,35
6223,35
12629,35
12610,35
6103,35
6096,35
12356,35
5516,35
5481,36
18334,35
11755,35
11748,35
11744,35
17897,52
5044,35
4908,35
11078,35
10928,35
10462,35
3993,35
3933,35
3920,35
3839,35
3833,35
3542,36
16395,35
16275,46
3422,35
3418,35
16269,46
3416,35
3229,35
9539,35
12722,35
9472,35
6070,35
15396,41
2543,35
2540,35
5442,35
2219,35
8558,45
21411,35
1835,35
3176,45
16029,35
7993,35
10909,35
6065,35
17264,54
4411,35
1118,35
2714,35
16270,52
3417,35
16266,44
3413,35
9027,35
4884,35
7305,35
1667,35
15276,35
1577,35
2281,35
12973,35
2552,35
5352,38
18205,35
545,35
11738,35
1291,35
8064,36
20917,35
3632,35
4787,52
17640,35
13211,35
3168,55
16021,35
7992,35
12719,35
1354,35
4937,35
14201,35
5665,35
844,35
6856,35
3239,35
836,35
2526,35
17771,36
4918,35
4019,48
16872,35
3599,35
21565,36
21517,36
21502,36
21473,36
21369,36
21293,36
21019,36
21018,36
20902,36
20834,36
20653,36
20465,36
20267,36
20034,36
20013,36
19832,36
19658,36
19556,36
19480,36
19471,36
19433,36
19432,36
18924,36
18849,36
18835,36
18774,36
18676,36
18519,36
18443,36
18423,36
18389,36
18372,36
18332,36
18321,36
18277,36
18271,36
18257,36
18228,36
18222,36
18095,36
17876,36
17707,36
17574,36
17568,36
17433,36
17417,36
17410,36
17403,36
17302,36
17248,36
17246,36
17188,36
17187,36
17177,36
17149,36
17039,36
17036,36
16903,36
16871,36
16774,36
16749,36
16734,36
16581,36
16499,36
16318,36
16196,36
16179,36
16171,36
16146,36
16097,36
16093,36
15932,36
15929,36
15872,36
15855,36
2813,38
15666,36
15578,49
2725,36
15543,36
2674,59
15527,36
2650,57
15503,36
15447,36
2594,36
15406,39
2553,36
15303,36
15255,36
2366,43
15219,36
14987,36
14959,36
14839,36
14757,36
13458,36
13245,36
389,48
13242,36
13201,36
13072,36
13046,36
12815,36
12728,36
12502,36
12489,36
12465,36
12461,36
12460,36
12443,36
12442,36
12423,36
12404,36
12338,36
12073,36
11970,36
11812,36
11459,36
11371,36
11344,36
11292,36
11285,36
11279,36
11278,36
11249,36
11234,36
11102,36
10876,36
10811,36
10773,36
10750,36
10729,36
10704,36
10693,36
10606,36
10559,36
10359,36
9988,36
9982,36
9933,36
9906,36
9866,36
9858,36
9764,36
9681,36
9505,36
9479,36
9473,36
9314,36
9290,36
9253,36
9155,36
15568,36
9133,36
9065,36
15454,36
2560,43
15413,36
8948,36
15294,36
8857,36
15220,36
8755,36
8748,36
8713,36
8707,36
21541,47
8688,36
21416,59
8563,36
14911,36
14859,55
2006,36
8432,45
21285,36
8405,36
1932,40
14785,36
8246,36
21093,38
8240,36
8234,36
21050,48
8197,36
8176,36
8089,36
1536,46
14389,36
7930,36
7831,36
14178,36
7710,36
7592,36
7570,36
20365,46
7512,36
7496,36
7240,36
7220,36
7177,36
7126,36
7023,36
6928,38
19781,36
6922,36
19775,36
13200,36
13185,36
331,41
13184,36
315,48
13168,36
304,57
13157,36
6632,36
6630,47
19483,36
6578,36
6494,36
6473,36
6436,36
12848,36
6373,36
6361,36
19193,53
6340,36
6337,36
12654,36
12559,36
12546,36
6083,36
6058,36
12454,36
5900,36
12270,36
5792,36
5789,36
12122,36
5690,36
5611,36
18464,36
5491,36
5475,50
18328,36
5470,39
18323,36
5423,36
18276,36
5394,36
5392,36
11811,36
5330,36
5281,36
11665,36
5201,36
5190,36
11597,36
5139,36
11523,36
5097,48
17950,36
5072,50
17925,36
17923,41
5070,36
11455,36
4941,36
4903,36
4867,36
11271,36
11242,36
4816,36
4785,36
4781,36
4689,36
11087,36
11043,36
4622,36
4583,43
17436,36
4576,53
17429,36
4481,53
17334,36
4477,47
17330,36
4470,36
4465,36
17318,36
4453,53
17306,36
4343,36
17196,36
10760,36
10734,36
10662,36
4215,36
10613,36
4165,36
4075,36
4061,36
4041,36
16888,50
4035,36
10449,36
7196,36
16826,43
3973,36
7161,36
7119,36
6996,36
3777,41
16630,36
10192,36
6975,52
19828,36
518,36
6920,52
19773,36
13236,36
13251,36
13244,36
9975,36
3534,36
9954,36
16386,46
3533,36
302,36
3463,41
16316,36
16314,49
3461,36
3449,36
6623,36
3352,36
46,36
3249,36
3187,36
3149,36
3111,36
15964,36
3098,36
15951,36
3062,36
6202,36
2985,40
15838,36
15808,57
2955,36
2930,36
9336,36
2853,36
2793,36
12415,36
9208,36
2768,47
15621,36
2762,36
12375,36
15590,59
2737,36
9163,36
9069,36
2647,36
2635,36
2602,37
15455,36
5796,36
5788,36
15400,36
2554,36
2520,36
8933,36
5678,59
18531,36
5677,46
18530,36
5643,36
8850,36
15253,36
8806,36
2310,36
5472,36
11863,36
11861,36
2228,36
15055,47
2202,36
8623,36
6968,36
2168,36
14921,36
8416,36
3526,36
9907,36
3442,36
4970,38
17823,36
16185,55
3332,36
127,53
12980,36
3329,36
1723,36
3285,36
81,36
3225,36
9640,36
4809,36
14440,36
9604,36
1563,36
7962,36
4740,47
17593,36
1535,36
7901,36
7899,36
7877,36
7873,36
4617,47
17470,36
3003,36
15832,39
2979,36
1361,36
2936,36
17284,58
4431,36
20485,47
7632,36
2785,36
7609,36
1159,48
14012,36
5123,36
1920,36
20392,44
7539,36
5902,36
2681,36
10687,36
5040,36
8258,36
969,36
7310,36
889,36
884,36
16117,55
3264,36
16922,48
4069,36
2390,36
10391,36
757,36
7154,36
718,36
11946,36
1519,36
3109,36
3918,36
5506,36
688,36
19957,37
7104,36
7088,36
7085,36
15394,36
955,36
15391,39
2538,36
19810,52
6957,36
3748,36
6546,36
8943,36
14957,36
19767,48
6914,36
3711,36
11734,36
14963,50
2110,36
4504,37
17357,36
2064,36
7684,36
13688,36
835,36
19699,45
6846,36
6433,48
19286,36
7226,59
20079,36
393,36
390,41
13243,36
7605,47
20458,36
3572,36
4372,44
17225,36
1949,36
5543,37
18396,36
345,36
4735,36
3934,38
16787,36
3528,36
6740,36
12332,36
16367,43
3514,36
5870,36
20927,37
8074,36
6471,36
15450,36
7428,36
11385,36
2951,36
15804,36
5154,36
3351,36
2542,36
136,36
3339,36
12969,36
16978,58
4125,36
9738,36
19780,57
6927,36
19364,47
6511,36
15416,36
8098,36
7304,36
6492,36
1675,36
1044,36
3340,36
3440,36
8160,36
10563,36
4142,37
16995,36
4845,36
8063,36
10156,36
4135,36
16988,36
1715,36
3315,36
7659,36
15797,50
2944,36
1347,36
2013,36
13247,36
20161,59
7308,36
21447,37
21295,37
21286,37
21233,37
21178,37
21047,37
20712,37
20567,37
20507,37
20432,37
20381,37
19862,37
19790,37
19459,37
18719,37
18606,37
17811,37
17788,37
17607,37
16912,37
16244,37
15733,37
15482,37
13552,58
699,37
12169,37
11754,37
11684,37
11683,37
11578,37
11529,37
11429,37
11128,37
11028,37
11019,37
10966,37
10964,37
10923,37
10856,37
10027,37
9647,37
9611,37
9566,37
9334,37
9003,37
8935,37
8742,37
8488,37
21278,57
8425,37
8335,37
8300,37
14630,37
7883,50
20736,37
14103,37
7627,48
20480,37
7410,37
7302,37
6747,37
6711,37
6668,37
6500,37
24,37
6257,37
6138,37
6078,37
5991,37
12079,37
12078,37
5654,37
5629,37
5555,37
11622,37
11588,37
10879,37
4358,37
4258,37
4157,37
10534,37
10524,37
734,37
16725,39
3872,37
16670,39
3817,37
10227,37
3806,37
3771,37
19703,45
6850,37
6243,37
6242,37
6211,37
9389,37
2834,37
2820,37
5931,37
2645,37
15477,37
8814,37
5538,37
15152,37
2252,37
2249,37
2227,37
14995,37
2016,37
8355,48
21208,37
13110,37
5051,37
19426,55
6573,37
4914,37
1655,37
7887,37
11058,37
7855,45
20708,37
11036,37
15719,46
2866,37
1192,37
1157,37
4337,37
1117,37
1003,37
8915,37
11308,37
2479,37
848,37
781,37
11153,37
7940,47
20793,37
680,37
2276,37
6552,37
5317,37
3708,52
16561,37
8530,37
98,37
10459,37
7193,37
6679,37
7432,37
4554,37
5354,37
4954,37
10089,37
7762,37
1639,37
16533,44
3680,37
10165,37
20291,44
7438,37
21419,38
21000,38
20824,38
20467,38
20142,38
20137,38
19912,38
19769,38
19411,38
18932,38
18638,38
18017,38
17857,38
17812,38
17596,38
17479,38
17134,38
17004,38
17000,38
16979,38
16656,38
16419,38
15363,38
2492,41
15345,38
15060,38
2024,57
14877,38
14736,38
1651,46
14504,38
937,41
13790,38
271,40
13124,38
13077,38
12054,38
11888,38
11867,38
11514,38
11431,38
11299,38
11253,38
11101,38
10788,38
9891,38
9833,38
15581,41
2728,38
9100,38
9075,38
8962,38
8932,38
8823,38
14967,43
2114,38
8496,38
8045,55
20898,38
7977,38
7789,38
20488,46
7635,38
20223,59
7370,38
19702,48
6849,38
6819,38
19560,41
6707,38
12858,38
12767,38
19170,46
6317,38
12699,38
18938,47
6085,38
5750,38
5719,38
11916,38
5411,38
5309,38
5117,38
4933,38
11239,38
4591,38
4323,38
3912,38
10238,38
6767,38
3415,38
3271,38
3184,48
16037,38
3115,47
15968,38
3038,38
3013,38
2907,38
6056,38
2799,38
5955,38
9087,38
2546,38
2532,38
5671,38
8778,38
8771,38
436,38
1934,38
14689,47
1836,38
1735,38
1622,38
1619,38
6410,48
19263,38
8000,38
11161,38
1520,38
4660,52
17513,38
3053,38
7867,38
7796,38
9230,38
10784,38
10676,38
16247,57
3394,38
15425,38
1771,38
1679,38
733,38
3085,38
682,38
16600,41
3747,38
20600,50
7747,38
401,38
787,38
381,38
369,38
3095,38
9088,38
3259,45
16112,38
6665,38
9051,38
1996,38
6604,38
2948,38
15801,38
12965,38
2500,38
19761,44
6908,38
1741,38
941,38
1739,38
8947,38
5732,42
18585,38
6886,38
21275,44
8422,38
21553,39
21551,39
21403,39
21388,39
21113,39
21109,39
20954,39
20918,39
20826,39
20791,39
20494,39
20412,39
20393,39
20309,39
20273,39
19571,39
19515,39
19053,39
19045,39
18481,39
17619,39
17440,39
16913,39
16698,39
16664,39
16585,39
16546,39
16545,39
16380,39
16324,39
16315,39
16246,39
15969,39
15833,39
15822,39
15800,39
15753,39
15723,39
15429,39
15348,39
12630,39
11802,39
11413,39
10699,39
9728,39
9707,39
9417,39
15356,39
8777,39
8163,41
21016,39
7994,39
7757,39
7541,39
6972,39
6601,39
19360,57
6507,39
12935,49
82,39
6335,39
5815,39
5402,39
5034,50
17887,39
11241,39
4773,39
4644,39
10688,39
3867,39
2827,43
15680,39
9158,39
8972,39
2394,45
15247,39
3760,39
11787,39
8475,39
13231,49
378,39
8087,39
7984,42
20837,39
1124,39
7544,39
6583,39
1529,39
1924,39
21096,40
20264,40
19198,40
19044,40
18749,40
18527,40
18487,40
18425,40
18061,40
17916,40
17062,40
16939,40
15793,40
13471,40
12628,40
11185,40
10756,40
10715,40
10634,40
9905,40
9822,40
9787,40
8829,40
8666,47
21519,40
8199,40
7427,40
7221,40
5842,40
5767,40
5692,40
5684,40
5508,40
5274,40
5146,40
4987,40
17491,57
4638,40
10754,40
17091,52
4238,40
13482,40
10262,40
16407,49
3554,40
22,53
12875,40
12901,51
48,40
2993,40
12480,40
5765,40
5371,40
6952,40
21302,44
8449,40
323,40
1913,40
12841,40
7555,40
279,40
897,40
7099,40
10315,40
4686,40
6964,40
1174,40
9171,40
284,40
924,40
524,40
880,40
3273,41
16126,40
890,40
5236,40
1917,40
9146,40
5216,40
19890,41
18252,41
17364,41
17060,41
16961,41
16481,41
16264,41
16238,41
15987,41
15742,41
15595,42
2742,41
15478,41
13256,41
12759,41
12521,41
11957,41
11711,41
11270,41
11210,41
11205,41
11181,41
11179,41
11171,41
11137,41
10845,41
10743,41
10738,41
10342,41
10328,41
10318,41
10310,41
10292,41
10272,41
9927,41
9812,41
9771,41
9590,41
9352,41
9142,41
9048,41
15389,41
2421,44
15274,41
14930,41
14872,41
8314,41
8138,41
20904,59
8051,41
8050,41
7879,41
20650,59
7797,41
7576,41
20384,44
7531,41
20300,44
7447,41
7322,41
7066,41
19854,46
7001,41
19719,57
6866,41
19475,46
6622,41
6561,41
6434,41
6368,41
6353,41
12524,41
12488,41
12394,41
5800,41
18564,49
5711,41
11953,41
5328,41
18152,59
5299,41
5235,41
5071,41
4795,41
11177,41
4756,41
17545,46
4692,41
4621,41
10873,41
4366,41
4364,41
10768,41
4286,41
4103,41
4081,41
16833,47
3980,41
374,41
16417,51
3564,41
356,41
16343,43
3490,41
3399,57
16252,41
6581,41
6301,41
6201,41
2982,41
2965,41
6075,41
9182,41
9181,41
15451,41
2585,53
15438,41
18646,59
5793,41
15325,41
8903,41
8861,41
2435,41
11961,41
2307,41
2231,41
11837,41
10191,41
21363,53
8510,41
16450,42
3597,41
9952,41
14755,46
1902,41
13142,41
134,45
12987,41
3320,57
16173,41
9706,41
12878,41
11192,41
4630,41
1407,41
10944,41
1269,41
1193,41
9206,41
12378,41
9175,41
9135,41
3459,47
16312,41
10648,41
1024,41
971,41
11232,41
20771,46
7918,41
1343,41
19378,47
6525,41
2522,41
6111,41
4098,41
372,57
13225,41
15213,41
10398,41
12395,41
8761,41
3505,41
1498,41
10694,41
1842,41
14843,47
1990,41
922,41
123,41
4106,41
11497,41
19334,57
6481,41
2956,41
16950,52
4097,41
5250,41
8162,41
939,41
4045,41
3630,41
14875,41
1220,41
9736,41
11752,41
17957,42
17835,42
17127,42
13139,42
12751,42
12492,42
10901,42
9252,42
8543,42
8126,42
20357,46
7504,42
20207,51
7354,42
7247,42
12636,42
11751,42
4318,44
17171,42
3879,42
19650,43
6797,42
16063,52
3210,42
2926,42
12386,42
3592,42
1606,42
15899,46
3046,42
1412,42
7199,42
2126,42
6873,42
4023,42
3345,42
2896,42
4408,42
21297,43
21143,43
20682,43
17822,43
17015,43
17007,43
16986,43
16885,43
16644,43
16434,43
16399,43
15841,43
15762,43
15547,43
15296,43
15103,43
13136,43
12885,43
12573,43
12531,43
12383,43
12059,43
11883,43
11381,43
11049,43
10922,43
10434,43
9981,43
15281,48
2428,43
14697,43
8039,43
8015,43
14393,43
7902,43
1461,51
14314,43
20728,59
7875,43
7442,43
5647,43
5563,43
11767,43
4894,43
16737,57
3884,43
552,43
9884,43
6556,45
19409,43
9560,43
9337,43
9328,43
15641,43
2569,43
5586,43
5431,43
6863,43
6748,43
14666,43
6547,43
12831,43
1572,43
1502,43
1466,43
7870,43
1339,43
7673,43
2806,43
1209,43
9098,43
17076,55
4223,43
1016,43
3937,43
9373,43
3643,55
16496,43
3971,46
16824,43
3899,43
13709,43
4410,43
20234,51
7381,43
130,43
145,43
10544,43
15598,43
7465,43
6699,43
1732,43
10440,43
852,43
21336,44
21324,44
21248,44
21218,44
21179,44
21028,44
20822,44
20706,44
20639,44
20628,44
20533,44
20332,44
20304,44
20255,44
20226,44
20187,44
20174,44
19742,44
19009,44
18769,44
16619,44
16421,44
15908,44
15558,44
12829,44
12616,44
12306,44
12266,44
12033,44
11990,44
11566,44
11145,44
10430,44
10130,44
9914,44
9818,44
9556,44
9316,44
15126,46
2273,44
8506,47
21359,44
8262,44
8048,44
7790,44
13890,44
7433,45
20286,44
7359,44
20117,59
7264,44
7212,44
6586,44
19290,55
6437,44
6047,44
11724,44
4827,44
17630,51
4777,44
4755,44
11111,44
4184,46
17037,44
7061,44
3840,44
10211,44
19690,57
6837,44
6592,44
160,44
9519,44
12619,44
2691,44
15489,44
8999,44
8979,44
8976,44
15336,46
2483,44
5437,44
2048,44
1764,44
11359,44
6447,44
20801,59
7948,44
7841,44
2789,44
1080,44
6591,44
74,44
3994,44
530,44
12880,49
27,44
1178,44
4376,44
7120,44
7491,46
20344,44
1650,44
7704,45
20557,44
2133,44
12150,44
2929,46
15782,44
19666,55
6813,44
21261,45
21134,45
21041,45
20552,45
20035,45
19892,45
19870,45
19464,45
19453,45
19325,45
19180,45
19155,45
19137,45
18921,45
17810,45
17798,45
17752,45
17562,45
17529,45
17168,45
17146,45
16688,45
16512,45
15713,45
15052,45
12956,45
12717,45
12344,45
12305,45
11484,45
11063,45
10998,45
10992,45
10892,45
10817,45
10086,45
9920,45
9918,45
9410,45
15545,45
9053,45
8977,45
21283,50
8430,45
8177,47
21030,45
7935,45
7896,45
7874,45
7847,45
7824,45
7344,45
7319,45
725,45
13186,45
6702,45
13105,45
6538,45
6278,45
18873,47
6020,45
12331,45
11982,45
5421,45
4952,45
4339,45
10596,45
797,45
7046,45
12853,45
9570,45
9431,45
15629,45
15494,45
15111,45
11679,45
10066,45
4804,45
1601,45
12667,45
6166,45
2660,45
1816,45
16813,51
3960,45
724,45
1512,45
9510,45
1335,45
2898,45
14485,45
6731,45
18210,55
5357,45
8572,45
1665,45
1340,45
2325,45
10442,45
7698,45
10095,45
21479,46
21413,46
21272,46
21265,46
21234,46
21199,46
21189,46
21081,46
21049,46
21045,46
21012,46
20973,46
20920,46
20813,46
20812,46
20800,46
20798,46
20779,46
20660,46
20648,46
20564,46
20502,46
20470,46
20450,46
20440,46
20339,46
20284,46
20278,46
20252,46
20105,46
19978,46
19850,46
19745,46
19710,46
19427,46
19171,46
18953,46
18699,46
18627,46
18283,46
17988,46
17802,46
16858,46
16715,46
16705,46
16672,46
16668,46
16584,46
16461,46
16388,46
16377,46
16263,46
15211,46
15141,46
15136,46
14516,46
12721,46
12631,46
12211,46
12207,46
12061,46
12042,46
11879,46
11736,46
11629,46
11564,46
11543,46
11500,46
11470,46
11443,46
11307,46
11283,46
11060,46
11047,46
10529,46
10499,46
10478,46
10225,46
10037,46
9995,46
9558,46
9441,46
9427,46
9267,46
9250,46
9111,46
9091,46
15495,46
15109,46
8598,47
21451,46
8374,47
21227,46
8364,46
8254,46
8226,46
8001,46
20775,57
7922,46
7623,52
20476,46
7585,52
20438,46
7331,46
7312,47
20165,46
7244,46
7072,46
560,46
6865,46
6233,46
6134,46
6094,46
5969,46
5926,46
5922,46
12334,46
18591,50
5738,46
12110,46
5492,46
5389,52
18242,46
5367,46
5308,46
11503,46
11481,46
11475,46
4794,46
4330,46
3989,46
7157,46
698,46
3860,46
466,46
9576,46
6254,46
12664,46
9444,46
6185,46
6173,46
9260,46
5994,46
12352,46
12296,46
2659,46
2548,46
2490,46
5632,46
8826,46
2320,46
8731,46
5494,46
5415,46
15053,46
8528,46
17787,57
4934,46
8047,50
20900,46
4805,46
1524,46
1404,46
12505,46
2873,46
4472,46
9270,46
4419,46
12346,46
8318,46
4288,46
7484,48
20337,46
1059,46
1849,46
7287,52
20140,46
7272,46
4014,46
12014,46
17644,48
4791,46
783,46
15180,46
7139,46
7113,46
19966,46
2279,46
528,46
6115,46
1314,46
11733,46
5312,46
9311,46
846,46
12869,46
6799,46
8005,46
10411,46
5911,46
7914,50
20767,46
11499,46
1070,46
1853,46
1351,46
21373,59
8520,46
19329,53
6476,46
5650,46
7096,46
1642,46
1525,46
2005,46
7634,46
21576,47
20632,47
20396,47
19799,47
19786,47
19758,47
19241,47
19167,47
19006,47
18975,47
18392,47
18357,47
18280,47
18099,47
18071,47
17986,47
17863,47
17839,47
17813,47
17776,47
17760,47
17422,47
17411,47
17406,47
17399,47
17314,47
17212,47
17148,47
17142,47
17067,47
16989,47
16981,47
16962,47
16680,47
16577,47
16216,47
16215,47
16176,47
16095,47
16023,47
15913,47
15810,47
15237,47
12905,47
12836,47
12827,47
12775,47
12772,47
12676,47
12317,47
12281,47
12195,47
11791,47
11490,47
11466,47
11252,47
11243,47
11144,47
11123,47
10947,47
10555,47
10445,47
10361,47
10258,47
9795,47
9742,47
9733,47
9544,47
9509,47
9465,47
9423,47
9110,47
8944,47
8906,47
15314,47
8873,47
8845,47
8628,47
8359,47
8091,47
8068,47
20669,50
7816,47
20446,59
7593,47
20247,52
7394,47
7391,47
7314,47
714,47
7030,47
13210,47
12959,47
64,48
12917,47
6463,47
6382,47
6350,47
6125,47
12468,47
5727,47
11996,47
5363,47
5286,47
11661,47
18048,59
5195,47
5177,47
17701,55
4848,47
4711,47
4369,47
4259,47
4027,47
3991,47
10291,47
7024,47
6985,47
6961,47
6815,47
10015,47
3488,47
12696,47
6090,47
6054,47
2833,47
9204,47
2596,47
12208,47
12201,47
5780,47
8991,47
5734,47
8951,47
2475,47
2376,47
8756,47
15149,47
8696,47
5471,47
8689,47
8681,47
8615,47
5268,47
362,47
9978,47
1948,47
8331,47
11504,47
3469,47
8222,47
1682,47
6428,47
3198,47
3166,47
12701,47
1444,47
1414,47
1406,47
1252,47
15639,47
1197,47
15556,47
13946,47
1088,47
4266,47
10633,47
176,47
8204,47
12203,47
1693,47
857,47
4054,47
8855,47
768,47
9582,47
7966,47
748,47
5541,54
18394,47
3089,47
1477,47
20618,57
7765,47
6944,47
12146,47
4518,47
504,47
7722,47
3699,47
15217,47
2375,47
8396,47
2371,47
3563,47
853,47
1808,47
1963,47
960,47
5149,47
7366,47
2517,47
3093,47
14941,47
3277,47
16130,47
5162,47
3356,47
4739,47
3336,47
8554,47
1631,47
1718,47
17086,55
4233,47
13060,47
14055,47
11637,47
10311,47
3684,47
4043,47
21503,48
21382,48
21060,48
19050,48
18910,48
18339,48
18281,48
17973,48
17870,48
17716,48
17643,48
17589,48
17559,48
16983,48
16420,48
16354,48
16307,48
16287,48
16159,48
16152,48
15785,48
15717,48
15591,48
13174,48
12937,48
12318,48
12250,48
12216,48
12205,48
12044,48
11983,48
11968,48
11619,48
11522,48
11255,48
11136,48
11126,48
10989,48
10988,48
10918,48
10816,48
10551,48
10458,48
10453,48
10233,48
10219,48
9804,48
9557,48
15468,48
14984,48
8435,48
8373,48
21112,50
8259,48
7912,48
7470,48
1017,50
13870,48
7332,48
7065,48
7058,48
13151,48
6497,48
6282,48
6277,48
6217,48
6124,48
5934,48
5910,48
5854,48
12221,48
12171,48
12159,48
5672,48
5585,57
18438,48
5559,48
5520,48
5505,48
11539,48
11386,48
4910,57
17763,48
4605,48
4347,48
17052,49
4199,48
4161,48
4145,48
4088,58
16941,48
10414,48
10313,48
3790,48
6887,48
3420,48
3180,48
9488,48
3039,57
15892,48
2847,48
6030,48
2818,48
12389,48
5949,48
9139,48
9059,48
9032,48
12186,48
12083,48
5608,48
11895,48
14949,48
8448,56
21301,48
19663,55
6810,48
16460,57
3607,48
6710,48
9928,48
1787,48
11335,48
4841,48
17694,48
1620,48
8022,48
12727,48
9484,48
1409,48
12600,48
7729,48
1104,48
9102,48
9867,48
14679,48
13037,48
4212,48
7407,48
984,48
983,48
2505,48
4887,48
3205,48
11201,48
3161,48
3910,48
2297,48
2912,48
12532,48
13285,48
10025,48
6778,48
4774,48
2365,48
9550,48
7443,48
963,48
3298,48
6853,48
447,48
5331,48
2810,48
18488,49
18362,49
16304,49
16274,49
16074,49
12687,49
12657,49
12592,49
12571,49
12483,49
12336,49
12302,49
12274,49
12246,49
12235,49
12147,49
12125,49
12112,49
12102,49
12040,49
12010,49
11960,49
11940,49
11934,49
12694,49
12509,49
12316,49
12260,49
12229,49
12131,49
12101,49
12016,49
11941,49
11913,49
10860,49
3092,49
3071,57
15924,49
12632,49
15579,49
15560,49
12315,49
12912,49
59,49
38,59
12891,49
11070,49
2952,49
12514,49
12908,49
21242,50
21224,50
21176,50
21106,50
20804,50
20515,50
20380,50
20135,50
19815,50
19639,50
17685,50
16848,50
16480,50
16441,50
16348,50
16346,50
16342,50
2462,55
15315,50
15130,50
13032,50
12705,50
12659,50
12649,50
12613,50
12562,50
12516,50
12182,50
11993,50
11696,50
11407,50
11338,50
11300,50
11109,50
10253,50
9807,50
9562,50
9425,50
9399,50
9312,50
8521,50
8487,50
8388,50
7739,50
7516,50
7483,50
7439,50
7330,50
7191,50
6496,50
6485,50
6271,50
6232,50
6187,50
12379,50
12294,50
5669,50
5657,50
11967,50
5084,50
5015,50
4901,50
11132,50
11046,50
4378,50
4261,50
4029,50
10040,50
202,50
9839,50
6149,50
6123,50
2918,50
12271,50
2567,50
5758,50
8965,50
12163,50
2539,50
15354,50
5679,50
11877,50
5416,50
2188,50
5050,50
5018,50
138,50
126,50
4892,50
9625,50
4775,50
1469,50
1181,50
1138,50
14744,50
1877,50
1837,50
7444,50
1768,50
11305,50
5600,50
15145,50
1752,50
12176,50
1355,50
3740,50
5725,50
1311,50
8879,50
3977,50
1528,50
8296,50
1007,50
10008,50
6551,50
4930,50
2877,50
9894,50
10983,50
1633,50
484,50
4404,50
20114,57
7261,50
21232,51
21221,51
21136,51
21114,51
16818,51
16297,51
15757,51
15559,51
11528,51
10921,51
9405,51
9364,51
8565,51
6475,51
6279,51
12231,51
11478,51
4792,51
10897,51
3681,51
2112,51
1803,51
14427,51
8292,51
1063,51
2580,51
13027,51
1492,51
728,51
6456,51
10946,51
15359,51
19625,52
19082,52
19081,52
19077,52
18509,52
18495,52
18463,52
18458,52
18437,52
18433,52
18366,52
17442,52
17400,52
16990,52
16940,52
16854,52
16772,52
16767,52
16415,52
16282,52
16164,52
16142,52
16134,52
12893,59
40,52
12466,52
12249,52
11795,52
11765,52
11379,52
11276,52
11261,52
11191,52
11170,52
10827,52
10757,52
10746,52
10737,52
10708,52
10604,52
10385,52
10377,52
9829,52
9700,52
9433,52
9107,52
8726,52
8706,52
8585,52
8363,52
8347,52
7584,52
19808,54
6955,52
444,52
13282,52
13238,52
13007,52
100,52
12758,52
12464,52
5849,52
5839,52
5830,52
5798,52
12080,52
5485,52
5260,52
5238,52
5207,52
5205,52
11197,52
4741,52
4634,52
4091,52
4036,52
10285,52
10261,52
6965,52
3720,52
13172,52
330,52
198,52
6619,52
213,52
12752,52
3073,52
2994,52
2990,52
12407,52
5848,52
2555,52
11894,52
8661,52
6982,52
13284,52
5245,52
5231,52
1912,52
8190,52
4881,52
4771,52
17494,55
4641,52
6000,52
7591,52
9178,52
9165,52
1147,52
1102,52
10724,52
1079,52
5052,52
5782,52
974,52
5769,52
1681,52
870,52
4700,52
3723,52
895,52
3661,52
2843,52
6371,52
6758,52
867,52
8211,52
1158,52
450,52
940,52
11160,52
839,52
10553,52
929,52
2529,52
21267,53
20936,53
20919,53
20721,53
20709,53
20420,53
20406,53
18952,53
18840,53
18795,53
18773,53
18746,53
18738,53
18736,53
18698,53
18689,53
18367,53
17927,53
17875,53
16991,53
16289,53
16110,53
15831,53
15767,53
12621,53
12313,53
12286,53
12223,53
12215,53
12046,53
11945,53
11935,53
9326,53
15563,53
9031,53
12608,53
5912,59
18765,53
12024,53
11958,53
191,53
3389,53
12910,53
3189,53
15038,53
14558,53
3303,53
14499,53
4584,53
194,53
543,53
2046,53
3181,53
1875,53
2696,53
4474,53
834,53
13694,53
19802,54
17011,54
16149,54
11638,54
11627,54
9853,54
9489,54
9453,54
9104,54
7823,54
6218,54
5564,54
5558,54
16850,56
3997,54
10216,54
10214,54
13116,54
9799,54
3327,54
5932,54
5526,54
3704,54
14842,54
7629,54
314,54
1082,54
1072,54
6477,54
10868,54
21357,55
21292,55
20398,55
19839,55
19732,55
19692,55
19645,55
19470,55
19419,55
18768,55
18600,55
17899,55
17766,55
17687,55
17652,55
17247,55
17221,55
16776,55
16652,55
16086,55
12660,55
12633,55
11900,55
11854,55
11369,55
11348,55
11088,55
10899,55
10371,55
10245,55
10173,55
10038,55
9915,55
9779,55
9285,55
9161,55
8835,55
8567,55
8010,55
13194,55
12698,55
12646,55
6215,55
6208,55
12390,55
5740,55
12084,55
5398,55
5303,55
11674,55
10541,55
736,55
7068,55
7067,55
3743,55
10090,55
6694,55
9912,55
9909,55
3139,55
12697,55
3007,55
9277,55
9190,55
8998,55
5596,55
5469,55
15005,55
2108,55
5276,55
3477,55
1678,55
1673,55
1657,55
9644,55
23,55
12851,55
20836,59
7983,55
1562,55
4659,55
7848,55
1379,55
9382,55
1292,55
9283,55
1243,55
9210,55
3460,55
1020,55
10521,55
1634,55
2312,55
553,55
7736,55
10128,55
6093,55
2890,55
3688,55
5620,55
1760,55
4964,55
850,55
6499,55
932,55
20753,56
18303,56
16538,56
12672,56
9965,56
7755,56
13435,56
11377,56
10447,56
6018,56
1013,56
2566,56
778,56
13025,56
2756,56
21571,57
21429,57
21404,57
21376,57
21319,57
20905,57
20773,57
20379,57
19833,57
19679,57
19649,57
19507,57
19181,57
18479,57
18313,57
17956,57
17872,57
17860,57
17728,57
17579,57
17538,57
17506,57
17151,57
17053,57
17048,57
16851,57
16667,57
16459,57
16443,57
16232,57
16211,57
16203,57
16163,57
15894,57
15736,57
15569,57
15565,57
12557,57
12485,57
12449,57
12374,57
12156,57
12106,57
12049,57
11722,57
11602,57
11449,57
11378,57
11349,57
11095,57
10498,57
10423,57
10404,57
10335,57
10146,57
10057,57
9971,57
9850,57
9487,57
9454,57
9258,57
9047,57
8618,57
8512,57
8205,57
7963,57
7895,57
7791,57
7687,57
7639,57
7253,57
496,57
6818,57
6817,57
13103,57
6082,57
5935,57
5889,57
12138,57
5349,57
5332,57
5293,57
5091,57
11402,57
11237,57
4733,57
4606,57
4167,57
3261,57
6331,57
9526,57
3100,57
12663,57
2945,57
2902,57
2769,57
5965,57
8975,57
2528,57
8849,57
8691,57
8690,57
5340,57
13265,57
5228,57
5121,57
6689,57
1798,57
8023,57
11196,57
3063,57
6246,57
4623,57
10893,57
4437,57
9246,57
4360,57
2699,57
4235,57
13041,57
1000,57
2470,57
767,57
11962,57
732,57
3094,57
558,57
6930,57
14888,57
424,57
10822,57
387,57
3573,57
3129,57
8730,57
9363,57
5283,57
4447,57
7749,57
840,57
17523,58
17089,58
16969,58
16285,58
16251,58
16188,58
16133,58
15510,58
12785,58
12413,58
11794,58
11284,58
10796,58
10755,58
10710,58
10416,58
10356,58
9745,58
9299,58
9217,58
8629,58
7100,58
6981,58
12523,58
5909,58
5905,58
5819,58
5429,58
11832,58
11798,58
5360,58
5269,58
11256,58
11228,58
4768,58
7020,58
12846,58
5945,58
8760,58
8728,58
8678,58
11864,58
11193,58
9218,58
3482,58
15523,58
9880,58
2565,58
13739,58
10321,58
5822,58
9781,58
5223,58
21437,59
21436,59
21414,59
21386,59
21385,59
21356,59
21330,59
21315,59
21266,59
21264,59
21211,59
21095,59
21055,59
21044,59
21014,59
20988,59
20937,59
20915,59
20896,59
20784,59
20715,59
20630,59
20569,59
20548,59
20463,59
20455,59
20448,59
20442,59
20414,59
20391,59
20378,59
20368,59
20269,59
20249,59
20233,59
20221,59
20217,59
20213,59
20189,59
20181,59
20166,59
20151,59
19254,59
19174,59
18052,59
17034,59
17032,59
16569,59
16350,59
16311,59
16284,59
15515,59
13014,59
12085,59
11667,59
10907,59
10612,59
10393,59
10282,59
10280,59
10099,59
9860,59
9235,59
9115,59
8997,59
8946,59
8745,59
8458,59
7970,59
7884,59
7836,59
7821,59
7726,59
7472,59
7459,59
6765,59
6341,59
11664,59
11635,59
3968,59
3786,59
6840,59
3585,59
196,59
11,59
6358,59
6198,59
6186,59
15692,59
2839,59
5967,59
15594,59
15079,59
2205,59
5356,59
11721,59
2089,59
2055,59
3624,59
14752,59
1846,59
6466,59
14,59
1381,59
1229,59
1137,59
986,59
976,59
968,59
10532,59
2338,59
6297,59
7083,59
1722,59
6790,59
774,59
1108,59
2693,59
1096,59
299,59
399,59
1677,59
1644,59
8868,59
2433,59
3629,59
1205,59
818,59
1087,59
