21576,0
21574,0
21571,0
21568,0
21567,0
21565,0
21562,0
21556,0
21553,0
21551,0
21517,0
21512,0
21503,0
21502,0
21501,0
21473,0
21469,0
21462,0
21454,0
21429,0
21423,0
21419,0
21404,0
21401,0
21387,0
21382,0
21376,0
21369,0
21358,0
21321,0
21319,0
21318,0
21303,0
21297,0
21293,0
21292,0
21267,0
21261,0
21257,0
21253,0
21251,0
21210,0
21201,0
21181,0
21177,0
21143,0
21133,0
21131,0
21130,0
21096,0
21076,0
21060,0
21028,0
21023,0
21019,0
21018,0
21007,0
21000,0
20989,0
20982,0
20946,0
20936,0
20931,0
20925,0
20919,0
20907,0
20905,0
20902,0
20887,0
20878,0
20840,0
20835,0
20834,0
20829,0
20824,0
20787,0
20778,0
20773,0
20769,0
20757,0
20753,0
20734,0
20721,0
20710,0
20709,0
20699,0
20682,0
20653,0
20641,0
20632,0
20584,0
20552,0
20514,0
20469,0
20467,0
20465,0
20439,0
20420,0
20409,0
20406,0
20398,0
20396,0
20389,0
20379,0
20377,0
20270,0
20267,0
20264,0
20262,0
20230,0
20186,0
20159,0
20142,0
20137,0
20095,0
20090,0
20089,0
20080,0
20058,0
20048,0
20039,0
20035,0
20034,0
20031,0
20025,0
20013,0
20012,0
20005,0
19998,0
19993,0
19984,0
19975,0
19959,0
19935,0
19912,0
19906,0
19895,0
19892,0
19890,0
19874,0
19870,0
19844,0
19839,0
19837,0
19833,0
19832,0
19831,0
19830,0
19807,0
19802,0
19786,0
19769,0
19763,0
19762,0
19758,0
19744,0
19732,0
19731,0
19711,0
19704,0
19692,0
19679,0
19658,0
19649,0
19645,0
19635,0
19571,0
19559,0
19557,0
19556,0
19551,0
19546,0
19529,0
19515,0
19509,0
19507,0
19505,0
19499,0
19480,0
19478,0
19471,0
19470,0
19464,0
19453,0
19433,0
19432,0
19420,0
19419,0
19418,0
19411,0
19379,0
19325,0
19312,0
19293,0
19262,0
19256,0
19223,0
19208,0
19191,0
19181,0
19167,0
19155,0
19122,0
19092,0
19083,0
19082,0
19077,0
19069,0
19065,0
19062,0
19053,0
19050,0
19045,0
19044,0
19017,0
19006,0
18995,0
18994,0
18992,0
18975,0
18963,0
18962,0
18952,0
18951,0
18932,0
18930,0
18924,0
18922,0
18921,0
18917,0
18902,0
18898,0
18875,0
18872,0
18865,0
18861,0
18860,0
18852,0
18849,0
18842,0
18840,0
18795,0
18782,0
18774,0
18773,0
18768,0
18749,0
18746,0
18738,0
18736,0
18730,0
18719,0
18698,0
18689,0
18682,0
18674,0
18667,0
18638,0
18621,0
18616,0
18567,0
18557,0
18549,0
18527,0
18519,0
18509,0
18504,0
18495,0
18493,0
18490,0
18488,0
18487,0
18481,0
18479,0
18472,0
18467,0
18466,0
18465,0
18459,0
18458,0
18454,0
18443,0
18437,0
18433,0
18430,0
18425,0
18423,0
18421,0
18415,0
18403,0
18402,0
18392,0
18389,0
18387,0
18374,0
18372,0
18371,0
18367,0
18366,0
18362,0
18357,0
18356,0
18351,0
18339,0
18332,0
18321,0
18313,0
18303,0
18302,0
18280,0
18271,0
18258,0
18257,0
18254,0
18252,0
18239,0
18236,0
18234,0
18231,0
18228,0
18225,0
18222,0
18217,0
18191,0
18186,0
18160,0
18135,0
18104,0
18101,0
18099,0
18095,0
18085,0
18080,0
18071,0
18066,0
18061,0
18050,0
18040,0
18038,0
18037,0
18034,0
18017,0
18014,0
18009,0
17993,0
17986,0
17963,0
17960,0
17952,0
17927,0
17916,0
17915,0
17899,0
17894,0
17892,0
17880,0
17878,0
17877,0
17876,0
17875,0
17872,0
17870,0
17867,0
17864,0
17863,0
17860,0
17857,0
17847,0
17839,0
17837,0
17822,0
17813,0
17812,0
17810,0
17798,0
17782,0
17780,0
17776,0
17770,0
17766,0
17760,0
17759,0
17758,0
17752,0
17749,0
17748,0
17738,0
17731,0
17728,0
17723,0
17719,0
17716,0
17707,0
17706,0
17700,0
17686,0
17666,0
17652,0
17643,0
17619,0
17612,0
17596,0
17589,0
17579,0
17574,0
17573,0
17569,0
17568,0
17563,0
17562,0
17538,0
17529,0
17511,0
17499,0
17488,0
17479,0
17473,0
17472,0
17455,0
17452,0
17449,0
17440,0
17433,0
17431,0
17423,0
17422,0
17421,0
17419,0
17417,0
17416,0
17412,0
17411,0
17410,0
17406,0
17403,0
17400,0
17399,0
17384,0
17365,0
17364,0
17361,0
17359,0
17352,0
17349,0
17343,0
17342,0
17340,0
17338,0
17335,0
17333,0
17317,0
17316,0
17315,0
17302,0
17301,0
17298,0
17285,0
17279,0
17277,0
17275,0
17274,0
17269,0
17256,0
17248,0
17247,0
17246,0
17245,0
17236,0
17221,0
17212,0
17201,0
17188,0
17187,0
17177,0
17174,0
17173,0
17169,0
17168,0
17164,0
17152,0
17151,0
17149,0
17148,0
17146,0
17142,0
17140,0
17137,0
17134,0
17128,0
17127,0
17125,0
17123,0
17117,0
17103,0
17097,0
17095,0
17083,0
17077,0
17075,0
17074,0
17067,0
17060,0
17059,0
17053,0
17048,0
17039,0
17038,0
17036,0
17015,0
17011,0
17007,0
17003,0
17000,0
16990,0
16989,0
16987,0
16986,0
16983,0
16981,0
16969,0
16967,0
16962,0
16961,0
16957,0
16955,0
16946,0
16940,0
16939,0
16935,0
16929,0
16926,0
16903,0
16897,0
16893,0
16885,0
16875,0
16871,0
16854,0
16851,0
16796,0
16794,0
16788,0
16777,0
16776,0
16774,0
16772,0
16767,0
16759,0
16750,0
16749,0
16740,0
16734,0
16714,0
16708,0
16707,0
16695,0
16688,0
16680,0
16676,0
16675,0
16667,0
16663,0
16658,0
16656,0
16652,0
16651,0
16636,0
16622,0
16607,0
16589,0
16581,0
16577,0
16563,0
16538,0
16531,0
16523,0
16512,0
16510,0
16499,0
16495,0
16488,0
16481,0
16463,0
16459,0
16443,0
16434,0
16429,0
16421,0
16420,0
16419,0
16405,0
16404,0
16403,0
16399,0
16374,0
16369,0
16365,0
16359,0
16357,0
16354,0
16332,0
16318,0
16311,0
16310,0
16307,0
16304,0
16300,0
16289,0
16287,0
16282,0
16279,0
16277,0
16264,0
16257,0
16256,0
16241,0
16238,0
16232,0
16216,0
16215,0
16214,0
16212,0
16211,0
16210,0
16196,0
16194,0
16179,0
16177,0
16176,0
16171,0
16164,0
16163,0
16159,0
16152,0
16150,0
16149,0
16146,0
16145,0
16142,0
16139,0
16136,0
16134,0
16125,0
16123,0
16120,0
16115,0
16110,0
16103,0
16100,0
16098,0
16097,0
16095,0
16093,0
16091,0
16086,0
16077,0
16074,0
16041,0
16023,0
15996,0
15993,0
15989,0
15988,0
15987,0
15973,0
15967,0
15961,0
15959,0
15950,0
15932,0
15929,0
15918,0
15914,0
15913,0
15912,0
15908,0
15898,0
15885,0
15872,0
15859,0
15858,0
15855,0
15840,0
15831,0
15810,0
15793,0
15785,0
15767,0
15742,0
15736,0
15729,0
15713,0
2850,35
15703,0
15672,0
2819,0
15666,0
2813,0
15664,0
15643,0
15636,0
2783,0
15620,0
2767,0
15616,0
2763,0
15597,27
2744,0
15595,0
2742,0
15580,0
15578,20
2725,0
15575,0
2722,0
2720,27
15573,0
15569,0
15565,0
2708,6
15561,0
15547,0
15543,0
2687,38
15540,0
2674,43
15527,0
15510,0
15504,0
15503,0
2650,0
15484,0
2630,30
15483,0
15481,0
15478,0
15471,0
15467,0
2611,27
15464,0
15459,21
2606,0
15457,45
2604,0
15447,0
2594,0
15430,1
2577,0
15429,0
2562,10
15415,0
15406,0
2553,0
15363,0
15357,0
2504,0
15352,0
2499,0
15345,0
2492,0
15315,38
2462,0
15308,0
15306,0
15303,0
15296,0
15292,0
15283,0
15264,0
2411,0
15258,0
2405,0
15255,0
2393,25
15246,0
15237,0
15234,0
15230,0
15226,0
15219,0
2366,0
2357,25
15210,0
15204,0
2347,33
15200,0
15197,61
2344,0
15194,0
2303,42
15156,0
15122,0
2269,0
15103,0
15060,0
15052,0
15037,0
15012,33
2159,0
2151,48
15004,0
14987,0
14982,0
14981,64
2128,0
14978,0
14971,43
2118,0
14969,0
2116,0
14959,0
14928,0
14904,0
14903,0
2033,28
14886,0
14885,0
2029,62
14882,0
2024,40
14877,0
14876,0
14873,0
2020,0
14865,0
2012,0
14844,0
14839,0
14818,0
1965,0
14783,0
14757,0
14736,0
14672,0
14622,68
1769,0
1759,29
14612,0
14604,0
1751,0
1734,25
14587,0
14563,0
14549,61
1696,0
14545,0
1692,0
14544,0
1689,68
14542,0
14539,0
1686,0
1684,13
14537,0
1651,66
14504,0
1457,50
14310,0
14263,0
14199,0
14069,0
1216,0
13958,0
1105,0
13900,18
1047,0
13790,0
937,0
13757,0
904,0
13721,0
868,0
861,66
13714,0
13711,0
13702,0
849,0
13649,0
13559,0
706,0
13507,0
13471,0
13458,0
13321,0
13288,0
435,0
13279,0
422,31
13275,0
13263,0
410,0
13255,0
402,0
13245,0
13242,0
389,0
13224,33
371,0
13201,0
13190,0
13175,0
322,0
13174,0
13170,0
317,0
13163,0
13139,0
13136,0
13124,0
271,0
13119,0
13096,0
13085,13
232,0
13077,0
13072,0
13070,0
13064,68
211,0
13046,0
13039,0
186,0
13023,0
13021,0
168,0
13003,0
12992,0
139,0
12963,0
110,0
12956,0
12937,0
12933,0
80,0
12905,0
12893,62
40,0
12885,0
12861,0
12842,0
12836,0
12829,0
12827,0
12824,0
12818,0
12815,0
12814,0
12813,0
12810,0
12799,0
12791,0
12788,0
12785,0
12778,0
12775,0
12772,0
12763,0
12760,0
12759,0
12755,0
12754,0
12751,0
12748,0
12743,0
12728,0
12725,0
12717,0
12707,0
12706,0
12702,0
12691,0
12690,0
12689,0
12687,0
12683,0
12680,0
12677,0
12672,0
12670,0
12668,0
12660,0
12657,0
12651,0
12647,0
12633,0
12630,0
12627,0
12625,0
12621,0
12611,0
12604,0
12592,0
12579,0
12574,0
12573,0
12571,0
12564,0
12563,0
12557,0
12531,0
12529,0
12502,0
12492,0
12490,0
12489,0
12483,0
12473,0
12466,0
12465,0
12461,0
12460,0
12457,0
12449,0
12443,0
12442,0
12432,0
12423,0
12409,0
12404,0
12400,0
12399,0
12374,0
12345,0
12344,0
12339,0
12338,0
12336,0
12318,0
12317,0
12313,0
12304,0
12302,0
12298,0
12286,0
12281,0
12276,0
12274,0
12259,0
12250,0
12249,0
12246,0
12237,0
12235,0
12225,0
12224,0
12223,0
12222,0
12216,0
12215,0
12205,0
12202,0
12197,0
12195,0
12191,0
12185,0
12156,0
12147,0
12135,0
12125,0
12117,0
12114,0
12112,0
12106,0
12102,0
12094,0
12087,0
12073,0
12054,0
12049,0
12046,0
12044,0
12028,0
12027,0
12011,0
12005,0
11989,0
11983,0
11981,0
11970,0
11968,0
11960,0
11957,0
11945,0
11940,0
11935,0
11934,0
11910,0
11909,0
11907,0
11900,0
11888,0
11883,0
11867,0
11866,0
11860,0
11854,0
11848,0
11841,0
11833,0
11826,0
11822,0
11812,0
11808,0
11802,0
11801,0
11795,0
11793,0
11791,0
11789,0
11768,0
11765,0
11746,0
11743,0
11728,0
11723,0
11722,0
11711,0
11706,0
11663,0
11639,0
11638,0
11627,0
11625,0
11623,0
11617,0
11602,0
11587,0
11580,0
11579,0
11574,0
11563,0
11559,0
11558,0
11551,0
11550,0
11545,0
11541,0
11527,0
11522,0
11519,0
11514,0
11508,0
11490,0
11487,0
11484,0
11477,0
11468,0
11466,0
11460,0
11459,0
11451,0
11447,0
11446,0
11444,0
11440,0
11437,0
11431,0
11430,0
11418,0
11413,0
11406,0
11405,0
11403,0
11400,0
11396,0
11390,0
11387,0
11381,0
11379,0
11374,0
11372,0
11371,0
11370,0
11369,0
11357,0
11349,0
11348,0
11344,0
11330,0
11327,0
11299,0
11297,0
11292,0
11291,0
11287,0
11279,0
11278,0
11276,0
11274,0
11273,0
11272,0
11270,0
11265,0
11261,0
11260,0
11257,0
11255,0
11251,0
11249,0
11243,0
11236,0
11234,0
11221,0
11211,0
11210,0
11205,0
11191,0
11185,0
11183,0
11179,0
11175,0
11174,0
11173,0
11171,0
11170,0
11149,0
11137,0
11126,0
11123,0
11104,0
11103,0
11102,0
11101,0
11095,0
11093,0
11088,0
11076,0
11074,0
11071,0
11064,0
11063,0
11056,0
11048,0
11041,0
11039,0
11035,0
11015,0
10998,0
10992,0
10989,0
10988,0
10985,0
10978,0
10960,0
10959,0
10947,0
10941,0
10922,0
10918,0
10905,0
10904,0
10903,0
10901,0
10899,0
10894,0
10892,0
10887,0
10876,0
10849,0
10847,0
10845,0
10843,0
10834,0
10827,0
10817,0
10816,0
10811,0
10794,0
10788,0
10773,0
10757,0
10750,0
10743,0
10742,0
10738,0
10737,0
10729,0
10721,0
10717,0
10715,0
10714,0
10708,0
10704,0
10703,0
10702,0
10699,0
10695,0
10693,0
10638,0
10634,0
10632,0
10619,0
10618,0
10606,0
10604,0
10584,0
10561,0
10559,0
10555,0
10551,0
10547,0
10545,0
10537,0
10530,0
10508,0
10498,0
10470,0
10467,0
10458,0
10455,0
10453,0
10445,0
10434,0
10432,0
10429,0
10423,0
10419,0
10404,0
10402,0
10388,0
10387,0
10385,0
10377,0
10371,0
10361,0
10359,0
10348,0
10342,0
10335,0
10334,0
10332,0
10328,0
10322,0
10318,0
10310,0
10306,0
10302,0
10299,0
10292,0
10289,0
10272,0
10265,0
10258,0
10255,0
10245,0
10243,0
10240,0
10237,0
10233,0
10230,0
10219,0
10197,0
10173,0
10162,0
10158,0
10146,0
10114,0
10112,0
10110,0
10107,0
10100,0
10098,0
10096,0
10086,0
10080,0
10067,0
10062,0
10049,0
10048,0
10042,0
10038,0
10002,0
9981,0
9971,0
9965,0
9956,0
9953,0
9940,0
9929,0
9927,0
9925,0
9923,0
9918,0
9915,0
9906,0
9905,0
9902,0
9892,0
9874,0
9872,0
9868,0
9866,0
9858,0
9853,0
9850,0
9847,0
9844,0
9829,0
9827,0
9822,0
9814,0
9812,0
9804,0
9797,0
9787,0
9779,0
9771,0
9764,0
9752,0
9746,0
9744,0
9742,0
9733,0
9728,0
9712,0
9707,0
9689,0
9681,0
9668,0
9661,0
9657,0
9654,0
9642,0
9641,0
9618,0
9607,0
9606,0
9603,0
9599,0
9590,0
9588,0
9572,0
9561,0
9559,0
9557,0
9544,0
9535,0
9527,0
9509,0
9505,0
9497,0
9489,0
9479,0
9473,0
9465,0
9453,0
9450,0
9445,0
9433,0
9432,0
9423,0
9413,0
9410,0
9393,0
9356,0
9352,0
9330,0
9326,0
9324,0
9315,0
9314,0
9299,0
15717,0
9296,0
9285,0
9280,0
15694,0
9265,0
9263,0
9258,0
15674,0
9253,0
9252,0
9242,0
15656,0
2803,0
15653,0
2800,0
9232,0
9207,0
9205,0
2771,33
15624,0
9203,0
9201,0
9197,0
15581,0
2728,0
9156,0
9155,0
15568,0
9147,0
15563,0
9142,0
9133,0
15548,68
2695,0
15545,0
9124,0
9110,0
15528,0
9107,0
9104,0
9100,0
9090,0
9075,0
9072,0
9065,0
15485,0
9064,0
9053,0
9048,0
15468,0
9047,0
9045,0
9044,0
15454,0
9031,0
9020,0
15424,0
15417,0
8996,0
15413,0
2560,0
8978,0
8977,0
15389,0
8968,0
8962,0
8948,0
15366,0
2513,0
8945,0
15365,0
2512,0
8944,0
2496,43
15349,0
2484,38
15337,0
8916,0
15335,25
2482,0
8914,0
15329,0
2476,0
15327,35
2474,0
8906,0
15314,0
2458,56
15311,0
15294,0
8873,0
8866,0
8863,0
8859,0
15278,0
8857,0
2421,25
15274,0
8853,0
8845,0
8836,0
8835,0
15244,0
2391,0
8823,0
15223,0
2370,0
15220,0
8784,0
8781,0
8780,0
15198,0
8777,0
8757,0
8755,0
15171,0
2308,30
15161,0
2304,43
15157,0
8732,0
8726,0
15138,0
8717,0
8716,0
8713,0
8711,0
2275,21
15128,0
8707,0
8706,0
8705,0
8704,74
21557,0
8699,0
8688,0
21541,0
8685,0
21538,0
8684,0
15104,56
2251,0
8683,0
21536,0
8677,0
8676,0
8666,0
21519,0
8656,0
8654,0
8641,0
8638,0
21491,0
21489,68
8636,0
15056,56
2203,0
8628,0
8618,0
21466,53
8613,0
15032,0
15031,0
8610,0
15029,0
8608,0
15028,23
2175,0
8606,0
2167,52
15020,0
8599,0
21451,66
8598,0
21448,10
8595,0
15013,0
8585,0
21431,62
8578,0
8571,0
14988,0
8567,0
14984,0
21416,62
8563,0
14983,46
2130,0
21415,56
8562,0
14974,0
2121,0
21406,18
8553,0
14967,0
2114,0
8546,0
8544,0
8543,0
14962,62
2109,0
8541,0
21394,0
8540,62
21393,0
8514,0
14933,47
2080,0
8512,0
14930,0
21362,24
8509,0
21359,62
8506,0
14923,0
14918,0
2065,0
21350,3
8497,0
21346,68
8493,0
14912,0
8489,73
21342,0
14909,0
2056,0
8481,0
8480,0
21333,0
2047,68
14900,0
8479,0
8478,0
21325,66
8472,0
8453,0
14859,0
2006,0
8438,40
21291,0
8435,0
21285,71
8432,0
21281,12
8428,0
8425,21
21278,0
14828,0
1975,0
21259,62
8406,0
14826,0
8405,0
21254,46
8401,0
8378,0
21227,43
8374,0
8373,0
14785,0
1932,0
8363,0
21214,28
8361,0
8359,0
8351,0
8349,0
21202,0
8347,0
8344,71
21197,0
21195,10
8342,0
21175,24
8322,0
8309,0
14729,0
8308,0
8287,0
21140,0
14697,0
8276,0
21129,0
8275,21
21128,0
21117,62
8264,0
21112,21
8259,0
8255,0
8246,0
8244,8
21097,0
8240,8
21093,0
8234,0
8225,0
21078,0
14642,0
1789,0
21073,13
8220,0
8217,0
8214,0
21067,0
21065,7
8212,0
8209,0
14626,0
1773,0
8205,0
8199,0
8198,8
21051,0
8197,0
21050,0
8193,0
21046,0
8178,0
21031,0
8177,0
21030,0
8176,0
8167,0
21016,24
8163,0
8138,0
8134,0
20984,10
8131,0
14551,0
14547,33
1694,0
8126,0
20972,43
8119,0
8108,0
8106,0
20959,0
8089,0
1653,45
14506,0
8068,0
8056,66
20909,0
20904,66
8051,0
8050,0
8045,73
20898,0
8028,0
8021,0
8016,0
20869,0
8015,0
20865,8
8012,0
8010,0
14418,0
20833,62
7980,0
7979,0
14395,0
7974,0
14393,0
20825,66
7972,0
1536,43
14389,0
7968,0
7963,0
20814,43
7961,0
7955,0
7952,0
7942,33
20795,0
7939,0
20792,0
7937,0
20790,0
7935,0
7930,0
7928,0
7922,43
20775,0
7912,0
7903,0
7897,0
7896,0
14315,0
20747,43
7894,0
20746,21
7893,0
7891,0
20744,0
7879,0
7876,0
20728,62
7875,0
7874,0
14293,0
1440,0
7872,0
20725,0
7869,0
7864,0
7847,0
7845,0
20698,0
7840,33
20693,0
7839,0
7831,0
7826,66
20679,0
7823,0
20673,18
7820,0
20671,66
7818,0
20669,52
7816,0
7814,0
20667,0
7813,13
20666,0
7810,0
7809,0
20662,0
20650,43
7797,0
1359,30
14212,0
7791,0
7789,0
7767,0
7757,0
7755,0
7749,0
14146,0
1293,0
7710,0
7687,0
14099,48
1246,0
20531,3
7678,0
20527,64
7674,0
7671,0
14091,46
1238,0
20523,43
7670,0
7669,0
20497,31
7644,0
7643,0
20496,0
7642,0
7639,0
7636,27
20489,0
20488,43
7635,0
20480,52
7627,0
20476,36
7623,0
7611,0
7606,0
20459,0
20457,13
7604,0
20453,56
7600,0
7596,0
20446,66
7593,0
7592,0
20438,43
7585,0
7584,0
7583,0
7576,0
7570,0
20419,38
7566,0
7557,0
7552,0
20401,3
7548,0
7541,0
7534,0
20386,24
7533,0
20384,3
7531,0
7518,0
20371,0
20367,62
7514,0
20365,24
7512,0
20363,21
7510,0
20357,43
7504,0
7496,0
7488,33
20341,0
13904,0
20334,24
7481,0
7477,0
7475,0
20328,0
7470,0
20319,38
7466,0
7452,0
1017,21
13870,0
20300,66
7447,0
20286,66
7433,0
7427,0
13834,0
7408,0
20261,0
7406,0
20259,0
7394,0
20247,0
7391,0
7386,0
20235,66
7382,0
7379,73
20232,0
20223,66
7370,0
20220,66
7367,0
7363,30
20216,0
7357,0
20210,0
7355,0
7352,0
7344,0
20195,3
7342,0
7337,0
13753,0
7332,0
20176,6
7323,0
7322,0
13735,0
882,0
7314,0
20165,66
7312,0
20112,46
7259,0
7253,0
7247,0
7240,0
7225,0
7221,0
7220,0
7216,0
780,35
13633,0
791,0
7209,0
758,18
13611,0
7177,0
7167,0
745,0
7166,0
20019,0
7148,61
20001,0
725,0
722,0
7143,0
714,0
7126,0
679,0
13532,0
7074,68
19927,0
7071,0
7066,0
7065,0
7064,0
7058,0
7047,0
7032,0
7030,0
7029,1
19882,0
7023,0
13435,0
7014,0
19867,0
7013,0
19866,0
19865,10
7012,0
19854,31
7001,0
555,0
6976,0
13393,0
551,0
13404,0
6972,0
6970,1
19823,0
6955,0
19808,0
6929,0
6928,13
19781,0
6922,0
19775,0
6917,0
6913,0
19766,0
6894,0
467,0
13320,0
6888,0
6881,33
19734,0
6874,74
19727,0
13290,0
6869,0
13287,0
6866,0
19719,0
13286,0
444,0
13282,0
13281,0
439,0
13292,0
19713,13
6860,0
13280,0
13291,54
438,0
6849,13
19702,0
13238,0
6817,0
377,0
19651,35
6798,0
19644,10
6791,0
13210,0
19642,66
6789,0
13200,0
352,0
13205,0
13191,38
338,0
349,0
6770,0
13186,0
13185,0
343,0
13196,0
6764,0
13184,0
331,0
342,8
13195,0
13168,0
315,0
6741,0
13159,0
311,0
6732,0
6726,0
304,0
13157,0
19572,74
6719,0
6716,0
290,0
6709,45
19562,0
6707,0
19560,0
281,0
6702,0
6697,0
13105,0
13103,0
6682,0
13113,18
260,0
6681,38
19534,0
13095,0
242,0
6674,0
249,0
13089,0
236,0
247,0
6660,0
13078,0
225,0
6657,0
19510,0
6647,0
19500,0
13056,0
203,0
214,0
13067,0
13053,0
6632,0
6630,40
19483,0
13043,0
201,23
13054,0
19475,43
6622,0
19448,13
6595,0
6594,38
19447,0
165,0
157,0
6578,0
6576,0
6562,0
6561,0
12959,0
6538,0
6537,0
96,13
12949,0
6528,45
19381,0
6527,0
19380,0
6524,21
19377,0
19374,29
6521,0
86,0
6507,0
19360,0
71,45
12924,0
82,62
12935,0
12917,0
64,0
75,0
6494,0
6473,0
42,0
6460,0
37,35
12890,0
6450,0
13,38
12866,0
6445,0
12862,24
9,0
6441,0
19294,0
6438,0
19291,0
12858,0
6437,68
19290,0
12857,0
6436,0
6434,0
12848,0
19280,48
6427,0
12806,0
6385,17
19238,0
12803,0
6382,0
12797,0
6376,0
6375,0
6373,0
6372,0
6368,0
6361,0
12774,0
6353,0
6350,0
6348,0
12767,0
6346,0
19199,0
12761,0
6340,70
19193,0
12758,0
6337,0
6335,0
19170,43
6317,0
6315,0
12732,0
12714,0
12703,0
6282,0
6278,0
12698,0
6277,0
12694,0
12692,0
12688,0
6267,0
12685,0
6264,0
6248,6
19101,0
6244,35
19097,0
12661,0
6235,0
12655,0
6234,38
19087,0
12654,0
12648,0
12646,0
6225,0
12644,0
12641,0
6220,0
19073,0
12639,0
6218,0
6217,0
12636,0
6215,0
6214,0
6208,0
12620,0
6199,0
6189,0
19042,0
12605,0
6184,0
19037,0
12602,0
12599,0
6178,0
6177,0
6169,0
19022,0
12559,0
6137,0
18988,13
6135,0
12555,0
6128,0
12546,0
6125,0
12534,0
6113,0
6106,0
12524,0
12517,0
12515,0
6092,13
18945,0
12512,0
6091,0
18944,0
12509,0
12507,0
6086,0
6085,0
18938,0
12504,0
6083,0
12503,0
6082,0
12488,0
6067,39
18920,0
6063,0
6060,0
6058,0
12472,0
6051,18
18904,0
12469,0
12468,0
12464,0
6035,0
18888,0
6034,0
6027,0
6025,0
12441,0
6020,0
18873,0
12435,0
6014,31
18867,0
5998,71
18851,0
5985,0
12398,0
12390,0
5958,0
18811,0
5946,0
5937,0
5935,0
12355,0
5934,0
5930,43
18783,0
12340,0
5919,0
12333,0
5912,68
18765,0
5910,0
5901,45
18754,0
12321,0
5900,0
12316,0
5889,0
12309,0
5888,0
5887,0
5886,39
18739,0
18732,10
5879,0
18721,43
5868,0
5858,0
5854,0
12270,0
5849,0
5842,0
12260,0
5839,0
5835,0
18688,0
5830,0
5827,0
5826,0
5818,0
12236,0
5815,0
5810,8
18663,0
12229,0
5808,0
12221,0
5800,0
12219,0
5798,0
12213,0
5792,0
5789,0
5767,0
12171,0
5740,0
5739,0
18592,0
12159,0
5727,0
5724,0
18577,0
5719,0
12138,0
5717,0
18570,0
5713,0
18566,0
12133,0
5712,47
18565,0
12132,0
5711,0
18564,0
12131,0
18563,16
5710,0
12127,0
5706,0
12122,0
5701,61
18554,0
5692,0
5690,0
5689,0
5684,0
12101,0
5675,0
12093,0
5672,0
5667,0
18520,0
12084,0
5660,0
12080,0
5659,0
5655,0
12068,0
18497,16
5644,0
5641,0
12050,0
12048,0
5627,0
5617,21
18470,0
5615,0
5611,0
18464,0
5609,48
18462,0
12024,0
5603,45
18456,0
5602,21
18455,0
5598,0
5595,18
18448,0
5592,6
18445,0
5585,0
18438,0
11997,0
5576,6
18429,0
11996,0
5567,0
18420,0
5566,36
18419,0
5565,10
18418,0
5564,0
5563,0
11982,0
5561,0
5559,0
11979,0
5558,0
5554,0
18407,0
5544,6
18397,0
11958,0
5537,27
18390,0
11954,0
11953,0
5532,64
18385,0
5530,35
18383,0
5522,45
18375,0
5520,0
5517,0
5508,0
5505,0
11923,0
11920,0
5499,0
18352,0
11916,0
5495,43
18348,0
11913,0
5491,0
5485,0
5483,43
18336,0
18334,13
5481,0
5477,0
5475,21
18328,0
5470,0
18323,0
5465,0
5453,0
18300,13
5447,0
5429,0
11847,0
5421,0
5411,0
11831,0
5410,0
5400,42
18253,0
5398,0
11817,0
18249,25
5396,0
5394,0
5392,0
11811,0
18243,72
5390,0
5388,0
5382,0
5379,0
5363,0
11771,0
5350,0
5349,0
11767,0
5335,0
18188,0
5334,0
18187,0
11753,0
5332,0
11751,0
5330,0
5328,0
5323,0
18176,0
5309,0
5303,0
18152,46
5299,0
5297,43
18150,0
11717,0
5296,0
18149,0
11714,0
5291,0
5288,0
11708,0
5287,0
11707,0
5286,0
5281,0
5278,0
5274,0
5273,0
5272,0
5270,0
5260,0
18109,1
5256,0
5255,0
18108,0
5253,0
11665,0
5244,0
11664,0
18096,24
5243,0
11661,0
5240,0
18093,0
5238,0
11658,0
5237,0
5235,0
5234,0
5222,0
18075,0
5220,0
5214,0
18065,68
5212,0
5210,0
5207,0
5205,0
5201,0
18048,66
5195,0
5194,0
5192,0
5191,0
5190,0
5188,0
18036,40
5183,0
11598,0
5177,0
11597,0
5176,0
18029,0
18028,46
5175,0
5172,0
5171,0
5167,0
5160,0
5148,0
18001,0
5141,0
5139,0
11555,0
5134,0
5128,36
17981,0
5126,42
17979,0
11546,0
17978,74
5125,0
11539,0
5118,0
5117,0
17967,29
5114,0
11523,0
5102,0
5097,0
17950,0
5095,36
17948,0
11515,0
5094,0
5090,64
17943,0
5086,0
11506,0
11505,0
5081,0
11498,0
5072,28
17925,0
11492,0
5071,0
5070,0
17923,0
5060,0
5058,0
17911,0
17907,26
5054,0
5053,0
17906,0
11465,0
5044,13
17897,0
11464,0
5043,18
17896,0
11455,0
5034,28
17887,0
11450,0
5021,33
17874,0
11441,0
5020,0
17873,0
5013,35
17866,0
5002,0
4987,0
4983,0
11402,0
17834,10
4981,0
11386,0
4965,0
11377,0
4956,0
17809,0
11373,0
4952,0
11362,0
4941,0
4933,0
4922,0
17775,0
4910,0
17763,0
11324,0
4903,0
11322,0
17753,12
4900,0
17751,10
4898,0
11315,0
4894,0
11314,0
4893,0
17746,0
4890,0
4867,0
11271,0
17703,62
4850,0
4848,0
17701,0
4835,0
17688,0
4824,0
17677,0
4821,33
17674,0
11241,0
11239,0
4818,0
17671,0
11237,0
4816,0
11233,0
4812,0
17660,43
4807,0
4806,0
17659,0
17651,13
4798,0
4796,0
4795,0
4785,0
4781,0
4779,0
17632,0
4776,0
4773,0
4768,0
11177,0
4756,0
4751,0
11166,0
11163,0
17595,74
4742,0
4717,0
4714,0
11134,0
4713,0
11133,0
4712,0
4711,0
4708,0
11113,0
17545,43
4692,0
17543,10
4690,0
4689,0
4687,0
17540,0
11100,0
4679,0
4666,50
17519,0
11086,0
4665,0
17518,0
4662,0
4657,0
4654,0
17507,0
11065,0
4644,0
4640,0
11059,0
4638,0
17491,0
4634,0
4625,0
17478,0
11043,0
4622,0
4621,0
4613,0
4606,0
4605,0
11025,0
4604,0
17457,0
4603,0
4600,0
4595,0
17448,0
4593,0
17446,0
4592,0
4591,0
11007,0
4583,73
17436,0
4579,0
17432,0
4576,0
17429,0
4555,0
17408,0
4552,0
17405,0
10962,0
4541,0
4537,0
4536,0
17389,0
4524,0
4513,0
4510,0
4507,0
4493,0
17346,0
10902,0
4481,0
17334,0
4477,13
17330,0
4476,6
17329,0
4470,0
4465,0
17318,0
4458,0
17311,0
4453,0
17306,0
10873,0
4452,0
17305,0
4451,64
17304,0
10860,0
4439,4
17292,0
4438,64
17291,0
4436,0
17289,0
4425,0
4407,0
17260,0
10826,0
4405,0
17258,0
4398,33
17251,0
4397,0
17250,0
10809,0
4388,45
17241,0
4386,0
17239,0
4371,0
17224,0
4370,29
17223,0
10790,0
4369,0
10787,0
4366,0
10786,0
4365,0
4364,0
10774,0
4353,35
17206,0
4349,0
10768,0
4346,6
17199,0
4345,0
4343,0
17196,0
10760,0
4339,0
4333,0
17186,0
10744,0
4323,0
4318,68
17171,0
10734,0
4313,45
17166,0
4310,0
17163,0
4301,0
17154,0
4297,0
4286,0
4276,46
17129,0
10688,0
4267,0
10682,0
4259,0
10678,0
10674,0
17102,15
4249,0
4246,0
17099,0
4245,33
17098,0
10662,0
10661,0
17091,39
4238,0
4237,0
4231,0
17084,0
4229,0
17082,0
4228,33
17081,0
4215,0
4205,73
17058,0
10625,0
4204,0
4199,42
17052,0
4193,0
10613,0
4192,0
17035,21
4182,0
17031,31
4178,0
10596,0
17028,76
4175,0
10594,0
4173,0
4170,0
17023,0
10590,0
4167,0
10586,0
10581,0
4160,0
4159,0
17012,0
4156,0
4153,0
4146,0
10566,0
4139,57
16992,0
4129,0
4122,0
16975,0
10541,0
4120,0
16973,0
4117,0
16970,0
4115,1
16968,0
4113,0
16966,0
4105,0
4103,0
4096,0
10515,0
4091,0
10509,0
4088,50
16941,0
10505,0
4084,0
4081,0
4080,0
4075,0
4074,0
4067,0
4066,0
16918,56
4065,0
16916,10
4063,0
4061,0
4048,0
4036,0
16888,38
4035,0
16886,35
4033,0
10449,0
4028,0
4027,0
10447,0
4026,0
10446,0
797,0
7218,0
20071,0
4015,56
16868,0
3999,13
16852,0
10418,0
3997,0
16850,0
7196,0
10414,0
3991,0
7192,68
20045,0
16838,33
3985,0
764,0
7185,30
20038,0
10403,0
16835,33
3982,0
3980,0
16833,0
10394,0
3973,0
16826,0
7161,0
3958,35
16811,0
736,0
7155,73
20008,0
7136,0
19989,0
10354,0
3930,0
16783,0
7129,0
19982,0
10347,0
3926,0
16779,0
7119,0
3916,0
7115,36
19968,0
3912,0
690,33
13543,0
7111,0
19964,0
3908,72
16761,0
10313,0
3892,0
16745,0
3886,0
16739,0
7087,0
3884,73
16737,0
3879,0
7077,45
19930,0
7076,0
3873,0
16726,0
7075,0
7073,0
3870,21
16723,0
7070,0
7068,0
3865,0
16718,0
7067,0
10285,0
16717,27
3864,0
3858,33
16711,0
7060,30
19913,0
3857,27
16710,0
3856,0
3853,21
16706,0
7049,0
19902,0
3846,0
7046,0
3843,0
10262,0
3841,0
10261,0
13462,0
7041,0
3838,0
3830,0
7031,0
3828,0
16681,0
16678,61
3825,0
7024,0
7020,0
10238,0
7011,11
19864,0
3801,21
16654,0
7003,79
19856,0
16653,33
3800,0
3797,13
16650,0
3796,0
16649,0
6998,0
10216,0
3795,0
16648,0
6996,0
10214,0
3793,0
16646,0
6995,0
10213,0
3792,0
16645,0
6993,0
3790,0
10208,0
6985,0
3777,0
16630,0
16628,62
3775,0
10192,0
3768,38
16621,0
544,0
6965,0
559,0
10183,0
16615,24
3762,0
6961,0
3758,0
16611,0
6975,0
19828,0
552,0
3743,0
6939,0
518,0
3721,38
16574,0
3720,0
6920,0
19773,0
19788,73
6935,0
3717,0
16570,0
498,0
10122,0
16554,66
3701,0
6884,0
19737,0
478,0
10102,0
3681,0
470,0
3673,0
6872,0
6887,0
10090,0
464,0
10088,0
6852,0
13271,0
6850,21
19703,0
10068,0
10061,0
3640,0
16493,0
13261,0
408,0
3637,10
16490,0
405,27
13258,0
416,0
13269,0
6837,36
19690,0
10052,0
10041,0
16472,33
3619,0
13236,0
13251,0
409,0
13262,0
3612,50
16465,0
13244,0
376,0
6797,73
19650,0
10015,0
3594,0
3589,0
16442,0
6788,0
10000,0
16432,6
3579,0
374,0
3577,0
16430,0
366,0
13188,0
13199,73
346,0
6767,0
13214,28
361,0
16417,46
3564,0
6762,0
3559,0
6757,0
9975,0
3554,0
16407,0
9974,0
3553,0
16395,13
3542,0
16394,30
3541,0
6737,0
3534,0
330,0
9954,0
16386,43
3533,0
13144,0
302,0
6723,0
9941,0
3520,0
13116,0
3492,0
13115,0
273,0
13126,0
6694,0
9912,0
3491,0
3490,0
16343,0
9909,0
3488,0
6683,0
9884,0
16316,42
3463,0
3461,0
16314,0
6659,0
19512,0
6655,0
3452,0
246,0
3449,0
13062,0
220,0
3438,0
6638,62
19491,0
6653,73
19506,0
16288,30
3435,0
3425,0
16278,0
9841,0
3420,0
19474,35
6621,0
213,0
3415,0
191,0
6612,0
3409,0
16262,0
3399,0
16252,0
3389,0
6581,0
9799,0
3378,0
12996,13
143,0
13011,0
3372,0
16225,0
9792,0
3371,0
153,13
13006,0
3367,0
135,13
12988,0
6556,0
19409,0
16206,43
3353,0
3352,0
12981,0
128,0
9763,0
3342,0
16195,0
124,0
3327,0
3309,0
19351,13
6498,0
3295,0
16148,0
53,0
12910,0
68,0
3271,0
3266,0
16119,0
12900,0
47,0
58,0
12875,0
22,0
6454,62
19307,0
12901,24
48,0
3251,0
12888,0
46,0
3249,0
12853,0
6432,0
19285,0
12846,0
6425,0
3222,9
16075,0
6414,0
19267,0
12834,0
6413,0
16063,17
3210,0
3194,0
16045,28
3192,0
3189,0
9608,0
3187,0
3184,74
16037,0
3180,0
3157,0
3155,0
3154,0
3153,0
16006,0
6352,0
9570,0
3149,0
9560,0
3139,0
15984,35
3131,0
12752,0
6331,0
9549,0
15981,64
3128,0
3118,0
3115,0
15968,0
9532,0
3111,0
15964,0
3110,0
15963,0
12731,0
6310,21
19163,0
3107,0
15960,0
9526,0
3105,0
9525,0
3104,0
3100,0
6301,0
3098,0
15951,0
12716,0
6295,0
3092,0
3086,0
15939,0
12697,0
6276,0
12696,0
6275,33
19128,0
3072,0
15925,0
6274,43
19127,0
3071,0
15924,0
3069,0
9488,0
3067,50
15920,0
3062,0
3056,0
15909,0
3051,0
15901,33
3048,0
3047,0
15900,0
3040,0
12663,0
3039,0
15892,0
3038,0
3034,0
12652,0
15881,10
3028,0
3023,40
15876,0
9437,0
3016,0
9434,0
9431,0
3010,0
12632,0
3008,0
15861,0
3007,0
12623,0
6202,0
2999,0
6201,0
15851,31
2998,0
2995,0
9415,0
9414,0
2990,0
6188,0
19041,0
2985,0
15838,0
2983,0
9403,0
2982,0
6180,0
19033,0
9398,0
2977,0
2973,0
9392,0
2971,0
12594,0
15823,3
2970,0
15821,31
2968,0
2965,0
9383,0
2959,0
2955,0
15808,0
6157,0
2954,0
15807,0
2950,0
15803,0
2933,0
2930,0
9349,0
2928,0
9348,0
2927,0
15780,0
2926,0
12540,0
6119,0
15769,35
2916,0
9336,0
2915,45
15768,0
9328,0
2907,0
6090,0
6075,0
9293,0
2872,0
9288,0
2867,0
9279,0
2858,0
12480,0
6059,0
15698,0
9277,0
6056,0
2853,0
6054,0
9272,0
15704,64
2851,0
9271,0
2847,0
12463,0
6042,35
18895,0
12462,0
9259,0
2838,0
15691,0
15675,0
2833,0
6030,0
6023,0
9240,0
9239,0
6018,0
15668,64
2815,0
15641,0
2799,0
2793,0
12415,0
2791,0
9208,0
12407,0
5986,0
9204,0
18828,6
5975,0
5972,0
9190,0
2768,0
15621,0
12389,0
2765,0
2764,0
15617,0
2752,43
15605,0
9184,0
12386,0
5965,0
2762,0
9182,0
15602,0
9181,0
15613,23
2760,0
5955,0
12375,0
5954,0
18807,0
15593,0
9172,0
5951,0
15590,10
2737,0
2746,0
15584,0
9163,0
5932,0
2718,73
15571,0
2729,0
9139,0
2711,0
5898,10
18751,0
9116,0
12315,0
2688,0
5875,0
18728,0
2672,0
9087,0
2666,0
2648,49
15501,0
15494,0
2652,0
9069,0
18703,43
5850,0
2647,0
5848,0
9059,0
2638,0
2635,0
15453,0
9032,0
15451,0
9030,0
2609,0
15462,0
12226,0
5805,0
18658,0
2602,52
15455,0
15438,0
2585,0
2596,0
9015,0
5796,0
9014,0
2593,43
15446,0
9012,0
2591,0
18646,62
5793,0
2579,45
15432,0
12209,0
5788,0
15427,79
2574,0
12208,0
5787,0
2584,0
2578,0
12201,0
5780,0
8998,0
8991,0
2570,0
15411,0
2558,0
2569,0
15409,0
5765,0
2551,13
15404,0
8982,0
5762,0
2559,0
15400,0
12179,0
15397,0
2544,0
12178,0
2543,13
15396,0
8975,0
2554,0
5756,0
2550,0
12172,0
5751,0
18604,0
2546,0
15386,0
5746,0
18599,0
12164,0
5743,0
8961,0
5742,0
18595,0
2532,0
5734,0
2531,0
15384,0
2530,0
12152,0
2528,0
2520,0
5721,0
8933,0
5707,0
5686,0
18539,0
15325,0
8903,0
5678,43
18531,0
2475,0
5677,43
18530,0
8895,0
15310,0
15321,24
2468,0
8880,0
5643,0
8861,0
2440,0
12053,0
8850,0
8849,0
15263,0
2410,0
15253,0
8830,0
2386,36
15239,0
15227,0
2374,0
8806,0
2385,0
5586,0
2383,0
12003,0
5582,10
18435,0
2379,0
5579,0
18432,0
2376,0
8778,0
8768,0
8765,0
11961,0
15179,0
2326,0
8756,0
8747,0
5526,0
2323,0
5523,0
18376,0
8741,0
2310,0
11932,0
5511,0
15149,0
2307,0
11915,0
8696,0
11895,0
5474,0
8692,0
2271,0
11894,0
2259,30
15112,0
11893,0
5472,0
15111,0
11892,0
5471,0
15110,0
2257,0
8689,0
2268,13
15121,0
5469,0
8686,0
21539,0
15118,64
2265,0
8681,0
2260,0
18309,24
5456,0
15095,0
8674,0
18308,35
5455,0
18307,52
5454,0
15093,0
2240,0
8672,0
11873,0
2238,61
15091,0
8670,49
21523,0
8668,19
21521,0
2247,0
2246,0
11864,0
5443,0
18296,0
15082,0
8661,0
11863,0
2239,0
11862,0
18294,43
5441,0
11861,0
5440,0
11858,0
2231,0
2228,0
15067,0
11843,0
15061,0
11837,0
15055,0
2202,0
8632,0
11830,0
5409,0
15048,0
2206,0
11829,0
5408,0
15045,0
8624,0
21477,0
8623,0
8615,0
6982,0
10200,0
3779,0
5385,0
18238,0
15024,0
8603,0
15017,0
10191,0
16623,62
3770,0
5376,0
18229,0
547,0
6968,0
562,0
2168,0
3760,0
11787,0
5366,0
15005,0
532,0
6953,0
10171,0
6952,0
10155,0
5340,0
21411,13
8558,0
2137,0
2108,0
486,0
6907,47
19760,0
3704,0
14960,10
2107,0
8518,0
21371,0
2097,0
5295,47
18148,0
8510,73
21363,0
14921,0
5276,0
5268,0
14907,0
2054,0
13276,0
423,0
6855,0
3652,74
16505,0
11679,0
5258,0
18111,0
8475,0
13284,0
6863,0
442,0
3645,0
436,0
16492,24
3639,0
5245,0
13265,0
6844,0
19697,0
3626,18
16479,0
19681,48
6828,0
16478,24
3625,0
5231,0
21302,62
8449,0
2028,6
14881,0
8448,0
21301,0
2027,0
6841,0
3622,0
16475,0
5228,0
14867,0
2025,0
3609,0
18068,46
5215,0
14854,0
2001,0
13231,0
378,0
6810,0
19663,0
3607,0
16460,0
2010,0
10018,0
3597,0
16450,0
5203,0
14842,0
2000,0
3592,0
8416,0
1995,0
8415,0
1994,0
13204,0
362,0
3580,0
1983,0
5168,0
354,0
9978,0
1960,0
6748,0
3545,36
16398,0
1948,0
6734,0
9952,0
3531,0
21208,18
8355,0
1934,0
1933,0
323,0
3526,0
11553,0
5132,0
14771,0
1918,0
1929,0
14755,66
1902,0
8334,0
21187,0
1913,0
6712,0
3509,0
13142,0
6721,0
5115,0
17968,0
1912,0
6710,0
9928,0
16360,66
3507,0
5113,0
8331,0
1910,0
6689,0
9907,0
3486,79
16339,0
5092,0
1889,0
6686,45
19539,0
3483,0
16336,0
1886,0
14739,0
259,0
3477,0
11504,0
1880,0
3469,0
21146,24
8293,0
237,0
13090,0
6658,0
19511,0
3455,0
1858,0
1848,0
14689,0
1836,0
1847,0
3442,0
248,0
1845,0
5042,0
1839,0
1832,0
1824,0
1815,0
11433,0
1809,0
13024,0
6603,0
3400,0
8224,0
21077,0
8222,0
1801,0
13019,0
166,0
19451,13
6598,0
3395,0
5001,0
1798,0
14629,0
1787,0
11393,0
4972,35
17825,0
3364,0
4970,0
17823,0
152,45
13005,0
6573,21
19426,0
3332,0
16185,0
12980,0
127,0
6559,0
19412,0
17791,38
4938,0
1735,0
134,0
12987,0
14573,0
1731,0
3320,0
16173,0
111,0
3329,0
6547,0
1723,0
9734,0
3313,0
16166,0
8137,0
14569,56
1716,0
11335,0
1711,0
6506,45
19359,0
3303,0
6515,0
19368,0
109,0
12962,0
6488,0
19341,0
9706,0
3285,0
8109,0
1688,0
12912,20
59,0
6491,46
19344,0
8103,0
1682,0
6478,30
19331,0
3275,0
6502,0
81,0
4881,0
20947,6
8094,0
1673,0
12898,68
45,0
3263,0
1666,0
12878,0
36,33
12889,0
9675,0
3254,12
16107,0
14499,0
1657,0
38,62
12891,0
49,0
3252,0
12883,0
4841,0
17694,0
3225,0
1628,0
9644,0
3223,13
16076,0
4829,0
17682,0
1626,0
12843,0
1,0
6422,0
9640,0
3219,0
1622,0
12841,0
6420,35
19273,0
9638,0
3217,0
23,0
1620,0
6419,30
19272,0
9637,0
3216,0
8040,0
20893,0
1619,0
6410,40
19263,0
9628,0
12851,0
6430,0
19283,0
11230,0
4809,0
1606,0
12823,0
6402,0
19255,0
3199,0
16052,0
8023,0
9619,0
3198,0
11225,0
4804,0
8022,0
1601,0
6407,0
3204,0
11222,0
4801,0
14440,0
1598,0
9604,0
3183,0
8007,0
14423,0
16029,13
3176,0
8000,0
1579,0
1572,0
12790,0
3166,0
4772,0
17625,0
11192,0
4771,0
16016,35
3163,0
11190,0
4769,0
17622,0
20837,24
7984,0
1563,0
4765,36
17618,0
20836,66
7983,0
1562,0
1550,0
20817,23
7964,0
4744,0
17597,0
4740,0
17593,0
1537,0
1535,0
1526,0
9538,0
15970,48
3117,0
1520,0
6306,23
19159,0
3103,0
15956,0
1506,0
12701,0
15930,33
3077,0
7901,0
1480,0
7899,0
1478,0
1460,68
14313,0
7888,0
9484,0
3063,0
4664,0
4660,0
17513,0
3053,0
4659,0
1445,38
14298,0
7877,0
1456,0
7873,0
15899,43
3046,0
7870,0
12667,0
6246,0
3043,0
15896,0
11070,0
4649,0
17502,0
7867,0
4648,0
7866,27
20719,0
7865,0
1444,0
4641,0
17494,0
4637,0
20708,29
7855,0
1434,0
3026,0
15879,0
4632,0
15878,30
3025,0
14270,0
11051,0
4630,0
7848,0
1427,0
4623,0
4617,0
17470,0
1414,0
3009,0
4615,0
1412,0
1409,0
4610,16
17463,0
1407,0
3003,0
11030,0
4609,0
17462,0
1406,0
3001,50
15854,0
7825,0
1391,0
1387,0
15832,24
2979,0
4585,0
1382,0
4584,0
12600,0
15829,15
2976,0
4581,6
17434,0
1367,36
14220,0
7796,0
2964,0
15817,0
2963,16
15816,0
9382,0
6163,0
9381,0
2958,0
15811,0
1361,0
1360,0
2936,0
1339,0
2917,0
10944,0
4523,0
4519,0
17372,0
7737,0
1316,0
1301,56
14154,0
20586,12
7733,0
1312,0
1308,0
2897,0
1300,0
1292,0
4488,0
17341,0
9302,0
2881,0
15715,24
2862,0
9294,0
1276,0
20546,6
7693,0
1272,0
10893,0
1269,0
6065,0
9283,0
7686,0
1260,0
7673,0
1252,0
4454,0
7672,0
20525,0
10867,0
1243,0
4437,0
7650,0
9246,0
4431,0
17284,0
1228,0
4429,0
17282,0
7647,0
1226,0
9234,0
9230,0
1212,0
7632,0
20485,0
1211,0
6010,46
18863,0
1210,0
10833,0
1209,0
10832,0
4411,13
17264,0
7629,0
1208,0
15639,0
7621,35
20474,0
20471,10
7618,0
1197,0
1193,0
9210,0
1192,0
2785,0
7609,0
4385,21
17238,0
7603,0
1182,0
4380,45
17233,0
14012,0
1159,0
1170,0
5960,0
4363,21
17216,0
12378,0
5957,0
18810,0
9175,0
4360,0
7577,0
1156,0
1152,0
7569,0
1148,0
12368,0
5947,0
9165,0
20421,23
7568,0
4341,29
17194,0
4340,0
7558,0
7555,0
5925,6
18778,0
10749,0
4328,0
10748,0
4327,0
17180,0
13966,0
314,0
11544,0
5123,0
1920,0
15562,0
7544,0
1123,0
1919,0
20392,31
7539,0
15556,0
9135,0
11526,0
5105,35
17958,0
13946,0
1104,0
4306,0
1103,0
5902,0
2699,0
1102,0
1897,0
4303,42
17156,0
1100,0
279,0
9903,0
8306,0
1885,0
1088,0
10709,0
1085,0
9102,0
2681,0
1082,0
6677,0
3474,0
16327,0
5080,0
17933,0
14719,0
8298,0
12301,0
5880,0
9098,0
2677,0
7501,0
20353,46
7500,0
1079,0
1077,0
1871,0
2671,0
4277,0
7495,31
20348,0
1074,0
1072,0
1071,0
3460,0
1863,0
1066,0
3459,0
16312,0
1862,0
14715,0
9081,0
2660,0
10687,0
4266,0
20337,66
7484,0
9867,0
16299,43
3446,0
5052,0
8270,46
21123,0
4255,0
1052,0
7468,35
20321,0
11461,0
5040,0
14679,0
8258,0
15479,0
2637,0
1040,0
4235,0
13874,0
7453,0
1032,0
10648,0
4227,0
17080,0
1024,0
13041,0
199,0
13052,0
6620,43
19473,0
3417,13
16270,0
1820,0
2620,0
1023,0
10644,0
4223,0
17076,0
1020,0
13037,0
9834,0
1816,0
1019,0
10640,0
7437,0
1016,0
4218,19
17071,0
1015,0
1013,0
15448,0
10633,0
4212,0
7424,0
176,0
3394,13
16247,0
1797,0
6609,10
19462,0
13045,0
20274,43
7421,0
1000,0
10622,0
4201,0
17054,0
183,43
13036,0
194,0
10615,0
991,0
162,0
6583,0
16233,74
3380,0
15425,0
2583,0
4189,43
17042,0
7407,0
3381,0
16234,0
3390,0
984,0
5783,0
983,0
185,0
12203,0
5782,0
982,0
978,0
11397,0
4976,0
17829,0
1771,0
974,0
15410,0
4174,0
17027,0
971,0
5769,0
8987,0
2566,0
10593,0
17025,13
4172,0
969,0
8186,0
21039,0
5708,0
4111,0
16964,0
908,0
20968,23
8115,0
4100,19
16953,0
7318,0
897,0
6493,0
12929,0
87,0
12940,0
3290,0
16143,0
8114,0
1693,0
4099,0
16952,0
896,0
7310,0
889,0
8102,0
4887,0
8105,0
884,0
10506,0
4085,0
2470,0
873,0
3264,0
16117,0
8088,0
12091,0
5670,0
18523,0
15309,0
2467,0
870,0
4069,0
16922,0
13708,0
20140,43
7287,0
857,0
8069,0
20922,0
4054,0
10473,0
4052,0
4051,0
14476,0
1623,0
8055,0
1634,0
3243,73
16096,0
6461,0
8855,0
7234,0
20087,0
16884,45
4031,0
828,0
3205,0
11232,0
4811,0
8029,0
7217,0
811,0
5597,0
4000,28
16853,0
5593,0
2390,0
778,0
7199,0
4791,43
17644,0
1588,0
5583,25
18436,0
768,0
16837,45
3984,0
11201,0
4780,0
17633,0
9582,0
20838,10
7985,0
10391,0
3970,0
767,0
7168,48
20021,0
13615,46
762,0
7975,0
16813,46
3960,0
757,0
16810,24
3957,0
754,0
9563,0
3142,0
15995,0
7966,0
733,0
7154,0
16804,38
3951,0
5545,56
18398,0
11962,0
5541,0
18394,0
15175,43
2322,0
16792,30
3939,0
10358,0
3937,0
718,0
20803,43
7950,0
732,0
5525,0
18378,0
3928,0
19983,48
7130,0
724,0
20793,21
7940,0
1519,0
707,0
7128,62
19981,0
703,0
7124,0
6312,0
3109,0
1512,0
15154,0
2301,0
2312,0
3918,0
5507,0
18360,0
15146,0
8725,0
3910,0
5506,0
3909,38
16762,0
8722,0
21575,0
7110,0
19963,0
704,0
13530,0
677,0
688,0
7109,48
19962,0
15949,42
3096,0
1499,0
3094,0
11121,0
4700,0
20771,10
7918,0
1497,0
2297,0
10324,0
19957,18
7104,0
15944,62
3091,0
11118,0
4697,0
686,46
13539,0
697,0
9510,0
3089,0
4695,0
3898,0
3085,0
17544,43
4691,0
1488,0
7097,0
19950,0
10315,0
3894,21
16747,0
6283,46
19136,0
15933,61
3080,0
11107,0
4686,0
1483,0
7107,0
3888,0
685,0
7090,0
19943,0
684,0
7088,0
682,0
1477,0
7085,0
146,0
16202,62
3349,0
17808,66
4955,0
5755,0
15394,0
955,0
2952,0
5358,0
543,0
6964,0
558,0
12173,0
5752,8
18605,0
15391,0
2538,0
952,0
7771,0
20624,0
1350,0
16600,73
3747,0
553,0
11773,0
18205,13
5352,0
2148,66
15001,0
6957,0
19810,0
7765,0
20618,0
1343,0
6943,0
19796,0
7763,0
6951,0
3748,0
14177,0
1335,0
6944,0
15777,35
2924,0
2923,0
14168,33
1315,0
20600,29
7747,0
505,0
6926,0
3723,0
14968,24
2115,0
8547,0
6546,0
125,13
12978,0
104,0
6525,0
19378,0
16175,19
3322,0
6534,43
19387,0
8943,0
2522,0
925,0
19787,31
6934,0
2912,0
4518,0
7736,0
5318,0
14957,0
14156,0
1303,0
6914,0
19767,0
3711,0
12532,0
6111,0
2908,0
10129,0
16561,18
3708,0
504,0
10128,0
3707,0
11734,0
14963,21
2110,0
1306,0
6930,0
6101,0
2898,0
4504,28
17357,0
7722,0
11725,0
18157,48
5304,0
8113,0
83,0
4098,0
12514,0
6093,0
3699,0
4494,46
17347,0
10109,0
3688,0
489,0
1264,0
13285,0
3661,0
2064,0
6873,0
7684,0
1263,0
3660,0
16513,0
1658,0
18514,79
5661,0
15300,0
2447,0
4064,0
16917,0
7679,0
20532,0
14485,0
20917,13
8064,0
13688,0
835,0
2843,0
19699,74
6846,0
16496,73
3643,0
8467,0
2046,0
3241,0
16094,0
6433,0
19286,0
424,0
817,0
5620,0
7226,66
20079,0
4023,0
820,0
10841,0
4420,35
17273,0
1217,0
12424,0
6003,0
1203,0
393,0
16449,48
3596,0
10822,0
4401,0
17254,0
6807,0
10025,0
3604,46
16457,0
390,22
13243,0
6384,0
17640,13
4787,0
16843,17
3990,0
787,0
19655,72
6802,0
381,0
13232,0
379,0
6811,0
19664,0
15623,0
9202,0
2781,0
10808,0
7605,0
20458,0
387,0
1575,0
15217,0
8796,0
2375,0
7184,29
20037,0
9196,0
2775,0
6778,0
372,0
13225,0
776,0
12397,0
9194,0
13197,0
3573,0
13206,13
353,0
6790,0
369,0
3572,0
11599,0
5178,0
8396,0
6784,0
6371,0
16021,13
3168,0
4774,0
1571,0
15213,0
10398,0
12395,0
5974,0
9192,0
6774,0
16424,62
3571,0
5573,6
18426,0
8791,0
1971,0
4372,10
17225,0
1169,0
15207,0
2365,0
3971,43
16824,0
9984,0
3563,0
1966,0
9171,0
1153,0
16400,35
3547,0
9977,0
3556,0
16409,0
8370,0
1949,0
6758,0
5543,18
18396,0
8761,0
7149,0
10367,0
16392,33
3539,0
13187,0
334,0
345,0
3129,0
11156,0
4735,0
5535,64
18388,0
4338,0
17191,0
10355,0
3934,0
16787,0
3528,0
6740,0
5127,0
17980,0
1924,0
10338,0
3917,0
16770,0
293,0
6714,0
3511,0
8730,0
14751,0
1898,0
1909,0
12332,0
15550,0
13950,0
7529,0
20382,0
6708,73
19561,0
9926,0
3505,0
3514,0
16367,0
3095,0
1498,0
4304,31
17157,0
1493,0
7102,0
19955,0
696,0
20370,66
7517,0
284,0
13141,0
299,0
9893,0
3472,0
1875,0
6687,30
19540,0
5870,0
10694,0
9677,0
3256,0
20927,28
8074,0
9680,0
3259,74
16112,0
6477,0
56,0
16909,12
4056,0
853,0
6471,0
50,0
9674,0
3253,0
1656,0
12886,0
6465,73
19318,0
441,0
6877,0
6665,0
1842,0
5833,0
18686,0
9051,0
16283,66
3430,0
1029,0
12243,0
5822,0
1022,0
3405,0
16258,0
1808,0
15450,0
10831,0
4410,0
1207,0
13237,0
6816,0
5807,0
18660,0
9025,0
7428,0
18062,3
5209,0
8427,0
1996,0
3396,0
995,0
13025,0
3587,0
1990,0
14843,0
3387,0
4993,0
8211,0
1790,0
19647,72
6794,0
3382,0
8206,0
1785,0
14805,0
1963,0
4963,0
17816,0
1760,0
9781,0
3360,0
16213,0
21037,46
8184,0
13008,0
963,0
11385,0
1761,0
960,0
9573,0
3152,0
16005,0
16814,46
3961,0
1158,0
2951,0
15804,0
3751,0
16604,0
18210,13
5357,0
11575,0
5154,0
1951,0
2948,0
15801,0
11775,0
8572,0
130,0
9769,0
3348,0
16201,0
8172,0
3351,0
6746,0
5149,0
8367,0
1946,0
2542,0
13787,0
7366,0
945,0
9363,0
2942,0
1345,0
3742,0
3345,0
136,0
19410,35
6557,0
11358,0
5737,0
18590,0
930,0
6533,46
19386,0
12969,0
10548,0
4127,0
924,0
5722,33
18575,0
8940,0
4525,0
6931,0
19784,0
525,0
524,0
17972,64
5119,0
8337,52
21190,0
1916,0
5720,0
2517,0
7341,0
6520,52
19373,0
9738,0
3317,0
16170,0
123,0
2500,0
4106,0
903,0
13333,0
480,0
6912,0
19780,48
6927,0
3093,0
3902,0
16755,0
5899,0
18752,0
9117,0
4302,62
17155,0
20373,3
7520,0
8117,0
2896,0
1299,0
14941,0
19761,72
6908,0
502,0
6511,0
19364,0
105,0
15416,0
977,0
16230,62
3377,0
12907,0
6486,0
8098,0
3277,0
16130,0
880,0
1280,0
5283,0
14922,0
21354,31
8501,0
2480,0
7304,0
6492,0
11497,0
5076,52
17929,0
1076,0
3473,0
6476,10
19329,0
3273,0
16126,0
7296,0
875,0
20949,56
8096,0
10895,0
4474,0
3668,64
16521,0
474,0
16319,3
3466,0
272,0
3269,73
16122,0
6481,0
19334,0
15598,0
2756,0
5162,0
1959,0
2956,0
14201,0
9777,0
3356,0
7286,0
865,0
8086,0
1665,0
2491,0
10518,0
16950,17
4097,0
20168,62
7315,0
894,0
497,0
6453,0
10868,0
4447,0
13274,0
6853,0
447,0
5250,0
450,0
850,0
8162,0
1741,0
3347,0
16200,0
144,0
12162,0
4144,33
16997,0
941,0
4544,0
1341,0
6941,0
3738,36
16591,0
1044,0
16294,24
3441,0
10314,0
3893,0
9108,0
6499,0
7311,0
14582,0
1729,0
1740,0
4143,0
940,0
1340,0
9761,0
9861,0
3440,0
9554,0
3133,0
4739,0
6539,0
8160,0
1739,0
10563,0
4142,56
16995,0
939,0
20913,46
8060,0
7260,0
839,0
4045,0
20116,39
7263,0
842,0
6442,0
19295,0
4845,0
8063,0
1239,0
2039,0
20557,24
7704,0
10151,0
3730,68
16583,0
8554,0
2133,0
3630,0
14875,0
4039,0
6836,0
3633,10
16486,0
3228,0
1631,0
15368,0
2526,0
10553,0
4132,0
16985,0
10156,0
3735,71
16588,0
5732,0
18585,0
2529,0
4135,0
16988,0
932,0
6541,0
1917,0
1220,0
8441,0
8044,0
1068,0
4071,0
4918,13
17771,0
1715,0
918,0
9736,0
3315,0
1718,0
1332,0
9374,0
2953,0
1356,0
18,0
9543,0
3122,0
2325,0
10352,0
3931,0
9146,0
10752,0
4331,4
17184,0
11752,0
5331,0
14970,0
3702,0
16555,0
12426,0
6005,12
18858,0
4408,0
3744,40
16597,0
7659,0
10442,0
7698,0
1277,0
10095,0
6886,0
4233,0
17086,0
1030,0
13060,0
6639,0
19492,0
233,0
4107,0
12852,0
10,0
19657,10
6804,0
6813,36
19666,0
10825,0
1201,0
6801,0
19654,0
3598,0
6147,0
9365,0
15797,21
2944,0
1347,0
550,0
3344,0
16197,0
6636,30
19489,0
3433,49
16286,0
1039,0
2810,0
14055,0
1213,0
11637,0
2013,0
7222,0
16872,13
4019,0
1616,0
1649,0
2449,0
4055,0
16908,0
13694,0
852,0
2102,0
3302,0
16155,0
3599,0
13247,0
7093,0
19946,0
10311,0
687,0
4290,0
8905,0
20161,62
7308,0
9305,0
2884,0
10105,0
3684,0
4043,0
840,0
4220,12
17073,0
19198,1
17062,1
12628,1
10756,1
10746,1
9700,1
8829,1
7015,1
5146,1
5077,48
17930,1
10754,1
13482,1
198,1
6619,1
3073,1
2994,1
2993,1
5371,1
9178,1
895,1
1174,1
890,1
5236,1
5216,1
5687,33
18540,1
9408,2
21298,3
21255,3
21209,3
21205,3
21179,3
21165,3
21148,3
21103,3
21036,3
21017,3
20973,3
20943,3
20930,3
20888,3
20654,3
20652,3
20494,3
20468,3
20415,3
20388,3
20378,3
20364,3
20279,3
20138,3
16687,3
15757,3
15732,3
15559,3
12674,3
12022,3
9875,3
9238,3
8252,11
21105,3
8130,70
20983,3
7519,64
20372,3
7349,3
5658,3
15610,20
2757,3
7948,25
20801,3
7404,56
20257,3
3584,50
16437,3
2919,56
15772,3
1283,3
8338,46
21191,3
8946,4
15250,25
2397,4
7385,4
7277,4
19482,13
6629,4
18355,73
5502,4
5085,4
3875,4
3774,4
3763,4
2225,74
15078,4
4990,4
14550,4
7990,4
16797,24
3944,4
7346,4
8426,4
3603,5
21034,6
19304,6
18832,6
17975,6
17788,6
15601,24
2748,6
12166,6
11338,6
11333,6
11301,6
11300,6
10999,6
10839,6
9937,6
9301,6
21277,49
8424,6
21244,29
8391,6
8300,6
14540,6
8026,56
20879,6
6701,6
6522,28
19375,6
6138,6
5359,6
4747,6
10919,6
4184,43
17037,6
3806,6
16522,46
3669,6
16487,24
3634,6
9339,6
5931,6
12017,6
2350,6
15162,47
2309,6
2316,6
5452,6
2221,6
10185,6
2048,6
8350,68
21203,6
1861,6
6540,6
1706,6
11302,6
1602,6
1469,6
1285,6
1200,6
1084,6
210,6
4974,6
10925,6
1643,6
731,6
20767,43
7914,6
8229,6
3602,6
16396,30
3543,6
6529,6
9894,6
8580,6
12874,6
5741,6
1639,6
12860,6
490,6
21391,8
18835,8
18744,8
18700,8
16963,8
16932,8
16856,8
16088,8
12830,8
11352,8
9982,8
9933,8
9704,8
9076,8
2353,36
15206,8
8662,8
21490,62
8637,8
21488,35
8635,8
8592,8
8151,8
8141,8
7907,8
5973,8
5908,8
5895,8
5546,45
18399,8
5057,8
11198,8
10375,8
3078,8
12609,8
15270,25
2417,8
5540,27
18393,8
8667,8
20655,21
7802,8
13908,8
14951,8
1680,8
1675,8
8080,8
15680,24
2827,9
18326,43
5473,9
256,9
21479,10
21453,10
21256,10
21236,10
21194,10
21022,10
20779,10
20672,10
20658,10
20648,10
20561,10
20499,10
20455,10
20414,10
20400,10
20105,10
19850,10
19723,10
19427,10
19009,10
18718,10
18708,10
18699,10
18155,10
17988,10
17556,10
16910,10
16376,10
16371,10
16324,10
16317,10
15790,10
15136,10
14180,62
1327,10
11727,10
11621,10
11543,10
11494,10
11307,10
10499,10
9961,10
9914,10
9441,10
9346,10
9267,10
9250,10
9235,10
21260,31
8407,10
8001,10
14300,10
7730,38
20583,10
7620,56
20473,10
20191,46
7338,10
7276,46
20129,10
12915,10
6323,10
6134,10
6104,10
5738,10
18591,10
4794,10
4457,10
10254,10
3786,10
3697,10
16422,18
3569,10
5632,10
2380,36
15233,10
8767,10
2092,10
3623,30
16476,10
6729,10
19308,46
6455,10
4788,10
1320,10
6084,10
1229,10
1188,10
4288,10
12204,10
2580,10
6495,10
5682,10
10381,10
7139,10
3903,10
3895,10
11112,10
4155,10
530,10
5312,10
6785,10
728,10
2298,10
9029,10
2433,10
2005,10
3601,33
16454,10
10665,11
10642,11
10623,11
10608,11
8663,11
21455,43
8602,11
10779,11
10767,11
10264,11
10209,11
10781,11
20374,18
7521,11
20479,43
7626,11
21234,12
20668,12
20493,12
16890,12
16858,12
16819,12
16795,12
11060,12
10974,12
10855,12
15496,12
8311,73
21164,12
7723,12
19712,52
6859,12
6213,12
6130,12
5967,12
8892,12
420,12
15667,12
7113,66
19966,12
6504,21
19357,12
1173,12
2750,12
3946,38
16799,12
9040,12
9964,12
1128,12
21357,13
21287,13
21228,13
21071,13
21040,13
20945,13
20797,13
20311,13
20298,13
19799,13
19751,13
19441,13
19435,13
19343,13
19270,13
19241,13
18986,13
18223,13
18182,13
18138,13
17785,13
17784,13
17777,13
17576,13
17182,13
17178,13
17115,13
17004,13
16925,13
16923,13
16873,13
16700,13
16685,13
16444,13
16427,13
16026,13
15997,13
15894,13
15682,13
15600,13
15387,79
2534,13
14623,13
1541,28
14394,13
13704,74
851,13
13189,13
12676,13
12383,13
12305,13
11449,13
11143,13
11029,13
10950,13
10908,13
10883,13
10224,13
9487,13
9343,13
15077,33
2224,13
8555,45
21408,13
8327,13
14619,13
8020,13
7997,13
7824,13
20670,18
7817,13
14131,13
7494,13
7490,13
7482,13
7469,13
7319,13
7027,50
19880,13
496,13
13212,13
13194,13
13182,13
12699,13
6223,13
12629,13
12610,13
6103,13
6096,13
12356,13
12331,13
5750,13
5516,13
5377,13
11755,13
11748,13
11744,13
4908,13
11078,13
10928,13
10872,13
10462,13
3993,13
3933,13
3920,13
3874,35
16727,13
3839,13
3833,13
3831,30
16684,13
6830,43
19683,13
16275,66
3422,13
3418,13
16269,62
3416,13
6575,33
19428,13
3229,13
9539,13
12722,13
9472,13
6070,13
18610,46
5757,13
2540,13
5723,28
18576,13
2471,31
15324,13
5671,13
8771,13
5442,13
2219,13
1835,13
1581,13
7993,13
10909,13
15655,30
2802,13
3517,79
16370,13
1118,13
2714,13
16266,68
3413,13
9027,13
4884,13
7305,13
1667,13
15276,13
1577,13
3161,13
748,13
16801,68
3948,13
7913,45
20766,13
2281,13
12973,13
2552,13
545,13
12146,13
11738,13
1291,13
3632,13
13211,13
7992,13
12719,13
7443,13
4964,13
1354,13
142,23
12995,13
4937,13
12965,13
3298,13
5665,13
844,13
6856,13
3336,13
3239,13
836,13
4021,43
16874,13
4041,14
16978,50
4125,14
16991,15
12608,15
2754,28
15607,15
15038,15
14558,15
3181,15
2696,15
834,15
10612,16
10611,16
10609,16
10284,16
10282,16
10280,16
9127,16
8125,16
6341,16
11168,16
10291,16
6999,16
6358,16
2962,16
8619,16
2961,16
2960,16
10610,16
10349,16
4123,16
883,16
887,16
21532,17
19653,17
19625,17
19081,17
17442,17
16415,17
8451,17
13007,17
100,17
18242,43
5389,17
11197,17
4741,17
7133,46
19986,17
13172,17
2555,17
8190,17
4475,38
17328,17
7591,17
1147,17
10724,17
1681,17
867,17
9760,17
11160,17
929,17
20432,18
19862,18
19812,18
19440,18
19365,18
17607,18
16806,18
12659,18
12516,18
12035,18
11993,18
11529,18
11429,18
10884,18
10427,18
9611,18
9566,18
9312,18
14630,18
7883,31
20736,18
7516,18
5977,74
18830,18
4378,18
4358,18
10534,18
3954,43
16807,18
6313,18
2761,18
2270,18
14995,18
11689,18
1655,18
7887,18
1225,18
8915,18
1752,18
5317,18
7193,18
2519,18
20251,46
7398,18
18483,19
17922,19
16207,19
16141,19
14860,19
9229,19
9160,19
8644,19
8614,19
8611,19
6349,19
11859,19
11227,19
4574,19
4149,19
4089,19
3480,19
6356,19
9189,19
5257,19
3468,19
8702,19
2279,19
8155,19
920,19
899,19
4562,19
16274,20
12040,20
12010,20
12016,20
11941,20
66,23
12919,20
15579,20
15560,20
27,43
12880,20
12908,20
21295,21
20976,21
20770,21
20634,21
20567,21
20507,21
19639,21
19459,21
17811,21
16441,21
15130,21
13552,50
699,21
12681,21
12613,21
11696,21
11684,21
11407,21
11145,21
11106,21
10966,21
9818,21
9807,21
9425,21
21430,46
8577,21
8286,21
14103,21
7330,21
7191,21
6500,21
6485,21
24,21
6309,21
5991,21
12294,21
5669,21
5657,21
5629,21
11046,21
4157,21
10524,21
4029,21
734,21
16670,24
3817,21
12353,21
15477,21
5758,21
2539,21
5679,21
15189,21
15152,21
2249,21
2188,21
10046,21
2016,21
6672,21
5018,21
4775,21
1366,21
1191,21
1117,21
14744,21
2663,21
848,21
781,21
5725,21
1311,21
98,21
8879,21
6298,21
4361,21
5354,21
4954,21
5321,21
20291,43
7438,21
14911,22
356,22
11196,22
922,22
21405,23
21182,23
21100,23
21042,23
20926,23
20768,23
18158,23
15985,23
14985,23
13026,23
12187,23
12063,23
10921,23
10885,23
10853,23
8810,23
756,23
6311,23
6240,23
6055,23
5913,23
5355,23
5327,38
18180,23
4999,23
4257,23
10573,23
7078,23
16635,66
3782,23
3605,27
16458,23
6231,23
9274,23
5716,23
16638,27
3785,23
2101,43
14954,23
4911,23
1384,23
1265,23
4219,23
1494,23
773,23
6642,23
2099,23
535,23
8858,23
21403,24
21388,24
21386,24
21360,24
21248,24
21199,24
21113,24
20974,24
20954,24
20918,24
20894,24
20826,24
20791,24
20596,24
20490,24
20393,24
20324,24
20304,24
20299,24
20256,24
20226,24
16913,24
16803,24
16668,24
16664,24
16662,24
16642,24
16619,24
16585,24
16546,24
16545,24
16380,24
16363,24
16315,24
16013,24
15980,24
15969,24
15833,24
15822,24
15800,24
15753,24
15723,24
15476,24
15348,24
2237,48
15090,24
2173,47
15026,24
10235,24
15521,24
15356,24
15023,24
15002,46
2149,24
8289,28
21142,24
7970,24
7954,36
20807,24
6771,24
5663,24
4521,24
3872,52
16725,24
3788,45
16641,24
11,24
3036,42
15889,24
5594,24
8447,35
21300,24
1124,24
7487,45
20340,24
1059,24
7317,30
20170,24
1564,46
14417,24
15359,24
14517,24
19674,25
16297,25
15979,25
15888,25
13031,25
12059,25
10917,25
10431,25
9556,25
15049,71
2196,25
8526,25
8039,25
1461,46
14314,25
7880,25
7442,25
13854,25
4827,25
11111,25
10972,25
10891,25
3922,25
494,25
6752,25
3261,25
2409,25
2337,43
15190,25
2194,25
11666,25
6523,25
14427,25
1502,25
19450,36
6597,25
1765,25
9373,25
145,25
1677,25
483,25
17672,52
4819,25
17113,27
16568,27
11933,27
11090,27
10057,27
9959,27
9388,27
8992,27
7158,27
6763,27
6661,27
11730,27
11643,27
11027,27
4551,27
4374,27
10180,27
16473,33
3620,27
2920,27
12155,27
12045,27
2398,27
407,27
406,27
11636,27
11510,27
20811,42
7958,27
1379,27
6120,27
7189,27
5351,27
6864,27
3258,27
6862,27
5694,27
10054,27
1747,27
1287,27
21106,28
21047,28
20804,28
20646,28
20135,28
19815,28
19790,28
17661,28
16848,28
16808,28
16480,28
16342,28
15482,28
13032,28
12182,28
11990,28
11758,28
11754,28
11578,28
11317,28
9562,28
9003,28
8607,49
21460,28
8487,28
8430,48
21283,28
8036,28
8017,28
7739,28
7483,28
7359,28
7212,28
13118,28
6668,28
6601,28
6232,28
12079,28
5654,28
11967,28
11904,28
5015,28
11354,28
4901,28
4745,28
11132,28
212,28
6243,28
6211,28
9389,28
6149,28
2918,28
12271,28
2645,28
2567,28
12163,28
2026,28
13165,28
5051,28
5050,28
41,28
20900,43
8047,28
11036,28
1375,28
15719,43
2866,28
2806,28
4337,28
1003,28
10598,28
15145,28
6552,28
1355,28
3740,28
10459,28
1528,28
1101,28
6679,28
1007,28
10008,28
6551,28
4930,28
2877,28
10089,28
12115,28
484,28
4404,28
20114,40
7261,28
21178,29
20712,29
19466,29
16244,29
12705,29
11028,29
11018,29
7410,29
7302,29
5555,29
9428,29
2335,35
15188,29
2252,29
8340,68
21193,29
1877,29
1768,29
12914,29
11305,29
13715,29
6288,29
18166,35
5313,29
5984,29
8296,29
7432,29
539,29
7762,29
739,29
18600,30
16549,30
15585,30
14932,40
2079,30
14166,45
1313,30
12288,30
11282,30
11105,30
10877,30
10085,30
9438,30
9284,30
15280,30
8846,30
15120,30
8545,30
21173,46
8320,30
8227,30
8221,30
7725,30
7707,30
7696,30
7694,30
7245,30
6635,30
6577,30
6287,30
6222,30
11087,30
4505,30
4498,30
7063,30
10222,30
3578,30
6590,30
9371,30
12550,30
9337,30
9268,30
2700,56
15553,30
2664,30
8797,30
2230,30
2198,30
16625,43
3772,30
10181,30
10115,30
5300,30
8513,30
404,30
9904,30
1794,30
6532,30
1429,74
14282,30
7690,30
7631,30
10805,30
14761,30
8733,30
2549,30
113,30
16428,46
3575,30
7141,30
20802,35
7949,30
7358,30
147,30
8454,30
21238,31
20915,31
20794,31
20639,31
19742,31
19029,31
17034,31
12033,31
11320,31
10393,31
8708,31
8559,35
21412,31
8262,31
7676,35
20529,31
6047,31
11724,31
11633,31
4755,31
10211,31
160,31
12619,31
15709,33
2856,31
2659,31
8979,31
3734,45
16587,31
14752,31
6466,31
6447,31
2333,31
1314,31
1198,31
4376,31
1727,31
7465,31
8422,74
21275,31
2073,77
14926,32
14872,32
2435,32
2568,46
15421,32
17554,33
16839,33
16836,33
16834,33
16471,33
16470,33
16469,33
16468,33
16393,33
15902,33
15759,33
15702,33
2849,33
15640,66
2787,33
15637,33
15193,33
2340,33
14586,33
14402,33
12580,33
12227,33
12184,33
12119,33
12001,33
11930,33
11908,33
11571,33
10542,33
10439,33
10092,33
10076,33
10074,33
9936,33
9612,33
9547,33
9503,33
9266,33
15626,46
2773,33
8928,33
8908,33
8898,33
8808,33
8788,33
8785,33
8736,33
15006,46
2153,33
8491,33
21343,71
8490,33
14324,43
1471,33
14316,33
7851,33
7702,33
20535,62
7682,33
7657,33
7474,33
20266,62
7413,33
20132,62
7279,33
7275,33
20119,56
7266,33
508,33
6773,33
6739,33
6733,33
6730,33
6684,33
6509,33
6324,33
6305,33
6252,33
6205,33
6043,33
6033,33
5938,33
5604,33
11756,33
11628,33
11476,33
4998,33
4560,33
4399,33
4389,33
4253,33
4241,33
4240,33
3808,33
3807,33
3787,33
554,33
3757,33
9901,33
13059,33
9613,33
9531,33
9477,33
9354,33
15739,74
2886,33
2772,33
5914,33
12128,33
12064,33
2396,33
2346,33
2339,33
2213,33
5414,33
2211,33
10186,33
3765,33
3764,33
2163,33
3750,33
531,33
14934,33
3651,33
2049,33
19680,43
6827,33
6825,33
5083,33
21122,49
8269,33
1714,33
1708,33
85,33
1586,33
9587,33
1568,33
1567,33
7956,33
6280,33
7861,33
7850,33
1420,33
7835,33
9385,33
1363,33
1298,33
20562,46
7709,33
15708,33
7681,33
1234,33
2809,33
4412,33
4384,33
6685,33
4285,33
7498,33
1783,33
4177,33
2494,33
866,33
7278,33
1648,33
1545,33
692,33
8724,33
3905,33
702,33
700,33
695,33
693,33
691,33
536,33
529,33
513,33
7732,33
512,33
509,33
7267,33
13223,33
4387,33
6776,33
9993,33
9992,33
701,33
2608,33
1763,33
6572,33
1555,33
6154,33
548,33
9369,33
7766,33
10163,33
1322,33
108,33
506,33
1496,33
7320,33
12897,33
6568,33
1244,33
10565,33
1090,33
7761,33
521,33
16527,47
3674,33
7622,33
7768,33
3287,48
16140,34
21337,35
21196,35
20657,35
18997,35
17848,35
17558,35
16911,35
16817,35
16719,35
16665,35
16337,35
16219,35
16055,35
12572,35
12255,35
11750,35
11705,35
11700,35
11687,35
11565,35
11452,35
11424,35
11416,35
11340,35
11306,35
10964,35
10870,35
10600,35
10500,35
10032,35
10027,35
9970,35
9896,35
9652,35
15679,35
2826,35
9101,35
8893,35
15153,35
8317,35
8297,35
7774,35
7462,35
20302,46
7449,35
20241,62
7388,35
534,35
6809,35
6670,35
6458,35
6227,35
6187,35
6102,35
18955,35
5906,35
12239,35
5461,35
5316,35
4920,52
17773,35
10599,35
10597,35
10538,35
10094,35
3631,35
10040,35
13203,35
9605,35
5968,35
2488,35
5624,35
2234,35
3713,35
6783,35
8339,52
21192,35
9930,35
13131,35
6680,35
17901,79
5048,35
4892,35
14524,35
1446,35
1438,35
1288,35
1284,35
2825,35
2807,35
2613,35
6299,35
4517,35
10053,35
15259,35
5976,35
9994,35
18354,66
5501,35
5078,35
151,35
1633,35
10556,35
6325,52
19178,35
2437,35
21215,36
20237,36
17795,36
17616,36
16815,36
16347,36
16284,36
16221,36
16022,36
15834,36
12715,36
12624,36
11667,36
10980,36
10601,36
9502,36
9278,36
8860,36
15205,36
15065,52
2212,36
8581,36
8394,36
388,36
6293,36
6181,36
6073,36
5993,36
12240,36
5744,36
12110,36
5575,36
5438,36
5407,36
11685,36
11569,36
11549,36
11479,36
4292,36
715,36
3840,36
9963,36
6641,36
169,36
164,36
6105,36
2548,36
557,36
2112,36
8528,36
10097,36
3676,36
449,36
6848,36
16410,43
3557,36
167,36
11359,36
1638,36
1585,36
6179,36
1364,36
1245,36
1160,36
1137,36
4239,36
7441,36
998,36
7272,36
3994,36
7735,36
11733,36
1176,36
5112,74
17965,36
3672,36
12153,36
17001,37
21447,38
21242,38
21233,38
21224,38
21222,38
20380,38
18713,38
17685,38
16798,38
16590,38
16348,38
16346,38
16030,38
15307,38
12569,38
12562,38
12364,38
11878,38
11566,38
11109,38
10253,38
9647,38
9334,38
9097,38
8742,38
8521,38
8457,38
8388,38
14646,38
20883,56
8030,38
20308,56
7455,38
7048,38
6711,38
6257,38
5339,38
11690,38
5084,38
10973,38
4261,38
7229,38
16865,66
4012,38
202,38
6242,38
2839,43
15692,38
2691,38
8999,38
8965,38
15354,38
8899,38
11877,38
5422,38
11649,38
1872,38
138,38
4914,38
8027,38
9625,38
1449,38
11031,38
2789,38
1181,38
1138,38
7444,38
1010,38
6591,38
837,38
3900,38
7092,38
538,38
1258,38
7953,38
2667,38
1011,38
11630,38
4554,38
859,38
10165,38
18665,39
18463,39
29,39
17005,71
4152,39
9615,39
6000,39
1036,39
7099,39
19137,40
17957,40
17956,40
16203,40
12485,40
11253,40
11144,40
8496,40
6819,40
6463,40
11872,40
5293,40
5091,40
4733,40
6815,40
3013,40
8691,40
8690,40
5121,40
11161,40
10784,40
10676,40
8204,40
17601,60
4748,40
401,40
9088,40
8947,40
19371,41
18676,42
18281,42
18277,42
12278,42
9290,42
8932,42
15281,73
2428,42
1659,74
14512,42
7977,42
5423,47
18276,42
6623,42
7962,42
9550,42
3339,42
3340,42
21272,43
21271,43
21232,43
21221,43
21189,43
21114,43
21053,43
21049,43
21045,43
21012,43
20969,43
20920,43
20896,43
20813,43
20812,43
20800,43
20798,43
20660,43
20630,43
20566,43
20545,43
20502,43
20498,43
20470,43
20440,43
20407,43
20284,43
20278,43
20255,43
19978,43
19803,43
19745,43
19710,43
19171,43
18953,43
18769,43
18283,43
17802,43
16818,43
16816,43
16802,43
16705,43
16672,43
16461,43
16388,43
16377,43
2291,48
15144,43
14525,43
14516,43
12721,43
12631,43
12306,43
12207,43
12085,43
12061,43
12042,43
11879,43
11736,43
11629,43
11564,43
11500,43
11443,43
11047,43
10478,43
10119,43
10037,43
9995,43
9558,43
9427,43
9111,43
15495,43
8956,43
2273,68
15126,43
15109,43
14998,43
8458,43
8366,64
21219,43
8364,43
8254,43
7884,43
14285,43
7728,43
7476,43
7472,43
7459,43
7331,43
7072,43
560,43
6865,43
12904,43
6475,43
6233,43
5969,43
5922,43
12334,43
5492,43
5367,43
5308,43
11503,43
11478,43
4814,43
4792,43
3989,43
698,43
466,43
6254,43
9444,43
6186,43
6185,43
6173,43
9366,43
9260,43
15669,43
5994,43
12352,43
5731,43
8925,43
2490,43
2483,66
15336,43
8826,43
2320,43
8731,43
5494,43
5437,43
5356,43
1846,43
6669,43
1803,43
1610,43
4805,43
1524,43
7841,43
7830,43
1404,43
12505,43
2873,43
9270,43
4419,43
4307,43
8318,43
20358,62
7505,43
8292,43
1063,43
1849,43
4194,43
187,43
13027,43
8986,43
12014,43
783,43
15180,43
2338,43
1492,43
12704,43
1722,43
528,43
9311,43
846,43
12869,43
6799,43
11499,43
4273,43
20344,62
7491,43
6456,43
1033,43
10023,43
1351,43
21373,62
8520,43
65,43
5650,43
7096,43
1642,43
15782,62
2929,43
1525,43
1205,43
7634,43
11242,44
9206,44
21038,45
16518,45
16003,45
15897,45
15632,46
2779,45
13092,45
12067,45
11572,45
11428,45
11098,45
9878,45
9671,45
9551,45
9335,45
9313,45
9306,45
15688,45
8930,45
8556,45
8502,45
7843,45
7837,45
7297,45
7250,45
6673,45
6088,45
12036,45
5346,45
11635,45
4991,45
11154,45
10484,45
4025,45
10242,45
517,45
514,45
3647,45
6474,45
9255,45
9056,45
2561,45
5662,45
2348,45
5012,45
1767,45
6457,45
1546,45
1378,45
7782,45
14093,45
1177,45
89,45
6155,45
546,45
1342,45
1326,45
461,45
11994,45
6705,45
4210,45
163,45
2154,45
1873,45
6875,45
13114,45
6514,45
5729,45
5528,45
1814,45
21352,46
21266,46
21237,46
21218,46
21136,46
21135,46
20975,46
20735,46
20711,46
20695,46
20640,46
20593,46
20558,46
20376,46
20314,46
20310,46
20118,46
19915,46
19887,46
19369,46
18816,46
17712,46
17655,46
17489,46
16809,46
16800,46
16655,46
15819,46
15558,46
12645,46
11115,46
10099,46
9973,46
9378,46
9316,46
9273,46
9049,46
8865,46
8793,46
8750,46
8738,46
15062,46
8565,46
8409,46
21262,46
8399,56
21252,46
7752,56
20605,46
7190,46
7079,46
6779,46
6738,46
6273,46
6048,46
6017,68
18870,46
5680,46
11976,46
5464,46
5426,46
17673,74
4820,46
4777,62
17630,46
10897,46
4176,46
4141,46
3784,46
3695,46
3667,46
9810,46
9429,46
6041,46
5894,46
15312,47
2459,46
2042,46
3624,46
1543,46
1527,46
1467,46
1452,46
1317,46
4351,46
1134,46
1122,46
11977,46
4732,46
1344,46
6814,56
19667,46
8353,74
21206,46
1135,46
2693,46
7381,73
20234,46
9372,46
533,46
10946,46
13717,46
7362,48
20215,46
10564,46
818,46
15326,46
12521,47
12487,47
9869,47
12551,47
5596,47
5431,47
2797,47
10472,47
5500,47
13709,47
19860,48
19826,48
19383,48
19180,48
18910,48
18342,48
17835,48
17687,48
17551,48
16677,48
15778,48
2266,68
15119,48
12350,48
11619,48
11378,48
11252,48
11136,48
10971,48
10961,48
10071,48
9891,48
9833,48
9454,48
9033,48
7895,48
7464,48
20207,62
7354,48
7045,48
6818,48
6725,48
6497,48
5082,48
4586,48
4161,48
712,48
10058,48
2946,48
2945,48
2769,48
8909,48
12083,48
2419,48
5608,48
10066,48
3384,48
4934,66
17787,48
1678,48
1425,48
9338,48
7729,48
1679,48
10435,48
741,48
9345,48
2126,48
1584,48
735,48
6604,48
7497,48
20206,62
7353,48
21339,49
21138,49
17314,49
9795,49
9720,49
9134,49
8710,49
7135,49
13270,49
4165,49
9220,49
5964,49
8658,49
21441,62
8588,49
9697,49
17523,50
17089,50
16285,50
16251,50
16188,50
16133,50
12413,50
11794,50
11284,50
10796,50
10755,50
10710,50
10416,50
10356,50
9745,50
9217,50
8629,50
7100,50
19933,72
7080,50
6981,50
6483,50
12523,50
5909,50
5905,50
5819,50
11832,50
11798,50
5360,50
5269,50
11256,50
11228,50
5945,50
8760,50
8728,50
8678,50
6369,50
11193,50
9218,50
3482,50
15523,50
9880,50
2565,50
13739,50
10321,50
5223,50
2902,51
21286,52
20381,52
18606,52
16912,52
15733,52
12244,52
12169,52
11683,52
11128,52
11019,52
10963,52
10923,52
10856,52
8935,52
8488,52
8335,52
6747,52
6496,52
6078,52
12078,52
11622,52
11588,52
10879,52
4258,52
10227,52
3771,52
16608,62
3755,52
2834,52
2820,52
8814,52
5538,52
2227,52
13110,52
8219,52
11058,52
1157,52
11308,52
2479,52
11153,52
680,52
2276,52
8530,52
10983,52
16533,66
3680,52
21550,53
11285,53
9976,53
9755,53
12454,53
11202,53
6428,53
15551,54
13256,54
13266,54
2818,55
2371,55
21308,56
20910,56
20685,56
20651,56
20598,56
20517,56
20515,56
19142,56
16602,56
15295,56
13138,56
12658,56
12649,56
12391,56
12382,56
12380,56
12362,56
12341,56
12258,56
12154,56
12149,56
12077,56
12031,56
11978,56
11884,56
11713,56
11614,56
11568,56
10943,56
10083,56
9478,56
9475,56
9399,56
9237,56
9113,56
15511,69
2658,56
8794,56
21435,62
8582,56
8579,56
8291,56
8085,70
20938,56
20885,68
8032,56
7838,56
7790,56
7439,56
13192,56
140,56
6271,56
12506,56
12379,56
12351,56
11898,56
5342,56
11567,56
4797,56
11034,56
10436,56
3952,56
7061,56
6787,56
6759,56
9839,56
6592,56
9610,56
6123,56
8969,56
2518,56
2478,56
2429,56
15094,56
5089,56
13093,56
126,56
1433,56
1428,56
9287,56
10840,56
1080,56
1837,56
9034,56
74,56
1608,56
11966,56
2342,56
12176,56
6549,56
3977,56
1650,56
8981,56
11570,56
11540,56
8995,56
1271,56
6880,56
2938,56
11644,56
4038,57
9161,58
9158,58
8087,58
800,59
3211,59
3207,59
793,59
1184,59
816,59
20352,60
6121,60
6166,60
10521,60
16679,61
16401,61
15934,61
15707,61
15299,61
11057,61
9580,61
9577,61
9074,61
7746,61
7235,61
7146,61
7132,61
6861,61
6761,61
4344,61
9578,61
15208,61
9422,61
1065,61
9530,61
7776,61
2332,61
8912,61
21414,62
21385,62
21378,62
21356,62
21336,62
21330,62
21211,62
21176,62
21109,62
20776,62
20715,62
20706,62
20680,62
20569,62
20548,62
20463,62
20443,62
20412,62
20309,62
20273,62
20269,62
20249,62
20233,62
20221,62
20217,62
20189,62
20187,62
20174,62
20166,62
20151,62
19174,62
16735,62
16698,62
16584,62
16263,62
16246,62
15886,62
15515,62
15211,62
12616,62
12211,62
9860,62
9417,62
8890,62
8745,62
21166,68
8313,62
8048,62
7726,62
7264,62
20117,62
6586,62
5402,62
5055,62
4357,62
3867,62
3860,62
6840,62
3585,62
9985,62
196,62
9682,62
9519,62
15695,62
15570,62
15489,62
8976,62
8972,62
2394,74
15247,62
2253,62
15079,62
2236,62
2055,62
1764,62
1381,62
986,62
3996,62
5556,62
1529,62
8970,62
7120,62
1108,62
1096,62
2619,62
8294,62
12150,62
2792,63
8569,63
21372,64
21132,64
20932,64
20606,64
17617,64
17547,64
16598,64
16592,64
16390,64
11336,64
10174,64
10108,64
9678,64
9486,64
9115,64
9103,64
6743,64
6279,64
6172,64
6107,64
11980,64
5496,64
5451,64
5444,64
4803,64
10926,64
4459,64
4440,64
4169,64
10196,64
6777,64
12570,64
18602,68
5749,64
12098,64
1566,64
4446,64
5100,64
1009,64
1532,64
6505,64
6696,64
9515,65
21437,66
21436,66
21413,66
21324,66
21322,66
21315,66
21265,66
21264,66
21095,66
21081,66
21055,66
21044,66
21014,66
20988,66
20937,66
20822,66
20784,66
20628,66
20564,66
20533,66
20450,66
20448,66
20442,66
20391,66
20368,66
20339,66
20332,66
20252,66
20213,66
20181,66
19254,66
18627,66
18052,66
17032,66
16715,66
16569,66
16350,66
15141,66
13014,66
12266,66
11528,66
11470,66
11283,66
10907,66
10529,66
10430,66
10225,66
10130,66
9825,66
9091,66
8997,66
8226,66
7836,66
7821,66
13890,66
7244,66
6765,66
6094,66
5926,66
11481,66
11475,66
4330,66
3968,66
7157,66
16502,73
3649,66
9576,66
12664,66
6198,66
15594,66
12296,66
5415,66
15053,66
2205,66
11721,66
2089,66
14,66
4472,66
12346,66
976,66
968,66
10532,66
4014,66
6297,66
7083,66
6115,66
8005,66
10411,66
1178,66
774,66
5911,66
1070,66
1853,66
1644,66
8868,66
1087,66
11181,67
8314,67
12394,67
21480,68
21474,68
21240,68
21032,68
20395,68
20385,68
20228,68
18120,68
16825,68
16812,68
16551,68
16385,68
12520,68
10924,68
10851,68
9405,68
9364,68
8740,68
15000,68
12596,68
6175,68
6146,68
5950,68
12231,68
11896,68
5417,68
5314,68
5029,68
6165,68
6129,68
2751,68
9066,68
2590,68
15221,68
5416,68
2182,68
8236,68
1569,68
4729,68
7734,68
1251,68
4216,68
5600,68
1554,68
9333,68
3582,68
1111,68
456,68
399,68
3629,68
9231,68
17849,69
16979,69
11763,69
3759,69
15596,69
8091,70
18079,74
5226,70
14888,70
16993,71
16331,71
15096,71
11425,71
10913,71
10864,71
9988,71
9943,71
8802,71
14178,71
8951,71
3694,71
1125,71
11946,71
2155,71
1078,71
10464,71
19648,72
19424,72
19422,72
18648,72
2887,72
2836,72
20180,73
17506,73
16644,73
15841,73
15762,73
11925,73
11726,73
11049,73
10140,73
9967,73
8799,73
7994,73
7902,73
13656,73
6503,73
5647,73
5345,73
11674,73
4810,73
4347,73
13180,73
15240,73
15107,73
14949,73
14666,73
12831,73
7967,73
1466,73
11395,73
2890,73
743,73
3899,73
14993,73
10544,73
10527,73
6699,73
93,73
14975,73
1732,73
10440,73
3890,73
21134,74
21041,74
19297,74
19258,74
19113,74
18906,74
18882,74
18859,74
18654,74
18145,74
17973,74
17853,74
17710,74
17559,74
15591,74
14028,74
12974,74
12822,74
12679,74
12538,74
11435,74
11268,74
10848,74
9920,74
9809,74
9443,74
9332,74
8919,74
8748,74
8734,74
7715,74
6124,74
5876,74
5873,74
5533,74
11891,74
10874,74
4145,74
3821,74
6695,74
15629,74
5949,74
12186,74
12727,74
3042,74
6616,74
2505,74
3276,74
2434,74
1500,74
3565,74
6731,74
1099,74
1676,74
11657,74
11507,75
14354,75
14340,75
13151,78
17964,79
17900,79
12783,79
11855,79
11220,79
9187,79
7008,79
11850,79
5264,79
4094,79
3456,79
5219,79
9741,79
4092,79
9177,79
15380,79
541,79
