21576,0
21574,0
21568,0
21567,0
21565,0
21562,0
21553,0
21551,0
21550,0
21532,0
21517,0
21503,0
21502,0
21501,0
21473,0
21469,0
21423,0
21419,0
21404,0
21401,0
21387,0
21369,0
21358,0
21321,0
21319,0
21293,0
21292,0
21267,0
21210,0
21201,0
21177,0
21143,0
21131,0
21130,0
21096,0
21028,0
21023,0
21019,0
21018,0
21000,0
20936,0
20919,0
20905,0
20902,0
20887,0
20835,0
20834,0
20787,0
20778,0
20773,0
20757,0
20753,0
20734,0
20721,0
20710,0
20709,0
20699,0
20682,0
20653,0
20632,0
20584,0
20465,0
20439,0
20420,0
20409,0
20406,0
20389,0
20267,0
20264,0
20262,0
20230,0
20186,0
20159,0
20142,0
20137,0
20095,0
20090,0
20058,0
20048,0
20035,0
20034,0
20031,0
20025,0
19984,0
19975,0
19912,0
19895,0
19892,0
19890,0
19870,0
19844,0
19839,0
19837,0
19830,0
19807,0
19802,0
19786,0
19763,0
19758,0
19744,0
19732,0
19731,0
19711,0
19692,0
19679,0
19658,0
19653,0
19649,0
19557,0
19551,0
19546,0
19529,0
19515,0
19505,0
19480,0
19478,0
19471,0
19470,0
19464,0
19453,0
19432,0
19420,0
19419,0
19371,0
19325,0
19312,0
19293,0
19262,0
19256,0
19223,0
19198,0
19191,0
19167,0
19122,0
19092,0
19083,0
19069,0
19065,0
19045,0
19006,0
18995,0
18994,0
18992,0
18975,0
18962,0
18952,0
18930,0
18924,0
18922,0
18921,0
18917,0
18902,0
18872,0
18865,0
18861,0
18852,0
18840,0
18795,0
18782,0
18774,0
18773,0
18768,0
18749,0
18746,0
18738,0
18736,0
18698,0
18689,0
18682,0
18676,0
18674,0
18667,0
18638,0
18567,0
18557,0
18549,0
18527,0
18519,0
18509,0
18495,0
18493,0
18490,0
18488,0
18481,0
18479,0
18472,0
18467,0
18466,0
18465,0
18463,0
18459,0
18454,0
18443,0
18433,0
18430,0
18425,0
18423,0
18421,0
18415,0
18403,0
18402,0
18389,0
18387,0
18374,0
18372,0
18371,0
18367,0
18362,0
18357,0
18356,0
18339,0
18313,0
18302,0
18281,0
18277,0
18271,0
18257,0
18254,0
18239,0
18236,0
18234,0
18231,0
18228,0
18225,0
18217,0
18191,0
18160,0
18135,0
18104,0
18101,0
18099,0
18095,0
18085,0
18080,0
18066,0
18061,0
18050,0
18040,0
18034,0
18017,0
18009,0
17986,0
17960,0
17952,0
17916,0
17915,0
17899,0
17894,0
17892,0
17880,0
17878,0
17877,0
17875,0
17872,0
17870,0
17867,0
17864,0
17860,0
17857,0
17822,0
17813,0
17780,0
17776,0
17766,0
17760,0
17759,0
17758,0
17752,0
17748,0
17731,0
17728,0
17723,0
17706,0
17686,0
17666,0
17643,0
17619,0
17579,0
17573,0
17563,0
17562,0
17511,0
17499,0
17479,0
17473,0
17472,0
17455,0
17452,0
17449,0
17440,0
17433,0
17431,0
17423,0
17422,0
17421,0
17419,0
17417,0
17416,0
17412,0
17411,0
17410,0
17406,0
17403,0
17399,0
17384,0
17365,0
17364,0
17361,0
17352,0
17349,0
17343,0
17342,0
17338,0
17335,0
17333,0
17317,0
17316,0
17315,0
17314,0
17302,0
17301,0
17298,0
17285,0
17277,0
17275,0
17269,0
17248,0
17247,0
17236,0
17221,0
17212,0
17201,0
17188,0
17187,0
17177,0
17174,0
17173,0
17169,0
17168,0
17164,0
17152,0
17151,0
17149,0
17142,0
17140,0
17137,0
17134,0
17128,0
17125,0
17123,0
17117,0
17097,0
17095,0
17083,0
17077,0
17075,0
17074,0
17062,0
17060,0
17059,0
17039,0
17038,0
17036,0
17011,0
17007,0
17003,0
17000,0
16993,0
16991,0
16990,0
16989,0
16987,0
16981,0
16979,0
16969,0
16967,0
16962,0
16961,0
16957,0
16955,0
16946,0
16939,0
16935,0
16926,0
16903,0
16897,0
16875,0
16871,0
16851,0
16796,0
16794,0
16788,0
16777,0
16776,0
16774,0
16772,0
16759,0
16750,0
16749,0
16740,0
16734,0
16714,0
16708,0
16688,0
16676,0
16667,0
16656,0
16652,0
16651,0
16622,0
16607,0
16581,0
16577,0
16538,0
16499,0
16495,0
16488,0
16429,0
16419,0
16369,0
16359,0
16357,0
16354,0
16332,0
16331,0
16318,0
16311,0
16310,0
16304,0
16300,0
16289,0
16279,0
16277,0
16264,0
16257,0
16256,0
16241,0
16238,0
16232,0
16215,0
16214,0
16212,0
16211,0
16196,0
16194,0
16177,0
16171,0
16164,0
16159,0
16152,0
16150,0
16149,0
16146,0
16145,0
16142,0
16139,0
16136,0
16134,0
16125,0
16123,0
16120,0
16110,0
16103,0
16098,0
16095,0
16093,0
16091,0
16086,0
16077,0
15993,0
15989,0
15988,0
15973,0
15932,0
15929,0
15914,0
15913,0
15908,0
15872,0
15859,0
15858,0
15855,0
15831,0
15810,0
15793,0
15767,0
15742,0
15736,0
15713,0
15672,43
2819,0
15666,0
2813,0
15643,0
15636,15
2783,0
2767,35
15620,0
15616,14
2763,0
15595,0
2742,0
15580,0
15578,25
2725,0
2720,21
15573,0
15565,0
15551,0
15543,0
2687,51
15540,0
2674,37
15527,0
15504,0
15503,57
2650,0
15484,0
2630,14
15483,0
15481,0
15478,0
15471,0
2611,14
15464,0
15457,60
2604,0
15447,0
2594,0
15430,0
2577,0
2562,9
15415,0
15406,44
2553,0
15363,0
2504,19
15357,0
15352,0
2499,0
2492,55
15345,0
15306,0
15303,0
15292,0
15264,0
2411,0
15258,60
2405,0
15255,0
15237,0
15230,0
15226,0
2366,2
15219,0
15204,0
2347,6
15200,0
15194,0
2303,55
15156,0
15096,0
15060,0
15037,0
15012,22
2159,0
14981,13
2128,0
14971,9
2118,0
14969,19
2116,0
14959,0
14928,0
14926,55
2073,0
14904,0
14903,0
2033,16
14886,0
2029,42
14882,0
2024,8
14877,0
2020,37
14873,0
14865,0
2012,0
14844,0
14839,0
1965,64
14818,0
14783,0
14736,0
1751,47
14604,0
1734,4
14587,0
14563,0
14549,6
1696,0
14545,6
1692,0
14544,0
14539,14
1686,0
1684,63
14537,0
1651,26
14504,0
14263,0
14199,0
14069,19
1216,0
13958,40
1105,0
13900,44
1047,0
13790,0
937,0
13757,0
904,0
13721,0
868,0
13702,0
849,0
13649,0
13559,0
706,0
13471,0
13458,0
13321,0
435,29
13288,0
13279,0
422,4
13275,0
13263,40
410,0
13256,0
13255,0
402,0
13245,0
13242,59
389,0
13224,6
371,0
13190,0
13175,12
322,0
13170,59
317,0
13163,0
13139,0
271,64
13124,0
13119,0
13096,0
13085,43
232,0
13077,0
13064,38
211,0
186,31
13039,0
13021,62
168,0
13003,0
139,54
12992,0
12963,0
110,0
12905,0
12861,0
12842,0
12836,0
12827,0
12818,0
12815,0
12814,0
12813,0
12799,0
12791,0
12788,0
12778,0
12775,0
12772,0
12763,0
12760,0
12755,0
12754,0
12751,0
12748,0
12743,0
12728,0
12725,0
12717,0
12707,0
12706,0
12691,0
12690,0
12689,0
12687,0
12683,0
12672,0
12670,0
12668,0
12660,0
12657,0
12651,0
12647,0
12633,0
12628,0
12627,0
12621,0
12611,0
12592,0
12579,0
12564,0
12557,0
12531,0
12502,0
12492,0
12490,0
12489,0
12483,0
12473,0
12466,0
12465,0
12461,0
12460,0
12457,0
12442,0
12432,0
12404,0
12400,0
12399,0
12374,0
12344,0
12339,0
12338,0
12336,0
12317,0
12313,0
12298,0
12286,0
12281,0
12278,0
12276,0
12274,0
12259,0
12250,0
12249,0
12246,0
12235,0
12224,0
12223,0
12222,0
12215,0
12197,0
12195,0
12191,0
12147,0
12135,0
12125,0
12117,0
12112,0
12106,0
12102,0
12073,0
12054,0
12046,0
12027,0
12011,0
11981,0
11970,0
11960,0
11957,0
11945,0
11940,0
11935,0
11934,0
11910,0
11909,0
11907,0
11900,0
11888,0
11867,0
11866,0
11860,0
11854,0
11848,0
11841,0
11833,0
11826,0
11822,0
11812,0
11795,0
11793,0
11789,0
11768,0
11765,0
11728,0
11723,0
11706,0
11663,0
11639,0
11638,0
11627,0
11625,0
11617,0
11602,0
11587,0
11580,0
11579,0
11574,0
11559,0
11558,0
11551,0
11545,0
11541,0
11522,0
11519,0
11508,0
11490,0
11487,0
11484,0
11468,0
11466,0
11460,0
11459,0
11451,0
11447,0
11446,0
11444,0
11440,0
11437,0
11431,0
11430,0
11425,0
11418,0
11406,0
11405,0
11387,0
11372,0
11369,0
11357,0
11348,0
11344,0
11330,0
11327,0
11299,0
11292,0
11291,0
11287,0
11285,0
11279,0
11278,0
11273,0
11270,0
11265,0
11261,0
11260,0
11255,0
11252,0
11249,0
11243,0
11236,0
11234,0
11210,0
11205,0
11191,0
11185,0
11183,0
11181,0
11179,0
11175,0
11173,0
11144,0
11137,0
11123,0
11103,0
11101,0
11093,0
11088,0
11076,0
11074,0
11071,0
11064,0
11063,0
11048,0
11039,0
10998,0
10989,0
10947,0
10941,0
10913,0
10905,0
10901,0
10899,0
10892,0
10887,0
10876,0
10864,0
10847,0
10845,0
10834,0
10827,0
10816,0
10811,0
10794,0
10788,0
10773,0
10757,0
10756,0
10746,0
10743,0
10742,0
10738,0
10729,0
10721,0
10717,0
10714,0
10708,0
10704,0
10703,0
10695,0
10693,0
10665,0
10642,0
10638,0
10632,0
10619,0
10618,0
10608,0
10606,0
10604,0
10559,0
10555,0
10545,0
10537,0
10530,0
10498,0
10470,0
10455,0
10445,0
10388,0
10385,0
10371,0
10359,0
10348,0
10342,0
10334,0
10332,0
10328,0
10322,0
10318,0
10310,0
10306,0
10302,0
10299,0
10289,0
10265,0
10258,0
10245,0
10230,0
10158,0
10114,0
10110,0
10107,0
10100,0
10096,0
10062,0
10049,0
10042,0
10038,0
9988,0
9976,0
9943,0
9927,0
9923,0
9915,0
9906,0
9905,0
9892,0
9866,0
9858,0
9847,0
9814,0
9797,0
9787,0
9771,0
9764,0
9755,0
9752,0
9700,0
9689,0
9681,0
9668,0
9657,0
9642,0
9641,0
9607,0
9603,0
9561,0
9557,0
9544,0
9535,0
9509,0
9505,0
9489,0
9479,0
9473,0
9453,0
9450,0
9445,0
9432,0
9423,0
9413,0
9408,0
9393,0
9356,0
9352,0
9330,0
9326,0
9324,0
9315,0
9314,0
9290,0
9285,0
15694,0
9265,0
15674,0
9252,0
2803,31
15656,0
9232,0
9207,0
9205,0
2771,6
15624,0
9203,0
9201,0
9197,0
9161,0
15581,15
2728,0
9156,0
9155,0
15568,0
9147,0
15563,0
9142,0
9133,0
9110,0
9107,0
9104,0
9100,0
9090,0
9075,0
9065,0
9064,0
9053,0
9048,0
15468,0
9045,0
15454,0
9031,0
15424,0
15417,0
15389,0
8948,0
2513,56
15366,0
8944,0
2496,37
15349,0
8916,0
8914,0
15329,0
2476,0
15327,48
2474,0
8906,0
15314,0
2458,16
15311,0
15294,0
8873,0
8866,0
8857,0
2421,7
15274,0
8853,0
8845,0
8836,0
8829,0
2391,54
15244,0
8823,0
2370,4
15223,0
8802,0
15220,0
8781,0
15198,0
8757,0
15171,0
8732,0
8713,0
8711,0
2275,51
15128,0
8707,0
8706,0
8705,0
8699,0
8688,0
21541,0
8685,0
21538,0
8684,0
15104,47
2251,0
21536,10
8683,0
8677,0
8666,0
21519,0
8663,0
8656,0
8654,0
8638,0
21491,0
21489,38
8636,0
2196,4
15049,0
8628,0
8613,0
21466,0
15028,53
2175,0
8606,0
21455,9
8602,0
2167,29
15020,0
21451,26
8598,0
15013,0
8585,0
21431,42
8578,0
8571,0
21416,42
8563,0
14983,38
2130,0
14974,64
2121,0
21406,51
8553,0
8546,0
8544,0
8543,0
14962,26
2109,0
8541,0
21394,0
8540,42
21393,0
8514,0
14933,55
2080,0
14930,0
21359,42
8506,0
2065,61
14918,0
21350,53
8497,0
21346,38
8493,0
14912,0
14911,0
8490,60
21343,0
8489,4
21342,0
14909,0
2056,0
8480,0
21333,0
8479,0
8478,0
8453,0
14872,0
14859,40
2006,0
8438,8
21291,0
8435,0
8432,33
21285,0
21281,42
8428,0
8425,51
21278,0
14828,0
1975,0
21259,61
8406,0
14826,0
8405,0
21254,7
8401,0
21227,9
8374,0
14785,0
1932,0
21214,29
8361,0
21202,15
8349,0
8347,0
21197,15
8344,0
21195,9
8342,0
8314,0
8309,0
8308,0
8276,0
21129,0
8275,61
21128,0
21112,45
8259,0
21105,7
8252,0
8246,0
8244,32
21097,0
8240,32
21093,0
21078,21
8225,0
14642,0
1789,0
21073,63
8220,0
8214,0
21067,0
8212,0
21065,0
8209,0
14626,31
1773,0
8199,0
21050,31
8197,0
8193,0
21046,0
8178,0
21031,0
8177,0
21030,0
8176,0
8167,0
21016,42
8163,0
8138,0
8134,0
20984,39
8131,0
20983,7
8130,0
14547,6
1694,0
8126,0
20972,42
8119,0
8106,32
20959,0
1659,23
14512,0
8091,0
8089,0
1653,54
14506,0
20938,16
8085,0
8068,0
20904,61
8051,0
8050,0
8045,55
20898,0
8021,0
20865,32
8012,0
14418,0
7979,0
14395,0
20825,42
7972,0
1536,9
14389,0
7968,0
20814,9
7961,0
7952,0
7939,0
20792,0
7937,0
20790,0
7935,0
7930,0
7912,0
7903,0
7897,0
7896,0
7891,0
20744,0
7879,0
7874,0
1440,57
14293,0
7839,0
7831,0
7826,42
20679,0
7823,0
20669,45
7816,0
7814,0
20667,0
7813,63
20666,0
7809,5
20662,0
7767,0
14178,0
1293,13
14146,0
7710,0
14099,12
1246,0
7671,0
20523,37
7670,0
7669,0
20496,15
7643,0
7642,0
7639,0
20488,9
7635,0
20480,29
7627,0
20476,1
7623,0
7606,64
20459,0
20457,63
7604,0
20453,47
7600,0
7596,0
7592,0
7576,0
7570,0
20419,45
7566,0
7557,0
7552,0
7541,0
7534,0
20386,7
7533,0
20384,7
7531,0
20365,53
7512,0
20363,51
7510,0
20357,9
7504,0
7496,0
7477,0
20328,23
7475,0
20319,29
7466,0
7452,0
20286,42
7433,0
7427,0
13834,0
7408,0
20261,0
7406,0
20259,0
7394,0
20247,0
7391,0
7386,0
20223,42
7370,0
20220,26
7367,0
7363,58
20216,0
7357,0
20210,0
7355,0
7352,0
20176,17
7323,0
7322,0
7314,0
20165,26
7312,0
7253,0
800,0
7220,0
780,48
13633,0
791,0
758,51
13611,0
7177,0
7166,0
20019,0
7148,6
20001,0
725,0
7143,0
714,0
13532,40
679,0
7066,0
7064,0
7047,0
7032,0
7030,0
7029,0
19882,0
7023,0
7015,0
7014,34
19867,0
7013,0
19866,0
19865,39
7012,0
6976,0
13393,0
551,31
13404,0
19823,23
6970,0
6955,64
19808,0
6929,0
6928,63
19781,0
6922,0
19775,0
6913,0
19766,0
467,31
13320,0
13287,0
13286,0
13282,0
13281,0
439,0
13292,0
13280,0
438,0
13291,0
13238,0
377,0
19651,48
6798,0
19644,39
6791,0
13200,0
352,35
13205,0
13191,47
338,0
349,0
6770,0
13186,0
343,0
13196,0
6764,0
13184,0
331,0
342,32
13195,0
13168,0
315,0
311,0
13151,0
6726,0
304,40
13157,0
19572,23
6719,0
290,0
6709,22
19562,0
281,0
13105,0
13103,0
6682,0
13113,48
260,0
6681,17
19534,0
242,59
13095,0
249,0
13089,0
236,0
247,0
6660,0
225,2
13078,0
19510,40
6657,0
6647,6
19500,0
13056,0
203,0
214,43
13067,0
13053,0
6632,0
6630,40
19483,0
201,53
13054,0
19448,63
6595,0
157,0
6578,0
6561,0
6537,0
6527,23
19380,0
6524,51
19377,0
6507,0
19360,0
71,54
12924,0
82,42
12935,0
64,55
12917,0
75,0
6494,0
42,0
6463,0
29,0
6450,0
13,61
12866,0
6445,0
6438,29
19291,0
12858,0
6437,61
19290,0
12857,0
6436,0
19280,12
6427,0
12806,0
6385,64
19238,0
12803,0
12797,0
6375,0
6368,0
6361,0
12774,0
6353,0
12767,0
6346,0
19199,0
12761,0
6340,0
19193,0
6337,0
12732,0
12714,0
6278,0
12698,0
6277,0
12694,0
12692,0
6267,0
6264,0
6244,48
19097,0
12655,0
6234,61
19087,0
12654,0
12648,0
6225,0
12641,0
6220,55
19073,0
12639,0
6218,0
12636,0
6215,0
6208,0
6189,0
19042,0
12608,0
12605,0
6184,0
19037,0
12602,0
12599,0
6178,0
6177,0
6169,0
19022,0
12559,0
12555,0
12546,0
6125,0
6092,63
18945,0
12512,0
6091,0
18944,0
12509,0
6086,0
6085,0
18938,0
6083,0
12503,0
6082,0
12488,0
6067,0
18920,0
6058,0
12472,0
6051,51
18904,0
12468,0
6035,13
18888,0
6034,0
12454,0
6027,0
6025,0
12441,0
6020,0
18873,0
12435,0
6014,26
18867,0
5998,0
18851,0
5985,0
12390,0
18811,12
5958,0
12355,0
5934,0
5930,9
18783,0
12340,0
5912,7
18765,0
5901,38
18754,0
5900,0
12316,0
5889,0
12309,0
5888,0
5887,0
5886,0
18739,0
18721,9
5868,0
5858,0
5854,0
12270,0
5849,0
5842,0
12260,0
5835,0
18688,0
5830,0
5827,0
5826,0
5818,0
5815,0
5810,32
18663,0
5800,0
12213,0
5792,0
5789,0
5767,0
5740,0
5739,0
18592,0
5727,0
5724,0
18577,0
12138,0
5717,0
18570,0
5713,0
18566,0
5712,55
18565,0
12132,0
5711,56
18564,0
12131,0
5706,0
12122,0
5701,6
18554,0
5692,0
5690,0
5684,0
12101,0
5672,0
5667,0
18520,0
12084,0
5659,0
5655,0
12068,0
5641,0
12050,0
12048,0
5617,51
18470,0
5611,0
18464,0
5609,12
18462,0
12024,0
5603,60
18456,0
5602,51
18455,0
5595,51
18448,0
5592,17
18445,0
5585,14
18438,0
11997,0
5576,1
18429,0
11996,0
5567,0
18420,0
5566,1
18419,0
5565,39
18418,0
5564,0
11982,0
5561,0
5559,0
5558,0
5554,40
18407,0
11958,0
5537,21
18390,0
11953,0
5532,13
18385,0
5530,51
18383,0
5522,54
18375,0
5499,0
18352,0
11916,0
5495,9
18348,0
11913,0
5491,0
18334,63
5481,0
5477,0
5475,51
18328,0
18323,40
5470,0
5465,0
5453,0
18300,63
5447,0
5429,0
5423,55
18276,0
11831,0
5410,0
5400,0
18253,0
5398,0
11817,0
5394,0
5392,0
5388,0
5379,0
5363,0
11771,0
5350,0
11767,0
5345,0
11763,0
18188,31
5335,0
11753,0
5332,0
11751,0
5330,0
5328,0
5323,11
18176,0
5309,0
5303,0
18152,38
5299,0
5296,58
18149,0
5288,0
5286,0
5281,0
5274,0
5272,0
5270,0
5256,0
18109,0
5255,11
18108,0
5253,0
11665,0
18096,7
5243,0
11661,0
5240,0
18093,0
5238,0
11658,0
5237,0
5235,0
5234,0
18079,33
5226,0
18075,40
5222,0
5220,0
5214,0
18065,38
5212,0
5207,0
5205,0
5201,0
18048,42
5195,0
5191,0
5190,0
5188,0
18036,8
5183,0
5177,0
11597,0
5176,0
18029,0
18028,38
5175,0
5172,0
5160,0
5148,0
18001,0
5146,0
5139,0
11555,0
5126,55
17979,0
11546,0
17978,31
5125,0
5117,0
17967,45
5114,0
11523,0
5102,0
5097,31
17950,0
5095,1
17948,0
11506,0
11498,0
5072,29
17925,0
5070,0
17923,0
5058,58
17911,0
5054,60
17907,0
5053,6
17906,0
5044,63
17897,0
11455,0
5034,29
17887,0
11450,0
5021,54
17874,0
11441,0
5020,0
17873,0
5013,48
17866,0
4987,0
4983,0
11402,0
17834,9
4981,0
4965,0
4952,0
11362,0
4941,0
4933,0
4922,4
17775,0
11324,0
4903,0
11322,0
11315,0
11314,0
4893,63
17746,0
11271,0
17703,7
4850,0
4848,0
17701,0
17688,23
4835,0
17677,31
4824,0
11242,0
4821,6
17674,0
11241,0
4816,0
11233,0
17651,43
4798,0
4796,0
4795,0
4785,0
11202,0
4781,0
4779,21
17632,0
4773,0
11177,0
4756,0
11166,0
11163,0
17595,31
4742,0
4717,0
4714,0
4712,0
4711,0
4708,0
17545,9
4692,0
17543,39
4690,0
4689,0
17540,12
4687,0
11100,0
4679,0
4666,34
17519,0
17518,23
4665,0
4654,0
17507,0
11065,0
4644,0
4640,0
11059,0
17491,31
4638,0
4625,0
17478,0
11043,0
4622,0
4621,0
4606,0
11025,0
4604,0
17457,0
4603,0
4600,0
17448,35
4595,0
4593,0
17446,0
4592,0
4591,0
4583,21
17436,0
4579,43
17432,0
4576,0
17429,0
4555,0
17408,0
4552,0
17405,0
4536,0
17389,0
4524,0
4513,0
4510,0
4507,0
17346,57
4493,0
10902,0
4481,0
17334,0
4477,63
17330,0
4476,17
17329,0
4470,0
4465,0
17318,0
4458,0
17311,0
4453,0
17306,0
10873,0
4452,6
17305,0
4451,41
17304,0
10860,0
4439,6
17292,0
17289,30
4436,0
4425,0
4407,0
17260,0
4405,0
17258,0
4398,6
17251,0
4397,54
17250,0
10809,0
4388,54
17241,0
4386,0
17239,0
4371,46
17224,0
10787,0
4365,0
10779,0
4353,17
17206,0
4349,0
10768,0
4346,17
17199,0
4345,0
4343,43
17196,0
4339,0
10754,0
17186,18
4333,0
10744,0
4323,0
4318,7
17171,0
10734,0
4313,37
17166,0
4310,31
17163,0
4301,0
17154,0
4297,0
4286,0
4276,38
17129,0
4259,0
10678,0
10674,0
4249,0
17102,0
4245,54
17098,0
10662,0
17091,18
4238,0
4231,0
17084,0
4215,0
4205,4
17058,0
10625,0
4204,0
4199,55
17052,0
4192,0
4173,0
4170,0
17023,0
10590,0
10581,0
4160,0
4159,12
17012,0
4156,0
4153,0
4152,0
17005,0
4122,0
16975,0
10541,0
4117,0
16970,0
4115,0
16968,0
16966,40
4113,0
4103,0
4096,0
10515,0
10509,0
4088,34
16941,0
4081,0
4080,0
4075,0
4074,0
4067,0
4066,0
16918,47
4065,0
16916,39
4063,0
4061,0
4048,0
4041,0
16888,29
4035,0
16886,48
4033,0
4026,0
10446,0
797,0
20071,15
7218,0
4015,47
16868,0
3999,43
16852,0
10418,0
16850,28
3997,0
10414,0
7192,38
20045,0
16838,6
3985,0
3980,18
16833,0
10394,0
16826,56
3973,0
7161,0
736,0
7155,4
20008,0
7136,31
19989,0
10354,0
3930,0
16783,0
7129,0
19982,0
10347,0
3926,23
16779,0
7119,0
3916,0
3912,0
690,6
13543,0
7111,0
19964,0
3908,26
16761,0
3892,0
16745,0
3886,56
16739,0
7087,0
16726,22
3873,0
7075,0
10291,0
3870,4
16723,0
7068,0
7067,0
16717,33
3864,0
13482,0
7060,14
19913,0
3853,17
16706,0
19902,43
7049,0
10264,0
3843,0
7041,0
3838,0
7031,0
3828,56
16681,0
16678,6
3825,0
7024,0
19864,23
7011,0
3801,45
16654,0
16653,6
3800,0
3797,63
16650,0
3796,0
16649,0
10216,0
16648,12
3795,0
10214,0
3793,0
16646,0
6995,0
16645,19
3792,0
6993,0
10209,0
6985,0
3777,0
16630,0
16628,42
3775,0
10192,0
3768,17
16621,0
6965,0
559,0
10183,0
16615,16
3762,0
6961,0
16611,43
3758,0
6975,64
19828,0
3743,0
6939,0
518,0
3720,0
6920,40
19773,0
19788,37
6935,0
16570,40
3717,0
10122,0
16554,37
3701,0
6884,44
19737,0
478,0
470,0
6872,0
6887,0
10090,0
464,0
10088,0
13271,0
6850,51
19703,0
3640,0
16493,0
3637,39
16490,0
405,21
13258,0
416,0
13269,0
6837,1
19690,0
13251,0
409,16
13262,0
6797,4
19650,0
10015,0
3589,0
16442,0
6788,0
10000,0
16432,28
3579,0
374,0
3577,0
16430,0
366,0
13188,0
13199,56
346,0
16417,53
3564,0
356,0
3559,0
9975,0
3554,0
16407,0
9974,0
3553,0
16395,43
3542,0
16394,21
3541,0
6737,0
9954,0
13144,0
302,0
9941,0
3520,0
13116,0
3492,0
6694,0
9912,0
3491,0
3463,0
16316,0
3461,0
16314,0
6659,12
19512,0
6655,0
246,0
3438,0
6653,37
19506,0
16288,21
3435,0
16278,64
3425,0
6623,0
3420,0
19474,48
6621,0
198,0
6619,0
3415,0
191,0
6612,0
16262,14
3409,0
3389,0
6581,0
3378,0
13011,0
3372,0
16225,0
9792,0
3371,0
135,63
12988,0
6556,0
19409,0
3352,0
9763,0
3342,0
16195,0
3327,0
3309,0
19351,43
6498,0
3295,23
16148,0
12910,0
68,0
3271,0
16119,40
3266,0
12900,0
47,0
12875,0
22,0
3251,0
12888,0
46,0
12853,0
19285,30
6432,0
6425,0
16075,15
3222,0
3211,0
12834,0
6413,0
16063,64
3210,0
9615,0
3194,0
3189,0
3184,23
16037,0
3157,0
3154,0
3153,43
16006,0
6352,0
9570,0
3149,0
9560,0
3139,0
15984,48
3131,0
6331,0
9549,0
15981,13
3128,0
3118,0
9532,0
3111,34
15964,0
3110,0
15963,0
12731,0
6310,51
19163,0
15960,18
3107,0
3105,0
3104,0
15951,30
3098,0
3092,0
3086,0
15939,0
12697,0
6276,0
3073,0
12696,0
6275,54
19128,0
3072,0
15925,0
3071,0
15924,0
9488,0
3062,0
3056,12
15909,0
3051,0
15900,23
3047,0
3040,0
3034,0
15881,9
3028,0
3023,8
15876,0
3016,0
3010,0
12632,0
3008,6
15861,0
3007,0
6202,0
2999,0
6201,0
15851,39
2998,0
2995,0
2994,0
9414,0
2993,0
2990,0
6188,0
19041,0
2985,0
15838,0
2983,0
9403,0
6180,21
19033,0
9398,0
2971,0
12594,0
15823,53
2970,0
2965,0
2959,0
2955,0
15808,0
15807,19
2954,0
2950,43
15803,0
2930,0
9348,0
6119,0
9336,0
2915,60
15768,0
2907,0
2902,0
6090,0
6075,0
9279,0
2858,0
12480,0
6059,0
15698,0
9277,0
6056,0
2853,0
6054,0
15704,13
2851,0
12462,0
15680,53
2827,0
9259,0
15691,16
2838,0
6030,0
6023,0
2793,0
2792,0
12415,0
2791,0
12407,0
5986,0
9204,0
5972,0
9190,0
2768,0
15621,0
2754,29
15607,0
2765,0
2752,9
15605,0
9184,0
12386,0
9181,0
15613,53
2760,0
12375,0
5954,0
18807,0
15593,0
9172,0
15590,37
2737,0
2746,0
15584,0
9158,0
5932,0
9139,0
5898,39
18751,0
12315,0
2688,0
5875,0
18728,0
9087,0
2648,15
15501,0
15494,0
2652,0
9069,0
18703,9
5850,0
2647,0
5848,0
2635,0
15451,0
2609,0
15462,0
18658,12
5805,0
15438,0
2585,0
5796,0
9014,0
2593,9
15446,0
9012,0
18646,61
5793,0
2579,54
15432,0
12209,0
15427,44
2574,0
12208,0
2578,0
12201,0
5780,0
8998,0
8991,0
2570,0
2558,28
15411,0
15409,0
5765,0
2551,63
15404,0
8982,0
5762,0
2559,0
12179,0
15397,36
2544,0
12178,0
2543,63
15396,0
8975,0
2554,0
5756,0
2550,0
5751,12
18604,0
15386,0
5746,0
18599,0
12164,0
5743,0
5742,6
18595,0
5734,0
2531,64
15384,0
8951,0
2530,0
12152,0
2520,0
8933,0
5686,23
18539,0
5677,9
18530,0
8895,0
15310,0
15321,53
2468,0
8880,0
8861,0
2435,0
12053,0
8849,0
15263,56
2410,0
8830,0
2386,1
15239,0
15227,20
2374,0
8806,0
5586,0
12003,0
5579,0
18432,0
2376,0
8778,0
8765,0
11961,0
2326,10
15179,0
8756,0
8747,0
5526,0
5523,64
18376,0
2310,0
11932,0
5511,0
2307,0
8696,0
5474,0
8692,0
2271,0
5472,0
15111,0
5471,0
15110,0
2257,0
8689,0
2268,63
15121,0
5469,0
8686,0
21539,0
2260,0
15095,0
18308,48
5455,0
15093,0
2240,0
11873,0
8670,30
21523,0
2247,0
2246,0
8661,0
11863,0
2239,0
11862,0
11858,0
2231,0
2228,0
11837,0
2202,12
15055,0
8632,0
11830,0
2206,0
11829,0
15045,0
15038,0
10200,0
5385,4
18238,0
15024,0
8603,0
10191,0
5376,0
18229,0
547,0
6968,0
562,0
5371,0
2168,0
11787,0
6953,0
10171,0
5340,0
21411,63
8558,0
2137,0
2108,0
486,0
3704,0
3694,0
8518,0
21371,0
5295,55
18148,0
8510,4
21363,0
5276,0
5268,0
14907,0
2054,0
3652,31
16505,0
11679,0
8475,0
13284,0
442,0
3645,0
436,0
16492,53
3639,0
6844,0
19697,0
3626,51
16479,0
16478,53
3625,0
2028,17
14881,0
2027,0
3622,0
16475,0
5228,0
14867,0
2025,0
14854,0
2001,0
378,36
13231,0
16460,23
3607,0
2010,0
16450,46
3597,0
14842,0
3592,0
8416,0
1995,0
8415,0
1994,0
362,0
1983,0
9978,0
3545,1
16398,0
1948,0
3531,0
1934,0
323,0
3526,0
5132,0
14771,40
1918,0
1929,0
14755,26
1902,0
8334,0
21187,0
1913,0
6712,0
3509,0
13142,0
17968,3
5115,0
6710,0
16360,26
3507,0
8331,0
9907,0
5092,0
6686,60
19539,0
1886,0
14739,0
259,0
3477,0
3469,0
13090,31
237,0
6658,0
19511,0
1836,63
14689,0
3442,0
1845,0
5042,0
1832,0
1815,0
1809,0
13024,0
6603,0
8222,0
3395,0
1787,0
11393,0
3364,0
4970,8
17823,0
6573,51
19426,0
3332,0
16185,0
12980,46
127,0
134,23
12987,0
14573,0
1731,0
3320,49
16173,0
111,0
3329,0
1723,0
3313,0
16166,0
14558,0
11335,0
1711,0
6506,60
19359,0
3303,0
6515,0
19368,0
6488,3
19341,0
9706,0
3285,0
8109,0
12912,25
59,0
8103,0
1682,0
3275,0
6502,0
4881,0
20947,17
8094,0
1673,0
12898,38
45,0
3263,0
12878,0
9675,0
3254,58
16107,0
14499,0
1657,0
38,39
12891,0
49,0
17694,31
4841,0
6428,0
1628,0
3223,63
16076,0
17682,56
4829,0
12843,0
1,0
6422,0
3219,0
1622,0
12841,0
6420,48
19273,0
9638,0
3217,0
1619,0
6410,8
19263,0
9628,0
3207,0
6430,0
19283,0
11230,0
4809,0
1606,0
12823,0
6402,0
19255,0
3199,0
16052,0
3198,0
11225,0
1601,0
6407,0
3204,0
11222,0
14440,0
1598,0
9604,0
3183,0
8007,0
16029,43
3176,0
1579,0
11196,0
12790,0
3166,0
4772,43
17625,0
11192,0
16016,48
3163,0
11190,0
4769,0
17622,0
7987,7
20840,0
1563,0
4765,1
17618,0
20836,42
7983,0
1562,0
1550,0
7967,0
20817,53
7964,0
17597,31
4744,0
7962,0
4740,0
17593,0
1535,0
9538,0
15970,12
3117,0
1520,0
15956,31
3103,0
1506,0
12701,0
15930,60
3077,0
7901,0
1480,0
1478,0
1460,38
14313,0
3063,0
4664,0
17513,8
4660,0
4659,0
1445,61
14298,0
7877,0
7873,0
15899,9
3046,0
12667,0
15896,36
3043,0
11070,0
4649,36
17502,0
4648,0
7866,33
20719,0
1444,0
4641,64
17494,0
4637,0
1434,0
15879,31
3026,0
4632,0
15878,14
3025,0
14270,0
11051,0
4630,0
1427,0
4623,0
17470,11
4617,0
1409,0
4610,44
17463,0
1407,0
3003,0
4609,11
17462,0
1406,0
3001,34
15854,0
7825,0
1387,0
15832,26
2979,0
4585,0
4584,0
2976,40
15829,0
4581,17
17434,0
1367,1
14220,0
2964,0
15817,0
2963,44
15816,0
9382,0
6163,0
2958,0
15811,0
1361,0
1360,0
2936,0
10944,0
4519,18
17372,0
1316,0
20586,19
7733,0
1312,0
1308,0
1300,0
1292,0
4488,0
17341,0
9302,0
2881,0
9294,0
20546,16
7693,0
9283,0
1260,0
1252,0
4454,0
20525,3
7672,0
10867,0
1243,0
4437,0
17284,34
4431,0
4429,0
17282,0
7647,0
1226,0
9234,0
9230,0
1212,0
7632,0
20485,0
1211,0
1210,0
4411,63
17264,0
7629,0
6000,0
15639,0
7621,28
20474,0
20471,53
7618,0
1197,0
9210,0
9206,0
7609,0
4385,28
17238,0
7603,0
4380,54
17233,0
1159,31
14012,0
9178,0
4363,51
17216,0
5957,0
18810,0
15596,0
10781,0
7577,0
1156,0
7569,0
12368,0
20421,53
7568,0
4341,17
17194,0
4340,0
7558,0
7555,0
5925,28
18778,0
10749,0
4328,0
1125,0
10748,0
17180,18
4327,0
13966,0
314,0
11544,0
5123,0
1920,0
1123,0
1919,0
20392,61
7539,0
13946,0
1102,0
1897,0
4303,12
17156,0
20374,51
7521,0
1100,0
279,0
9903,0
8306,0
1885,0
1088,0
10709,0
1085,0
2681,0
1082,0
3474,36
16327,0
5080,23
17933,0
14719,0
2677,0
7501,0
20353,38
7500,0
1079,0
1077,0
1871,0
2671,0
4277,0
1074,0
1072,0
3460,0
16312,20
3459,0
1862,0
14715,0
10687,0
4266,0
16299,9
3446,0
5052,0
8270,38
21123,0
4255,0
1052,0
7468,48
20321,0
5040,0
1036,0
4235,0
13874,0
10648,0
4227,4
17080,0
199,0
13052,0
6620,9
19473,0
2620,0
1023,0
4223,55
17076,0
1019,0
10640,0
7437,0
1013,0
15448,0
7424,0
176,0
6609,39
19462,0
13045,0
1000,0
10622,0
4201,31
17054,0
194,0
10615,0
991,0
162,0
16233,31
3380,0
8204,0
15425,0
4189,9
17042,0
7407,0
16234,19
3381,0
3390,0
984,0
5783,0
5782,0
2568,38
15421,0
982,0
11397,0
17829,31
4976,0
1771,0
974,0
4174,35
17027,0
971,0
2566,0
10593,0
17025,63
4172,0
969,0
5708,0
4111,0
16964,0
908,0
10521,0
7318,0
897,0
6493,0
3290,23
16143,0
8114,0
1693,0
4099,0
16952,0
896,0
7310,0
889,0
8102,0
884,0
873,0
3264,0
16117,0
8088,0
12091,0
5670,0
18523,0
15309,0
16922,20
4069,0
857,0
4054,0
4052,0
4051,0
14476,0
1623,0
8055,0
3243,4
16096,0
8855,0
16884,6
4031,0
3205,0
11232,0
4811,0
8029,0
4000,29
16853,0
5593,0
2390,0
778,0
793,0
4791,9
17644,0
1588,0
5583,56
18436,0
768,0
11201,0
4780,22
17633,0
20838,39
7985,0
10391,0
3970,0
7168,12
20021,0
13615,7
762,0
7975,0
757,0
16810,53
3957,0
15995,31
3142,0
4748,8
17601,0
7966,0
733,0
7154,0
5545,48
18398,0
18394,31
5541,0
10358,0
20803,9
7950,0
11946,0
5525,4
18378,0
3928,0
19983,31
7130,0
7124,0
6312,0
3109,0
2301,12
15154,0
2312,0
3918,0
5507,0
18360,0
15146,0
3909,61
16762,0
8722,14
21575,0
7110,0
19963,0
704,0
677,12
13530,0
688,0
15949,55
3096,0
1499,0
9515,0
3094,0
11121,0
4700,0
2297,0
10324,0
19957,51
7104,0
15944,42
3091,0
11118,0
4697,0
697,0
9510,0
3089,0
3898,0
17544,13
4691,0
7097,0
19950,0
10315,0
3894,51
16747,0
6283,7
19136,0
15933,22
3080,0
11107,0
3888,0
685,0
7090,0
19943,0
684,0
7088,0
682,0
7085,0
16202,7
3349,0
955,0
2952,0
5358,0
2155,0
543,0
6964,0
15391,0
2538,0
952,0
7771,32
20624,0
1350,0
16600,4
3747,0
11773,0
8569,0
19810,40
6957,0
7765,0
20618,0
6943,18
19796,0
7763,0
3748,0
14177,0
6944,0
15777,48
2924,0
2923,0
20600,45
7747,0
505,0
6926,0
3723,0
8547,0
6546,0
104,0
6525,0
19378,0
16175,44
3322,0
6534,9
19387,0
8943,0
925,0
19787,19
6934,0
4518,0
5318,0
14957,0
14156,12
1303,0
19767,31
6914,0
3711,0
12532,0
6111,0
16561,51
3708,0
504,0
10128,0
11734,0
14963,51
2110,0
6930,0
6101,0
2898,0
4504,29
17357,0
7722,0
8113,0
4098,0
895,0
12514,0
6093,0
3699,0
4494,38
17347,0
3688,0
13285,0
6873,0
7684,0
1263,0
3660,0
16513,0
18514,44
5661,0
16917,33
4064,0
14485,0
20917,63
8064,0
13688,0
835,0
2843,0
14888,0
2046,0
3241,0
16094,0
6433,31
19286,0
13266,0
424,0
5620,0
10841,0
4420,48
17273,0
1217,0
12424,0
6003,0
1203,0
393,0
6807,0
13243,0
390,0
6384,0
3181,0
16843,64
3990,0
787,0
13232,64
379,0
6811,0
19664,0
15623,0
9202,0
10808,0
7605,0
20458,0
1184,0
15217,0
8796,0
2375,0
7184,28
20037,0
9196,0
6778,0
372,0
13225,0
12397,0
9194,0
13197,0
13206,63
353,0
3572,0
11599,0
8396,0
6784,0
16021,43
3168,0
15213,0
2371,0
10398,0
12395,0
9192,0
1174,0
5573,17
18426,0
1971,0
4372,9
17225,0
1966,0
9171,0
16400,48
3547,0
9977,0
3556,11
16409,0
8370,0
1949,0
6758,0
5543,51
18396,0
10367,0
16392,60
3539,0
13187,33
334,0
345,0
9550,0
4735,0
5535,13
18388,0
4338,0
17191,0
10355,0
3934,12
16787,0
6740,0
5127,0
17980,0
1924,0
293,0
6714,0
3511,0
14751,22
1898,0
12332,0
15550,0
13950,0
9926,0
3505,0
16367,20
3514,0
3095,0
4304,4
17157,0
1493,0
7102,11
19955,0
284,0
299,0
3472,0
1875,0
1078,0
6687,21
19540,0
5870,0
9088,0
3256,0
16909,6
4056,0
853,0
6471,0
50,0
3253,0
1656,0
12886,0
6465,4
19318,0
441,0
6877,0
6665,0
1842,0
18686,12
5833,0
9051,0
16283,26
3430,0
12243,0
5822,0
1022,0
3405,16
16258,0
1808,0
15450,0
10831,0
1207,0
13237,0
6816,0
5807,0
18660,0
9025,0
18062,53
5209,0
8427,0
1996,0
3396,0
3587,0
14843,20
1990,0
3387,0
4993,0
8211,0
1785,0
14805,0
1963,0
4963,0
17816,0
1760,0
3360,25
16213,0
21037,38
8184,0
11385,0
1761,0
960,0
9573,0
3152,0
16005,0
16814,38
3961,0
1158,0
2951,0
15804,0
5154,0
11775,0
8572,0
9769,0
3348,0
16201,0
8172,0
3351,0
6746,0
1946,0
945,0
9363,0
2942,0
136,0
19410,48
6557,0
18590,12
5737,0
930,0
9760,0
3339,0
12969,0
10548,0
4127,0
924,0
8940,0
16978,34
4125,0
922,0
4525,0
525,0
524,0
1916,0
2517,0
7341,0
9738,0
3317,0
16170,0
123,0
4106,0
903,0
19780,12
6927,0
5899,0
18752,0
2696,0
4302,42
17155,0
8117,0
2896,0
1299,0
14941,0
19761,26
6908,0
6511,0
19364,0
105,0
15416,0
977,0
16230,26
3377,0
12907,0
8098,0
3277,0
16130,0
880,0
1280,0
5283,0
14922,0
2480,0
6492,0
1076,0
3473,0
6476,39
19329,0
16126,11
3273,0
7296,0
875,0
20949,47
8096,0
4474,0
272,0
3269,4
16122,0
6481,0
19334,0
5162,0
1959,0
3356,0
8086,0
10518,0
16950,64
4097,0
894,0
497,0
6453,0
10868,0
13274,0
5250,0
450,0
850,0
1741,0
3347,0
16200,0
144,0
12162,0
4144,54
16997,0
941,0
4544,0
6941,0
1044,0
16294,16
3441,0
10314,0
3893,0
9108,0
3287,12
16140,0
6499,0
890,0
14582,0
1729,0
940,0
3340,0
9861,0
3440,0
9554,0
3133,0
4739,0
6539,0
8160,0
1739,0
10563,0
4142,29
16995,0
939,0
20913,38
8060,0
839,0
7263,0
20116,0
842,0
6442,0
19295,0
4845,0
8063,0
2039,0
20557,26
7704,0
8554,0
5236,0
14875,0
3228,0
1631,0
834,0
15368,0
2526,0
10553,0
4132,10
16985,0
3735,0
16588,0
5732,12
18585,0
16988,5
4135,0
6541,0
1917,0
1220,0
8441,0
8044,0
1068,0
4071,0
4918,63
17771,0
1715,0
918,0
9736,0
3315,0
1718,0
1332,0
9374,0
1356,0
18,0
9543,0
3122,0
10352,0
9146,0
10752,0
4331,6
17184,0
11752,0
5331,0
16555,12
3702,0
12426,0
6005,9
18858,0
20479,9
7626,0
3744,8
16597,0
7659,0
7698,0
17086,12
4233,0
1030,0
6639,0
19492,0
233,0
4107,0
19657,39
6804,0
10825,0
1201,0
6801,6
19654,0
9365,0
15797,51
2944,0
1347,0
550,0
3344,43
16197,0
6636,21
19489,0
3433,30
16286,0
2810,0
14055,0
11637,0
5216,0
2013,0
7222,0
16872,63
4019,0
816,0
1616,0
2449,0
16908,18
4055,0
13694,0
3599,0
13247,0
7093,23
19946,0
10311,0
687,0
4290,0
5687,6
18540,0
20161,42
7308,0
2884,0
10464,0
4043,0
840,0
4220,6
17073,0
21215,1
20237,1
16815,1
16347,1
16284,1
16221,1
16022,1
12715,1
12624,1
10980,1
10601,1
9278,1
8860,1
15206,32
2353,1
15205,1
15065,29
2212,1
8394,1
20807,42
7954,1
7676,48
20529,1
7001,2
19854,1
6293,1
6181,1
6172,1
6073,1
5993,1
12240,1
5744,1
12110,1
5438,1
5407,1
11685,1
11569,1
11549,1
17981,23
5128,1
11479,1
4292,1
715,1
19968,63
7115,1
3840,1
9963,1
169,1
6105,1
2548,1
557,1
2112,1
10097,1
3676,1
449,1
6848,1
16410,9
3557,1
167,1
1638,1
4788,1
1585,1
6179,1
1364,1
1245,1
1160,1
1137,1
20348,15
7495,1
4239,1
6597,56
19450,1
998,1
7272,1
10381,1
7735,1
1314,1
11733,1
1176,1
3672,1
16591,40
3738,1
12153,1
18849,2
12423,2
11791,2
9746,2
2800,55
15653,2
8056,17
20909,2
6248,47
19101,2
5544,61
18397,2
4175,14
17028,2
6998,2
13115,2
15821,19
2968,2
9208,2
11861,2
3779,2
20968,53
8115,2
20140,9
7287,2
5755,2
15394,2
6520,29
19373,2
21134,3
19645,3
19635,3
19113,3
18145,3
18037,3
16531,3
15961,3
11403,3
11056,3
15545,3
8780,3
15031,3
14315,3
14091,38
1238,3
7337,3
4890,3
3857,58
16710,3
10041,3
12652,3
15780,6
2927,3
2762,3
15078,60
2225,3
5258,57
18111,3
6828,12
19681,3
4804,3
9484,3
1276,3
2785,3
5105,48
17958,3
1103,3
8987,3
2148,26
15001,3
6731,3
7260,3
12852,3
6813,37
19666,3
16155,40
3302,3
3684,3
21238,4
20180,4
18875,4
17700,4
17506,4
16986,4
16644,4
16023,4
15841,4
15762,4
15296,4
1327,53
14180,4
12033,4
11925,4
11711,4
11705,4
11049,4
10067,4
9590,4
2428,16
15281,4
8799,4
8559,48
21412,4
8407,39
21260,4
21164,19
8311,4
8289,29
21142,4
14697,4
8010,4
7902,4
6503,4
6113,4
5647,4
5502,6
18355,4
11708,4
11674,4
4810,4
10826,4
16737,12
3884,4
16472,54
3619,4
19491,64
6638,4
3261,4
12619,4
9337,4
15641,4
15240,4
2337,9
15190,4
15107,4
3734,54
16587,4
2048,4
14666,4
6447,4
12831,4
1572,4
1502,4
1466,4
7673,4
4974,4
7736,4
11725,4
2890,4
3643,21
16496,4
743,4
3899,4
14993,4
10544,4
7315,12
20168,4
6699,4
14975,4
1732,4
10440,4
3890,4
10105,4
16179,5
11371,5
2259,14
15112,5
19699,31
6846,5
20514,6
20493,6
17554,6
16890,6
16836,6
16795,6
16679,6
16401,6
16390,6
15902,6
15759,6
15707,6
15702,6
2849,6
15632,38
2779,6
15299,6
2344,23
15197,6
2340,60
15193,6
12304,6
12184,6
11930,6
11572,6
11428,6
11057,6
10439,6
10402,6
10243,6
9936,6
9902,6
9868,6
9827,6
9588,6
9577,6
9551,6
9547,6
9313,6
9306,6
15496,6
9044,6
8968,6
8928,6
8898,6
15250,56
2397,6
8808,6
8785,6
2304,37
15157,6
15032,6
21408,63
8555,6
8502,6
8378,6
14551,6
8028,6
7955,6
7837,6
7746,6
7657,6
20372,53
7519,6
20341,40
7488,6
7385,6
20132,42
7279,6
7277,6
20119,61
7266,6
7250,6
7167,6
722,6
7132,6
508,6
6761,6
6741,6
6733,6
6730,6
6673,6
19482,63
6629,6
19381,43
6528,6
86,6
6460,6
6235,6
5938,6
11756,6
11628,6
11476,6
4613,6
4459,6
4440,6
4389,6
4344,6
4240,6
4193,6
10484,6
3982,63
16835,6
7076,6
16641,53
3788,6
3787,6
3763,6
554,6
3757,6
514,6
3647,6
273,35
13126,6
6683,6
13059,6
19428,63
6575,6
153,63
13006,6
53,6
9613,6
9531,6
6295,6
9477,6
9354,6
2928,6
2856,47
15709,6
9272,6
9271,6
2772,6
9116,6
2591,6
2440,6
15208,6
2348,6
2339,6
2265,33
15118,6
2213,6
2211,6
2163,6
14934,6
13276,31
423,6
19680,37
6827,6
13204,6
3580,6
5083,6
11433,6
5012,6
13019,18
166,6
14569,16
1716,6
1714,6
14550,6
12889,55
36,6
4801,6
9587,6
1568,6
1567,6
7861,6
1420,6
1382,6
1363,6
15708,6
7681,6
4446,6
1234,6
1182,6
7498,6
1065,6
1797,6
89,6
1648,6
3984,56
16837,6
16797,7
3944,6
707,6
692,6
8724,6
702,6
700,6
695,6
693,6
691,6
1483,6
546,6
529,6
513,6
2908,6
7732,6
512,6
509,6
10109,6
2447,12
15300,6
19655,26
6802,6
2781,6
1169,6
701,6
19647,26
6794,6
6572,6
1345,6
5720,6
506,6
9117,6
7320,6
21354,61
8501,6
1873,6
12897,6
1341,6
1239,6
8426,6
1277,6
16527,55
3674,6
16454,39
3601,6
7768,6
1814,6
21378,7
21255,7
21237,7
21218,7
21113,7
21036,7
20974,7
20791,7
20668,7
20654,7
20640,7
20593,7
20494,7
20395,7
20364,7
20314,7
20138,7
20118,7
16803,7
16664,7
16655,7
16585,7
16546,7
16315,7
15833,7
12674,7
2773,54
15626,7
8946,7
8793,7
8738,7
15126,9
2273,7
15023,7
7548,40
20401,7
7449,28
20302,7
7338,39
20191,7
6738,7
5055,7
17673,23
4820,7
17630,38
4777,7
11111,7
3867,7
494,7
2236,7
2194,7
7948,53
20801,7
2862,32
15715,7
1134,7
1765,7
16457,31
3604,7
6790,7
7120,7
7520,60
20373,7
7398,51
20251,7
1677,7
13717,7
7362,12
20215,7
10564,7
818,7
15326,7
21429,8
20824,8
19137,8
18332,8
17957,8
17956,8
17839,8
17812,8
17716,8
17127,8
17053,8
16589,8
16216,8
16203,8
2079,21
14932,8
12485,8
10423,8
10404,8
9971,8
8496,8
8205,8
1359,21
14212,8
11920,8
11872,8
5293,8
5091,8
11373,8
4733,8
10238,8
15892,12
3039,8
3013,8
2818,8
2638,8
11915,8
8691,8
8690,8
5121,8
1801,8
3216,8
7867,8
1412,8
401,8
387,8
8730,8
3751,47
16604,8
3345,8
8947,8
7261,29
20114,8
21479,9
21272,9
21271,9
21256,9
21232,9
21189,9
21053,9
21049,9
21045,9
21012,9
20920,9
20813,9
20812,9
20800,9
20798,9
20779,9
20660,9
20658,9
20648,9
20566,9
20561,9
20502,9
20470,9
20407,9
20284,9
20278,9
20255,9
20105,9
19978,9
19850,9
19803,9
19745,9
19710,9
19427,9
19171,9
18953,9
18699,9
18283,9
17802,9
16818,9
16816,9
16802,9
16705,9
16672,9
16461,9
16388,9
16377,9
2291,12
15144,9
14516,9
12721,9
12631,9
12207,9
12061,9
12042,9
11879,9
11736,9
11629,9
11564,9
11500,9
11443,9
11307,9
10499,9
10478,9
10119,9
10108,9
10037,9
9995,9
9558,9
9441,9
9427,9
9111,9
15495,9
8956,9
15109,9
14998,9
8366,13
21219,9
8364,9
8254,9
8001,9
20775,40
7922,9
1471,54
14324,9
7894,60
20747,9
14285,9
7728,9
7476,9
7331,9
7072,9
6865,9
6622,33
19475,9
12904,9
6475,9
6317,62
19170,9
6233,9
5969,9
5922,9
12334,9
5492,9
18336,23
5483,9
5389,64
18242,9
5367,9
5308,9
18150,32
5297,9
11503,9
11478,9
4814,9
4794,9
4792,9
17037,17
4184,9
3989,9
698,9
466,9
19683,63
6830,9
3533,34
16386,9
3353,18
16206,9
6254,9
9444,9
6185,9
6173,9
9366,9
9260,9
15669,9
5994,9
12352,9
5731,9
8925,9
2483,26
15336,9
5632,9
8826,9
2320,9
8731,9
5494,9
5441,31
18294,9
5437,9
3772,21
16625,9
5356,9
2092,9
1846,9
6669,9
1803,9
8047,29
20900,9
1610,9
4805,9
1524,9
7841,9
1404,9
2866,29
15719,9
9270,9
4419,9
4307,9
8318,9
4288,9
20358,42
7505,9
8292,9
1063,9
1849,9
7421,18
20274,9
4194,9
187,9
13027,9
8986,9
12014,9
783,9
15180,9
2322,12
15175,9
7139,9
7918,30
20771,9
1492,9
12704,9
1722,9
528,9
9311,9
846,9
12869,9
6799,9
16824,56
3971,9
7914,17
20767,9
11499,9
4273,9
20344,42
7491,9
6456,9
1033,9
10023,9
1351,9
21373,42
8520,9
5650,9
7096,9
1642,9
15782,26
2929,9
1525,9
16874,63
4021,9
7634,9
18186,10
16282,10
11746,10
9433,10
5134,10
5002,10
4366,10
408,55
13261,10
9841,10
1933,10
8137,10
15556,10
718,10
3661,10
2064,10
5178,10
2542,10
9761,10
21076,11
20878,11
20270,11
19998,11
19559,11
19509,11
19499,11
17274,11
17245,11
10903,11
10634,11
9253,11
8610,11
6214,11
12524,11
12394,11
18732,39
5879,11
5194,11
5118,11
4438,13
17291,11
4364,11
4165,11
4129,11
4028,11
6996,11
13236,11
13244,11
3594,11
3452,11
16045,29
3192,11
15901,60
3048,11
2973,11
8672,11
3609,11
1889,11
1858,11
248,11
6677,11
6461,11
16424,26
3571,11
1498,11
9674,11
17972,13
5119,11
7304,11
4039,11
21318,12
21251,12
20398,12
19935,12
19906,12
19860,12
19383,12
19180,12
18910,12
17993,12
17835,12
17810,12
17687,12
17652,12
17596,12
17551,12
17488,12
16983,12
16677,12
16523,12
16512,12
15885,12
15778,12
15717,12
15315,47
2462,12
15308,12
2266,38
15119,12
15090,53
2237,12
15004,31
2151,12
14978,12
12529,12
12350,12
12345,12
11619,12
11477,12
11378,12
11349,12
11136,12
11095,12
10978,12
10971,12
10961,12
10918,12
10849,12
10453,12
10071,12
9891,12
9833,12
9454,12
9296,12
9033,12
21283,29
8430,12
8287,31
21140,12
21117,42
8264,12
7928,12
7895,12
20531,26
7678,12
20207,26
7354,12
7344,12
7065,12
7045,12
6818,12
6725,12
6702,12
6697,12
6562,12
6497,12
12644,12
6199,12
5919,12
5910,12
11954,12
5082,12
17930,30
5077,12
4956,54
17809,12
17763,43
4910,12
11113,12
4586,12
10786,12
4161,12
712,12
3856,12
3790,12
10058,12
376,12
6454,26
19307,12
2946,12
9288,12
15668,13
2815,12
2769,12
8909,12
12083,12
5608,12
11895,12
10066,12
5001,12
3384,12
152,54
13005,12
4934,26
17787,12
1678,12
3053,12
6246,12
1425,12
9381,12
9338,12
7729,12
1228,12
1104,12
14679,12
8186,32
21039,12
1679,12
10435,12
767,12
741,12
7128,42
19981,12
3910,12
19962,23
7109,12
9345,12
2126,12
10129,12
3596,40
16449,12
1584,12
4774,12
9677,12
6604,12
7497,12
4447,12
10151,12
6836,12
20206,61
7353,12
1039,12
21372,13
21257,13
21181,13
21132,13
19704,13
19674,13
17617,13
17547,13
16598,13
16592,13
16363,13
15980,13
15888,13
14525,13
13092,13
11336,13
11035,13
10174,13
9678,13
9572,13
9486,13
9103,13
9097,13
6743,13
6279,13
6107,13
11980,13
5496,13
5451,13
17943,30
5090,13
4827,13
10926,13
4169,13
10196,13
16608,26
3755,13
12570,13
2561,13
18602,38
5749,13
12098,13
8447,48
21300,13
8027,13
1566,13
1449,13
11031,13
15667,13
5100,13
1015,13
1009,13
1532,13
16521,23
3668,13
13114,13
6505,13
18932,14
18600,14
14166,60
1313,14
12824,14
12574,14
11282,14
11211,14
11015,14
10894,14
10237,14
10002,14
2560,55
15413,14
15278,14
8784,14
15029,14
21415,61
8562,14
21173,38
8320,14
8221,14
20746,51
7893,14
7864,14
20235,42
7382,14
7209,14
7158,14
13043,14
6577,14
12862,45
9,14
18497,44
5644,14
18243,26
5390,14
4551,14
4505,14
4374,14
10790,14
4228,54
17081,14
20038,15
7185,14
16684,63
3831,14
10222,14
10180,14
3578,14
6590,14
3115,56
15968,14
9371,14
9268,14
6042,48
18895,14
2700,48
15553,14
2664,14
8768,14
5440,14
15005,14
404,14
9904,14
1794,14
14629,14
23,14
19272,62
6419,14
1526,14
5960,14
8298,14
12929,14
7217,14
3939,31
16792,14
1488,14
146,14
5351,14
4023,14
16428,38
3575,14
369,14
3603,14
18210,63
5357,14
11497,14
3598,14
21556,15
21512,15
21339,15
21303,15
21138,15
20925,15
20907,15
20769,15
20377,15
20089,15
20080,15
19993,15
17256,15
15547,15
15234,15
14987,15
14757,15
9795,15
8424,28
21277,15
7942,54
20795,15
7611,15
12848,15
6350,15
12333,15
16992,31
4139,15
2764,32
15617,15
15453,15
15253,15
8668,44
21521,15
15048,15
8624,64
21477,15
8269,60
21122,15
8040,43
20893,15
15562,15
9697,15
7234,23
20087,15
7679,23
20532,15
4038,15
20382,59
7529,15
21388,16
21386,16
21308,16
21176,16
20515,16
20393,16
16913,16
16602,16
12341,16
12077,16
9478,16
9399,16
9115,16
15511,55
2658,16
8579,16
8322,33
21175,16
7838,16
7455,17
20308,16
7439,16
6271,16
6217,16
12379,16
12127,16
11492,16
3952,16
7061,16
3634,17
16487,16
9839,16
6592,16
2097,16
8293,31
21146,16
126,16
1469,16
1433,16
1428,16
17328,64
4475,16
1837,16
9034,16
20257,42
7404,16
7317,21
20170,16
3740,16
3977,16
1650,16
963,16
6880,16
21233,17
21034,17
20380,17
18713,17
17788,17
15703,55
2850,17
15561,31
2708,17
2606,59
15459,17
15307,17
12681,17
12569,17
12364,17
12362,17
12166,17
11884,17
11566,17
11338,17
11145,17
10999,17
10839,17
10561,17
9301,17
9237,17
8521,17
8457,17
8391,28
21244,17
8300,17
14646,17
8026,47
20879,17
20736,51
7883,17
7048,17
5575,17
5342,17
11690,17
11567,17
10919,17
4261,17
16522,38
3669,17
2916,56
15769,17
5975,31
18828,17
12353,17
5931,17
8965,17
8899,17
2350,17
15162,33
2309,17
2316,17
5452,17
10185,17
11649,17
1861,17
11302,17
1602,17
1285,17
1200,17
1191,17
1084,17
210,17
1010,17
7092,17
538,17
1643,17
16799,38
3946,17
7953,17
731,17
2667,17
11630,17
3602,17
11540,17
9894,17
8580,17
5741,17
490,17
19418,18
19062,18
19044,18
19017,18
18665,18
18616,18
18321,18
16115,18
15996,18
15950,18
15597,33
2744,18
2393,41
15246,18
1759,45
14612,18
13070,18
12933,31
80,18
12302,18
9822,18
15485,18
15056,47
2203,18
20833,42
7980,18
20671,42
7818,18
13159,18
6441,49
19294,18
12703,18
12507,18
6063,18
12229,18
5485,18
18187,31
5334,18
11507,18
5060,18
11007,18
4541,18
10682,18
10594,18
7070,18
3488,18
124,18
58,18
6301,18
2872,18
5443,56
18296,18
6952,18
10155,18
2000,18
16336,55
3483,18
17791,48
4938,18
12962,60
109,18
9637,18
4771,18
11030,18
9834,18
20922,30
8069,18
14354,18
7099,18
1343,18
14340,18
4045,18
21322,19
20931,19
20794,19
20415,19
20279,19
18258,19
17795,19
16819,19
16812,19
16405,19
16374,19
16365,19
15729,19
14542,31
1689,19
11320,19
11301,19
10974,19
10855,19
9502,19
7723,19
7593,46
20446,19
5417,19
11633,19
6641,19
6213,19
9339,19
6018,19
5967,19
8892,19
15233,61
2380,19
8741,19
15067,19
2221,19
420,19
8224,31
21077,19
1688,19
1251,19
4216,19
1554,19
6504,51
19357,19
15207,19
2750,19
5112,23
17965,19
8337,29
21190,19
2756,19
7465,19
3633,39
16486,19
1128,19
14970,19
9231,19
16434,20
16399,20
12443,20
12318,20
10292,20
9940,20
9804,20
9124,20
14984,20
2047,38
14900,20
20300,26
7447,20
5719,20
4369,20
6815,20
9526,20
2982,20
12389,20
18326,41
5473,20
8681,20
6547,20
256,20
20793,51
7940,20
19561,22
6708,20
7443,20
15959,21
15585,21
15569,21
12288,21
10877,21
10547,21
10387,21
10085,21
9959,21
9599,21
9438,21
9284,21
15280,21
8846,21
15161,27
2308,21
8227,21
7845,54
20698,21
7789,21
7725,21
7707,21
7694,21
7687,21
20489,63
7636,21
555,21
6763,21
6222,21
5935,21
11087,21
11027,21
4498,21
17031,26
4178,21
7063,21
10208,21
16473,54
3620,21
16458,53
3605,21
9909,21
13062,21
9383,21
12550,21
2920,21
2398,21
8797,21
2230,21
2198,21
10181,21
5300,21
407,21
406,21
16476,39
3623,21
11636,21
6532,21
19331,23
6478,21
8023,21
1429,31
14282,21
1379,21
6120,21
10893,21
7690,21
7631,21
10805,21
12301,21
13041,21
2470,21
732,21
14168,22
1315,21
6864,21
1571,21
8791,21
11156,21
7141,21
6862,21
3543,28
16396,21
11358,21
7358,21
1727,21
8454,21
1747,21
16839,22
16834,22
15934,22
15897,22
15637,22
14402,22
12580,22
12119,22
12114,22
10612,22
10611,22
10609,22
10542,22
10282,22
10280,22
10076,22
10074,22
9878,22
9875,22
9671,22
9612,22
9417,22
9074,22
15335,43
2482,22
8908,22
2224,63
15077,22
14316,22
7297,22
6684,22
6341,22
6335,22
12036,22
17753,41
4900,22
3808,22
3807,22
6358,22
9056,22
5662,22
3765,22
10610,22
12940,40
87,22
3584,34
16437,22
6774,22
10163,22
1244,22
10565,22
5729,22
21462,23
21454,23
21297,23
21133,23
21060,23
20467,23
19826,23
19762,23
18859,23
18730,23
18342,23
18038,23
17853,23
17847,23
17782,23
17738,23
17719,23
17710,23
17529,23
17340,23
16663,23
16463,23
15785,23
15052,23
13711,23
851,63
13704,23
12974,23
12702,23
12538,23
12205,23
12094,23
12028,23
11722,23
11623,23
11563,23
11527,23
11435,23
11396,23
11257,23
10219,23
10086,23
9844,23
9809,23
9443,23
8996,23
8977,23
8919,23
8351,23
8255,23
8217,23
7872,43
20725,23
7715,23
20497,61
7644,23
7464,23
1017,51
13870,23
745,23
7058,23
6888,23
6315,23
6282,23
12688,23
12661,23
12504,23
18830,45
5977,23
12321,23
5876,23
5873,23
12221,23
12171,23
12159,23
12133,23
5533,23
5520,23
5517,23
11923,23
11847,23
18249,53
5396,23
11598,23
11515,23
11465,23
11464,23
11386,23
4818,31
17671,23
4806,31
17659,23
11133,23
10874,23
10596,23
764,23
3879,23
7003,44
19856,23
498,23
3673,23
10052,23
3367,23
9608,23
12716,23
12663,23
2926,23
12540,23
2886,54
15739,23
2867,23
2847,23
9239,23
5949,23
9059,23
12186,23
12172,23
2323,23
11892,23
15061,23
6855,23
6810,25
19663,23
10018,23
21206,38
8353,23
11553,23
1847,23
3400,23
1798,23
20837,61
7984,23
12727,23
3042,23
7865,23
6166,23
1301,48
14154,23
12378,23
4360,23
5947,23
9081,23
13037,23
10473,23
11962,23
1497,23
558,23
12173,23
5752,32
18605,23
5304,31
18157,23
5974,23
8761,23
7149,23
1029,23
1790,23
8367,23
1665,23
447,23
1740,23
3630,23
11657,23
2325,23
6886,23
10,23
10817,24
19831,25
18351,25
16893,25
16274,25
16074,25
15467,25
12571,25
12040,25
12010,25
11989,25
11374,25
8962,25
8734,25
8373,25
12016,25
11941,25
5287,25
5141,25
17082,31
4229,25
66,53
12919,25
2757,39
15610,25
15579,25
15560,25
5113,25
6559,56
19412,25
6491,38
19344,25
183,37
13036,25
27,37
12880,25
13008,25
10527,25
1676,25
12908,25
2953,25
21413,26
21324,26
21265,26
21081,26
21044,26
20776,26
20680,26
20639,26
20564,26
20450,26
20252,26
20174,26
19742,26
19648,26
19424,26
19422,26
18627,26
16735,26
16715,26
16698,26
15886,26
15723,26
2787,54
15640,26
15211,26
15141,26
12616,26
12211,26
11528,26
11470,26
11283,26
10529,26
10430,26
10225,26
9825,26
9091,26
8997,26
15002,38
2149,26
8226,26
8048,26
7514,33
20367,26
7244,26
6789,31
19642,26
6094,26
5926,26
11724,26
11481,26
11475,26
4357,26
4330,26
7157,26
9985,26
3422,63
16275,26
3416,63
16269,26
9576,26
12664,26
2887,26
15695,26
15570,26
12296,26
15489,26
5415,26
15053,26
3770,32
16623,26
11721,26
11359,26
4472,26
12346,26
7484,31
20337,26
74,26
4014,26
3996,26
1564,38
14417,26
5556,26
7083,26
4955,31
17808,26
8970,26
6115,26
20079,57
7226,26
8005,26
10411,26
1178,26
774,26
5911,26
5501,48
18354,26
1070,26
18071,27
17863,27
14885,27
14923,27
7240,27
6716,27
19560,35
6707,27
15149,27
2238,54
15091,27
19451,63
6598,27
5722,60
18575,27
21178,28
19304,28
18832,28
17975,28
17661,28
17558,28
16817,28
16808,28
15482,28
11687,28
11424,28
11333,28
11300,28
11018,28
10027,28
9965,28
9937,28
8297,28
7774,28
7755,28
7410,28
7302,28
19713,63
6860,28
6701,28
6670,28
6522,29
19375,28
6521,56
19374,28
6458,28
6227,28
6102,48
18955,28
5555,28
5316,28
10538,28
15188,45
2335,28
21301,55
8448,28
8350,61
21203,28
6672,28
6540,28
1706,28
14524,28
2825,28
13715,28
6299,28
5313,45
18166,28
10925,28
15259,28
5984,28
5976,28
13025,28
4361,28
2519,28
6931,60
19784,28
6529,28
12874,28
1639,28
12860,28
6325,29
19178,28
1328,28
2437,28
21447,29
21286,29
21106,29
21047,29
20804,29
20646,29
20381,29
19815,29
18719,29
18606,29
16912,29
16848,29
16480,29
16342,29
15733,29
14394,63
1541,29
13032,29
12244,29
12182,29
12169,29
11990,29
11878,29
11758,29
11754,29
11700,29
11683,29
11128,29
11019,29
10963,29
10923,29
10856,29
9647,29
9334,29
8935,29
8488,29
8487,29
8481,29
8388,29
8335,29
8036,29
20883,45
8030,29
8017,29
20583,39
7730,29
7080,34
19933,29
6747,29
13118,29
6601,29
6496,29
6257,29
6232,29
6078,29
12079,29
12078,29
11967,29
11904,29
11622,29
11588,29
11354,29
17773,48
4920,29
4901,29
4745,29
11132,29
10973,29
10879,29
4258,29
7229,29
16865,42
4012,29
16811,31
3958,29
16725,42
3872,29
10227,29
3771,29
361,46
13214,29
212,29
9605,29
6242,29
9389,29
6149,29
2918,29
2834,29
2820,29
2691,29
12271,29
15455,57
2602,29
2567,29
12163,29
18576,63
5723,29
8814,29
5538,29
5454,55
18307,29
2227,29
2026,29
13165,29
21192,48
8339,29
13110,29
1872,29
5050,29
8219,29
4914,29
41,29
11058,29
11036,29
1157,29
1138,29
4337,29
7444,29
1003,29
10598,29
11308,29
2479,29
837,29
11153,29
15145,29
3900,29
680,29
2276,29
8530,29
10459,29
1101,29
8074,40
20927,29
1007,29
10008,29
4554,29
2877,29
17929,35
5076,29
10089,29
12115,29
16533,61
3680,29
484,29
859,29
4404,29
4819,53
17672,29
20012,30
19556,30
17246,30
17103,30
15967,30
15122,31
2269,30
1457,34
14310,30
13023,30
11297,30
11174,30
11149,30
10702,30
10048,30
9853,30
9720,30
9712,30
9134,30
9072,30
8710,30
8641,30
21460,45
8607,30
21448,39
8595,30
7135,30
13270,30
6373,30
5210,30
5043,48
17896,30
4713,30
4662,30
10774,30
10661,30
7196,30
3449,30
9799,30
9220,30
5787,30
8674,30
8658,30
21441,61
8588,30
21302,42
8449,30
354,30
9734,30
81,30
4218,44
17071,30
4401,31
17254,30
3563,30
3528,30
3917,54
16770,30
1951,30
9777,30
10156,30
21261,31
21041,31
20982,31
20946,31
20641,31
19959,31
19874,31
19379,31
19297,31
19258,31
19208,31
19155,31
18906,31
18898,31
18882,31
18654,31
18392,31
17973,31
17798,31
17749,31
17589,31
17569,31
17559,31
17538,31
17015,31
16707,31
16695,31
16675,31
16563,31
16420,31
16404,31
16403,31
16287,31
16041,31
15918,31
15912,31
15898,31
15591,31
2357,33
15210,31
14028,31
861,42
13714,31
12937,31
12822,31
12679,31
12225,31
12087,31
11983,31
11743,31
11550,31
11274,31
11268,31
11126,31
11104,31
11102,31
10985,31
10960,31
10848,31
10551,31
10508,31
10458,31
10146,31
10098,31
9929,31
9920,31
9918,31
9497,31
9332,31
9258,31
9047,31
9020,31
15365,64
2512,31
8748,31
8717,31
21557,57
8704,31
14967,56
2114,31
8198,32
21051,31
7847,31
7840,54
20693,31
20673,38
7820,31
7810,31
7583,31
7470,31
20195,42
7342,31
13753,31
19727,33
6874,31
13290,31
6866,57
19719,31
6849,63
19702,31
6594,48
19447,31
12959,31
6538,31
37,48
12890,31
18988,63
6135,31
12236,31
12219,31
5675,31
12093,31
11891,31
5349,31
11707,31
17751,39
4898,31
4812,31
11086,31
4605,31
10962,31
4537,31
4246,35
17099,31
4237,31
17035,51
4182,31
3991,31
7046,31
3821,31
10102,31
6767,31
6695,31
12981,31
128,31
3180,31
3100,31
3067,34
15920,31
3038,31
9434,31
9392,31
2933,31
15629,31
2528,31
2419,31
15247,42
2394,31
5582,39
18435,31
532,31
21208,51
8355,31
9928,31
4972,48
17825,31
12883,31
9644,31
1626,31
12851,31
9619,31
4615,31
12600,31
7796,31
7737,31
2897,31
1209,31
9102,31
2660,31
9867,31
15479,31
7453,31
1020,31
6616,31
4212,31
2583,31
185,31
2434,31
5597,31
7199,31
16813,38
3960,31
724,31
703,31
1500,31
553,31
18205,63
5352,31
1335,31
3707,31
820,31
10025,31
2365,31
3565,31
9984,31
1153,31
9893,31
16112,58
3259,31
6477,31
13787,31
3093,31
1099,31
2491,31
6853,31
10442,31
13060,31
21275,61
8422,31
1649,31
21391,32
20829,32
19433,32
18835,32
18744,32
18700,32
17279,32
16963,32
16932,32
16929,32
16856,32
16088,32
12830,32
12604,32
12563,32
11390,32
11352,32
10623,32
10255,32
9982,32
9933,32
9704,32
9076,32
8676,32
8662,32
21490,61
8637,32
21488,48
8635,32
8608,32
8599,32
8592,32
8151,32
8141,32
7907,32
5973,32
5908,32
5895,32
5546,54
18399,32
5057,32
11198,32
10767,32
4120,55
16973,32
10375,32
3078,32
12623,32
12609,32
9163,32
9015,32
15270,55
2417,32
5540,33
18393,32
8667,32
5408,32
1848,32
1839,32
20655,51
7802,32
1863,32
13908,32
11461,32
8725,32
5506,32
14951,32
1680,32
1675,32
8080,32
16568,33
11933,33
11400,33
11105,33
11090,33
10112,33
10057,33
9618,33
9388,33
8992,33
8945,33
14729,33
7974,33
20334,42
7481,33
7349,33
5421,33
11730,33
11643,33
5094,33
11377,33
10566,33
3830,33
3759,33
10068,33
3069,33
9437,33
2711,33
12045,33
15082,33
5409,33
3785,53
16638,33
8513,33
6734,33
11510,33
14423,33
20811,43
7958,33
7848,33
2802,63
15655,33
1032,33
978,33
11395,33
3276,33
7189,33
113,33
83,33
1575,33
3382,33
147,33
865,33
5694,33
1340,33
10054,33
17523,34
17089,34
16285,34
16251,34
16188,34
16133,34
15510,34
699,51
13552,34
12810,34
12785,34
12413,34
11794,34
11284,34
10796,34
10755,34
10737,34
10710,34
10416,34
10356,34
9745,34
9299,34
9217,34
8629,34
7100,34
19880,63
7027,34
6981,34
6483,34
12523,34
5909,34
5905,34
5819,34
11832,34
11798,34
5360,34
5269,34
11256,34
11228,34
4768,34
7020,34
16465,55
3612,34
330,34
12846,34
5945,34
8760,34
8728,34
8678,34
11864,34
6369,34
11193,34
9218,34
3482,34
15523,34
9880,34
2565,34
4100,44
16953,34
13739,34
10321,34
9781,34
5223,34
20469,35
19832,35
18621,35
18280,35
17963,35
16658,35
13507,35
13046,35
9527,35
8015,35
6348,35
6060,35
5278,35
5273,35
5244,35
5171,35
5167,35
3534,35
9415,35
9293,35
2383,35
3455,35
2522,35
5149,35
7366,35
16755,64
3902,35
3931,35
15575,40
2722,36
14876,36
12829,36
12630,36
11802,36
11221,36
10715,36
10699,36
9744,36
9728,36
9707,36
9606,36
15528,36
7869,36
20650,37
7797,36
7757,36
20112,38
7259,36
6972,36
6372,36
10688,36
4105,36
3760,36
8087,36
7686,36
10644,36
6583,36
4085,36
381,36
10338,36
21234,37
21114,37
20969,37
20896,37
20630,37
20440,37
17616,37
16858,37
15834,37
15265,37
12306,37
12085,37
11667,37
11047,37
9556,37
8859,37
8581,37
8458,37
7994,37
7884,37
7585,64
20438,37
7472,37
7459,37
7276,38
20129,37
560,37
11664,37
16807,48
3954,37
164,37
19127,59
6274,37
6186,37
15692,61
2839,37
2490,37
18531,40
5678,37
14954,53
2101,37
8528,37
7830,37
12505,37
2873,37
7441,37
2338,37
7113,61
19966,37
1264,37
1198,37
773,37
9964,37
65,37
93,37
2133,37
1205,37
21480,38
21474,38
21352,38
21266,38
21240,38
21136,38
21135,38
21032,38
20975,38
20735,38
20711,38
20695,38
20558,38
20385,38
20376,38
20310,38
20228,38
19915,38
19887,38
18816,38
18120,38
17712,38
17655,38
17489,38
16825,38
16809,38
16800,38
16551,38
16385,38
15819,38
15558,38
1769,54
14622,38
12645,38
12520,38
11115,38
10924,38
10851,38
10099,38
9973,38
9405,38
9378,38
9364,38
9316,38
9273,38
2695,56
15548,38
9049,38
8865,38
8750,38
8740,38
15062,38
2153,54
15006,38
15000,38
8577,51
21430,38
8409,38
21262,38
8399,47
21252,38
8313,61
21166,38
14314,56
1461,38
7752,47
20605,38
7190,38
7079,38
19927,63
7074,38
6779,38
6273,38
12596,38
6146,38
6048,38
6017,38
18870,38
5950,38
12231,38
5680,38
11976,38
11896,38
5464,38
5426,38
5314,38
5029,38
4747,38
10897,38
4176,38
4141,38
19986,64
7133,38
3784,38
3695,38
3681,38
3667,38
9810,38
9429,38
6129,38
2751,38
5894,38
9066,38
2590,38
5757,63
18610,38
15312,55
2459,38
15221,38
2182,38
2042,38
3624,38
5215,64
18068,38
8236,38
6455,61
19308,38
1569,38
1543,38
1527,38
4729,38
1467,38
1452,38
1317,38
7734,38
7709,60
20562,38
18863,44
6010,38
4351,38
21193,45
8340,38
1122,38
3413,43
16266,38
11977,38
3948,63
16801,38
4732,38
13539,40
686,38
1344,38
9333,38
6814,48
19667,38
3582,38
1135,38
1111,38
2693,38
456,38
7381,55
20234,38
9372,38
533,38
19386,55
6533,38
10946,38
16583,58
3730,38
3629,38
21191,53
8338,38
21453,39
21236,39
21194,39
21022,39
20672,39
20499,39
20455,39
20400,39
19723,39
18718,39
18708,39
18155,39
17556,39
16910,39
16376,39
16371,39
16324,39
16317,39
15790,39
15601,53
2748,39
11727,39
11621,39
11543,39
11494,39
10253,39
9961,39
9914,39
9346,39
7875,56
20728,39
7620,61
20473,39
12915,39
6104,39
5738,61
18591,39
5657,39
4457,39
10254,39
3697,39
8979,39
15189,39
8767,39
2107,43
14960,39
6729,39
6084,39
1229,39
1188,39
1080,39
12204,39
1768,39
6495,39
5682,39
5600,39
3903,39
3895,39
11112,39
4155,39
1258,39
6785,39
728,39
2298,39
9029,39
399,39
4930,39
10165,39
21571,40
20989,40
20379,40
20039,40
20013,40
18951,40
18504,40
17876,40
17770,40
17148,40
17048,40
16680,40
16636,40
16176,40
16097,40
12759,40
12677,40
12449,40
12409,40
12049,40
11808,40
11801,40
11413,40
11253,40
11251,40
10750,40
10361,40
10335,40
10272,40
10080,40
9850,40
9779,40
9742,40
9733,40
9661,40
9410,40
8835,40
8755,40
8618,40
8567,40
8234,40
8108,40
8016,60
20869,40
13735,55
882,40
7221,40
6869,40
6819,40
13185,40
6434,40
12469,40
12398,40
5808,40
5508,40
4867,40
11239,40
11237,40
10313,40
16343,56
3490,40
220,40
16252,55
3399,40
3249,40
5965,40
5964,40
9182,40
5788,40
2532,40
5643,40
8623,40
8615,40
6982,40
5203,40
1880,40
11161,40
7899,40
1272,40
9175,40
15410,40
2467,40
3937,40
1519,40
489,40
15801,55
2948,40
502,40
8162,40
852,40
8905,40
21221,41
21038,41
20932,41
20606,41
19369,41
18648,41
9238,41
8565,41
7843,41
7674,64
20527,41
19712,45
6859,41
6175,41
5444,41
4807,46
17660,41
4803,41
9682,41
6231,41
6041,41
14093,41
1177,41
1494,41
6642,41
2836,41
6696,41
21436,42
21414,42
21403,42
21385,42
21356,42
21336,42
21330,42
21315,42
21298,42
21264,42
21248,42
21211,42
21179,42
21165,42
21109,42
21103,42
21095,42
21055,42
21014,42
20988,42
20954,42
20937,42
20915,42
20826,42
20822,42
20784,42
20715,42
20706,42
20628,42
20569,42
20548,42
20545,42
20533,42
20490,42
20463,42
20448,42
20443,42
20442,42
20412,42
20391,42
20368,42
20339,42
20332,42
20324,42
20309,42
20304,42
20299,42
20273,42
20269,42
20249,42
20233,42
20221,42
20213,42
20189,42
20187,42
20181,42
20166,42
20151,42
19254,42
19174,42
18769,42
18052,42
17034,42
17032,42
16619,42
16569,42
16545,42
16246,42
15753,42
15515,42
2173,55
15026,42
13014,42
12266,42
12005,42
11060,42
10907,42
10130,42
8890,42
8472,49
21325,42
7836,42
7821,42
7726,42
7413,60
20266,42
7388,48
20241,42
7264,42
20117,42
6765,42
6586,42
5402,42
11635,42
3968,42
3860,42
3782,53
16635,42
16502,55
3649,42
6840,42
3585,42
196,42
160,42
6198,42
8972,42
15079,42
2205,42
2089,42
2055,42
14752,42
1764,42
14,42
1381,42
7487,54
20340,42
986,42
976,42
10532,42
1529,42
6297,42
1108,42
7517,60
20370,42
2619,42
8294,42
1644,42
8868,42
1087,42
7438,51
20291,42
21376,43
19833,43
19411,43
17612,43
17146,43
16443,43
16307,43
15682,43
15600,43
15387,44
2534,43
14982,43
14623,43
13072,43
12680,43
12383,43
12237,43
11968,43
11514,43
11143,43
11041,43
10843,43
10432,43
10224,43
9487,43
9343,43
8526,43
8512,43
21362,45
8509,43
7997,43
7791,43
14131,43
7482,43
7126,43
13210,43
6473,43
12629,43
12620,43
5750,43
11744,43
4146,43
10213,43
9472,43
9431,43
6157,43
6070,43
2833,43
2546,43
2471,47
15324,43
2475,43
5671,43
14921,43
1735,43
9640,43
2917,43
6065,43
7650,43
9246,43
2797,43
11526,43
8258,43
12203,43
3085,43
1477,43
125,63
12978,43
10895,43
2956,43
14201,43
7749,43
1213,43
19769,44
19571,44
18483,44
17964,44
17922,44
17900,44
16207,44
16141,44
15429,44
14860,44
12783,44
11855,44
11220,44
10284,44
9229,44
9187,44
9160,44
9127,44
8777,44
8644,44
8614,44
8611,44
8125,44
13435,44
7008,44
6817,44
6349,44
5710,63
18563,44
11859,44
11850,44
5411,44
5264,44
11227,44
4776,44
11168,44
11134,44
4657,44
4574,44
4149,44
4094,44
4089,44
6999,44
3480,44
3456,44
6356,44
2962,44
12463,44
9189,44
2666,44
8619,44
5257,44
6841,44
5219,44
1960,44
16339,56
3486,44
5048,48
17901,44
9741,44
2961,44
2960,44
16370,63
3517,44
3468,44
4092,44
10349,44
8702,44
2279,44
8155,44
4123,44
920,44
899,44
883,44
9177,44
4562,44
15380,44
541,44
887,44
21199,45
20712,45
20596,45
20256,45
20135,45
19790,45
18303,45
16421,45
12705,45
11578,45
11317,45
11028,45
9562,45
9003,45
7970,45
7739,45
7483,45
7212,45
6771,45
6668,45
6138,45
5654,45
5359,45
5015,45
17223,64
4370,45
3806,45
11,45
6243,45
6211,45
15571,57
2718,45
2645,45
2252,45
5416,45
5051,45
1375,45
2806,45
1192,45
1877,45
6552,45
1355,45
1528,45
8296,45
6679,45
6551,45
10983,45
7762,45
21007,46
18963,46
18842,46
16510,46
16210,46
15664,46
10467,46
2484,61
15337,46
15138,46
8359,46
6382,46
12685,46
5937,46
5615,46
2672,46
12226,46
1666,46
3252,46
6306,53
19159,46
20708,51
7855,46
5902,46
1512,46
2912,46
474,46
932,46
4408,46
2102,46
20910,47
20685,47
20651,47
20598,47
20517,47
16055,47
15295,47
12658,47
12649,47
12391,47
12382,47
12380,47
12258,47
12154,47
12149,47
11978,47
11713,47
11614,47
11568,47
10943,47
10083,47
9869,47
21435,61
8582,47
20885,61
8032,47
7790,47
13192,47
140,47
12506,47
12351,47
11898,47
4797,47
4755,47
11034,47
10447,47
10436,47
6787,47
6759,47
6414,57
19267,47
9610,47
6123,47
9032,47
8969,47
15354,47
2478,47
2429,47
12017,47
15094,47
5089,47
9287,47
1608,47
11966,47
2342,47
2333,47
12176,47
6549,47
1658,47
8981,47
11570,47
15772,53
2919,47
8995,47
2938,47
11644,47
21337,48
21222,48
20657,48
20432,48
19812,48
19466,48
19365,48
19053,48
18997,48
17848,48
16911,48
16719,48
16665,48
16590,48
16337,48
16244,48
16219,48
13138,48
12572,48
12255,48
12035,48
12031,48
11750,48
11565,48
11452,48
11340,48
11306,48
10964,48
10870,48
10600,48
10500,48
10427,48
10032,48
9970,48
9896,48
9652,48
9475,48
15679,48
2826,48
9113,48
9101,48
8893,48
8742,48
15153,48
8317,48
8291,48
14540,48
7817,63
20670,48
7462,48
534,48
388,48
6809,48
6711,48
6187,48
5906,48
12239,48
5461,48
10599,48
10597,48
16727,63
3874,48
10094,48
3631,48
10040,48
13203,48
202,48
6313,48
9525,48
9428,48
5968,48
2761,48
2518,48
2488,48
5624,48
2270,48
2234,48
3713,48
11689,48
6783,48
9930,48
13131,48
6680,48
13093,48
4892,48
1446,48
1438,48
1288,48
1284,48
1225,48
2807,48
2613,48
12914,48
6288,48
10053,48
9994,48
7949,58
20802,48
5078,48
151,48
539,48
1271,48
739,48
10556,48
20552,49
19181,49
19050,49
17574,49
12156,49
10429,49
9872,49
7977,49
13904,49
6124,49
4167,49
7077,60
19930,49
2945,49
5955,49
2596,49
13265,49
10784,49
2699,49
10676,49
2637,49
3573,49
20005,50
11811,50
8850,50
3225,50
21295,51
21196,51
20976,51
20770,51
20634,51
20567,51
20507,51
19862,51
19639,51
19459,51
19440,51
17811,51
17685,51
17607,51
16806,51
16441,51
16348,51
15969,51
15130,51
12659,51
12613,51
12516,51
11993,51
11696,51
11684,51
11529,51
11429,51
11416,51
11407,51
11106,51
10966,51
10884,51
9818,51
9807,51
9611,51
9566,51
9425,51
8286,51
14630,51
14103,51
7516,51
7330,51
7191,51
6500,51
6485,51
24,51
6309,51
5991,51
12294,51
5669,51
5629,51
18180,53
5327,51
5084,51
11046,51
4378,51
4358,51
4157,51
10534,51
10524,51
4029,51
734,51
16670,53
3817,51
3569,61
16422,51
15477,51
5758,51
2539,51
5679,51
15152,51
2249,51
2188,51
14995,51
10046,51
2016,51
5018,51
1655,51
4775,51
7887,51
1366,51
1117,51
14744,51
2663,51
8915,51
848,51
781,51
1752,51
5725,51
4517,51
5317,51
1311,51
98,51
8879,51
7193,51
6298,51
7432,51
5354,51
4954,51
1633,51
5321,51
5081,52
21405,53
21360,53
21209,53
21205,53
21182,53
21148,53
21100,53
21042,53
21017,53
20973,53
20943,53
20930,53
20926,53
20894,53
20888,53
20768,53
20652,53
20498,53
20468,53
20388,53
20378,53
18158,53
16921,53
16687,53
16668,53
16662,53
16633,53
16448,53
16380,53
16297,53
16015,53
16013,53
15985,53
15822,53
15757,53
15732,53
15559,53
15476,53
15348,53
14985,53
13031,53
13026,53
12187,53
12063,53
12022,53
10921,53
10917,53
10885,53
10853,53
10431,53
10235,53
9263,53
15521,53
15356,53
8810,53
15027,53
7880,53
14300,53
7518,60
20371,53
13854,53
756,53
13122,53
6323,53
6311,53
6240,53
6055,53
5913,53
5658,53
5355,53
4999,53
10972,53
4521,53
10891,53
4257,53
10573,53
3922,53
7078,53
48,64
12901,53
3036,55
15889,53
6130,53
9274,53
5716,53
2409,53
5594,53
5456,55
18309,53
11666,53
6523,53
4911,53
14427,53
1384,53
1320,53
1265,53
4219,53
2115,59
14968,53
12995,63
142,53
15359,53
2099,53
483,53
14517,53
3466,64
16319,53
535,53
1283,53
6147,53
8858,53
16471,54
16470,54
16469,54
16468,54
9266,54
8930,54
8491,54
7851,54
7702,54
20535,61
7682,54
6917,54
19734,55
6881,54
6773,54
6739,54
6324,54
6305,54
6205,54
6033,54
5663,54
5086,54
5085,54
4998,54
4560,54
4253,54
4241,54
4025,54
3875,54
3774,54
517,54
6777,54
9901,54
12996,63
143,54
6474,54
5707,54
12064,54
2396,54
2385,54
2346,54
3764,54
531,54
3651,54
2049,54
1824,54
4990,54
1767,54
1708,54
1586,54
7990,54
1546,54
6280,54
7850,54
7835,54
7782,54
1298,54
2809,54
4412,54
1170,54
6685,54
1066,54
1059,54
1783,54
4177,54
2494,54
866,54
1545,54
3905,54
20766,63
7913,54
536,54
1326,54
7346,54
461,54
776,54
6776,54
2332,54
6705,54
2608,54
4210,54
163,54
1763,54
1555,54
6154,54
548,54
2154,54
7766,54
1322,54
108,54
1496,54
1090,54
7761,54
521,54
5528,54
21253,55
18252,55
17849,55
16885,55
16481,55
15987,55
15103,55
13174,55
13136,55
12956,55
12885,55
12625,55
12573,55
12521,55
12487,55
12216,55
12202,55
12044,55
11883,55
11370,55
11272,55
11171,55
10992,55
10434,55
10173,55
10140,55
9967,55
9925,55
9242,55
8932,55
8863,55
20232,57
7379,55
7247,55
7225,55
96,63
12949,55
12646,55
12517,55
5946,55
5627,55
11714,55
4347,55
4084,55
16718,56
3865,55
3858,60
16711,55
3721,61
16574,55
9884,55
12551,55
9328,55
5951,55
2729,55
8903,55
5596,55
5431,55
19760,63
6907,55
6748,55
9952,55
3009,55
1339,55
1208,55
1193,55
1152,55
9135,55
9098,55
1024,55
1016,55
983,55
13708,55
10472,55
1634,55
9563,55
16804,61
3951,55
5500,55
8467,55
735,55
13709,55
56,55
7428,55
11575,55
130,55
15598,55
21382,56
15979,56
14672,56
12893,61
40,56
12059,56
11726,56
11381,56
10988,56
10922,56
10419,56
10233,56
10197,56
9981,56
9956,56
9280,56
8716,56
8039,56
14393,56
7332,56
13656,56
7216,56
6894,56
6732,56
6674,56
12515,56
5660,56
5563,56
11979,56
5505,56
11717,56
5291,56
11539,56
5071,56
4894,56
4751,56
4145,56
7073,56
3846,56
552,56
6762,56
13180,56
6752,56
6723,56
2569,56
15325,56
5366,56
14949,56
6863,56
11504,56
1620,56
8022,56
7870,56
1414,56
1391,56
1269,56
10833,56
10832,56
1816,56
2505,56
4887,56
7107,56
9373,56
10822,56
4376,56
696,56
13141,56
4410,56
995,56
145,56
3742,56
4143,56
10095,56
18222,57
18014,57
17707,57
17568,57
17359,57
10584,57
9953,57
9559,57
8978,57
14988,57
7071,57
6128,57
5598,57
5382,57
5192,57
10760,57
10613,57
10586,57
10505,57
10449,57
10403,57
13462,57
6757,57
9349,57
15400,57
8961,57
11893,57
11843,57
15017,57
5168,57
6689,57
1537,57
5880,57
10506,57
9582,57
6486,57
7311,57
9305,57
17927,58
17113,58
17067,58
16549,58
15840,58
10904,58
9874,58
9465,58
15120,58
8545,58
7876,58
7696,58
7442,58
7245,58
6661,58
6635,58
6287,58
6106,58
6088,58
5689,58
4027,58
3841,58
6852,58
15602,58
9030,58
12155,58
2379,58
10115,58
8000,58
1456,58
14761,58
1071,58
811,58
8733,58
2549,58
3258,58
817,58
2775,58
1173,58
9040,58
2500,58
13333,64
480,58
1287,58
18860,59
17001,59
13201,59
10959,59
9654,59
4267,59
3187,59
3155,59
7888,59
1148,59
8105,59
754,59
9680,59
8206,59
6912,59
16518,60
16393,60
16003,60
15283,60
14586,60
12227,60
12185,60
12067,60
12001,60
11908,60
11571,60
11098,60
10240,60
10162,60
10092,60
9580,60
9503,60
9335,60
15688,60
8788,60
8736,60
8556,60
7474,60
7275,60
7235,60
7146,60
6861,60
165,60
6509,60
6252,60
6043,60
5604,60
5346,60
4991,60
11154,60
4399,60
10242,60
10061,60
9578,60
9255,60
9240,60
5914,60
2584,60
5721,60
12128,60
5414,60
10186,60
3750,60
6825,60
85,60
6457,60
7956,60
9422,60
1378,60
9385,60
4523,60
4384,60
4285,60
1820,60
7278,60
828,60
9530,60
6155,60
7776,60
1342,60
7267,60
13223,60
4387,60
9993,60
9992,60
11994,60
9369,60
6875,60
6568,60
7286,60
8912,60
6514,60
7622,60
21437,61
21242,61
21224,61
20918,61
20414,61
20226,61
20217,61
19142,61
19029,61
19009,61
17988,61
16798,61
16642,61
16584,61
16350,61
16346,61
16263,61
16030,61
15800,61
15136,61
12562,61
11109,61
10393,61
9860,61
9312,61
9267,61
9250,61
9235,61
8794,61
8745,61
8708,61
8262,61
13890,61
7359,61
6134,61
6047,61
5339,61
10211,61
3786,61
9519,61
6165,61
15594,61
2659,61
8999,61
8976,61
11877,61
2253,61
5422,61
138,61
6466,61
9625,61
10840,61
2789,61
1181,61
1124,61
7544,61
2580,61
6591,61
968,61
11305,61
3994,61
530,61
5312,61
1096,61
1853,61
8229,61
1011,61
2433,61
12150,61
2005,61
21357,63
21287,63
21228,63
21071,63
21040,63
20945,63
20797,63
20396,63
20311,63
20298,63
19799,63
19751,63
19507,63
19441,63
19435,63
19343,63
19270,63
19241,63
18986,63
18223,63
18182,63
18138,63
17837,63
17785,63
17784,63
17777,63
17576,63
17182,63
17178,63
17115,63
17004,63
16925,63
16923,63
16873,63
16700,63
16685,63
16459,63
16444,63
16427,63
16163,63
16026,63
15997,63
15894,63
13189,63
12676,63
12305,63
11449,63
11029,63
10950,63
10908,63
10883,63
8327,63
14619,63
8020,63
7963,63
7824,63
7494,63
7490,63
7469,63
7319,63
496,63
13212,63
13194,63
13182,63
12699,63
6223,63
12610,63
6103,63
6096,63
12356,63
12331,63
5516,63
5377,63
11755,63
11748,63
11505,63
4908,63
11078,63
10928,63
10872,63
10462,63
3993,63
3933,63
3920,63
3839,63
3833,63
544,63
3418,63
3229,63
9539,63
12722,63
15675,63
2799,63
2540,63
8771,63
5442,63
2219,63
6721,63
1835,63
1581,63
7993,63
10909,63
1118,63
2714,63
16270,64
3417,63
9027,63
3394,63
16247,63
4884,63
7305,63
1667,63
15276,63
1577,63
3161,63
748,63
2281,63
12973,63
2552,63
545,63
12146,63
11738,63
1291,63
3632,63
4787,64
17640,63
13211,63
7992,63
3129,63
12719,63
10694,63
4964,63
1354,63
4937,63
12965,63
3298,63
5665,63
844,63
6856,63
3336,63
3239,63
836,63
20352,64
19625,64
19082,64
19081,64
19077,64
18487,64
18458,64
18437,64
18366,64
17442,64
17400,64
16940,64
16854,64
16767,64
16415,64
16100,64
11379,64
11276,64
11170,64
10377,64
9829,64
9812,64
8726,64
8451,64
8363,64
7584,64
444,64
13007,64
6576,64
100,64
6376,64
12758,64
6137,64
12534,64
12464,64
5839,64
5798,64
12080,64
5260,64
11197,64
4741,64
4634,64
4091,64
4036,64
10285,64
10262,64
10261,64
13172,64
213,64
12752,64
2977,64
6121,64
2555,64
11894,64
5245,64
5231,64
1912,64
1910,64
8190,64
7591,64
9165,64
1147,64
4306,64
10724,64
1040,64
10633,64
5769,64
1681,64
870,64
4695,64
4686,64
6951,64
1306,64
6371,64
1909,64
867,64
11160,64
929,64
2529,64
