21576,0
21574,0
21571,0
21568,0
21567,0
21565,0
21562,0
21556,0
21550,0
21532,0
21517,0
21512,0
21503,0
21502,0
21501,0
21473,0
21469,0
21462,0
21454,0
21429,0
21423,0
21419,0
21404,0
21401,0
21387,0
21376,0
21369,0
21358,0
21339,0
21321,0
21303,0
21297,0
21293,0
21292,0
21267,0
21261,0
21253,0
21251,0
21210,0
21201,0
21177,0
21143,0
21134,0
21133,0
21131,0
21130,0
21096,0
21076,0
21060,0
21028,0
21023,0
21019,0
21018,0
21007,0
21000,0
20989,0
20982,0
20936,0
20925,0
20919,0
20907,0
20905,0
20902,0
20887,0
20878,0
20840,0
20835,0
20834,0
20829,0
20824,0
20787,0
20778,0
20773,0
20769,0
20757,0
20753,0
20734,0
20721,0
20710,0
20709,0
20699,0
20682,0
20653,0
20641,0
20632,0
20584,0
20552,0
20514,0
20469,0
20467,0
20465,0
20439,0
20420,0
20409,0
20406,0
20398,0
20396,0
20389,0
20379,0
20377,0
20352,0
20270,0
20267,0
20264,0
20262,0
20230,0
20186,0
20159,0
20142,0
20137,0
20095,0
20090,0
20089,0
20080,0
20058,0
20048,0
20039,0
20035,0
20034,0
20031,0
20025,0
20013,0
20012,0
20005,0
19998,0
19993,0
19984,0
19975,0
19959,0
19912,0
19906,0
19895,0
19892,0
19890,0
19874,0
19870,0
19844,0
19839,0
19837,0
19833,0
19832,0
19831,0
19830,0
19807,0
19802,0
19786,0
19769,0
19763,0
19762,0
19758,0
19744,0
19732,0
19731,0
19711,0
19692,0
19679,0
19658,0
19653,0
19649,0
19648,0
19645,0
19635,0
19625,0
19559,0
19557,0
19556,0
19551,0
19546,0
19529,0
19509,0
19507,0
19505,0
19499,0
19480,0
19478,0
19471,0
19470,0
19464,0
19453,0
19433,0
19432,0
19424,0
19422,0
19420,0
19419,0
19418,0
19411,0
19371,0
19325,0
19312,0
19293,0
19262,0
19256,0
19223,0
19208,0
19198,0
19191,0
19181,0
19167,0
19155,0
19137,0
19122,0
19092,0
19083,0
19081,0
19077,0
19069,0
19065,0
19062,0
19050,0
19044,0
19017,0
19006,0
18995,0
18994,0
18992,0
18975,0
18963,0
18962,0
18952,0
18951,0
18932,0
18930,0
18924,0
18922,0
18921,0
18917,0
18906,0
18902,0
18898,0
18872,0
18865,0
18861,0
18860,0
18852,0
18849,0
18842,0
18840,0
18795,0
18782,0
18774,0
18773,0
18768,0
18749,0
18746,0
18738,0
18736,0
18730,0
18698,0
18689,0
18682,0
18676,0
18674,0
18667,0
18665,0
18638,0
18621,0
18616,0
18567,0
18557,0
18549,0
18527,0
18519,0
18509,0
18504,0
18495,0
18493,0
18490,0
18488,0
18487,0
18479,0
18472,0
18467,0
18466,0
18465,0
18463,0
18459,0
18458,0
18454,0
18443,0
18437,0
18433,0
18430,0
18425,0
18423,0
18421,0
18415,0
18403,0
18402,0
18392,0
18389,0
18387,0
18374,0
18372,0
18371,0
18367,0
18366,0
18362,0
18357,0
18356,0
18351,0
18339,0
18332,0
18321,0
18313,0
18303,0
18302,0
18281,0
18280,0
18277,0
18271,0
18257,0
18254,0
18252,0
18239,0
18236,0
18234,0
18231,0
18228,0
18225,0
18222,0
18217,0
18191,0
18186,0
18160,0
18145,0
18135,0
18104,0
18101,0
18099,0
18095,0
18085,0
18080,0
18071,0
18066,0
18061,0
18050,0
18040,0
18037,0
18034,0
18017,0
18014,0
18009,0
17986,0
17963,0
17960,0
17957,0
17956,0
17952,0
17927,0
17916,0
17915,0
17899,0
17894,0
17892,0
17880,0
17878,0
17877,0
17876,0
17875,0
17872,0
17870,0
17867,0
17864,0
17863,0
17860,0
17857,0
17849,0
17839,0
17837,0
17822,0
17813,0
17812,0
17810,0
17782,0
17780,0
17776,0
17770,0
17766,0
17760,0
17759,0
17758,0
17752,0
17749,0
17748,0
17738,0
17731,0
17728,0
17723,0
17716,0
17707,0
17706,0
17700,0
17686,0
17666,0
17652,0
17643,0
17619,0
17612,0
17589,0
17579,0
17574,0
17573,0
17569,0
17568,0
17563,0
17562,0
17538,0
17529,0
17523,0
17511,0
17499,0
17479,0
17473,0
17472,0
17455,0
17452,0
17449,0
17442,0
17433,0
17431,0
17423,0
17421,0
17419,0
17417,0
17416,0
17412,0
17411,0
17410,0
17406,0
17403,0
17400,0
17399,0
17384,0
17365,0
17364,0
17361,0
17359,0
17352,0
17349,0
17343,0
17342,0
17338,0
17335,0
17333,0
17317,0
17316,0
17315,0
17302,0
17301,0
17298,0
17285,0
17279,0
17277,0
17275,0
17274,0
17269,0
17256,0
17248,0
17247,0
17246,0
17245,0
17236,0
17221,0
17212,0
17201,0
17188,0
17187,0
17177,0
17174,0
17173,0
17169,0
17168,0
17164,0
17152,0
17151,0
17149,0
17148,0
17146,0
17142,0
17140,0
17137,0
17134,0
17128,0
17127,0
17125,0
17123,0
17117,0
17103,0
17097,0
17095,0
17089,0
17083,0
17077,0
17075,0
17074,0
17067,0
17062,0
17060,0
17059,0
17053,0
17048,0
17039,0
17038,0
17036,0
17015,0
17011,0
17007,0
17003,0
17001,0
17000,0
16993,0
16991,0
16990,0
16989,0
16987,0
16986,0
16981,0
16979,0
16969,0
16967,0
16962,0
16961,0
16957,0
16955,0
16946,0
16940,0
16939,0
16935,0
16929,0
16926,0
16903,0
16897,0
16893,0
16885,0
16875,0
16871,0
16854,0
16851,0
16796,0
16794,0
16788,0
16777,0
16776,0
16774,0
16772,0
16767,0
16759,0
16750,0
16749,0
16740,0
16734,0
16714,0
16708,0
16707,0
16695,0
16688,0
16680,0
16676,0
16675,0
16667,0
16663,0
16658,0
16656,0
16652,0
16651,0
16636,0
16622,0
16607,0
16589,0
16581,0
16577,0
16538,0
16510,0
16499,0
16495,0
16488,0
16481,0
16459,0
16443,0
16434,0
16429,0
16420,0
16419,0
16415,0
16404,0
16399,0
16369,0
16359,0
16357,0
16332,0
16331,0
16318,0
16311,0
16310,0
16307,0
16300,0
16289,0
16287,0
16285,0
16282,0
16279,0
16277,0
16274,0
16264,0
16257,0
16256,0
16251,0
16241,0
16238,0
16232,0
16216,0
16215,0
16214,0
16212,0
16211,0
16210,0
16203,0
16196,0
16194,0
16188,0
16179,0
16177,0
16176,0
16171,0
16164,0
16163,0
16159,0
16152,0
16150,0
16149,0
16146,0
16145,0
16142,0
16139,0
16136,0
16134,0
16133,0
16125,0
16123,0
16120,0
16115,0
16110,0
16103,0
16100,0
16098,0
16097,0
16095,0
16091,0
16086,0
16077,0
16074,0
16041,0
16023,0
15996,0
15993,0
15989,0
15988,0
15987,0
15973,0
15961,0
15959,0
15950,0
15932,0
15929,0
15914,0
15913,0
15912,0
15908,0
15898,0
15872,0
15859,0
15858,0
15855,0
15840,0
15831,0
15810,0
15793,0
15785,0
15767,0
15742,0
15736,0
15713,0
2850,3
15703,0
15672,0
2819,0
15666,0
2813,0
15643,0
15636,0
2783,0
15620,0
2767,0
15616,0
2763,0
15597,9
2744,0
15595,0
2742,0
15580,0
15578,0
2725,0
15575,0
2722,0
2720,61
15573,0
15569,0
15565,0
2708,3
15561,0
15547,0
15543,0
2687,3
15540,0
2674,15
15527,0
15510,0
15504,0
15503,0
2650,0
15484,0
2630,61
15483,0
15481,0
15478,0
15471,0
15467,0
2611,61
15464,0
15459,3
2606,0
15457,43
2604,0
15447,0
2594,0
15430,0
2577,0
15429,0
2562,11
15415,0
15406,0
2553,0
15387,16
2534,0
15363,0
2504,37
15357,0
15352,0
2499,0
15345,0
2492,0
15306,0
15303,0
15296,0
15292,0
15264,0
2411,0
15258,64
2405,0
15255,0
2393,16
15246,0
15237,0
15234,0
15230,0
15226,0
15219,0
2366,0
2357,51
15210,0
15204,0
2347,43
15200,0
15197,48
2344,0
15194,0
15156,0
2303,0
15122,0
2269,0
15103,0
15096,0
15060,0
15052,0
15037,0
15026,37
2173,0
15012,43
2159,0
2151,54
15004,0
14987,0
14982,0
14981,13
2128,0
14971,11
2118,0
14969,37
2116,0
14959,0
2079,61
14932,0
14928,0
14926,0
2073,0
14904,0
14903,0
2033,60
14886,0
14885,0
2029,42
14882,0
14877,0
2024,0
14876,0
2020,35
14873,0
14865,0
2012,0
14844,0
14839,0
14818,0
1965,0
14783,0
14757,0
14736,0
14672,0
14622,23
1769,0
1759,6
14612,0
14604,0
1751,0
1734,16
14587,0
14563,0
14549,48
1696,0
14545,0
1692,0
14544,0
1689,62
14542,0
14539,61
1686,0
1684,50
14537,0
1651,14
14504,0
14310,0
1457,0
14263,0
14199,0
14069,37
1216,0
14028,0
13958,0
1105,0
13900,0
1047,0
13790,0
937,0
13757,0
904,0
13721,0
868,0
861,14
13714,0
13711,0
13702,0
849,0
13649,0
706,47
13559,0
699,3
13552,0
13507,0
13471,0
13458,0
13321,0
13288,0
435,0
13279,0
422,7
13275,0
13263,31
410,0
13255,0
402,0
13245,0
13242,0
389,0
13224,43
371,0
13201,0
13190,0
13175,0
322,0
13174,0
13170,0
317,0
13163,0
13139,0
13136,0
13124,0
271,0
13119,0
13096,0
13085,17
232,0
13077,0
13072,0
13070,0
13064,23
211,0
13046,0
13039,0
186,0
13023,0
13021,0
168,0
13003,0
139,64
12992,0
12963,0
110,0
12937,0
12933,0
80,0
12905,0
12893,18
40,0
12885,0
12861,0
12842,0
12836,0
12829,0
12827,0
12818,0
12815,0
12814,0
12813,0
12810,0
12799,0
12791,0
12788,0
12785,0
12778,0
12775,0
12772,0
12763,0
12760,0
12759,0
12755,0
12754,0
12751,0
12748,0
12743,0
12728,0
12725,0
12707,0
12706,0
12702,0
12691,0
12690,0
12689,0
12683,0
12680,0
12677,0
12672,0
12670,0
12668,0
12660,0
12651,0
12647,0
12633,0
12630,0
12628,0
12627,0
12625,0
12621,0
12611,0
12604,0
12579,0
12574,0
12573,0
12564,0
12563,0
12557,0
12531,0
12529,0
12521,0
12502,0
12492,0
12490,0
12489,0
12487,0
12485,0
12473,0
12466,0
12465,0
12461,0
12460,0
12457,0
12449,0
12443,0
12432,0
12423,0
12413,0
12409,0
12404,0
12400,0
12399,0
12383,0
12374,0
12345,0
12344,0
12339,0
12338,0
12318,0
12317,0
12313,0
12302,0
12298,0
12286,0
12281,0
12278,0
12276,0
12259,0
12250,0
12249,0
12246,0
12237,0
12225,0
12224,0
12223,0
12222,0
12216,0
12215,0
12202,0
12197,0
12195,0
12191,0
12156,0
12135,0
12125,0
12117,0
12106,0
12094,0
12087,0
12073,0
12054,0
12049,0
12046,0
12044,0
12040,0
12028,0
12027,0
12011,0
12010,0
12005,0
11983,0
11981,0
11970,0
11968,0
11957,0
11945,0
11935,0
11910,0
11909,0
11907,0
11900,0
11888,0
11883,0
11867,0
11866,0
11854,0
11848,0
11833,0
11826,0
11822,0
11812,0
11808,0
11802,0
11801,0
11795,0
11794,0
11791,0
11789,0
11768,0
11765,0
11746,0
11743,0
11728,0
11723,0
11722,0
11711,0
11706,0
11663,0
11639,0
11638,0
11627,0
11625,0
11617,0
11602,0
11587,0
11580,0
11579,0
11574,0
11563,0
11559,0
11558,0
11551,0
11550,0
11545,0
11541,0
11527,0
11522,0
11519,0
11514,0
11508,0
11490,0
11487,0
11484,0
11477,0
11468,0
11460,0
11459,0
11451,0
11447,0
11446,0
11444,0
11440,0
11437,0
11431,0
11430,0
11425,0
11418,0
11413,0
11406,0
11405,0
11403,0
11400,0
11396,0
11390,0
11387,0
11381,0
11379,0
11374,0
11372,0
11371,0
11370,0
11369,0
11357,0
11348,0
11344,0
11330,0
11327,0
11299,0
11297,0
11292,0
11291,0
11287,0
11285,0
11284,0
11279,0
11278,0
11276,0
11274,0
11273,0
11272,0
11270,0
11265,0
11261,0
11260,0
11257,0
11255,0
11253,0
11252,0
11251,0
11249,0
11243,0
11236,0
11234,0
11221,0
11211,0
11210,0
11205,0
11191,0
11185,0
11183,0
11181,0
11179,0
11175,0
11174,0
11173,0
11171,0
11170,0
11149,0
11144,0
11137,0
11126,0
11123,0
11104,0
11103,0
11102,0
11101,0
11093,0
11088,0
11076,0
11074,0
11071,0
11064,0
11063,0
11056,0
11048,0
11041,0
11039,0
11035,0
11015,0
10998,0
10989,0
10985,0
10978,0
10960,0
10959,0
10947,0
10941,0
10922,0
10918,0
10913,0
10905,0
10904,0
10903,0
10901,0
10899,0
10892,0
10887,0
10876,0
10864,0
10848,0
10847,0
10845,0
10843,0
10834,0
10827,0
10817,0
10816,0
10811,0
10796,0
10794,0
10788,0
10773,0
10757,0
10756,0
10755,0
10750,0
10746,0
10743,0
10742,0
10738,0
10737,0
10729,0
10721,0
10717,0
10715,0
10714,0
10710,0
10708,0
10704,0
10703,0
10702,0
10699,0
10695,0
10693,0
10665,0
10642,0
10638,0
10634,0
10632,0
10619,0
10618,0
10612,0
10611,0
10609,0
10608,0
10606,0
10604,0
10584,0
10559,0
10555,0
10551,0
10545,0
10537,0
10530,0
10508,0
10498,0
10470,0
10467,0
10458,0
10455,0
10453,0
10445,0
10434,0
10432,0
10429,0
10423,0
10419,0
10416,0
10404,0
10388,0
10387,0
10385,0
10377,0
10371,0
10361,0
10359,0
10356,0
10348,0
10342,0
10335,0
10334,0
10332,0
10328,0
10322,0
10318,0
10310,0
10306,0
10302,0
10299,0
10292,0
10289,0
10282,0
10280,0
10272,0
10265,0
10258,0
10255,0
10245,0
10243,0
10240,0
10237,0
10230,0
10219,0
10197,0
10173,0
10158,0
10146,0
10114,0
10112,0
10110,0
10107,0
10100,0
10098,0
10096,0
10086,0
10080,0
10062,0
10049,0
10048,0
10042,0
10038,0
10002,0
9988,0
9976,0
9971,0
9965,0
9956,0
9953,0
9943,0
9940,0
9929,0
9927,0
9925,0
9923,0
9918,0
9915,0
9906,0
9905,0
9902,0
9892,0
9874,0
9872,0
9869,0
9866,0
9858,0
9853,0
9850,0
9847,0
9844,0
9822,0
9814,0
9812,0
9804,0
9797,0
9795,0
9787,0
9779,0
9771,0
9764,0
9755,0
9752,0
9746,0
9745,0
9744,0
9742,0
9733,0
9728,0
9720,0
9712,0
9707,0
9700,0
9689,0
9681,0
9668,0
9661,0
9657,0
9654,0
9642,0
9641,0
9607,0
9603,0
9561,0
9559,0
9557,0
9544,0
9535,0
9527,0
9509,0
9505,0
9489,0
9479,0
9473,0
9465,0
9453,0
9450,0
9445,0
9443,0
9433,0
9432,0
9413,0
9410,0
9408,0
9393,0
9356,0
9352,0
9330,0
9326,0
9324,0
9315,0
9314,0
9299,0
15717,0
9296,0
9290,0
9285,0
9280,0
15694,0
9265,0
15674,0
9253,0
9252,0
9242,0
15656,0
2803,0
15653,0
2800,0
9232,0
9217,0
9207,0
9205,0
2771,43
15624,0
9203,0
9201,0
9197,0
9161,0
15581,0
2728,0
9156,0
9155,0
15568,0
9147,0
15563,0
9142,0
9134,0
9133,0
15548,23
2695,0
15545,0
9124,0
9110,0
15528,0
9107,0
9104,0
9100,0
2658,6
15511,0
9090,0
9075,0
9072,0
9065,0
15485,0
9064,0
9053,0
9048,0
15468,0
9047,0
9045,0
15454,0
9031,0
9020,0
15424,0
15417,0
15413,0
2560,0
8978,0
8977,0
15389,0
8962,0
8948,0
15366,0
2513,0
8945,0
15365,0
2512,0
8944,0
8932,0
2496,15
15349,0
2484,18
15337,0
8916,0
15335,42
2482,0
8914,0
15329,5
2476,0
15327,58
2474,0
8906,0
15314,0
2458,38
15311,0
15294,0
8873,0
8866,0
8863,0
8859,0
15278,0
8857,0
2421,16
15274,0
8853,0
8845,0
8836,0
8835,0
8829,0
2391,64
15244,0
8823,0
15223,0
2370,0
8802,0
15220,0
8784,0
8781,0
8780,0
15198,0
8777,0
8757,0
8755,0
15171,0
8748,0
2308,61
15161,0
8732,0
15138,0
8717,0
8716,0
8713,0
8711,0
8710,0
2275,3
15128,0
8707,0
8706,0
8705,0
8704,54
21557,0
8699,0
8688,0
21541,0
8685,0
21538,0
8684,0
15104,33
2251,0
8683,0
21536,0
8677,0
8676,0
8666,0
21519,0
8663,0
8656,0
8654,0
8641,0
8638,0
21491,0
21489,23
8636,0
15056,33
2203,0
8629,0
2196,32
15049,0
8628,0
8618,0
8613,0
21466,0
15032,0
15031,0
8610,0
15029,0
8608,0
15028,35
2175,0
21460,60
8607,0
8606,0
21455,11
8602,0
2167,60
15020,0
8599,0
21451,14
8598,0
21448,11
8595,0
15013,0
8585,0
21431,7
8578,0
8571,0
14988,0
8567,0
14984,0
21416,7
8563,0
14983,23
2130,0
21415,18
8562,0
14974,0
2121,0
21406,3
8553,0
14967,55
2114,0
8546,0
8544,0
8543,0
14962,7
2109,0
8541,0
21394,0
8540,14
21393,0
8514,0
14933,0
2080,0
8512,0
14930,0
21362,48
8509,0
21359,42
8506,0
14923,0
14918,0
2065,0
21350,35
8497,0
8496,0
21346,23
8493,0
14912,0
14911,0
8490,43
21343,0
8489,32
21342,0
14909,0
2056,0
8480,0
21333,0
2047,23
14900,0
8479,0
8478,0
21325,14
8472,0
8453,0
14872,0
8451,0
14859,0
2006,0
8438,0
21291,0
8435,0
8432,0
21285,0
21281,37
8428,0
8425,3
21278,0
8424,29
21277,0
14828,0
1975,0
21259,18
8406,0
14826,0
8405,0
21254,23
8401,0
21227,11
8374,0
8373,0
14785,0
1932,0
8363,0
21214,60
8361,0
8359,0
8349,0
21202,0
8347,0
8344,0
21197,0
21195,11
8342,0
21175,37
8322,0
8314,0
8309,0
14729,0
8308,0
21140,44
8287,0
8276,0
21129,0
8275,18
21128,0
21117,7
8264,0
21112,6
8259,0
21105,37
8252,0
8246,0
8244,34
21097,0
8240,34
21093,0
8234,0
8225,0
21078,0
14642,0
1789,0
21073,17
8220,0
8214,0
21067,0
8212,0
21065,0
8209,0
14626,0
1773,0
8205,0
8199,0
8198,34
21051,0
8197,0
21050,0
8193,0
21046,0
8178,0
21031,0
8177,0
21030,0
8176,0
8167,0
21016,37
8163,0
8138,0
8134,0
20984,11
8131,0
20983,37
8130,0
14547,43
1694,0
8126,0
20972,14
8119,0
8108,0
8106,0
20959,0
1659,44
14512,0
8091,0
8089,0
1653,43
14506,0
20938,38
8085,0
8068,0
8056,32
20909,0
20904,18
8051,0
8050,0
8045,21
20898,0
8021,0
8016,64
20869,0
8015,0
20865,34
8012,0
14418,0
7997,0
20833,42
7980,0
7979,0
7977,0
14395,0
14393,0
20825,14
7972,0
1536,11
14389,0
7968,0
7963,0
20814,11
7961,0
7955,0
7952,0
7942,43
20795,0
7939,0
20792,0
7937,0
20790,0
7935,0
7930,0
7922,11
20775,0
7912,0
7897,0
14315,0
20747,11
7894,0
20746,3
7893,0
7891,0
20744,0
7879,0
7876,0
20728,37
7875,0
7874,0
14293,0
1440,0
7872,0
20725,0
7869,0
7847,0
7845,64
20698,0
7840,43
20693,0
7839,0
7831,0
7826,14
20679,0
7823,0
20673,3
7820,0
20671,14
7818,0
20669,6
7816,0
7814,0
20667,0
7813,17
20666,0
7810,0
7809,0
20662,0
20650,15
7797,0
1359,61
14212,0
7791,0
7789,0
7767,0
14178,0
7757,0
7755,0
7749,0
1293,6
14146,0
7710,0
7687,0
14099,54
1246,0
20527,13
7674,0
7671,0
20523,15
7670,0
7669,0
20497,18
7644,0
7643,0
20496,0
7642,0
7639,0
7636,61
20489,0
20488,11
7635,0
20480,60
7627,0
20476,62
7623,0
7611,0
7606,0
20459,0
20457,50
7604,0
20453,33
7600,0
7596,0
20446,14
7593,0
7592,0
20438,11
7585,0
7584,0
7583,0
7576,0
7570,0
20419,32
7566,0
7557,0
7552,0
20401,37
7548,0
7534,0
20386,59
7533,0
20384,37
7531,0
20367,7
7514,0
20365,59
7512,0
20363,3
7510,0
20357,11
7504,0
7496,0
7488,43
20341,0
13904,0
20334,37
7481,0
7477,0
7475,0
20328,0
7470,0
20319,3
7466,0
7452,0
20300,14
7447,0
20286,14
7433,0
7427,0
13834,0
7408,0
20261,0
7406,0
20259,0
7394,0
20247,0
7391,0
7386,0
20235,14
7382,0
7379,32
20232,0
20223,14
7370,0
20220,14
7367,0
7363,9
20216,0
7357,0
20210,0
7355,0
7352,0
7344,0
20195,37
7342,0
7337,0
13753,0
20176,3
7323,0
13735,0
882,0
7314,0
20165,14
7312,0
20112,23
7259,0
7253,0
7247,0
7240,0
13656,0
800,0
7221,0
7220,0
7216,0
780,58
13633,0
791,0
7209,0
758,20
13611,0
7177,0
745,0
7166,0
20019,0
7148,48
20001,0
725,0
722,0
7143,0
714,0
7135,0
7126,0
679,0
13532,0
7100,0
19933,60
7080,0
7074,23
19927,0
7071,0
7066,0
7064,0
7058,0
7047,0
7032,0
7030,0
7029,0
19882,0
19880,17
7027,0
7023,0
7015,0
13435,0
7014,0
19867,0
7013,0
19866,0
19865,11
7012,0
19854,62
7001,0
6981,0
555,0
6976,0
13393,0
551,0
13404,0
6972,0
19823,55
6970,0
6955,0
19808,0
6929,0
6928,50
19781,0
6922,0
19775,0
6917,0
6913,0
19766,0
6894,0
467,0
13320,0
6881,43
19734,0
6874,54
19727,0
13290,0
6869,0
13287,0
6866,0
19719,0
13286,0
444,0
13282,0
13281,0
439,45
13292,0
19713,50
6860,0
13280,0
13270,0
6819,0
13238,0
6817,0
377,0
19651,58
6798,0
19644,26
6791,0
13210,0
19642,14
6789,0
13200,0
352,0
13205,0
13191,29
338,0
349,0
6770,0
13186,0
13185,0
343,0
13196,0
6764,0
13184,0
331,0
342,34
13195,0
13168,0
315,0
13159,0
311,0
6732,0
13151,0
6726,0
304,0
13157,0
19572,44
6719,0
6716,0
290,0
6707,0
19560,0
281,0
6702,0
13105,0
13103,0
6682,0
13113,20
260,0
6681,29
19534,0
13095,0
242,0
6674,0
249,0
13089,0
236,0
247,0
6660,0
13078,0
225,0
6657,0
19510,0
6647,64
19500,0
13056,0
203,0
214,0
13067,0
13053,0
6632,0
6630,0
19483,0
13043,0
201,35
13054,0
19475,11
6622,0
19448,50
6595,0
6594,29
19447,0
13007,0
157,0
6578,0
6576,0
6562,0
6561,0
12959,0
6537,0
96,50
12949,0
6528,43
19381,0
6527,0
19380,0
6524,3
19377,0
100,0
19374,32
6521,0
86,0
6507,0
19360,0
71,43
12924,0
82,42
12935,0
12917,0
64,0
75,0
6494,0
6483,0
6473,0
42,0
6463,0
6460,0
37,58
12890,0
6450,0
6445,0
12862,59
9,0
6441,0
19294,0
6438,0
19291,0
12858,0
6437,18
19290,0
12857,0
6436,0
6434,0
12848,0
19280,54
6427,0
12806,0
6385,0
19238,0
12803,0
6382,0
12797,0
6376,0
6375,0
6373,0
6372,0
6368,0
6361,0
12774,0
6353,0
6350,0
6348,0
12767,0
6346,0
19199,0
12761,0
6340,0
19193,0
12758,0
6337,0
6335,0
19170,11
6317,0
6315,0
12732,0
12714,0
12703,0
6282,0
6278,0
12698,0
6277,0
12694,0
12692,0
12688,0
6267,0
12685,0
6264,0
6244,58
19097,0
12655,0
6234,18
19087,0
12654,0
12648,0
12646,0
6225,0
12644,0
12641,0
6220,0
19073,0
12639,0
6218,0
6217,0
12636,0
6215,0
6214,0
6208,0
12620,0
6189,0
19042,0
12608,0
12605,0
6184,0
19037,0
12602,0
12599,0
6178,0
6177,0
6169,0
19022,0
12559,0
6137,0
18988,50
6135,0
12555,0
6128,0
12546,0
6125,0
12534,0
6113,0
6106,0
12524,0
12523,0
12517,0
12515,0
6092,50
18945,0
12512,0
6091,0
18944,0
12507,0
6086,0
6085,0
18938,0
12504,0
6083,0
12503,0
6082,0
12488,0
6067,30
18920,0
6063,0
6060,0
6058,0
12472,0
6051,3
18904,0
12469,0
12468,0
6035,35
18888,0
6034,0
12454,0
6027,0
6025,0
12441,0
6020,0
18873,0
12435,0
6014,14
18867,0
5998,0
18851,0
5985,0
12398,0
12394,0
12390,0
18811,2
5958,0
5937,0
12355,0
5934,0
5930,11
18783,0
12340,0
12333,0
5912,23
18765,0
5909,0
5905,0
5901,23
18754,0
12321,0
5900,0
5889,0
12309,0
5888,0
5887,0
5886,0
18739,0
18732,11
5879,0
18721,11
5868,0
5858,0
5854,0
12270,0
5849,0
5842,0
12260,0
5839,0
5835,0
18688,0
5830,0
5827,0
5826,0
5819,0
5818,0
12236,0
5810,34
18663,0
12229,0
5808,0
12221,0
5800,0
12219,0
5798,0
12213,0
5792,0
5789,0
5767,0
12171,0
5740,0
5739,0
18592,0
12159,0
5727,0
5724,0
18577,0
5719,0
12138,0
5717,0
18570,0
5713,0
18566,0
5712,0
18565,0
12132,0
5711,0
18564,0
12131,0
18563,39
5710,0
12127,0
5706,0
12122,0
5701,48
18554,0
5692,0
5690,0
5689,0
5684,0
5675,0
12093,0
5672,0
5667,0
18520,0
12084,0
5660,0
5659,0
5655,0
12068,0
18497,39
5644,0
5641,0
12050,0
12048,0
5627,0
5617,20
18470,0
5615,0
5611,0
18464,0
5609,54
18462,0
12024,0
5603,43
18456,0
5602,3
18455,0
5598,0
12016,0
5595,20
18448,0
5592,29
18445,0
5585,0
18438,0
11997,0
5576,62
18429,0
11996,0
5567,0
18420,0
5566,62
18419,0
5565,11
18418,0
5564,0
5563,0
11982,0
5561,0
5559,0
11979,0
5554,0
18407,0
5544,29
18397,0
11958,0
5537,61
18390,0
11953,0
5532,13
18385,0
5530,58
18383,0
5522,43
18375,0
11941,0
5520,0
5508,0
5505,0
11923,0
11920,0
5499,0
18352,0
11916,0
5495,11
18348,0
5491,0
5485,0
5483,11
18336,0
18334,50
5481,0
5477,0
5475,3
18328,0
5470,0
18323,0
5465,0
5453,0
11872,0
18300,50
5447,0
5429,0
11847,0
5423,0
18276,0
5421,0
11832,0
5411,0
11831,0
5410,0
5400,0
18253,0
5398,0
11817,0
5394,0
5392,0
11811,0
5390,0
18243,0
18242,11
5389,0
5388,0
5382,0
5379,0
11798,0
5363,0
5360,0
11771,0
5350,0
5349,0
11767,0
11763,0
5335,0
18188,0
18187,44
5334,0
11753,0
5332,0
11751,0
5330,0
5328,0
5323,0
18176,0
5309,0
5303,0
18152,23
5299,0
5297,11
18150,0
11717,0
5296,9
18149,0
11714,0
5293,0
5291,0
5288,0
11708,0
5287,0
11707,0
5286,0
5281,0
5278,0
5274,0
5273,0
5272,0
5270,0
5269,0
5256,0
18109,0
5255,0
18108,0
5253,0
11665,0
5244,0
11664,0
18096,37
5243,0
11661,0
5240,0
18093,0
5238,0
11658,0
5237,0
5235,0
5234,0
18079,54
5226,0
5222,0
18075,0
5220,0
5214,0
18065,23
5212,0
5210,0
5207,0
5205,0
5201,0
18048,14
5195,0
5194,0
5192,0
5191,0
5190,0
5188,0
5183,0
18036,0
5177,0
11597,0
5176,0
18029,0
18028,21
5175,0
5172,0
5171,0
5167,0
5160,0
5148,0
18001,0
5146,0
5141,0
5139,0
11555,0
5134,0
5128,62
17981,0
5126,26
17979,0
11546,0
5125,0
17978,0
11539,0
5118,0
5117,0
17967,6
5114,0
11523,0
5102,0
5097,0
17950,0
5095,26
17948,0
11515,0
5094,0
5091,0
5090,13
17943,0
11507,0
11506,0
11505,0
5081,0
11498,0
5077,54
17930,0
5072,60
17925,0
11492,0
5070,0
17923,0
5060,0
5058,9
17911,0
5054,64
17907,0
5053,43
17906,0
5044,50
17897,0
11464,0
5043,20
17896,0
11455,0
11450,0
5021,43
17874,0
11441,0
5020,0
17873,0
5013,58
17866,0
5002,0
4987,0
4983,0
11402,0
17834,11
4981,0
11386,0
4965,0
11377,0
11373,0
4952,0
11362,0
4941,0
4933,0
4922,0
17775,0
4910,0
17763,0
11324,0
4903,0
11322,0
17753,1
4900,0
17751,11
4898,0
11315,0
4894,0
11314,0
4893,0
17746,0
4890,0
4867,0
11271,0
17703,7
4850,0
4848,0
17701,0
11256,0
17688,55
4835,0
4824,0
17677,0
11242,0
4821,43
17674,0
11239,0
4818,0
17671,0
11237,0
4816,0
11233,0
11228,0
17660,11
4807,0
4806,0
17659,0
17651,50
4798,0
4796,0
4795,0
4785,0
11202,0
4781,0
4779,0
17632,0
11197,0
4776,0
4773,0
4768,0
11177,0
4756,0
4751,0
11166,0
11163,0
17595,54
4742,0
4741,0
4733,0
4717,0
4714,0
11134,0
4713,0
4712,0
4711,0
4708,0
11113,0
17545,11
4692,0
17543,11
4690,0
4689,0
4687,0
17540,0
11100,0
4679,0
4666,0
17519,0
4665,0
17518,0
4662,0
4657,0
4654,0
17507,0
11065,0
4640,0
11059,0
4638,0
17491,0
4625,0
17478,0
11043,0
4622,0
4621,0
4606,0
4605,0
11025,0
4604,0
17457,0
4603,0
4600,0
4595,0
17448,0
4593,0
17446,0
4592,0
4591,0
11007,0
4583,33
17436,0
4579,0
17432,0
4576,0
17429,0
4555,0
17408,0
4552,0
17405,0
10962,0
4541,0
4537,0
4536,0
17389,0
4524,0
4513,0
4510,0
4507,0
4493,0
17346,0
10902,0
4481,0
17334,0
4477,50
17330,0
4476,3
17329,0
4470,0
4465,0
17318,0
4458,0
17311,0
4453,0
17306,0
10873,0
4452,59
17305,0
4451,1
17304,0
10860,0
4439,13
17292,0
4438,35
17291,0
4436,0
17289,0
4425,0
4407,0
17260,0
10826,0
4405,0
17258,0
4398,43
17251,0
4397,64
17250,0
10809,0
4388,43
17241,0
4386,0
17239,0
4371,0
17224,0
4370,6
17223,0
10790,0
4369,0
10787,0
4366,0
10786,0
4365,0
4364,0
10779,0
10774,0
4353,58
17206,0
4349,0
10768,0
4346,33
17199,0
4345,0
4343,0
17196,0
10760,0
4339,0
10754,0
4333,0
17186,0
10744,0
4323,0
4318,23
17171,0
10734,0
4313,62
17166,0
4310,0
17163,0
4301,0
17154,0
4297,0
4286,0
4276,23
17129,0
10688,0
4267,0
10682,0
4259,0
10678,0
10674,0
4249,0
17102,0
4246,0
17099,0
4245,43
17098,0
10662,0
10661,0
4238,0
17091,0
4237,0
4231,0
17084,0
4229,0
17082,0
4228,43
17081,0
4215,0
4205,32
17058,0
10625,0
4204,0
4199,0
17052,0
4193,0
10613,0
4192,0
17035,3
4182,0
17031,14
4178,0
10596,0
4175,0
17028,0
10594,0
4173,0
4170,0
17023,0
10590,0
4167,0
10586,0
4165,0
10581,0
4160,0
4159,0
17012,0
4156,0
4153,0
4152,0
17005,0
4146,0
10566,0
4139,0
16992,0
4129,0
4122,0
16975,0
10541,0
4120,0
16973,0
4117,0
16970,0
4115,0
16968,0
16966,57
4113,0
4105,0
4103,0
4096,0
10515,0
4091,0
10509,0
4088,0
16941,0
10505,0
4084,0
4081,0
4080,0
4074,0
4067,0
16918,20
4065,0
16916,11
4063,0
4061,0
4048,0
4041,0
4036,0
16888,60
4035,0
16886,6
4033,0
10449,0
4028,0
4027,0
10447,0
4026,0
10446,0
797,0
7218,0
20071,0
4015,33
16868,0
3999,50
16852,0
10418,0
3997,0
16850,0
7196,0
10414,0
3991,0
7192,1
20045,0
16838,43
3985,0
764,0
7185,61
20038,0
10403,0
16835,43
3982,0
3980,0
16833,0
10394,0
16826,51
3973,0
7161,0
3958,58
16811,0
7155,32
20008,0
7136,0
19989,0
10354,0
7133,23
19986,0
3930,0
16783,0
7129,0
19982,0
10347,0
3926,0
16779,0
7119,0
3916,0
7115,62
19968,0
3912,0
690,43
13543,0
7111,0
19964,0
3908,0
16761,0
10313,0
3892,0
16745,0
3886,0
16739,0
7087,0
3884,32
16737,0
3879,0
7077,43
19930,0
3873,0
16726,0
7075,0
7073,0
10291,0
3870,32
16723,0
7070,0
7068,0
3865,0
16718,0
7067,0
10285,0
16717,26
3864,0
13482,0
3858,43
16711,0
7060,61
19913,0
3857,9
16710,0
3853,3
16706,0
7049,0
19902,0
3846,0
7046,0
10264,0
3843,0
10262,0
3841,0
10261,0
13462,0
7041,0
3838,0
3830,0
7031,0
3828,55
16681,0
16678,48
3825,0
7024,0
7020,0
10238,0
19864,55
7011,0
3801,29
16654,0
16653,43
3800,0
3797,17
16650,0
3796,0
16649,0
6998,0
10216,0
16648,2
3795,0
6996,0
10214,0
3793,36
16646,0
6995,0
10213,0
3792,0
16645,0
6993,0
10209,0
6985,0
3777,0
16630,0
16628,42
3775,0
10192,0
3768,29
16621,0
544,0
6965,0
559,0
10183,0
16615,37
3762,0
3759,0
6961,0
3758,0
16611,0
6975,0
19828,0
552,0
3743,0
6939,0
518,0
3721,18
16574,0
6920,0
19773,0
19788,15
6935,0
3717,0
16570,0
498,0
10122,0
16554,18
3701,0
6884,0
19737,0
478,0
10102,0
470,0
3673,0
6872,0
6887,0
10090,0
464,0
10088,0
6852,0
3649,14
16502,0
13271,0
6850,3
19703,0
10061,0
3640,0
16493,0
13261,0
408,0
3637,62
16490,0
405,61
13258,0
416,0
13269,0
6837,62
19690,0
10052,0
10041,0
16472,43
3619,0
13236,0
6815,0
13251,0
409,0
13262,0
3612,0
16465,0
13244,0
6797,32
19650,0
10015,0
3594,0
3589,0
16442,0
6788,0
10000,0
16432,29
3579,0
374,0
3577,0
16430,0
366,0
13188,0
13199,33
346,0
6767,0
13214,60
361,0
16417,23
3564,0
6762,0
356,0
3559,0
6757,0
9975,0
16407,54
3554,0
9974,0
3553,0
16395,50
3542,0
16394,61
3541,0
6737,0
3534,0
13172,0
330,0
9954,0
16386,11
3533,0
13144,0
302,0
9941,0
3520,0
13116,0
3492,0
13115,0
273,0
13126,0
6694,0
9912,0
3491,0
3490,0
16343,0
9909,0
3488,0
9884,0
3463,0
16316,0
3461,0
16314,0
6659,51
19512,0
6655,0
3452,0
246,0
3449,0
13062,0
220,0
3438,0
6638,21
19491,0
6653,32
19506,0
16288,61
3435,0
3425,0
16278,0
6623,0
9841,0
3420,0
19474,58
6621,0
198,0
6619,0
213,0
3415,0
191,0
6612,0
3409,0
16262,0
3399,0
16252,0
3389,0
6581,0
9799,0
3378,0
12996,50
143,0
13011,0
3372,0
16225,0
9792,0
3371,0
3367,0
135,50
12988,0
6556,0
19409,0
16206,11
3353,0
3352,0
12981,0
128,0
9763,0
3342,0
16195,0
124,0
3327,0
3309,0
66,35
12919,0
19351,50
6498,0
3295,0
16148,0
12910,0
68,0
3271,0
3266,0
16119,0
12900,0
47,0
58,0
12875,0
22,0
6454,42
19307,0
12901,59
48,0
3251,0
12888,0
46,0
3249,0
12853,0
6432,0
19285,0
12846,0
6425,0
3222,0
16075,0
3211,0
12834,0
6413,0
3210,0
16063,0
3194,0
16045,60
3192,0
3189,0
3187,0
3184,44
16037,0
3180,0
3157,0
6358,0
3155,0
3154,0
3153,0
16006,0
6352,0
9570,0
3149,0
9560,0
3139,0
15984,58
3131,0
12752,0
6331,0
9549,0
15981,13
3128,0
3118,0
3115,8
15968,0
9532,0
3111,0
15964,0
3110,0
15963,0
12731,0
6310,3
19163,0
3107,0
15960,0
9526,0
3105,0
3104,0
3100,0
6301,0
3098,0
15951,0
12716,0
3092,0
3086,0
15939,0
12697,0
6276,0
3073,0
12696,0
6275,43
19128,0
3072,0
15925,0
3071,0
15924,0
3069,0
9488,0
15920,44
3067,0
3062,0
3056,0
15909,0
9472,0
3051,0
15901,43
3048,0
15900,55
3047,0
3040,0
15892,44
3039,0
3038,0
15889,37
3036,0
3034,0
12652,0
15881,11
3028,0
3023,0
15876,0
9437,0
3016,0
9434,0
3013,0
9431,0
12632,0
3008,48
15861,0
3007,0
12623,0
6202,0
2999,0
6201,0
15851,21
2998,0
2995,0
9415,0
2994,0
9414,0
2993,0
2990,0
6188,0
19041,0
2985,0
15838,0
2983,0
9403,0
2982,0
6180,0
19033,0
9398,0
2977,0
2973,0
9392,0
2971,0
12594,0
15823,21
2970,0
15821,21
2968,0
2965,0
2959,0
2955,0
15808,0
6157,0
15807,18
2954,0
2950,0
15803,0
2930,0
9349,0
12551,0
9348,0
2927,0
15780,0
2926,0
6121,0
6119,0
9336,0
2915,43
15768,0
9328,0
2907,0
2902,0
6090,0
2887,0
6075,0
9293,0
2872,0
2867,0
9279,0
2858,0
12480,0
6059,0
9277,0
6056,0
2853,0
6054,0
9272,0
15704,26
2851,0
9271,0
2847,0
12463,0
12462,0
15680,37
2827,0
9259,0
2838,0
15691,0
15675,0
2833,0
6030,0
6023,0
2818,0
6018,0
15668,26
2815,0
15641,0
9220,0
2799,0
2793,0
2792,0
12415,0
2791,0
9208,0
12407,0
5986,0
9204,0
18828,3
5975,0
5972,0
9190,0
2757,26
15610,0
2768,0
15621,0
12389,0
2754,60
15607,0
2765,0
2764,0
15617,0
2752,11
15605,0
9184,0
12386,0
5965,0
2762,0
5964,0
9182,0
15602,0
9181,0
15613,35
2760,0
5955,0
12375,0
5954,0
18807,0
15593,0
9172,0
5951,0
15590,15
2737,0
2746,0
5945,0
15584,0
9163,0
15579,0
9158,0
5932,0
2718,33
15571,0
2729,0
15560,0
9139,0
2711,0
5898,11
18751,0
12315,0
2688,0
5875,0
18728,0
2672,0
9087,0
2666,0
15501,0
2648,0
15494,0
2652,0
9069,0
18703,11
5850,0
2647,0
5848,0
2638,0
2635,0
15453,0
9032,0
15451,0
2609,0
15462,0
12226,0
18658,44
5805,0
2602,60
15455,0
15438,0
2585,0
2596,0
9015,0
5796,0
9014,0
2593,11
15446,0
9012,0
2591,0
18646,7
5793,0
2579,43
15432,0
12209,0
5788,0
15427,16
2574,0
12208,0
5787,0
2584,0
2578,0
12201,0
5780,0
8998,0
8991,0
2570,0
15411,0
2558,0
2569,0
15409,0
5765,0
2551,50
15404,0
8982,0
5762,0
2559,0
15400,0
12179,0
15397,0
2544,0
2555,0
12178,0
2543,50
15396,0
8975,0
2554,0
5756,0
2550,0
5751,0
18604,0
2546,0
15386,0
5746,0
18599,0
12164,0
5743,0
8961,0
5742,0
18595,0
2532,0
5734,0
2531,0
15384,0
8951,0
2530,0
12152,0
2528,0
2520,0
8933,0
5686,55
18539,0
15325,0
8903,0
5678,15
18531,0
2475,0
5677,11
18530,0
8895,0
5671,0
15310,0
15321,37
2468,0
8880,0
2459,23
15312,0
5643,0
8861,0
2435,0
12053,0
8850,0
8849,0
15263,0
2410,0
15253,0
8830,0
15247,7
2394,0
5596,0
2386,62
15239,0
15227,0
2374,0
8806,0
2385,0
5586,0
2383,0
12003,0
5582,11
18435,0
5579,0
18432,0
2376,0
8778,0
8771,0
8768,0
8765,0
8760,0
11961,0
15179,0
2326,0
8756,0
8747,0
5526,0
5523,0
18376,0
2309,29
15162,0
2310,0
11932,0
5511,0
15149,0
8728,0
2307,0
11915,0
8696,0
11895,0
5474,0
8692,0
2271,0
11894,0
18326,11
5473,0
2259,61
15112,0
8691,0
11893,0
5472,0
15111,0
8690,0
5471,0
15110,0
2257,0
8689,0
2268,50
15121,0
5469,0
8686,0
21539,0
15118,13
2265,0
8681,0
2260,0
8678,0
18309,59
5456,0
15095,0
8674,0
18308,58
5455,0
18307,20
5454,0
15093,0
2240,0
8672,0
11873,0
2238,48
15091,0
8670,0
21523,0
8668,0
21521,0
2247,0
2246,0
11864,0
5443,0
18296,0
15082,0
8661,0
11863,0
2239,0
11862,0
18294,11
5441,0
11861,0
5440,0
8658,0
15078,7
2225,0
11858,0
2231,0
5431,0
2228,0
11843,0
15061,0
11837,0
15055,0
2202,0
8632,0
11830,0
5409,0
15048,0
2206,0
5408,0
15045,0
8624,10
21477,0
8623,0
15038,0
8615,0
6982,0
10200,0
3779,0
5385,0
18238,0
15024,0
8603,0
15017,0
10191,0
5376,0
18229,0
6968,0
562,0
5371,0
2168,0
21441,18
8588,0
3760,0
5366,0
15005,0
532,0
6953,0
10171,0
6952,0
10155,0
5340,0
21411,17
8558,0
2137,0
2108,0
486,0
6907,0
19760,0
3704,0
14960,11
2107,0
3694,0
8518,0
21371,0
2097,0
5295,0
18148,0
8510,32
21363,0
14921,0
5276,0
5268,0
14907,0
2054,0
423,59
13276,0
6855,0
3652,54
16505,0
11679,0
5258,0
18111,0
8475,0
13284,0
6863,0
442,0
3645,0
436,0
16492,37
3639,0
5245,0
13265,0
6844,0
19697,0
3626,3
16479,0
19681,55
6828,0
16478,37
3625,0
5231,0
21302,42
8449,0
2028,3
14881,0
8448,0
21301,0
2027,0
6841,0
16475,9
3622,0
5228,0
14867,0
2025,0
3609,0
18068,23
5215,0
14854,0
2001,0
13231,0
378,0
6810,0
19663,0
3607,0
16460,0
2010,0
10018,0
3597,0
16450,0
5203,0
14842,0
2000,0
3592,0
8416,0
1995,0
8415,0
1994,0
1983,0
5168,0
354,0
9978,0
1960,0
6748,0
3545,62
16398,0
1948,0
6734,0
9952,0
3531,0
21208,32
8355,0
1934,0
1933,0
323,0
3526,0
11553,0
5132,0
14771,0
1918,0
1929,0
5121,0
14755,14
1902,0
8334,0
21187,0
1913,0
6712,0
3509,0
13142,0
6721,0
5115,0
17968,0
1912,0
6710,0
9928,0
16360,14
3507,0
5113,0
8331,0
1910,0
6689,0
9907,0
3486,16
16339,0
5092,0
1889,0
6686,43
19539,0
3483,0
16336,0
1886,0
14739,0
259,0
3477,0
11504,0
3469,0
237,0
13090,0
6658,0
19511,0
3455,0
1858,0
1848,0
14689,0
1836,0
3442,0
248,0
1845,0
5042,0
1839,0
1832,0
1815,0
1809,0
13024,0
6603,0
3400,0
8224,44
21077,0
8222,0
1801,0
13019,0
166,0
19451,50
6598,0
3395,0
5001,0
1798,0
1787,0
11393,0
4972,58
17825,0
8190,0
3364,0
4970,0
17823,0
152,43
13005,0
6573,20
19426,0
3332,0
16185,0
12980,0
127,0
6559,0
19412,0
17791,29
4938,0
1735,0
134,0
12987,0
14573,0
1731,0
3320,0
16173,0
111,0
3329,0
6547,0
1723,0
9734,0
3313,0
16166,0
14558,0
8137,0
11335,0
1711,0
6506,43
19359,0
3303,0
6515,0
19368,0
109,0
12962,0
6488,0
19341,0
9706,0
3285,0
8109,0
1688,0
12912,0
59,0
6491,23
19344,0
8103,0
1682,0
6478,61
19331,0
3275,0
6502,0
81,0
4881,0
20947,3
8094,0
1673,0
12898,23
45,0
3263,0
8087,0
1666,0
12878,0
9675,0
3254,9
16107,0
14499,0
1657,0
38,7
12891,0
49,0
3252,0
12883,0
4841,0
17694,0
6428,0
3225,0
1628,0
9644,0
3223,50
16076,0
4829,0
17682,0
1626,0
12843,0
1,0
6422,0
9640,0
3219,0
1622,0
12841,0
6420,58
19273,0
9638,0
3217,0
1620,0
6419,61
19272,0
9637,0
3216,0
8040,0
20893,0
1619,0
6410,0
19263,0
9628,0
3207,0
12851,0
6430,0
19283,0
11230,0
4809,0
1606,0
12823,0
6402,0
19255,0
3199,0
16052,0
8023,0
9619,0
3198,0
11225,0
4804,0
8022,0
1601,0
6407,0
3204,0
11222,0
14440,0
1598,0
9604,0
3183,0
8007,0
14423,0
16029,50
3176,0
8000,0
1579,0
11196,0
1572,0
12790,0
6369,0
3166,0
11193,0
4772,0
17625,0
11192,0
4771,0
16016,58
3163,0
11190,0
4769,0
17622,0
20837,37
7984,0
1563,0
4765,62
17618,0
20836,14
7983,0
1562,0
7967,0
20817,35
7964,0
4744,0
17597,0
7962,0
11161,0
4740,0
17593,0
7958,9
20811,0
1537,0
1535,0
9538,0
1520,0
6306,35
19159,0
3103,0
15956,0
1506,0
12701,0
15930,43
3077,0
7901,0
1480,0
7899,0
1478,0
1460,23
14313,0
7888,0
9484,0
3063,0
4664,0
4660,0
17513,0
4659,0
1445,6
14298,0
7877,0
1456,0
7873,0
15899,11
3046,0
7870,0
12667,0
6246,0
3043,0
15896,0
11070,0
4649,0
17502,0
7867,0
4648,0
7866,61
20719,0
7865,0
1444,0
4641,0
17494,0
4637,0
20708,6
7855,0
1434,0
15879,44
3026,0
4632,0
15878,61
3025,0
14270,0
11051,0
4630,0
7848,0
1427,0
4623,0
4617,0
17470,0
1414,0
3009,0
4615,0
1412,0
1409,0
4610,39
17463,0
1407,0
3003,0
11030,0
4609,0
17462,0
1406,0
3001,0
15854,0
7825,0
1391,0
1387,0
15832,37
2979,0
4585,0
4584,0
12600,0
2976,0
15829,0
4581,3
17434,0
1367,62
14220,0
7796,0
2964,0
15817,0
6166,0
2963,39
15816,0
9382,0
6163,0
2958,0
15811,0
1361,0
1360,0
1339,0
2917,0
10944,0
4519,0
17372,0
7737,0
1316,0
1301,20
14154,0
20586,21
7733,0
1312,0
1308,0
2897,0
1300,0
1292,0
4488,0
17341,0
9302,0
2881,0
15715,37
2862,0
9294,0
4475,38
17328,0
20546,33
7693,0
1272,0
10893,0
1269,0
6065,0
9283,0
7686,0
1260,0
7673,0
1252,0
4454,0
7672,24
20525,0
10867,0
1243,0
4437,0
7650,0
9246,0
4431,0
17284,0
4429,0
17282,0
7647,0
1226,0
9234,0
9230,0
1212,0
7632,0
20485,0
1211,0
6010,23
18863,0
1210,0
10833,0
1209,0
10832,0
4411,50
17264,0
7629,0
1208,0
15639,0
9218,0
2797,0
7621,58
20474,0
20471,11
7618,0
1197,0
1193,0
9210,0
9206,0
2785,0
7609,0
4385,3
17238,0
7603,0
1182,0
4380,43
17233,0
14012,0
1159,0
7591,0
5960,0
9178,0
10784,0
4363,3
17216,0
5957,0
18810,0
15596,0
9175,0
10781,0
7577,0
1156,0
1152,0
7569,0
1148,0
12368,0
5947,0
9165,0
20421,35
7568,0
1147,0
4341,3
17194,0
4340,0
7558,0
7555,0
5925,29
18778,0
10749,0
4328,0
1125,0
10748,0
4327,0
17180,0
13966,0
314,0
11544,0
5123,0
1920,0
15562,0
1123,0
1919,0
20392,18
7539,0
15556,0
9135,0
11526,0
5105,20
17958,0
13946,0
1104,0
4306,0
1103,0
5902,0
2699,0
1102,0
1897,0
10724,0
4303,0
17156,0
20374,20
7521,0
1100,0
279,0
9903,0
3482,0
8306,0
1885,0
1088,0
10709,0
1085,0
15523,0
9102,0
2681,0
1082,0
256,0
6677,0
3474,0
16327,0
5080,0
17933,0
14719,0
8298,0
12301,0
5880,0
9098,0
2677,0
7501,0
20353,23
7500,0
1079,0
1077,0
1871,0
2671,0
4277,0
7495,62
20348,0
1074,0
1072,0
1071,0
3460,0
1863,0
9880,0
3459,0
16312,0
1862,0
14715,0
9081,0
2660,0
10687,0
4266,0
20337,14
7484,0
9867,0
16299,11
3446,0
5052,0
8270,23
21123,0
10676,0
4255,0
1052,0
7468,58
20321,0
11461,0
5040,0
14679,0
8258,0
15479,0
2637,0
1040,0
1036,0
4235,0
13874,0
7453,0
1032,0
10648,0
4227,0
17080,0
1024,0
13041,0
199,0
13052,0
6620,11
19473,0
2620,0
1023,0
10644,0
4223,0
17076,0
1020,0
13037,0
9834,0
16266,23
3413,0
1816,0
1019,0
10640,0
7437,0
1016,0
4218,39
17071,0
1015,0
1013,0
15448,0
10633,0
4212,0
7424,0
176,0
3394,50
16247,0
6609,11
19462,0
13045,0
20274,11
7421,0
1000,0
10622,0
4201,0
17054,0
194,0
10615,0
991,0
162,0
6583,0
16233,54
3380,0
8204,0
15425,0
2583,0
10610,0
4189,11
17042,0
7407,0
16234,37
3381,0
3390,0
984,0
5783,0
983,0
185,0
12203,0
5782,0
2568,23
15421,0
982,0
978,0
11397,0
4976,0
17829,0
1771,0
974,0
15410,0
4174,0
17027,0
971,0
5769,0
8987,0
2566,0
10593,0
17025,50
4172,0
969,0
21039,44
8186,0
2565,0
5708,0
4111,0
16964,0
908,0
20968,35
8115,0
10521,0
4100,39
16953,0
13739,0
7318,0
897,0
6493,0
87,64
12940,0
3290,44
16143,0
8114,0
1693,0
4099,0
16952,0
896,0
7310,0
889,0
8102,0
1681,0
4887,0
8105,0
884,0
9697,0
4085,0
2470,0
13715,0
873,0
3264,0
16117,0
8088,0
12091,0
5670,0
18523,0
15309,0
870,0
16922,54
4069,0
13708,0
20140,11
7287,0
857,0
8069,0
20922,0
4054,0
10473,0
4052,0
10472,0
4051,0
14476,0
1623,0
1634,0
3243,32
16096,0
6461,0
8855,0
2434,0
7234,55
20087,0
16884,43
4031,0
11232,0
4811,0
8029,0
7217,0
5597,0
4000,60
16853,0
5593,0
2390,0
778,0
7199,0
793,0
4791,11
17644,0
1588,0
5583,51
18436,0
768,0
16837,43
3984,0
11201,0
4780,0
17633,0
9582,0
20838,11
7985,0
10391,0
3970,0
7168,54
20021,0
13615,23
762,0
7975,0
16813,23
3960,0
757,0
16810,16
3957,0
754,0
9563,0
3142,0
15995,0
4748,0
17601,0
7966,0
733,0
7154,0
16804,18
3951,0
5545,20
18398,0
11962,0
5541,4
18394,0
16792,61
3939,0
10358,0
3937,0
718,0
20803,11
7950,0
732,0
11946,0
5525,0
18378,0
3928,0
19983,55
7130,0
724,0
20793,3
7940,0
1519,0
707,0
703,0
7124,0
6312,0
3109,0
14354,0
1512,0
15154,0
2301,0
2312,0
3918,0
5507,0
18360,0
15146,0
8725,0
5506,0
3909,18
16762,0
8722,0
21575,0
7110,0
19963,0
704,0
677,28
13530,0
688,0
7109,54
19962,0
3096,0
15949,0
1499,0
9515,0
3094,0
11121,0
4700,0
20771,11
7918,0
5500,0
2297,0
10324,0
19957,3
7104,0
15944,42
3091,0
11118,0
4697,0
10321,0
686,23
13539,0
697,0
9510,0
3089,0
4695,0
3898,0
7099,0
3085,0
17544,13
4691,0
1488,0
7097,0
19950,0
10315,0
3894,3
16747,0
6283,23
19136,0
15933,48
3080,0
11107,0
4686,0
1483,0
7107,0
3888,0
685,0
7090,0
19943,0
684,0
7088,0
682,0
1477,0
7085,0
146,0
16202,7
3349,0
17808,14
4955,0
5755,0
15394,0
955,0
2952,0
5358,0
2155,0
543,0
6964,0
12173,0
5752,34
18605,0
15391,45
2538,0
952,0
7771,0
20624,0
1350,0
16600,32
3747,0
553,0
11773,0
18205,50
5352,0
8569,0
2148,18
15001,0
6957,0
19810,0
7765,0
20618,0
1343,0
6943,0
19796,0
7763,0
6951,0
3748,0
14177,0
6944,0
15777,58
2924,0
2923,0
14168,43
1315,0
20600,6
7747,0
505,0
6926,0
14968,37
2115,0
8547,0
6546,0
125,50
12978,0
104,0
6525,0
19378,0
16175,16
3322,0
113,0
6534,11
19387,0
8943,0
2522,0
925,0
19787,21
6934,0
2912,0
4518,0
7736,0
5318,0
14957,0
14156,0
1303,0
6914,0
19767,0
3711,0
12532,0
6111,0
10129,0
504,0
10128,0
3707,0
11734,0
14963,3
2110,0
1306,0
6930,0
6101,0
2898,0
4504,60
17357,0
7722,0
11725,0
18157,55
5304,0
8113,0
83,0
4098,0
895,0
12514,0
6093,0
3699,0
4494,23
17347,0
3688,0
489,0
1264,0
13285,0
3661,0
2064,0
6873,0
7684,0
1263,0
3660,0
16513,0
1658,0
18514,16
5661,0
4064,0
16917,0
7679,0
20532,0
14485,0
20917,50
8064,0
13688,0
835,0
2843,0
19699,54
6846,0
16496,32
3643,0
14888,0
8467,0
2046,0
3241,0
16094,0
27,15
12880,0
4038,0
6433,0
19286,0
5620,0
7226,14
20079,0
820,0
10841,0
4420,58
17273,0
1217,0
12424,0
6003,0
1203,0
393,0
16449,54
3596,0
10822,0
4401,0
17254,0
6807,0
10025,0
3604,23
16457,0
13243,0
390,0
401,0
6384,0
3181,0
17640,50
4787,0
3990,0
16843,0
787,0
6802,59
19655,0
381,0
16437,64
3584,0
13232,0
379,0
6811,0
19664,0
15623,0
9202,0
10808,0
7605,0
20458,0
1184,0
387,0
1575,0
15217,0
8796,0
2375,0
7184,29
20037,0
9196,0
2775,0
6778,0
372,0
13225,0
12397,0
9194,0
13197,0
3573,0
13206,50
353,0
3572,0
11599,0
5178,0
8396,0
6784,0
16021,50
3168,0
1571,0
15213,0
2371,0
10398,0
12395,0
9192,0
1174,0
16424,42
3571,0
5573,3
18426,0
8791,0
1971,0
4372,11
17225,0
1169,0
2365,0
9984,0
3563,0
1966,0
9171,0
1153,0
16400,6
3547,0
9977,0
3556,0
16409,0
8370,0
1949,0
6758,0
5543,20
18396,0
8761,0
7149,0
10367,0
16392,43
3539,0
13187,0
334,0
345,0
9550,0
3129,0
11156,0
4735,0
5535,26
18388,0
4338,0
17191,0
10355,0
3934,2
16787,0
6731,0
3528,0
6740,0
5127,0
17980,0
10338,0
3917,64
16770,0
293,0
6714,0
3511,0
8730,0
14751,64
1898,0
1909,0
12332,0
15550,0
13950,0
7529,0
20382,0
6708,32
19561,0
9926,0
3505,0
3514,0
16367,0
3095,0
14340,0
1498,0
4304,21
17157,0
1493,0
7102,0
19955,0
696,0
284,0
13141,0
299,0
9893,0
3472,0
1875,0
1078,0
6687,61
19540,0
13709,0
867,0
5870,0
9088,0
10694,0
3256,0
20927,60
8074,0
9680,0
3259,54
16112,0
6477,0
56,0
16909,42
4056,0
853,0
6471,0
50,0
9674,0
3253,0
1656,0
12886,0
6465,37
19318,0
441,0
6877,0
6665,0
1842,0
5833,0
18686,0
9051,0
16283,14
3430,0
1029,0
12243,0
5822,0
1022,0
3405,0
16258,0
1808,0
15450,0
10831,0
4410,0
1207,0
13237,0
6816,0
5807,0
18660,0
9025,0
7428,0
3603,0
18062,21
5209,0
8427,0
1996,0
3396,0
995,0
13025,0
3587,0
1990,0
14843,0
3387,0
4993,0
8211,0
1790,0
6794,59
19647,0
3382,0
8206,0
1785,0
14805,0
1963,0
4963,0
17816,0
1760,0
9781,0
3360,0
16213,0
21037,23
8184,0
13008,0
963,0
11385,0
1761,0
960,0
9573,0
3152,0
16005,0
16814,23
3961,0
1158,0
2951,0
15804,0
3751,0
16604,0
11575,0
5154,0
1951,0
2948,0
15801,0
11775,0
8572,0
130,0
9769,0
3348,0
16201,0
8172,0
3351,0
6746,0
5149,0
8367,0
1946,0
2542,0
13787,0
7366,0
945,0
9363,0
1345,0
3742,0
3345,0
136,0
19410,58
6557,0
11358,0
5737,0
18590,0
930,0
9760,0
3339,0
6533,23
19386,0
12969,0
10548,0
4127,0
5722,43
18575,0
8940,0
4125,0
16978,0
922,0
4525,0
6931,64
19784,0
525,0
524,0
17972,26
5119,0
1916,0
5720,0
2517,0
7341,0
6520,60
19373,0
3317,0
16170,0
123,0
2500,0
10527,0
4106,0
903,0
13333,0
480,0
6912,0
19780,54
6927,0
3093,0
3902,0
16755,0
5899,0
18752,0
9117,0
2696,0
4302,7
17155,0
1099,0
8117,0
2896,0
1299,0
14941,0
6908,17
19761,0
502,0
6511,0
19364,0
105,0
15416,0
977,0
16230,42
3377,0
12907,0
6486,0
8098,0
3277,0
16130,0
880,0
1280,0
5283,0
14922,0
2480,0
7304,0
6492,0
11497,0
5076,20
17929,0
1076,0
3473,0
6476,11
19329,0
3273,0
16126,0
7296,0
875,0
20949,33
8096,0
10895,0
4474,0
3668,35
16521,0
474,0
16319,21
3466,0
272,0
12908,0
3269,32
16122,0
6481,0
19334,0
15598,0
2756,0
5162,0
1959,0
2956,0
14201,0
9777,0
3356,0
865,0
8086,0
1665,0
2491,0
10518,0
4097,0
16950,0
894,0
497,0
6453,0
10868,0
4447,0
13274,0
5250,0
450,0
850,0
8162,0
1741,0
3347,0
16200,0
144,0
12162,0
4144,43
16997,0
941,0
4544,0
1341,0
6941,0
3738,62
16591,0
1044,0
16294,37
3441,0
10314,0
3893,0
9108,0
3287,54
16140,0
6499,0
7311,0
890,0
14582,0
1729,0
1740,0
4143,0
940,0
1340,0
9761,0
3340,0
9861,0
3440,0
9554,0
3133,0
11160,0
4739,0
6539,0
8160,0
1739,0
10563,0
4142,6
16995,0
939,0
20913,23
8060,0
7260,0
839,0
4045,0
7263,0
20116,0
842,0
6442,0
19295,0
4845,0
8063,0
2039,0
20557,15
7704,0
10151,0
3730,23
16583,0
8554,0
2133,0
3630,0
5236,0
14875,0
4039,0
6836,0
3228,0
1631,0
834,0
15368,0
8947,0
2526,0
10553,0
4132,0
16985,0
929,0
10156,0
3735,0
16588,0
5732,0
18585,0
2529,0
4135,0
16988,0
932,0
6541,0
1917,0
1220,0
5223,0
8441,0
8044,0
1068,0
4071,0
4918,50
17771,0
1715,0
918,0
9736,0
3315,0
1718,0
1332,0
9374,0
2953,0
1356,0
18,0
9543,0
3122,0
2325,0
10352,0
3931,0
9146,0
10752,0
4331,7
17184,0
11752,0
5331,0
3702,54
16555,0
12426,0
6005,1
18858,0
4408,0
20479,11
7626,0
3744,0
16597,0
7659,0
10442,0
7698,0
10095,0
3674,43
16527,0
6886,0
4233,0
17086,0
1030,0
13060,0
6639,0
19492,0
233,0
4107,0
10,0
19657,11
6804,0
6813,15
19666,0
10825,0
1201,0
6801,59
19654,0
21275,7
8422,0
15797,3
2944,0
1347,0
550,0
3344,61
16197,0
6636,61
19489,0
16286,4
3433,0
2810,0
14055,0
1213,0
11637,0
5216,0
2013,0
7222,0
16872,50
4019,0
816,0
1616,0
2449,0
4055,0
16908,0
13694,0
852,0
2102,0
3302,0
16155,0
3599,0
13247,0
7093,0
19946,0
10311,0
687,0
4290,0
5687,43
18540,0
8905,0
20161,7
7308,0
9305,0
2884,0
10105,0
3684,0
10464,0
4043,0
7261,60
20114,0
840,0
4220,21
17073,0
21135,1
20695,1
19369,1
13092,1
9273,1
15062,1
8565,1
7190,1
7079,1
19712,6
6859,1
6175,1
17673,44
4820,1
4747,1
4176,1
3667,1
9429,1
6041,1
2561,1
6455,18
19308,1
1527,1
1452,1
1177,1
7113,18
19966,1
1344,1
8353,44
21206,1
9964,1
13114,1
21318,2
19935,2
17596,2
16983,2
16512,2
15885,2
15315,33
2462,2
15308,2
11095,2
7928,2
4956,64
17809,2
11086,2
3856,2
3790,2
767,2
3910,2
15300,59
2447,2
9677,2
6853,2
21295,3
21233,3
20770,3
20634,3
20567,3
20507,3
20380,3
19862,3
19639,3
19459,3
18719,3
17811,3
17788,3
17685,3
16348,3
15130,3
12681,3
12659,3
12516,3
12364,3
12166,3
11696,3
11684,3
11566,3
11529,3
11407,3
11338,3
10999,3
10966,3
10839,3
10561,3
9807,3
9425,3
9301,3
21430,23
8577,3
8521,3
8391,29
21244,3
8388,3
14646,3
8026,33
20879,3
20736,20
7883,3
14103,3
7516,3
13870,44
1017,3
7330,3
7191,3
6500,3
24,3
5991,3
12294,3
5669,3
5575,3
5084,3
11046,3
10919,3
4378,3
4261,3
4157,3
10534,3
10524,3
734,3
16670,37
3817,3
16522,23
3669,3
16487,37
3634,3
6242,3
12353,3
5931,3
15477,3
8965,3
2539,3
5679,3
2350,3
15189,3
2316,3
15152,3
5452,3
2249,3
2188,3
10185,3
11649,3
2016,3
1861,3
5018,3
1602,3
7802,34
20655,3
1285,3
1191,3
1117,3
14744,3
1084,3
2663,3
7444,3
210,3
1010,3
1768,3
848,3
5600,3
781,3
1752,3
5725,3
1311,3
98,3
8879,3
7193,3
731,3
6298,3
2667,3
11630,3
5354,3
4954,3
490,3
20291,42
7438,3
5558,4
2933,4
21257,6
21181,6
20712,6
12705,6
11884,6
11578,6
11300,6
11028,6
10083,6
9399,6
9237,6
9003,6
2212,62
15065,6
8030,60
20883,6
7739,6
7455,29
20308,6
6668,6
5654,6
5342,6
9839,6
6592,6
6243,6
6211,6
2645,6
2335,58
15188,6
2252,6
5416,6
5051,6
11058,6
1366,6
15667,6
1192,6
1181,6
1877,6
6552,6
18166,58
5313,6
8296,6
10983,6
21385,7
20776,7
20715,7
20680,7
20640,7
20463,7
20309,7
20299,7
20273,7
20189,7
20174,7
20138,7
19174,7
19029,7
16735,7
16246,7
12783,7
9860,7
9818,7
9417,7
8946,7
8890,7
15250,42
2397,7
8793,7
8708,7
8637,34
21490,7
8559,58
21412,7
8262,7
7413,43
20266,7
7385,7
7359,7
7354,55
20207,7
7349,7
7277,7
7264,7
20117,7
6738,7
6635,7
19482,50
6629,7
6586,7
6047,7
18355,32
5502,7
11635,7
5085,7
5055,7
17630,23
4777,7
3875,7
3867,7
7061,7
10211,7
3774,7
3763,7
3755,20
16608,7
3585,7
9985,7
9519,7
5967,7
15570,7
8999,7
2253,7
2236,7
2194,7
3734,43
16587,7
2055,7
4990,7
1764,7
14550,7
6447,7
7990,7
1381,7
986,7
5556,7
16797,37
3944,7
1529,7
7346,7
7120,7
1727,7
8520,11
21373,7
8294,7
7362,54
20215,7
12150,7
7353,54
20206,7
8426,7
818,7
15326,7
16568,9
16549,9
16531,9
12288,9
11933,9
11090,9
10894,9
10057,9
9599,9
9388,9
8992,9
15120,9
7974,9
7696,9
14091,23
1238,9
7158,9
6763,9
6661,9
6287,9
6088,9
11730,9
11027,9
4551,9
10068,9
15698,9
9030,9
12155,9
12045,9
2379,9
3785,35
16638,9
8513,9
16476,11
3623,9
11636,9
6120,9
1276,9
14761,9
3205,9
811,9
7189,9
8733,9
6864,9
817,9
1173,9
20802,58
7949,9
6862,9
18210,50
5357,9
147,9
5694,9
1747,9
1287,9
19082,10
9829,10
8726,10
12464,10
12080,10
5260,10
4634,10
1550,10
3417,50
16270,10
6371,10
21479,11
21453,11
21272,11
21271,11
21256,11
21236,11
21232,11
21221,11
21194,11
21189,11
21053,11
21049,11
21045,11
21022,11
21012,11
20920,11
20813,11
20812,11
20800,11
20798,11
20779,11
20672,11
20660,11
20658,11
20648,11
20566,11
20561,11
20502,11
20499,11
20498,11
20470,11
20455,11
20440,11
20407,11
20400,11
20284,11
20278,11
20255,11
20105,11
19978,11
19850,11
19803,11
19745,11
19723,11
19710,11
19427,11
19171,11
18953,11
18718,11
18699,11
18283,11
18155,11
17988,11
17802,11
17556,11
16910,11
16818,11
16816,11
16802,11
16705,11
16672,11
16461,11
16388,11
16377,11
16376,11
16371,11
16324,11
16317,11
15790,11
2291,54
15144,11
15136,11
14516,11
14180,32
1327,11
12721,11
12631,11
12306,11
12207,11
12061,11
12042,11
11879,11
11736,11
11727,11
11629,11
11621,11
11564,11
11543,11
11500,11
11494,11
11443,11
11307,11
11047,11
10499,11
10478,11
10119,11
10037,11
9995,11
9914,11
9558,11
9441,11
9427,11
9346,11
9111,11
15495,11
8956,11
15157,64
2304,11
2273,23
15126,11
15109,11
14998,11
21260,42
8407,11
8366,13
21219,11
8364,11
8254,11
8001,11
1471,43
14324,11
14300,11
14285,11
7730,29
20583,11
7728,11
7620,18
20473,11
7476,11
7331,11
7072,11
6865,11
12915,11
12904,11
6475,11
6323,11
5969,11
5922,11
12334,11
5492,11
5367,11
5308,11
11503,11
11478,11
4814,11
4794,11
4792,11
4457,11
17037,33
4184,11
3989,11
698,11
10254,11
3697,11
466,11
19683,50
6830,11
3605,61
16458,11
6254,11
9444,11
6185,11
6173,11
9366,11
9260,11
15669,11
5994,11
12352,11
5731,11
8925,11
2483,14
15336,11
5632,11
8826,11
15190,32
2337,11
8767,11
2320,11
8731,11
5494,11
5437,11
3772,61
16625,11
5356,11
2092,11
6827,43
19680,11
3557,62
16410,11
6729,11
1846,11
6669,11
1803,11
8047,60
20900,11
1610,11
4805,11
1524,11
1404,11
1320,11
12505,11
6084,11
2866,60
15719,11
9270,11
1229,11
4419,11
1188,11
4307,11
8318,11
4288,11
20358,14
7505,11
8292,11
1063,11
1849,11
4194,11
187,11
12204,11
2580,11
13027,11
8986,11
6495,11
5682,11
12014,11
783,11
15180,11
2322,44
15175,11
3903,11
1492,11
3895,11
11112,11
12704,11
1722,11
528,11
9311,11
846,11
12869,11
6799,11
6785,11
16824,51
3971,11
728,11
2298,11
7914,29
20767,11
11499,11
4273,11
20344,42
7491,11
6456,11
1033,11
9029,11
10023,11
1351,11
65,11
5650,11
7096,11
1642,11
16486,37
3633,11
15782,59
2929,11
1525,11
16874,50
4021,11
3601,43
16454,11
7634,11
16093,12
21372,13
21038,13
20932,13
20606,13
17617,13
17547,13
16598,13
16592,13
16390,13
14525,13
11336,13
10174,13
10108,13
9678,13
9238,13
9115,13
7843,13
20372,35
7519,13
6233,13
6107,13
11980,13
5496,13
5451,13
5444,13
4803,13
4459,13
4440,13
10196,13
6777,13
12570,13
12098,13
14093,13
4446,13
5100,13
1009,13
1532,13
2836,13
6505,13
6696,13
21437,14
21436,14
21413,14
21324,14
21322,14
21315,14
21265,14
21264,14
21095,14
21081,14
21055,14
21044,14
21014,14
20988,14
20937,14
20822,14
20784,14
20639,14
20628,14
20564,14
20548,14
20545,14
20533,14
20450,14
20448,14
20443,14
20442,14
20391,14
20368,14
20339,14
20332,14
20252,14
20221,14
20213,14
20181,14
19742,14
19254,14
18769,14
18627,14
18052,14
17032,14
16569,14
16350,14
15886,14
2787,43
15640,14
15515,14
15141,14
13014,14
12266,14
11528,14
11470,14
11283,14
11060,14
10907,14
10529,14
10430,14
10225,14
10130,14
9825,14
9091,14
8997,14
8226,14
8048,14
7836,14
7821,14
7678,37
20531,14
13890,14
7279,43
20132,14
7244,14
6765,14
6094,14
5926,14
11724,14
11481,14
11475,14
4357,14
4012,29
16865,14
3968,14
7157,14
3782,35
16635,14
3422,50
16275,14
9576,14
12664,14
12619,14
6198,14
15695,14
12296,14
15489,14
8979,14
5415,14
15053,14
2205,14
11721,14
2089,14
14752,14
17787,54
4934,14
14,14
4472,14
12346,14
976,14
10532,14
74,14
4014,14
3996,14
6297,14
7083,14
8970,14
6115,14
8005,14
10411,14
1178,14
774,14
5911,14
5501,58
18354,14
1070,14
1644,14
8868,14
3680,60
16533,14
1087,14
21234,15
21114,15
20969,15
20896,15
20888,15
20630,15
18875,15
12674,15
12085,15
11667,15
9556,15
8458,15
7994,15
7884,15
7472,15
7459,15
7276,23
20129,15
560,15
6104,15
16807,58
3954,15
19127,55
6274,15
6186,15
15692,18
2839,15
2490,15
14954,35
2101,15
7830,15
2873,15
7441,15
13036,54
183,15
2338,15
399,15
93,15
1205,15
19704,16
19674,16
17964,16
17900,16
16297,16
15888,16
2237,55
15090,16
13031,16
11855,16
10917,16
10431,16
9611,16
9606,16
9187,16
8611,16
7880,16
13854,16
11850,16
5396,55
18249,16
4827,16
11111,16
10972,16
10891,16
4089,16
3922,16
19856,44
7003,16
494,16
2409,16
5257,16
11666,16
5219,16
6523,16
9741,16
14427,16
20801,37
7948,16
1765,16
8702,16
899,16
1677,16
483,16
9177,16
541,16
17672,20
4819,16
21319,17
21228,17
21071,17
8555,43
21408,17
8020,17
5935,17
10928,17
16269,42
3416,17
12719,17
21242,18
21224,18
20918,18
20414,18
20217,18
19142,18
19009,18
16812,18
16798,18
16715,18
16584,18
16346,18
16263,18
16030,18
15757,18
15559,18
12562,18
11109,18
9267,18
9250,18
9235,18
8794,18
8582,33
21435,18
21166,23
8313,18
8032,33
20885,18
7682,43
20535,18
7518,64
20371,18
7266,43
20119,18
6485,18
12866,57
13,18
6279,18
6134,18
18591,60
5738,18
5339,18
4330,18
3786,18
16422,20
3569,18
6165,18
15594,18
2659,18
8976,18
2380,62
15233,18
11877,18
5422,18
21203,58
8350,18
138,18
11359,18
9625,18
7841,18
10840,18
2789,18
6591,18
968,18
7139,18
530,18
5312,18
1096,18
1853,18
8229,18
1011,18
8501,59
21354,18
2433,18
2005,18
12442,19
736,19
19466,20
19440,20
19365,20
17607,20
16806,20
16244,20
13138,20
12613,20
12035,20
12031,20
11993,20
11429,20
10884,20
9970,20
9566,20
9475,20
9312,20
9113,20
9097,20
8300,20
8291,20
14630,20
6701,20
12506,20
5977,44
18830,20
5629,20
4358,20
16727,50
3874,20
6414,56
19267,20
6313,20
9428,20
2761,20
15553,61
2700,20
2518,20
2429,20
2270,20
14995,20
11689,20
10046,20
13093,20
6540,20
1655,20
8027,20
7887,20
8915,20
5317,20
3708,30
16561,20
10925,20
19357,21
6504,20
19667,23
6814,20
539,20
11540,20
20251,23
7398,20
1271,20
10165,20
21238,21
21034,21
20976,21
20794,21
16890,21
16687,21
15732,21
12022,21
11320,21
11301,21
10067,21
8311,32
21164,21
7723,21
18180,35
5327,21
11633,21
13180,21
164,21
9339,21
5894,21
420,21
1251,21
11395,21
1198,21
6790,21
4376,21
3602,21
7762,21
1639,21
1283,21
1128,21
9231,21
15551,22
13256,22
438,45
13291,22
13266,22
21480,23
21474,23
21352,23
21266,23
21240,23
21237,23
21218,23
21136,23
21032,23
20975,23
20735,23
20711,23
20593,23
20558,23
20395,23
20385,23
20376,23
20314,23
20310,23
20228,23
20118,23
19915,23
19887,23
18816,23
18120,23
17712,23
17655,23
17489,23
16825,23
16809,23
16800,23
16655,23
16551,23
16385,23
15819,23
2779,43
15632,23
15558,23
15119,54
2266,23
12645,23
12520,23
11115,23
10924,23
10851,23
10099,23
9973,23
9405,23
9378,23
9364,23
9316,23
2773,43
15626,23
9049,23
8865,23
8750,23
8740,23
8738,23
2153,43
15006,23
2149,37
15002,23
15000,23
8409,23
21262,23
8399,33
21252,23
8320,61
21173,23
14314,51
1461,23
7752,33
20605,23
7449,58
20302,23
7338,62
20191,23
6779,23
6273,23
12596,23
6146,23
6048,23
6017,23
18870,23
5950,23
12231,23
5680,23
11976,23
11896,23
5464,23
5426,23
5314,23
5029,23
10897,23
4141,23
3784,23
3695,23
3681,23
9810,23
6129,23
2751,23
9066,23
2590,23
5757,50
18610,23
5749,26
18602,23
15221,23
2182,23
2042,23
3624,23
8236,23
1569,23
1543,23
4729,23
1467,23
1317,23
7734,23
7709,43
20562,23
4351,23
1134,23
21193,29
8340,23
1122,23
14417,37
1564,23
11977,23
3948,50
16801,23
4732,23
9333,23
3575,61
16428,23
3582,23
1135,23
1111,23
2693,23
456,23
7381,32
20234,23
9372,23
533,23
10946,23
13717,23
10564,23
3629,23
21191,35
8338,23
9738,25
21132,26
20493,26
18258,26
16858,26
16795,26
9486,26
9103,26
15496,26
6743,26
6172,26
5417,26
11479,26
4755,26
4169,26
1566,26
2919,33
15772,26
7465,26
924,27
21447,29
21178,29
19304,29
18832,29
18713,29
17975,29
16441,29
15601,37
2748,29
15307,29
12569,29
11333,29
11018,29
9937,29
8457,29
14540,29
7048,29
388,29
6522,60
19375,29
19101,47
6248,29
6138,29
5555,29
5359,29
11690,29
10973,29
7229,29
3806,29
9525,29
5758,29
8899,29
2221,29
2048,29
6672,29
4914,29
1706,29
11302,29
1449,29
11031,29
1200,29
7092,29
538,29
1643,29
5984,29
16799,59
3946,29
7953,29
4361,29
4554,29
16396,61
3543,29
2519,29
6529,29
9894,29
8580,29
12874,29
5741,29
5321,29
859,29
12860,29
29,30
3720,30
9615,30
6000,30
3723,30
20180,32
17506,32
15762,32
12033,32
11925,32
11049,32
10140,32
9967,32
8799,32
7902,32
7410,32
7302,32
6503,32
11674,32
4810,32
4347,32
10115,32
1502,32
1466,32
4974,32
11305,32
11153,32
2549,32
2890,32
3899,32
7432,32
10544,32
7315,44
20168,32
14975,32
1732,32
10440,32
3890,32
20910,33
20685,33
20651,33
20598,33
20517,33
15295,33
12658,33
12649,33
12391,33
12382,33
12380,33
12258,33
12154,33
12149,33
11978,33
11726,33
11713,33
11614,33
11568,33
11349,33
10943,33
9590,33
15281,37
2428,33
7790,33
13192,33
140,33
6309,33
12351,33
5657,33
11898,33
5345,33
4797,33
11034,33
10436,33
6787,33
6759,33
9610,33
6123,33
9337,33
15709,43
2856,33
8969,33
15354,33
15324,50
2471,33
2478,33
15240,33
12017,33
15094,33
14949,33
5089,33
14666,33
9287,33
1080,33
1608,33
11966,33
2342,33
2333,33
12176,33
6549,33
743,33
8981,33
14993,33
11570,33
8995,33
2938,33
6699,33
11644,33
21391,34
18835,34
18744,34
18700,34
16963,34
16932,34
16856,34
16088,34
12830,34
11352,34
10623,34
9982,34
9933,34
9704,34
9076,34
2353,62
15206,34
8662,34
21488,58
8635,34
8592,34
8151,34
8141,34
7907,34
5973,34
5908,34
5895,34
5546,43
18399,34
5057,34
11198,34
10767,34
10375,34
3078,34
12609,34
15270,42
2417,34
5540,61
18393,34
8667,34
16623,59
3770,34
13908,34
14951,34
1680,34
1675,34
8080,34
21405,35
21209,35
21205,35
21182,35
21148,35
21100,35
21042,35
21017,35
20943,35
20930,35
20926,35
20768,35
20388,35
18648,35
18158,35
15985,35
14985,35
13026,35
12187,35
12063,35
10921,35
10885,35
10853,35
9961,35
9572,35
9263,35
8810,35
756,35
6311,35
6240,35
6055,35
5913,35
5355,35
4999,35
10926,35
4257,35
10573,35
7078,35
6231,35
9274,35
5716,35
4911,35
1384,35
1265,35
4219,35
1494,35
773,35
6642,35
12995,50
142,35
2099,35
535,35
8858,35
4066,36
21403,37
21388,37
21386,37
21298,37
21255,37
21248,37
21211,37
21179,37
21165,37
21113,37
21103,37
21036,37
20974,37
20954,37
20931,37
20894,37
20826,37
20791,37
20654,37
20652,37
20494,37
20490,37
20415,37
20412,37
20393,37
20378,37
20364,37
20324,37
20304,37
20279,37
20226,37
17034,37
16913,37
16803,37
16698,37
16664,37
16662,37
16644,37
16642,37
16619,37
16585,37
16546,37
16545,37
16523,37
16405,37
16380,37
16374,37
16365,37
16363,37
16315,37
16013,37
15980,37
15969,37
15841,37
15833,37
15822,37
15800,37
15753,37
15729,37
15723,37
15476,37
15348,37
15521,37
15356,37
15023,37
8289,60
21142,37
7954,62
20807,37
6697,37
5658,37
5647,37
4521,37
3872,60
16725,37
5594,37
8741,37
15107,37
8447,58
21300,37
8293,44
21146,37
12831,37
1469,37
1124,37
7487,43
20340,37
7404,38
20257,37
7317,61
20170,37
15207,37
8337,60
21190,37
7520,64
20373,37
14970,37
21308,38
20515,38
16602,38
12341,38
12077,38
11705,38
11683,38
11145,38
9478,38
8579,38
7838,38
7439,38
6271,38
12379,38
4029,38
3952,38
126,38
1716,59
14569,38
1433,38
1428,38
1837,38
9034,38
837,38
3740,38
3977,38
1650,38
6880,38
19571,39
18483,39
17922,39
16207,39
16141,39
14860,39
11220,39
10284,39
9229,39
9160,39
9127,39
8644,39
8614,39
8125,39
7008,39
6349,39
6341,39
11859,39
5264,39
11227,39
11168,39
4574,39
4149,39
4094,39
6999,39
3480,39
3456,39
6356,39
2962,39
9189,39
8619,39
5048,58
17901,39
2961,39
2960,39
16370,50
3517,39
3468,39
4092,39
10349,39
2279,39
8155,39
4123,39
920,39
883,39
4562,39
15380,39
887,39
21138,40
17314,40
8269,43
21122,40
7896,41
21414,42
21378,42
21356,42
21336,42
21330,42
21176,42
21109,42
20915,42
20706,42
20569,42
20269,42
20249,42
20233,42
20187,42
20166,42
20151,42
15211,42
12211,42
10393,42
8745,42
8526,42
7903,42
7726,42
7388,58
20241,42
5402,42
3860,42
6840,42
196,42
160,42
3261,42
6130,42
8972,42
15079,42
6466,42
19981,54
7128,42
1108,42
7517,64
20370,42
9040,42
2619,42
17554,43
16839,43
16836,43
16834,43
16518,43
16471,43
16470,43
16469,43
16468,43
16393,43
16003,43
15902,43
15759,43
15702,43
2849,43
15193,43
2340,43
14586,43
14402,43
1313,61
14166,43
12580,43
12227,43
12184,43
12001,43
11930,43
11908,43
11572,43
11571,43
11428,43
11098,43
10542,43
10439,43
10092,43
10076,43
10074,43
9936,43
9875,43
9612,43
9551,43
9547,43
9503,43
9335,43
9313,43
9306,43
15688,43
9266,43
8930,43
8928,43
8898,43
8808,43
8788,43
8785,43
8736,43
2224,50
15077,43
8556,43
8502,43
8491,43
14316,43
7851,43
7837,43
7702,43
7657,43
7474,43
7275,43
7250,43
508,43
6773,43
6739,43
6733,43
6730,43
6684,43
6673,43
6509,43
6324,43
6305,43
6252,43
6205,43
6043,43
6033,43
5938,43
12036,43
5604,43
5346,43
11756,43
11628,43
11476,43
4998,43
11154,43
4560,43
4399,43
4389,43
4253,43
4241,43
4240,43
10484,43
4025,43
10242,43
16641,59
3788,43
3787,43
554,43
3757,43
517,43
514,43
3620,61
16473,43
9901,43
13059,43
19428,50
6575,43
6474,43
9613,43
9531,43
9477,43
9354,43
15739,44
2886,43
9255,43
2772,43
5914,43
9056,43
12128,43
5662,43
12064,43
2396,43
2348,43
2346,43
2339,43
2213,43
5414,43
2211,43
10186,43
3765,43
3764,43
2163,43
3750,43
531,43
14934,43
3651,43
2049,43
6825,43
5083,43
1767,43
1714,43
1708,43
85,43
12889,55
36,43
6457,43
1586,43
9587,43
1568,43
1567,43
1546,43
7956,43
6280,43
7861,43
7850,43
1420,43
7835,43
1378,43
9385,43
1363,43
7782,43
1298,43
15708,43
7681,43
1234,43
2809,43
4412,43
4384,43
6685,43
4285,43
7498,43
1783,43
4177,43
2494,43
89,43
866,43
7278,43
1648,43
1545,43
692,43
8724,43
3905,43
702,43
700,43
20766,50
7913,43
695,43
693,43
691,43
6155,43
536,43
546,43
1342,43
1326,43
529,43
513,43
7732,43
512,43
509,43
461,43
7267,43
13223,43
4387,43
6776,43
9993,43
6774,43
9992,43
11994,43
701,43
2608,43
4210,43
163,43
1763,43
6572,43
1555,43
6154,43
548,43
2154,43
9369,43
7766,43
1322,43
108,43
506,43
1496,43
7320,43
1873,43
12897,43
6875,43
6568,43
1244,43
10565,43
1090,43
6514,43
7761,43
5729,43
521,43
5528,43
7622,43
7768,43
1814,43
19379,44
18859,44
18038,44
17993,44
17853,44
17719,44
17710,44
17488,44
17340,44
16403,44
15918,44
14978,44
851,50
13704,44
12974,44
12717,44
12538,44
12205,44
11623,44
11435,44
9809,44
9497,44
9258,44
8919,44
8351,44
8217,44
7715,44
7065,44
6849,50
19702,44
6538,44
12661,44
6199,44
5919,44
5910,44
5876,44
5873,44
12133,44
11954,44
5533,44
5517,44
11598,44
11465,44
4812,44
11133,44
10874,44
376,44
9608,44
12663,44
12540,44
9288,44
9239,44
5949,44
12186,44
12172,44
2323,44
11892,44
1847,44
12727,44
3053,44
3042,44
9381,44
1228,44
4360,44
558,44
4774,44
5974,44
17965,62
5112,44
11657,44
12852,44
1039,44
1649,44
21553,45
21551,45
19515,45
19053,45
19045,45
18481,45
17440,45
7541,45
6709,64
19562,45
5815,45
5034,60
17887,45
11241,45
4644,45
11787,45
7544,45
1924,45
7322,46
11860,47
11841,47
11793,47
4075,47
2419,47
11829,47
547,47
1335,47
424,47
16679,48
16401,48
15934,48
15707,48
15299,48
11057,48
9580,48
9577,48
9074,48
7970,48
7746,48
7235,48
7146,48
7132,48
6861,48
6771,48
6761,48
5663,48
4344,48
3647,48
11,48
9578,48
15208,48
9422,48
1065,48
1059,48
9530,48
7776,48
2332,48
8912,48
1239,48
6147,49
21357,50
21287,50
21040,50
20945,50
20797,50
20311,50
20298,50
19799,50
19751,50
19441,50
19435,50
19343,50
19270,50
19241,50
18986,50
18223,50
18182,50
18138,50
17785,50
17784,50
17777,50
17576,50
17182,50
17178,50
17115,50
17004,50
16925,50
16923,50
16873,50
16700,50
16685,50
16444,50
16427,50
16026,50
15997,50
15894,50
15682,50
15600,50
14623,50
1541,60
14394,50
13189,50
12676,50
12305,50
11449,50
11143,50
11029,50
10950,50
10908,50
10883,50
10224,50
9487,50
9343,50
8327,50
14619,50
7824,50
20670,58
7817,50
14131,50
7494,50
7490,50
7482,50
7469,50
7319,50
496,50
13212,50
13194,50
13182,50
12699,50
6223,50
12629,50
12610,50
6103,50
6096,50
12356,50
12331,50
5750,50
5516,50
5377,50
11755,50
11748,50
11744,50
4908,50
11078,50
10872,50
10462,50
3993,50
3933,50
3920,50
3839,50
3833,50
3831,61
16684,50
3418,50
13006,64
153,50
3229,50
9539,50
12722,50
6070,50
2540,50
5723,60
18576,50
5442,50
2219,50
1835,50
1581,50
7993,50
10909,50
15655,61
2802,50
1118,50
2714,50
9027,50
4884,50
7305,50
1667,50
15276,50
1577,50
3161,50
748,50
2281,50
12973,50
2552,50
545,50
12146,50
11738,50
1291,50
3632,50
13211,50
7992,50
7443,50
4964,50
1354,50
4937,50
12965,50
3298,50
5665,50
844,50
6856,50
3336,50
3239,50
836,50
15979,51
12059,51
10233,51
9981,51
14697,51
8039,51
8010,51
7442,51
5071,51
6752,51
6723,51
3010,51
15970,55
3117,51
2936,51
19450,62
6597,51
9373,51
145,51
2942,51
1880,52
2467,52
8055,52
9423,53
21041,54
19860,54
19383,54
19297,54
19258,54
19180,54
18910,54
18882,54
18654,54
17973,54
17835,54
17798,54
17687,54
17559,54
17551,54
16677,54
16563,54
16304,54
15778,54
15664,54
15591,54
12822,54
12687,54
12679,54
12657,54
12592,54
12571,54
12483,54
12336,54
12274,54
12235,54
12147,54
12112,54
12102,54
11989,54
11960,54
11940,54
11934,54
11378,54
11268,54
11136,54
10971,54
10961,54
10849,54
10071,54
9920,54
9891,54
9833,54
9454,54
9332,54
9033,54
8734,54
21283,60
8430,54
8255,54
7895,54
7045,54
6818,54
6725,54
6497,54
6124,54
12509,54
12316,54
12101,54
11913,54
11891,54
5082,54
4586,54
4161,54
4145,54
3821,54
6695,54
2946,54
2945,54
15629,54
2769,54
8909,54
12083,54
5608,54
10066,54
362,54
3384,54
1678,54
14282,61
1429,54
1425,54
9338,54
7729,54
6616,54
3276,54
1679,54
10435,54
741,54
1500,54
9345,54
1584,54
3565,54
6604,54
7497,54
1676,54
21382,55
20946,55
19826,55
19113,55
18342,55
17847,55
16463,55
15967,55
12956,55
12350,55
11619,55
10992,55
10988,55
8996,55
7464,55
7332,55
6888,55
5946,55
712,55
10058,55
15769,58
2916,55
9059,55
12378,55
2505,55
1497,55
2126,55
735,55
447,55
10506,56
17422,57
11466,57
21337,58
21222,58
21196,58
20657,58
20432,58
19812,58
18997,58
17848,58
17661,58
17558,58
16911,58
16817,58
16719,58
16665,58
16590,58
16337,58
16219,58
16055,58
15482,58
12572,58
12255,58
11750,58
11700,58
11687,58
11565,58
11452,58
11424,58
11416,58
11340,58
11317,58
11306,58
11106,58
10964,58
10870,58
10600,58
10500,58
10427,58
10032,58
10027,58
9896,58
9652,58
15679,58
2826,58
9101,58
8893,58
8742,58
15153,58
8481,58
8317,58
8297,58
8286,58
7774,58
20529,62
7676,58
7462,58
534,58
6809,58
6711,58
6670,58
6458,58
6227,58
6187,58
6102,58
18955,58
5906,58
12239,58
5461,58
5316,58
4920,60
17773,58
10599,58
10597,58
10538,58
10094,58
3631,58
10040,58
13203,58
9605,58
18895,61
6042,58
5968,58
2488,58
5624,58
2234,58
3713,58
6783,58
13165,58
8339,60
21192,58
9930,58
13131,58
6680,58
8219,58
4892,58
14524,58
4775,58
1446,58
1438,58
1288,58
1284,58
2825,58
1225,58
2807,58
2613,58
12914,58
6299,58
6288,58
4517,58
10053,58
15259,58
5976,58
9994,58
5078,58
151,58
739,58
1633,58
10556,58
6325,60
19178,58
2437,58
21360,59
21199,59
20973,59
20668,59
20596,59
20468,59
20256,59
16668,59
16421,59
12824,59
12616,59
12362,59
10402,59
10235,59
9868,59
9827,59
7167,59
6235,59
11567,59
7076,59
9682,59
2440,59
3580,59
4801,59
10109,59
2781,59
15359,59
14517,59
1277,59
21286,60
21106,60
21047,60
20804,60
20646,60
20381,60
20135,60
19815,60
19790,60
18708,60
18606,60
16912,60
16848,60
16808,60
16480,60
16354,60
16342,60
15733,60
13032,60
12244,60
12182,60
12169,60
11990,60
11878,60
11758,60
11754,60
11128,60
11019,60
10963,60
10923,60
10856,60
10253,60
9647,60
9562,60
9334,60
8935,60
8488,60
8487,60
8335,60
8036,60
8017,60
7483,60
7212,60
6747,60
13118,60
6601,60
6496,60
6257,60
6232,60
6078,60
12079,60
12078,60
11967,60
11904,60
11622,60
11588,60
5015,60
11354,60
4901,60
4745,60
11132,60
10879,60
4258,60
10227,60
3771,60
202,60
212,60
9389,60
6149,60
2918,60
2834,60
2820,60
2691,60
12271,60
2567,60
12163,60
8814,60
5538,60
2227,60
2026,60
13110,60
1872,60
5050,60
41,60
11036,60
1375,60
2806,60
1157,60
1138,60
4337,60
1003,60
10598,60
11308,60
2479,60
15145,60
3900,60
680,60
2276,60
1355,60
8530,60
1258,60
10459,60
1528,60
1101,60
6679,60
1007,60
10008,60
6551,60
4930,60
2877,60
10089,60
12115,60
484,60
4404,60
18600,61
17113,61
15585,61
11282,61
11105,61
10877,61
10547,61
10085,61
9959,61
9618,61
9438,61
9284,61
15280,61
8846,61
8545,61
8227,61
8221,61
7864,61
7725,61
7707,61
7694,61
7245,61
7225,61
6577,61
6222,61
11643,61
11087,61
4505,61
4498,61
4374,61
7063,61
10222,61
10208,61
10180,61
3578,61
6590,61
9383,61
9371,61
12550,61
2920,61
9268,61
2664,61
2398,61
8797,61
2230,61
2198,61
10181,61
5300,61
407,61
406,61
404,61
9904,61
11510,61
1794,61
14629,61
6532,61
23,61
1526,61
1379,61
7690,61
7631,61
10805,61
12929,61
5351,61
3258,61
4023,61
369,61
7141,61
7358,61
8454,61
10054,61
3598,61
21215,62
20237,62
17795,62
17616,62
16819,62
16815,62
16347,62
16284,62
16221,62
16022,62
15834,62
12715,62
12624,62
10980,62
10974,62
10855,62
10601,62
9502,62
9278,62
8860,62
15205,62
8581,62
8394,62
6293,62
6181,62
6073,62
5993,62
12240,62
5744,62
12110,62
5438,62
5407,62
11685,62
11569,62
11549,62
4292,62
715,62
3840,62
9963,62
6641,62
169,62
6213,62
6105,62
2548,62
8892,62
15067,62
557,62
2112,62
8528,62
10097,62
3676,62
449,62
6848,62
167,62
1638,62
4788,62
1585,62
6179,62
1364,62
1245,62
1160,62
1137,62
4239,62
4216,62
998,62
7272,62
3994,62
1554,62
10381,62
4155,62
7735,62
1314,62
11733,62
1176,62
2750,62
3672,62
12153,62
9365,63
15897,64
15637,64
15283,64
12304,64
12185,64
12119,64
12114,64
12067,64
10162,64
9878,64
9671,64
9588,64
9044,64
8968,64
8908,64
8378,64
14551,64
8028,64
7297,64
6741,64
165,64
5086,64
4991,64
4613,64
3808,64
3807,64
6683,64
53,64
6295,64
2928,64
9240,64
9116,64
5721,64
5707,64
13204,64
1824,64
11433,64
5012,64
1382,64
4523,64
1170,64
1066,64
1820,64
1797,64
828,64
2908,64
776,64
6705,64
10163,64
7286,64
