21503,0
21382,0
20989,0
20946,0
20887,0
20757,0
20753,0
20682,0
20439,0
19975,0
19122,0
19092,0
19065,0
19006,0
18351,0
18332,0
18252,0
17880,0
17839,0
17822,0
17716,0
17643,0
17589,0
17342,0
17152,0
17137,0
17060,0
16885,0
16776,0
16589,0
16419,0
16332,0
16274,0
16159,0
16152,0
16123,0
15987,0
15967,0
15885,0
15636,72
2783,0
15580,0
2725,5
15578,0
15481,0
15471,0
2492,37
15345,0
15296,0
15226,0
15090,32
2237,0
14672,0
1457,5
14310,0
13958,72
1105,0
13721,44
868,0
410,11
13263,0
13242,68
389,0
13163,0
13136,0
12885,0
12755,0
12611,0
12573,0
12521,0
12473,0
12457,0
12383,0
12225,0
12117,0
12059,0
12044,0
12040,0
12010,0
11981,0
11970,0
11910,0
11726,0
11711,0
11522,0
11490,0
11349,0
11272,0
11252,0
11171,0
10989,0
10988,0
10834,0
10638,0
10551,0
10453,0
10434,0
10419,0
10328,0
10272,0
9981,0
9927,0
9874,0
9804,0
9733,0
9473,0
9445,0
9296,0
15568,0
15548,6
2695,0
9104,0
9048,0
15413,49
2560,0
15366,4
2513,0
15327,21
2474,0
15281,28
2428,0
21448,67
8595,0
14967,0
2114,0
21394,55
8541,0
21254,6
8401,0
21164,59
8311,0
21129,2
8276,0
21112,60
8259,0
1773,2
14626,0
8138,0
8039,0
1536,23
14389,0
7930,0
1461,6
14314,0
1359,30
14212,0
1293,48
14146,0
20334,18
7481,0
7442,0
20286,15
7433,0
7408,47
20261,0
20232,46
7379,0
7332,0
882,4
13735,0
6928,1
19781,0
19719,8
6866,0
13192,0
6764,0
13151,0
19475,23
6622,0
12917,54
64,0
19291,55
6438,0
6385,64
19238,0
6361,0
6277,0
6264,0
19073,1
6220,0
6217,0
6199,0
18811,33
5958,0
5835,14
18688,0
12236,0
12221,0
12132,0
18564,10
5711,0
5627,0
12016,0
11941,0
5345,0
5335,74
18188,0
5287,0
5272,0
11665,0
5141,0
17979,54
5126,0
11539,0
4956,29
17809,0
4922,28
17775,0
4910,54
17763,0
4894,0
17746,69
4893,0
17671,22
4818,0
17595,22
4742,0
4708,0
11113,0
11100,0
17163,66
4310,0
10625,0
10541,0
4103,0
10414,0
3973,55
16826,0
3865,24
16718,0
3856,0
3846,0
3843,0
16681,50
3828,0
3790,0
16611,47
3758,0
3721,17
16574,0
13261,39
408,0
16472,35
3619,0
13262,10
409,0
10015,0
10000,0
346,50
13199,0
13214,7
361,0
6757,0
6752,0
9884,0
16314,42
3461,0
6655,0
3425,0
16278,0
3420,0
6581,0
66,15
12919,0
12900,22
47,0
16037,24
3184,0
9560,0
3098,50
15951,0
12697,0
6274,23
19127,0
3062,0
15876,46
3023,0
2959,0
15769,21
2916,0
2915,41
15768,0
9328,0
12462,0
2838,27
15691,0
2757,67
15610,0
15579,0
5932,0
2729,0
15560,0
9139,0
9059,0
9032,0
15462,50
2609,0
15397,34
2544,0
12164,0
15325,0
8903,0
2475,0
2417,55
15270,0
5596,0
5586,0
12003,0
18432,52
5579,0
18309,32
5456,0
8670,39
21523,0
11837,0
2206,0
6841,0
16460,47
3607,0
6748,0
9952,0
3526,0
9928,0
6689,0
3483,76
16336,0
1787,0
11393,0
16185,74
3332,0
12962,29
109,0
19341,30
6488,0
59,78
12912,0
81,0
12878,0
36,35
12889,0
1620,0
9637,0
3199,66
16052,0
3204,0
1572,0
20817,48
7964,0
15970,22
3117,0
7870,0
6246,0
4648,0
12600,0
1339,0
9234,0
12378,0
9175,0
4328,0
1104,0
1103,0
8306,0
9098,0
9867,0
14679,0
1024,0
17076,50
4223,0
13037,0
1816,0
10640,0
15448,0
13045,0
16233,22
3380,0
983,0
2505,0
8055,0
18436,14
5583,0
3937,0
3910,0
2297,0
15944,15
3091,0
7085,0
2952,0
14168,35
1315,0
6914,43
19767,0
12532,0
18157,22
5304,0
18514,13
5661,0
27,23
12880,0
16449,19
3596,0
10025,0
13243,40
390,0
372,54
13225,0
12397,0
9194,0
13197,0
8396,0
4774,0
3971,23
16824,0
16392,35
3539,0
13187,0
334,0
4338,64
17191,0
4304,28
17157,0
299,0
16258,57
3405,0
4410,0
7428,0
963,0
20234,6
7381,0
15804,76
2951,0
3751,13
16604,0
130,0
145,0
922,0
17972,48
5119,0
272,0
12908,0
15598,0
12162,0
4739,0
3228,0
2953,0
11752,0
2810,0
16872,1
4019,0
852,0
21357,1
21287,1
21228,1
21071,1
21040,1
20945,1
20797,1
20396,1
20311,1
20298,1
19833,1
19831,1
19799,1
19751,1
19441,1
19435,1
19343,1
19270,1
19241,1
18986,1
18223,1
18182,1
17837,1
17785,1
17784,1
17777,1
17576,1
17182,1
17178,1
17146,1
17115,1
17007,1
17004,1
16925,1
16923,1
16873,1
16700,1
16685,1
16444,1
16427,1
16136,1
16091,1
15997,1
15894,1
15682,1
2819,14
15672,1
15600,1
15387,13
2534,1
14982,1
14623,1
14537,66
1684,1
1541,7
14394,1
13704,22
851,1
13189,1
232,72
13085,1
12676,1
12305,1
11968,1
11449,1
11143,1
11041,1
11029,1
10950,1
10908,1
10883,1
10843,1
10432,1
10224,1
10049,1
9487,1
9343,1
9100,1
15077,35
2224,1
8555,41
21408,1
8512,1
21362,13
8509,1
8359,1
8327,1
8220,24
21073,1
14619,1
8020,1
7997,1
20725,47
7872,1
7824,1
20670,11
7817,1
20666,50
7813,1
14131,1
7604,8
20457,1
7494,1
7490,1
7482,1
7469,1
7319,1
7126,1
7027,5
19880,1
6860,21
19713,1
19702,69
6849,1
13212,1
13210,1
13194,1
13182,1
214,30
13067,1
6629,3
19482,1
6595,8
19448,1
12949,24
96,1
6473,1
12699,1
6223,1
12639,1
12629,1
12620,1
12610,1
6135,36
18988,1
6103,1
6096,1
18945,16
6092,1
12454,1
12356,1
12331,1
5750,1
18563,13
5710,1
5516,1
5481,14
18334,1
5447,10
18300,1
11755,1
11748,1
11744,1
17897,62
5044,1
4908,1
4798,47
17651,1
11078,1
17432,31
4579,1
10928,1
17330,46
4477,1
10872,1
4369,1
17196,55
4343,1
10462,1
16852,55
3999,1
3993,1
3933,1
3920,1
7115,59
19968,1
3874,11
16727,1
3839,1
3833,1
3831,30
16684,1
16650,62
3797,1
6830,23
19683,1
3542,52
16395,1
16275,17
3422,1
3418,1
16269,17
3416,1
143,29
12996,1
6575,3
19428,1
13006,3
153,1
12988,22
135,1
9763,1
6498,19
19351,1
3229,1
9539,1
9526,1
12722,1
9472,1
6070,1
15404,47
2551,1
18610,6
5757,1
15396,4
2543,1
2540,1
5723,7
18576,1
2471,70
15324,1
5671,1
8771,1
15121,47
2268,1
5442,1
2219,1
8558,8
21411,1
1835,1
6598,68
19451,1
16076,76
3223,1
9640,1
1581,1
3176,24
16029,1
11196,1
7993,1
7958,20
20811,1
10909,1
6065,1
7650,1
9246,1
15655,30
2802,1
17264,4
4411,1
3517,13
16370,1
1118,1
2714,1
8258,1
16270,62
3417,1
16266,6
3413,1
9027,1
16247,50
3394,1
12203,1
4172,55
17025,1
4884,1
7305,1
1667,1
15276,1
1577,1
9582,1
3161,1
748,1
16801,6
3948,1
7913,61
20766,1
3085,1
2281,1
1477,1
12973,1
2552,1
5352,24
18205,1
545,1
125,1
12978,1
12146,1
11738,1
1291,1
6873,1
8064,1
20917,1
3632,1
4787,64
17640,1
353,58
13206,1
13211,1
3168,4
16021,1
7992,1
3129,1
12719,1
7443,1
4964,1
1354,1
5357,22
18210,1
142,48
12995,1
4937,1
12965,1
3298,1
14201,1
5665,1
844,1
6856,1
3336,1
3239,1
836,1
17771,58
4918,1
7749,1
4021,23
16874,1
2013,1
21261,2
20264,2
18917,2
18403,2
18389,2
17277,2
17123,2
17036,2
16759,2
16097,2
15932,2
2850,21
15703,2
14928,2
1759,60
14612,2
12827,2
12725,2
12460,2
12216,2
11789,2
11639,2
11285,2
10959,2
10811,2
10318,2
10173,2
9197,2
9156,2
9155,2
8866,2
21359,15
8506,2
8435,2
7427,2
7322,2
13168,55
315,2
311,2
13113,11
260,2
6434,2
19170,23
6317,2
6267,2
6189,25
19042,2
12605,2
5985,2
18721,23
5868,2
18565,55
5712,2
5585,22
18438,2
5563,2
5520,2
5505,2
5363,2
5234,2
5190,2
11597,2
18028,6
5175,2
5077,19
17930,2
11242,2
4640,2
4621,2
4425,2
4339,2
10662,2
10590,2
4160,2
4088,5
16941,2
7196,2
7161,2
736,2
7077,35
19930,2
7024,2
6993,2
552,2
3649,15
16502,2
16206,23
3353,2
12551,2
6090,2
6054,2
9181,2
18646,17
5793,2
2569,2
2550,2
5582,67
18435,2
8689,2
2238,35
15091,2
18296,43
5443,2
5431,2
486,2
1960,2
14755,17
1902,2
13142,2
6721,2
5092,2
3320,50
16173,2
1682,2
19263,49
6410,2
11192,2
7901,2
6163,2
9294,2
1211,2
4363,60
17216,2
1885,2
4227,69
17080,2
176,2
10473,2
1588,2
16837,41
3984,2
9563,2
5500,2
10315,2
6944,2
8943,2
2898,2
16094,37
3241,2
15213,2
10398,2
1966,2
9977,2
9926,2
16367,37
3514,2
18686,14
5833,2
3396,2
19410,21
6557,2
9738,2
11497,2
8162,2
20557,18
7704,2
4135,54
16988,2
13060,2
1201,2
21275,15
8422,2
4043,2
20514,3
16890,3
16858,3
16836,3
16795,3
16679,3
16401,3
15934,3
15902,3
15759,3
15708,3
15707,3
2849,35
15702,3
15299,3
2344,22
15197,3
2340,35
15193,3
14622,6
1769,3
1696,47
14549,3
371,47
13224,3
12580,3
12304,3
12184,3
11930,3
11057,3
10611,3
10542,3
10439,3
10402,3
10243,3
9936,3
9902,3
9827,3
9588,3
9577,3
9547,3
15624,46
2771,3
15496,3
9074,3
9044,3
8968,3
8928,3
15335,28
2482,3
8898,3
15250,28
2397,3
8808,3
8785,3
2304,23
15157,3
8378,3
14551,3
8028,3
7746,3
7657,3
20341,47
7488,3
7385,3
20132,15
7279,3
7277,3
20119,21
7266,3
7167,3
20001,50
7148,3
722,3
7132,3
6761,3
6730,3
19500,9
6647,3
6235,3
5938,3
18554,49
5701,3
18355,28
5502,3
11756,3
11628,3
11476,3
17753,23
4900,3
17674,26
4821,3
4613,3
17305,55
4452,3
17251,37
4398,3
4389,3
4344,3
4240,3
4193,3
3985,42
16838,3
3864,72
16717,3
3800,31
16653,3
3787,3
3763,3
554,3
6683,3
13059,3
53,3
9613,3
9477,3
9354,3
2928,3
6130,3
2927,22
15780,3
2856,70
15709,3
9272,3
9271,3
9116,3
2440,3
15208,3
8768,3
14934,3
13276,58
423,3
19680,23
6827,3
13204,3
3580,3
11433,3
5012,3
14569,21
1716,3
14550,3
4801,3
9587,3
7861,3
9422,3
1382,3
7681,3
1234,3
7498,3
1065,3
1797,3
10610,3
12940,4
87,3
17633,37
4780,3
16797,73
3944,3
9530,3
8724,3
3080,22
15933,3
1483,3
7776,3
2908,3
7732,3
10109,3
2447,36
15300,3
19655,32
6802,3
2781,3
4056,55
16909,3
6572,3
1345,3
5720,3
9117,3
7320,3
21354,17
8501,3
12897,3
8912,3
1341,3
8426,3
1277,3
16527,57
3674,3
19654,22
6801,3
7768,3
18540,52
5687,3
21576,4
20769,4
20039,4
20013,4
20012,4
19786,4
18504,4
18467,4
18222,4
17986,4
17916,4
17876,4
17748,4
17619,4
17422,4
17212,4
17148,4
17053,4
16932,4
16772,4
16098,4
16088,4
16086,4
2722,34
15575,4
15478,4
2073,77
14926,4
2012,68
14865,4
904,44
13757,4
13170,49
317,4
12775,4
12759,4
12751,4
12728,4
12691,4
12660,4
11854,4
11466,4
11251,4
11236,4
11210,4
11048,4
10742,4
10738,4
10703,4
10371,4
10361,4
10335,4
9905,4
9352,4
15468,4
8835,4
8685,47
21538,4
8676,4
8608,4
8478,4
8453,4
14872,4
2006,16
14859,4
21195,67
8342,4
8234,4
8151,4
8126,4
8108,4
7942,35
20795,4
7767,4
7636,30
20489,4
7596,4
20401,73
7548,4
7355,4
679,57
13532,4
13282,4
6819,4
13200,4
13157,72
304,4
6382,4
12797,4
19022,10
6169,4
12555,4
12469,4
12398,4
5900,4
5789,4
5713,47
18566,4
18407,12
5554,4
5470,75
18323,4
5429,4
11847,4
18065,6
5212,4
5117,4
11239,4
11237,4
11177,4
4604,37
17457,4
16973,55
4120,4
4113,52
16966,4
7129,64
19982,4
10313,4
3768,70
16621,4
19773,19
6920,4
3491,4
246,4
220,4
3266,57
16119,4
22,22
12875,4
3249,4
12834,4
6310,60
19163,4
15924,42
3071,4
2999,4
2983,4
6119,4
5964,4
5788,4
2578,4
5734,4
2531,64
15384,4
5474,4
15055,44
2202,4
8623,4
8615,4
6982,4
14960,67
2107,4
21302,15
8449,4
378,34
13231,4
14842,4
1918,78
14771,4
7899,4
3063,4
4623,4
7825,4
7632,54
20485,4
9210,4
5105,21
17958,4
1088,4
1023,4
2568,6
15421,4
686,6
13539,4
697,4
16600,28
3747,4
6525,78
19378,4
16917,8
4064,4
7679,33
20532,4
15217,4
9192,4
6758,4
20927,7
8074,4
16005,55
3152,4
525,4
2517,4
15416,4
2956,4
9761,4
14875,4
1917,4
6639,76
19492,4
20262,5
19371,5
19167,5
18924,5
18050,5
17523,5
17246,5
17089,5
16285,5
16251,5
16188,5
16133,5
15510,5
1965,64
14818,5
13790,53
937,5
699,60
13552,5
12810,5
12785,5
12413,5
12259,5
11848,5
11794,5
11746,5
11284,5
11234,5
10796,5
10755,5
10710,5
10416,5
10359,5
10356,5
9822,5
9745,5
9423,5
9299,5
9217,5
8629,5
21431,15
8578,5
21227,23
8374,5
8068,5
7710,5
7100,5
19933,7
7080,5
6981,5
6483,5
12648,5
12523,5
18944,33
6091,5
12435,5
5909,5
5905,5
5819,5
5792,5
11832,5
11817,5
11798,5
5360,5
5269,5
11256,5
11228,5
4768,5
4689,5
17519,37
4666,5
17260,52
4407,5
10354,5
16678,41
3825,5
7020,5
16615,18
3762,5
16465,47
3612,5
16417,32
3564,5
16386,23
3533,5
12846,5
6352,5
15984,11
3131,5
15981,48
3128,5
15964,66
3111,5
15920,22
3067,5
3007,5
12480,5
5945,5
2558,21
15411,5
15409,5
5742,61
18595,5
8760,5
8728,5
8678,5
11864,5
2228,5
10191,5
1735,5
3219,5
6369,5
11193,5
4740,68
17593,5
15956,33
3103,5
15896,38
3043,5
15854,46
3001,5
4431,16
17284,5
9218,5
20421,73
7568,5
3482,5
15523,5
9880,5
8204,5
2565,5
4100,13
16953,5
13739,5
4052,5
10321,5
20618,69
7765,5
3688,5
2064,5
16437,61
3584,5
15550,5
9781,5
3360,10
16213,5
4127,5
4125,14
16978,5
3133,5
5223,5
3122,5
21480,6
21474,6
21352,6
21266,6
21240,6
21237,6
21218,6
21136,6
21135,6
21038,6
21032,6
20975,6
20735,6
20711,6
20668,6
20640,6
20593,6
20558,6
20395,6
20385,6
20376,6
20314,6
20310,6
20228,6
20118,6
19915,6
19887,6
18816,6
18120,6
17712,6
17655,6
17489,6
16825,6
16809,6
16800,6
16655,6
16551,6
16385,6
15819,6
2779,36
15632,6
15558,6
15119,19
2266,6
13092,6
211,54
13064,6
12645,6
12520,6
11320,6
11115,6
10924,6
10851,6
10099,6
9973,6
9405,6
9378,6
9364,6
9316,6
2773,35
15626,6
9049,6
8946,6
8865,6
8793,6
8750,6
8740,6
8738,6
15126,23
2273,6
8636,52
21489,6
2153,35
15006,6
2149,18
15002,6
15000,6
8577,60
21430,6
2130,12
14983,6
8493,24
21346,6
14900,37
2047,6
8409,6
21262,6
8399,65
21252,6
8320,30
21173,6
8313,17
21166,6
7843,6
7752,65
20605,6
1238,57
14091,6
7449,11
20302,6
7338,56
20191,6
20129,56
7276,6
7259,34
20112,6
7190,6
19927,27
7074,6
6779,6
6738,6
6273,6
12596,6
6146,6
6048,6
6017,6
18870,6
5950,6
18765,42
5912,6
18754,42
5901,6
12231,6
5680,6
11976,6
5464,6
5426,6
5314,6
5299,16
18152,6
11633,6
5029,6
17673,24
4820,6
4777,28
17630,6
10897,6
17171,74
4318,6
17129,37
4276,6
4141,6
20045,55
7192,6
19986,37
7133,6
3867,6
3784,6
3755,11
16608,6
3669,70
16522,6
3667,6
9810,6
6129,6
5967,6
2751,6
5894,6
9066,6
2590,6
5749,48
18602,6
15312,24
2459,6
15221,6
2182,6
2042,6
3624,6
420,6
5215,50
18068,6
21203,11
8350,6
8236,6
19344,36
6491,6
45,54
12898,6
1569,6
1543,6
4729,6
14313,68
1460,6
1467,6
1452,6
1317,6
7734,6
7733,52
20586,6
7709,35
20562,6
14093,6
1251,6
18863,57
6010,6
1177,6
4351,6
1134,6
21193,71
8340,6
1122,6
7500,55
20353,6
21123,50
8270,6
14417,18
1564,6
762,47
13615,6
3960,8
16813,6
11977,6
4732,6
19136,10
6283,6
1344,6
9333,6
6504,60
19357,6
17347,69
4494,6
6814,21
19667,6
16457,8
3604,6
3575,30
16428,6
3582,6
3946,21
16799,6
1135,6
1111,6
2693,6
456,6
8184,53
21037,6
3961,54
16814,6
9372,6
533,6
19386,47
6533,6
10946,6
7398,60
20251,6
13717,6
7362,19
20215,6
10564,6
8060,9
20913,6
16583,57
3730,6
3629,6
21191,32
8338,6
818,6
17073,16
4220,6
21447,7
21286,7
21106,7
21047,7
20804,7
20712,7
20646,7
20381,7
19815,7
19790,7
18719,7
18606,7
16912,7
16848,7
16480,7
16342,7
15733,7
13032,7
12244,7
12182,7
12169,7
11990,7
11878,7
11758,7
11754,7
11683,7
11578,7
11128,7
11019,7
10963,7
10923,7
10856,7
9647,7
9334,7
9003,7
8935,7
8488,7
8487,7
8430,19
21283,7
8388,7
8361,24
21214,7
8335,7
21142,18
8289,7
8036,7
20883,71
8030,7
8017,7
7816,33
20669,7
20583,67
7730,7
7627,22
20480,7
7439,7
6747,7
13118,7
6496,7
6271,7
6257,7
6232,7
6078,7
12079,7
12078,7
11967,7
11904,7
11622,7
11588,7
17925,26
5072,7
17887,18
5034,7
11354,7
17773,21
4920,7
4901,7
4745,7
11132,7
10973,7
10879,7
4258,7
4035,49
16888,7
16865,15
4012,7
3952,7
16725,18
3872,7
10227,7
10211,7
3771,7
3192,50
16045,7
9605,7
6243,7
6211,7
9389,7
6149,7
2918,7
2820,7
15607,42
2754,7
2691,7
12271,7
2645,7
15455,72
2602,7
2567,7
12163,7
8814,7
5538,7
11877,7
5454,47
18307,7
2227,7
2026,7
21192,11
8339,7
13110,7
1872,7
5051,7
5050,7
4914,7
20900,23
8047,7
11058,7
11036,7
15719,23
2866,7
1192,7
1157,7
1138,7
4337,7
1003,7
10598,7
11308,7
2479,7
837,7
16853,31
4000,7
11153,7
15145,7
16762,63
3909,7
3900,7
680,7
2276,7
3740,7
8530,7
17357,55
4504,7
1258,7
10459,7
3977,7
1007,7
10008,7
4554,7
21190,51
8337,7
19373,50
6520,7
2877,7
17929,27
5076,7
10089,7
7762,7
16995,50
4142,7
16533,17
3680,7
484,7
859,7
19178,11
6325,7
4404,7
4819,32
17672,7
20114,24
7261,7
19959,8
19839,8
19769,8
19379,8
19208,8
17455,8
17343,8
17333,8
17015,8
16688,8
16622,8
16429,8
2742,58
15595,8
15543,8
15037,8
2151,19
15004,8
13139,8
13039,55
186,8
12861,8
11638,8
11627,8
11255,8
11104,8
11056,8
10750,8
10619,8
10559,8
10508,8
8802,8
8748,8
8705,8
8688,55
21541,8
2196,28
15049,8
15013,8
8567,8
8490,35
21343,8
8197,16
21050,8
7831,8
7810,8
13753,8
19766,49
6913,8
6874,36
19727,8
157,8
37,21
12890,8
12857,8
12767,8
6218,8
5934,8
5222,24
18075,8
17950,33
5097,8
17701,54
4848,8
11166,8
11086,8
10809,8
4365,8
10767,8
4229,36
17082,8
19737,57
6884,8
3520,8
6556,24
19409,8
3180,8
16006,72
3153,8
15968,24
3115,8
15960,14
3107,8
9398,8
9392,8
9279,8
2833,8
2818,8
8603,8
3694,8
2097,8
19681,22
6828,8
3592,8
237,55
13090,8
21077,17
8224,8
134,47
12987,8
11335,8
3263,8
1626,8
20837,18
7984,8
4765,59
17618,8
1480,8
20708,60
7855,8
4615,8
1406,8
2660,8
17054,69
4201,8
7407,8
7318,8
7199,8
11201,8
4748,47
17601,8
704,8
3094,8
1335,8
820,8
7184,38
20037,8
9893,8
3472,8
11385,8
9769,8
8117,8
932,8
3302,8
16155,8
20230,9
19480,9
18014,9
17707,9
17568,9
17298,9
17236,9
2813,74
15666,9
13255,31
402,9
11866,9
10773,9
10584,9
9953,9
9704,9
9559,9
9450,9
9203,9
15424,9
8978,9
21491,68
8638,9
7071,9
7032,9
249,9
42,9
6128,9
5611,55
18464,9
5598,9
5565,67
18418,9
5382,9
11753,9
18048,15
5195,9
5148,68
18001,9
5139,9
4941,9
17677,24
4824,9
17258,62
4405,9
10760,9
10734,9
10613,9
10586,9
4115,25
16968,9
10505,9
10449,9
10403,9
7111,47
19964,9
13462,9
10122,9
13271,9
3559,9
3155,9
3051,9
9163,9
8961,9
12152,9
15095,9
18111,57
5258,9
6407,9
3166,9
7873,9
4617,68
17470,9
18810,42
5957,9
6677,9
5880,9
10506,9
3748,9
7226,17
20079,9
8206,9
7304,9
7311,9
15797,60
2944,9
21574,10
21469,10
21130,10
20159,10
19083,10
18549,10
18488,10
18479,10
18465,10
18362,10
17128,10
16488,10
16304,10
16150,10
15616,57
2763,10
13321,10
13175,19
322,10
12687,10
12657,10
12627,10
12592,10
12571,10
12483,10
12336,10
12274,10
12246,10
12235,10
12197,10
12147,10
12125,10
12112,10
12106,10
12102,10
11960,10
11940,10
11934,10
11907,10
11602,10
11508,10
10845,10
10721,10
10289,10
9779,10
9642,10
9557,10
9142,10
8684,10
8543,10
8314,10
1789,36
14642,10
8134,10
14547,35
1694,10
7394,53
20247,10
13105,10
13078,57
225,10
12774,10
12732,10
12694,10
12509,10
6051,60
18904,10
5973,10
12316,10
12229,10
12131,10
12122,10
12101,10
5667,54
18520,10
11913,10
5453,10
11831,10
5410,10
11322,10
17311,22
4458,10
10873,10
4199,46
17052,10
690,35
13543,10
7075,10
19864,47
7011,10
10213,10
405,30
13258,10
3554,68
16407,10
6694,10
12731,10
3092,10
12696,10
12632,10
2027,10
1995,10
13024,10
6506,41
19359,10
4881,10
38,17
12891,10
2963,13
15816,10
15410,10
17027,52
4174,10
8114,10
12091,10
3243,28
16096,10
4700,10
6957,76
19810,10
12514,10
13008,10
3345,10
16985,62
4132,10
16555,33
3702,10
233,10
20432,11
19812,11
19466,11
19440,11
19365,11
18832,11
17975,11
17848,11
17661,11
17558,11
16911,11
16719,11
16337,11
16244,11
15482,11
13138,11
12572,11
12569,11
12255,11
12035,11
11687,11
11424,11
11340,11
11306,11
11018,11
10964,11
10884,11
10870,11
10600,11
10427,11
10032,11
10027,11
9970,11
9965,11
9937,11
9896,11
9652,11
9475,11
15679,11
2826,11
9113,11
8893,11
15153,11
8635,68
21488,11
15020,49
2167,11
21412,15
8559,11
8317,11
8297,11
8291,11
8286,11
14540,11
7774,11
20529,59
7676,11
7462,11
20241,28
7388,11
7048,11
534,11
388,11
6809,11
6798,42
19651,11
6701,11
19534,50
6681,11
19447,55
6594,11
19375,71
6522,11
6227,11
6102,11
18955,11
12506,11
5906,11
12239,11
5461,11
17896,37
5043,11
10597,11
10538,11
4065,75
16918,11
3997,54
16850,11
3954,23
16807,11
10094,11
3631,11
10040,11
3579,75
16432,11
3569,17
16422,11
6621,37
19474,11
6313,11
9525,11
9428,11
18895,47
6042,11
5968,11
2761,11
15553,30
2700,11
2518,11
2488,11
2429,11
3713,11
11689,11
10046,11
21301,24
8448,11
21300,71
8447,11
6783,11
13131,11
13093,11
6672,11
8219,11
17825,57
4972,11
4938,43
17791,11
14524,11
8027,11
3163,79
16016,11
1449,11
1446,11
14154,22
1301,11
1288,11
1284,11
2825,11
1225,11
2807,11
20474,50
7621,11
17238,25
4385,11
2613,11
12914,11
18398,47
5545,11
6288,11
7092,11
2924,33
15777,11
5313,60
18166,11
10925,11
1643,11
10053,11
15259,11
17273,55
4420,11
5984,11
5976,11
9994,11
18354,17
5501,11
5078,11
4361,11
539,11
2519,11
1271,11
739,11
10556,11
1328,11
2437,11
21401,12
19069,12
18861,12
18768,12
18071,12
17738,12
16961,12
12604,12
12250,12
11468,12
11406,12
9607,12
15028,48
2175,12
8544,12
2056,24
14909,12
8438,53
21291,12
21051,22
8198,12
20790,55
7937,12
7386,12
377,12
5810,37
18663,12
4175,30
17028,12
3640,64
16493,12
2950,49
15803,12
12209,12
18604,68
5751,12
8632,12
12790,12
1445,21
14298,12
2958,55
15811,12
3970,12
11118,12
9025,12
5899,47
18752,12
16130,69
3277,12
8080,12
21386,13
21360,13
21199,13
20256,13
18483,13
17964,13
17922,13
17900,13
16662,13
16421,13
16363,13
16207,13
16141,13
15980,13
15908,13
14860,13
1047,47
13900,13
12829,13
12783,13
11855,13
11220,13
10284,13
10235,13
9229,13
9187,13
9160,13
9127,13
8777,13
8644,13
8614,13
8611,13
8125,13
7970,13
7008,13
6771,13
71,35
12924,13
9,30
12862,13
6372,13
6349,13
6341,13
5644,30
18497,13
11859,13
11850,13
5264,13
5188,13
11227,13
11168,13
4574,13
4149,13
4094,13
4089,13
19856,24
7003,13
6999,13
3788,61
16641,13
3480,13
3456,13
11,13
6358,13
6356,13
2962,13
12463,13
9189,13
2574,69
15427,13
12179,13
5594,13
21521,76
8668,13
8619,13
5257,13
5219,13
16339,24
3486,13
5048,21
17901,13
9741,13
49,13
17463,76
4610,13
2961,13
2960,13
7686,13
3468,13
1059,13
17071,62
4218,13
4092,13
4085,13
10349,13
8702,13
3322,47
16175,13
6708,28
19561,13
8155,13
4123,13
920,13
899,13
883,13
9177,13
4562,13
15380,13
541,13
887,13
18865,14
18744,14
18466,14
18430,14
18257,14
17927,14
17776,14
17563,14
17411,14
17301,14
17097,14
16979,14
16194,14
15855,14
15620,26
2767,14
13096,14
12442,14
10334,14
8432,57
21285,14
14785,52
1932,14
14178,14
14099,19
1246,14
20210,47
7357,14
19572,24
6719,14
6436,14
5998,55
18851,14
12213,14
5576,59
18429,14
5566,59
18419,14
11233,14
10744,14
4041,14
3777,47
16630,14
3492,14
15881,67
3028,14
2971,14
15808,74
2955,14
15807,32
2954,14
15617,72
2764,14
15179,14
2326,14
8696,14
2259,30
15112,14
5231,14
6402,69
19255,14
3894,60
16747,14
13285,14
5573,70
18426,14
1761,14
2542,14
1916,14
977,14
16200,72
3347,14
20116,64
7263,14
3315,14
1347,14
21436,15
21414,15
21385,15
21378,15
21356,15
21336,15
21330,15
21298,15
21264,15
21211,15
21179,15
21165,15
21109,15
21103,15
21095,15
21055,15
21036,15
20954,15
20937,15
20915,15
20822,15
20715,15
20706,15
20628,15
20569,15
20463,15
20332,15
20324,15
20309,15
20299,15
20273,15
20269,15
20249,15
20233,15
20221,15
20213,15
20189,15
20187,15
20166,15
20151,15
19254,15
19174,15
18052,15
17034,15
17032,15
15800,15
15515,15
15265,15
14882,37
2029,15
13714,24
861,15
13014,15
12266,15
12211,15
12005,15
10907,15
10130,15
8890,15
8563,55
21416,15
21393,50
8540,15
8472,47
21325,15
8428,47
21281,15
8264,24
21117,15
8262,15
7994,15
7980,43
20833,15
20679,49
7826,15
7821,15
7726,15
7531,45
20384,15
7413,35
20266,15
7382,54
20235,15
7370,19
20223,15
7354,22
20207,15
7264,15
20117,15
6586,15
6047,15
5402,15
5055,15
4850,68
17703,15
3968,15
3860,15
3782,48
16635,15
3775,44
16628,15
6935,24
19788,15
494,15
6840,15
196,15
160,15
19307,36
6454,15
8976,15
8972,15
2394,57
15247,15
15079,15
2236,15
2205,15
2055,15
14752,15
1764,15
14,15
20840,19
7987,15
7948,32
20801,15
1381,15
2862,55
15715,15
17180,43
4327,15
7505,23
20358,15
7487,41
20340,15
986,15
976,15
1529,15
19981,57
7128,15
6297,15
3349,57
16202,15
5358,15
6790,15
4376,15
1108,15
7517,29
20370,15
7491,23
20344,15
2619,15
1727,15
17155,78
4302,15
8520,23
21373,15
8294,15
93,15
2133,15
12150,15
1205,15
7308,33
20161,15
7438,60
20291,15
20465,16
20034,16
19293,16
18774,16
17728,16
17117,16
13458,16
13003,16
139,29
12992,16
11211,16
10048,16
9314,16
9147,16
8704,22
21557,16
8089,16
7809,46
20662,16
16649,24
3796,16
518,16
3378,16
2853,16
8806,16
8416,16
982,16
754,16
7966,16
835,63
13688,16
3572,16
4735,16
7102,37
19955,16
5870,16
918,16
21437,17
21413,17
21324,17
21315,17
21081,17
21044,17
21014,17
20988,17
20784,17
20776,17
20639,17
20548,17
20533,17
20450,17
20448,17
20442,17
20414,17
20391,17
20368,17
20339,17
20252,17
20217,17
20181,17
19742,17
18769,17
18627,17
16735,17
16584,17
16569,17
16350,17
16311,17
16263,17
15886,17
2787,35
15640,17
15211,17
15141,17
14504,44
1651,17
40,54
12893,17
11528,17
11470,17
11283,17
11060,17
10529,17
10430,17
10393,17
9860,17
9825,17
9115,17
9091,17
8997,17
8745,17
8637,58
21490,17
8598,52
21451,17
8582,65
21435,17
2109,75
14962,17
8406,47
21259,17
8226,17
8051,27
20904,17
8048,17
8032,65
20885,17
7972,33
20825,17
7836,17
7818,43
20671,17
7682,35
20535,17
7593,22
20446,17
7514,57
20367,17
13890,17
7447,37
20300,17
7367,68
20220,17
7312,55
20165,17
7244,17
6789,44
19642,17
6765,17
12866,74
13,17
19290,46
6437,17
6134,17
6094,17
18867,55
6014,17
5926,17
11896,17
11635,17
11481,17
11475,17
4755,17
4330,17
4178,20
17031,17
3701,76
16554,17
3637,59
16490,17
3585,17
9985,17
9576,17
9519,17
12664,17
12619,17
6198,17
6165,17
15695,17
2839,23
15692,17
15594,17
15570,17
12296,17
2659,17
15489,17
8979,17
15336,23
2483,17
2253,17
15053,17
3770,55
16623,17
8588,39
21441,17
11721,17
2089,17
3507,50
16360,17
11359,17
1688,17
6466,17
7983,54
20836,17
4472,17
1181,17
12346,17
7539,68
20392,17
7484,22
20337,17
6591,17
968,17
10532,17
74,17
4014,17
3996,17
5556,17
19966,23
7113,17
2279,17
7083,17
4955,24
17808,17
8970,17
1722,17
6115,17
8005,17
10411,17
1178,17
774,17
3571,58
16424,17
1096,17
1070,17
1853,17
3430,55
16283,17
3377,33
16230,17
1644,17
8868,17
2433,17
7353,19
20206,17
2929,23
15782,17
1087,17
21553,18
21551,18
21403,18
21388,18
21248,18
21176,18
21113,18
21028,18
20918,18
20826,18
20791,18
20412,18
20393,18
20304,18
20226,18
19571,18
19515,18
19053,18
19045,18
18481,18
17440,18
16913,18
16698,18
16664,18
16642,18
16619,18
16585,18
16546,18
16545,18
16380,18
16324,18
16315,18
16246,18
15969,18
15833,18
15822,18
15753,18
15723,18
15348,18
2173,56
15026,18
11705,18
10282,18
10280,18
9728,18
9417,18
8322,57
21175,18
8209,18
8163,47
21016,18
7954,59
20807,18
7757,18
20496,76
7643,18
7541,18
6972,18
13292,72
439,18
13291,27
438,18
6709,35
19562,18
6601,18
12935,42
82,18
6494,18
6335,18
18732,67
5879,18
5815,18
5243,26
18096,18
11241,18
4657,18
4644,18
4439,41
17292,18
10688,18
3817,60
16670,18
6872,18
416,68
13269,18
3634,70
16487,18
2827,37
15680,18
9158,18
15386,18
11787,18
8475,18
8293,22
21146,18
8087,18
2979,52
15832,18
1210,18
1124,18
7544,18
16327,19
3474,18
6583,18
7317,30
20170,18
2538,49
15391,18
1924,18
3441,40
16294,18
19935,19
19860,19
19383,19
19180,19
18910,19
18217,19
17835,19
17810,19
17687,19
17551,19
16677,19
16523,19
15778,19
15717,19
15503,72
2650,19
15144,23
2291,19
12339,19
11619,19
11477,19
11378,19
11243,19
11136,19
10971,19
10961,19
10918,19
10146,19
10071,19
10042,19
9891,19
9833,19
9497,19
9454,19
9033,19
8514,19
21140,24
8287,19
7895,19
20531,32
7678,19
7045,19
6818,19
6725,19
6697,19
6497,19
6427,43
19280,19
6368,19
12068,19
18462,77
5609,19
11997,19
5281,19
5082,19
4687,78
17540,19
4586,19
4161,19
10102,19
15909,56
3056,19
3039,24
15892,19
2946,19
2945,19
2907,19
2769,19
8909,19
12083,19
12053,19
5608,19
10066,19
5001,19
3384,19
4934,23
17787,19
1678,19
9619,19
9538,19
1425,19
9338,19
7729,19
1228,19
5123,19
2583,19
1679,19
10435,19
20021,72
7168,19
741,19
19962,44
7109,19
7107,19
9345,19
1303,69
14156,19
1584,19
13232,64
379,19
16787,55
3934,19
6604,19
6927,50
19780,19
7497,19
18585,22
5732,19
4233,43
17086,19
19679,20
16568,20
16549,20
16300,20
15959,20
12237,20
11933,20
11090,20
10057,20
9959,20
9599,20
8992,20
15278,20
15120,20
8545,20
14729,20
7939,56
20792,20
20216,49
7363,20
7349,20
6661,20
6635,20
6287,20
6088,20
5689,20
11730,20
17911,78
5058,20
16710,22
3857,20
10222,20
6852,20
10068,20
9414,20
19033,55
6180,20
9268,20
9030,20
12155,20
12045,20
2379,20
8797,20
10115,20
16476,67
3623,20
11636,20
11510,20
16107,72
3254,20
8007,20
20719,55
7866,20
15878,30
3025,20
1360,20
14761,20
1071,20
811,20
7189,20
7975,20
8733,20
2549,20
113,20
3258,20
817,20
1173,20
20802,21
7949,20
8730,20
9040,20
3382,20
11358,20
147,20
865,20
5694,20
3738,59
16591,20
8454,20
10054,20
1287,20
21337,21
21222,21
21196,21
20657,21
19142,21
18997,21
18713,21
16798,21
16665,21
16590,21
16219,21
16055,21
16030,21
2606,68
15459,21
15307,21
12362,21
12031,21
11750,21
11700,21
11565,21
11452,21
11416,21
10500,21
9301,21
9101,21
8481,21
8457,21
14646,21
7893,37
20746,21
20473,67
7620,21
20308,65
7455,21
13633,68
780,21
6711,21
6670,21
6458,21
19097,26
6244,21
19087,54
6234,21
6187,21
18445,62
5592,21
18397,50
5544,21
18383,47
5530,21
17866,74
5013,21
17206,69
4353,21
10599,21
4033,54
16886,21
16811,22
3958,21
13203,21
202,21
212,21
6414,72
19267,21
12353,21
8899,21
2478,21
5624,21
5455,54
18308,21
2234,21
13165,21
9930,21
6680,21
4892,21
19273,72
6420,21
4775,21
1438,21
2663,21
20321,24
7468,21
12176,21
538,21
4517,21
3547,57
16400,21
7953,21
6298,21
1011,21
151,21
6931,29
19784,21
11540,21
8580,21
12115,21
1633,21
21292,22
21041,22
21000,22
20982,22
20641,22
20584,22
20552,22
20379,22
20031,22
19890,22
19826,22
19732,22
19711,22
19420,22
19297,22
19181,22
19155,22
18952,22
18882,22
18852,22
18654,22
18392,22
18342,22
18101,22
18038,22
18037,22
17860,22
17847,22
17798,22
17719,22
17706,22
17666,22
17559,22
17412,22
16796,22
16463,22
16420,22
15831,22
15664,22
2708,70
15561,22
15457,41
2604,22
15430,45
2577,22
2411,69
15264,22
2357,28
15210,22
13711,22
12974,22
12937,22
80,43
12933,22
12822,22
12679,22
12223,22
12222,22
12215,22
12191,22
12094,22
12087,22
11989,22
11623,22
11559,22
11435,22
11431,22
11344,22
11292,22
11268,22
10922,22
10904,22
10899,22
10848,22
10429,22
10310,22
10245,22
9929,22
9920,22
9918,22
9809,22
9332,22
9280,22
15653,68
2800,22
15365,50
2512,22
8919,22
2458,65
15311,22
15138,22
8717,22
8571,22
8479,22
7912,22
7896,22
7840,35
20693,22
20523,23
7670,22
7470,22
7464,22
7344,22
725,22
7065,22
6970,68
19823,22
6888,22
352,58
13205,22
13184,47
331,22
6576,22
12959,22
6538,22
6527,47
19380,22
6450,22
6315,22
12661,22
12646,22
6124,22
18830,60
5977,22
12260,22
12219,22
12171,22
5740,22
12133,22
5675,22
12093,22
5559,22
11923,22
11920,22
5400,46
18253,22
5293,22
11707,22
5192,22
11598,22
5102,22
11515,22
11465,22
11315,22
4835,26
17688,22
4812,22
4537,22
10787,22
10768,22
17186,43
4333,22
4237,22
4145,22
19989,55
7136,22
712,22
3879,22
3821,22
10208,22
3717,68
16570,22
10058,22
376,22
13188,22
6767,22
6723,22
6695,22
12853,22
6331,22
3100,22
3047,69
15900,22
3038,22
9434,22
2926,22
9288,22
15629,22
18828,70
5975,22
5951,22
2559,22
12172,22
18539,50
5686,22
2419,22
2323,22
16505,63
3652,22
11679,22
6844,55
19697,22
3626,60
16479,22
16475,50
3622,22
3597,78
16450,22
1994,22
5168,22
21206,73
8353,22
3509,22
17823,55
4970,22
6478,30
19331,22
1666,22
14499,22
3252,22
12883,22
4841,47
17694,22
1601,22
1526,22
15899,23
3046,22
14282,30
1429,22
3026,47
15879,22
11051,22
9382,22
1276,22
9283,22
10832,22
5925,70
18778,22
9102,22
1020,22
185,22
4976,47
17829,22
884,22
13708,22
1623,50
14476,22
20087,76
7234,22
767,22
5541,47
18394,22
16792,30
3939,22
7130,69
19983,22
15154,58
2301,22
15146,22
1500,22
1497,22
9510,22
5755,22
558,22
2148,23
15001,22
2126,22
10129,22
10128,22
3707,22
6846,72
19699,22
6003,22
787,22
2365,22
3565,22
735,22
13141,22
6877,22
2948,55
15801,22
3093,22
1280,22
3668,73
16521,22
1665,22
20168,28
7315,22
497,22
4447,22
6853,22
447,22
939,22
1220,22
10442,22
13694,22
3599,22
687,22
21272,23
21265,23
21234,23
21232,23
21221,23
21189,23
21114,23
21053,23
21049,23
21045,23
21012,23
20969,23
20920,23
20896,23
20813,23
20812,23
20800,23
20798,23
20779,23
20660,23
20648,23
20630,23
20566,23
20564,23
20502,23
20470,23
20440,23
20407,23
20284,23
20278,23
20255,23
19978,23
19850,23
19803,23
19745,23
19710,23
19427,23
19171,23
18953,23
18283,23
17802,23
17616,23
16818,23
16816,23
16715,23
16705,23
16672,23
16461,23
16388,23
16377,23
15527,55
2674,23
2118,72
14971,23
14516,23
12721,23
12631,23
12306,23
12207,23
12085,23
12061,23
12042,23
11879,23
11736,23
11667,23
11629,23
11564,23
11500,23
11443,23
11047,23
10478,23
10225,23
10119,23
10108,23
10037,23
9995,23
9558,23
9427,23
9111,23
15495,23
8956,23
15349,33
2496,23
15109,23
8602,55
21455,23
8581,23
14998,23
8458,23
8364,23
8254,23
7961,46
20814,23
20775,69
7922,23
1471,35
14324,23
7894,29
20747,23
7884,23
14285,23
7797,52
20650,23
7728,23
7635,69
20488,23
7623,64
20476,23
7585,64
20438,23
7504,69
20357,23
7476,23
7472,23
7459,23
7331,23
7072,23
560,23
6865,23
12904,23
6475,23
6233,23
5969,23
5922,23
12334,23
18348,26
5495,23
5492,23
18336,24
5483,23
5389,64
18242,23
5367,23
5308,23
11664,23
11503,23
11478,23
4814,23
4792,23
4692,78
17545,23
17166,46
4313,23
17037,70
4184,23
3989,23
7157,23
698,23
466,23
6254,23
9444,23
6186,23
6185,23
6173,23
9366,23
9260,23
15669,23
5994,23
15605,54
2752,23
12352,23
5850,55
18703,23
15446,69
2593,23
5731,23
8925,23
2490,23
18531,56
5678,23
18530,68
5677,23
8826,23
15190,28
2337,23
2320,23
8731,23
5494,23
5441,57
18294,23
5437,23
5415,23
3772,30
16625,23
5356,23
14954,48
2101,23
8528,23
3557,59
16410,23
1846,23
6669,23
1803,23
1610,23
4805,23
1524,23
7841,23
7830,23
1404,23
12505,23
2873,23
9270,23
4419,23
4307,23
8318,23
8292,23
1063,23
3446,55
16299,23
1849,23
19473,24
6620,23
7441,23
7421,43
20274,23
13036,36
183,23
4194,23
17042,45
4189,23
13027,23
8986,23
7287,52
20140,23
12014,23
17644,33
4791,23
783,23
15180,23
2338,23
2322,47
15175,23
7950,72
20803,23
1492,23
12704,23
19387,55
6534,23
528,23
9311,23
846,23
12869,23
6799,23
773,23
17225,55
4372,23
5911,23
7914,70
20767,23
11499,23
4273,23
6456,23
10023,23
1351,23
9964,23
5650,23
7096,23
1642,23
1525,23
18858,72
6005,23
7626,55
20479,23
19666,57
6813,23
7634,23
21253,24
21143,24
21133,24
21007,24
19692,24
19645,24
19635,24
18962,24
18922,24
18921,24
18842,24
18080,24
18040,24
17957,24
17894,24
17853,24
17569,24
17562,24
17529,24
17168,24
17140,24
16707,24
16675,24
16663,24
16607,24
16563,24
16531,24
16459,24
16404,24
16289,24
16210,24
16176,24
16146,24
16026,24
15961,24
15204,24
15052,24
14563,24
1686,27
14539,24
14263,24
14028,24
13702,47
849,24
110,74
12963,24
12956,24
12690,24
12668,24
12538,24
12028,24
11945,24
11909,24
11563,24
11527,24
11348,24
11274,24
11093,24
11063,24
10960,24
10941,24
10847,24
10467,24
9925,24
9410,24
15563,24
9090,24
9045,24
9020,24
2484,60
15337,24
8546,24
8255,24
8217,24
8193,68
21046,24
14512,46
1659,24
8045,56
20898,24
14393,24
7968,24
14315,24
7475,50
20328,24
7247,24
745,24
13320,55
467,24
6817,24
343,57
13196,24
342,55
13195,24
19560,58
6707,24
6674,24
19374,60
6521,24
6445,24
12685,24
18873,50
6020,24
5946,24
12309,24
5876,24
5672,24
5659,24
5615,24
5533,24
5477,24
11464,24
11441,24
4983,24
17660,48
4807,24
4806,57
17659,24
11134,24
11133,24
4665,55
17518,24
4605,24
4592,24
10962,24
17346,68
4493,24
10874,24
17154,49
4301,24
4139,76
16992,24
764,24
3884,28
16737,24
16726,29
3873,24
7060,30
19913,24
3853,60
16706,24
498,24
3673,24
10088,24
10052,24
3409,47
16262,24
68,24
3251,24
9608,24
3154,24
12663,24
12652,24
2933,24
12540,24
2886,35
15739,24
6059,24
9239,24
2672,24
9087,24
2648,76
15501,24
12226,24
5762,24
8933,24
15263,37
2410,24
8830,24
15111,24
15005,24
10171,24
19760,44
6907,24
436,24
362,24
11553,24
3400,24
12851,24
1606,24
4772,69
17625,24
7967,24
4744,64
17597,24
12727,24
1506,24
3042,24
17282,55
4429,24
4360,24
314,24
7453,24
13052,47
199,24
4212,24
6609,67
19462,24
8987,24
8186,55
21039,24
4887,24
2434,24
3142,24
15995,24
703,24
1512,24
3918,24
12173,24
5752,55
18605,24
14485,24
424,24
1217,24
17254,55
4401,24
369,24
5974,24
8370,24
17965,59
5112,24
6477,24
50,24
12243,24
9363,24
7341,24
2480,24
6481,52
19334,24
6453,24
1741,24
15368,24
12852,24
1649,24
2102,24
19198,25
17062,25
14783,25
12814,25
12813,25
10756,25
8829,25
21031,55
8178,25
5842,25
4987,25
4679,25
4366,25
4091,25
6995,25
12901,32
48,25
2977,25
1983,25
1910,25
11190,25
4630,25
897,25
793,25
688,25
1184,25
18062,32
5209,25
816,25
21568,26
20902,26
20095,26
19464,26
19262,26
18228,26
18034,26
17813,26
17473,26
17403,26
16318,26
15230,26
2347,35
15200,26
13507,26
13279,26
12905,26
12651,26
11352,26
10743,26
10107,26
9356,26
8906,26
8845,26
8246,26
6922,39
19775,26
6375,26
6346,55
19199,26
12641,26
6086,26
11954,26
5398,26
5278,26
11658,26
4867,26
4816,26
4096,26
4027,26
9941,26
3187,26
9532,26
9190,26
5780,26
5228,26
17622,50
4769,26
1520,26
15829,42
2976,26
1197,26
1156,26
13946,26
10709,26
10687,26
10367,26
10355,26
10831,26
5149,26
4107,26
20878,27
20090,27
19998,27
19529,27
19509,27
19505,27
19499,27
17963,27
17892,27
17417,27
17247,27
16658,27
16149,27
16120,27
15122,50
2269,27
12563,27
11545,27
11327,27
11174,27
10632,27
9853,27
9253,27
2391,29
15244,27
8050,27
7606,64
20459,27
13281,27
349,27
281,27
13089,57
236,27
247,27
6348,27
12654,27
6208,27
19037,62
6184,27
6177,27
12270,27
5237,27
5118,27
11007,27
4583,28
17436,27
4576,42
17429,27
4555,72
17408,27
4159,47
17012,27
4129,27
16833,68
3980,27
6996,27
13236,27
3594,27
3452,27
6638,28
19491,27
6653,28
19506,27
9799,27
6432,68
19285,27
6301,27
15901,35
3048,27
2973,27
2530,27
3609,27
248,27
17462,55
4609,27
1387,27
8088,27
4697,27
1343,27
489,27
16409,47
3556,27
6746,27
6912,27
502,27
4039,27
8044,27
1616,27
20180,28
20174,28
20138,28
18875,28
17700,28
17506,28
16644,28
16023,28
15979,28
15841,28
15762,28
15219,39
2366,28
14587,57
1734,28
1327,73
14180,28
13275,72
422,28
12702,28
12680,28
12033,28
11925,28
11381,28
11049,28
10233,28
10140,28
9956,28
9556,28
15223,39
2370,28
8799,28
8526,28
21342,78
8489,28
8407,67
21260,28
14697,28
8010,28
7903,28
7902,28
13656,28
6503,28
6113,28
5647,28
11979,28
11708,28
11674,28
4810,28
4751,28
10826,28
17058,58
4205,28
20008,53
7155,28
16723,43
3870,28
3841,28
19650,47
6797,28
3399,44
16252,28
6592,28
164,28
3261,28
9337,28
15641,28
15571,69
2718,28
2711,28
8999,28
15240,28
15107,28
18238,54
5385,28
3734,35
16587,28
14949,28
21363,42
8510,28
6863,28
2048,28
3625,68
16478,28
14666,28
19412,36
6559,28
6447,28
4829,30
17682,28
12831,28
1502,28
1466,28
1414,28
7673,28
1208,28
17156,39
4303,28
1084,28
19450,59
6597,28
4974,28
8547,28
7736,28
11725,28
2890,28
3643,30
16496,28
10822,28
743,28
7120,28
3899,28
696,28
19318,68
6465,28
14993,28
10544,28
16122,63
3269,28
6699,28
14975,28
1732,28
10440,28
3890,28
15283,29
2405,44
15258,29
1692,58
14545,29
12185,29
12067,29
10240,29
10162,29
9868,29
9580,29
20869,40
8016,29
20698,47
7845,29
7707,29
7694,29
20371,32
7518,29
6917,29
6861,29
6741,29
165,29
86,29
6460,29
18456,76
5603,29
5085,29
17907,50
5054,29
3875,29
3774,29
10061,29
9240,29
2591,29
2584,29
5721,29
2385,29
2225,47
15078,29
1824,29
13019,43
166,29
4990,29
7990,29
1563,29
4523,29
4454,29
1170,29
5960,29
12301,29
1066,29
1820,29
828,29
707,29
6312,29
7346,29
776,29
1169,29
16770,62
3917,29
19647,32
6794,29
163,29
20373,32
7520,29
7286,29
17184,49
4331,29
21210,30
20142,30
17134,30
17113,30
16714,30
16676,30
16041,30
15573,45
2720,30
15483,72
2630,30
15464,49
2611,30
14932,47
2079,30
14166,41
1313,30
12492,30
12374,30
12288,30
11282,30
11144,30
11015,30
10894,30
10877,30
10547,30
10387,30
10112,30
10085,30
9858,30
9438,30
9324,30
9284,30
9258,30
15581,68
2728,30
15280,30
8836,30
8784,30
15161,55
2308,30
15029,30
8227,30
8221,30
1653,61
14506,30
20865,55
8012,30
7979,30
7974,30
7864,30
7725,30
7696,30
7452,30
7158,30
7030,30
555,30
6894,30
6763,30
6577,30
12698,30
6222,30
12599,30
5935,30
18390,47
5537,30
11643,30
17632,50
4779,30
11087,30
11027,30
4606,30
4551,30
4524,30
4505,30
4498,30
4374,30
20038,76
7185,30
3916,30
7063,30
10180,30
6961,30
16473,35
3620,30
16458,48
3605,30
3578,30
3541,62
16394,30
13062,30
3435,76
16288,30
6590,30
19041,62
6188,30
9383,30
9371,30
12550,30
2920,30
5954,55
18807,30
15593,30
2664,30
2398,30
11915,30
11892,30
5440,30
2230,30
2198,30
10181,30
5300,30
8513,30
442,30
407,30
406,30
404,30
9904,30
1794,30
6532,30
1657,30
23,30
19272,43
6419,30
8023,30
1379,30
6120,30
10893,30
7690,30
7631,30
10833,30
10805,30
11526,30
14715,74
1862,30
13041,30
12929,30
2470,30
16117,44
3264,30
732,30
2312,30
21575,37
8722,30
19963,57
7110,30
1488,30
146,30
5351,30
6943,64
19796,30
6864,30
1571,30
8791,30
11156,30
7141,30
19540,74
6687,30
6862,30
3603,30
3543,70
16396,30
7358,30
13333,64
480,30
3598,30
16197,64
3344,30
1747,30
19489,55
6636,30
21501,31
18995,31
18835,31
15793,31
11791,31
10827,31
10634,31
9133,31
20972,67
8119,31
7570,31
791,31
5849,31
5171,31
10754,31
4192,31
4080,31
3838,31
896,31
284,31
924,31
5216,31
21255,32
21209,32
21205,32
21148,32
21017,32
20973,32
20943,32
20930,32
20888,32
20695,32
20654,32
20652,32
20596,32
20494,32
20493,32
20468,32
20388,32
20378,32
20364,32
19674,32
19648,32
16921,32
16803,32
16708,32
16687,32
16668,32
16633,32
16448,32
16297,32
16015,32
16013,32
15888,32
15757,32
15732,32
15559,32
15476,32
13031,32
12674,32
12616,32
12022,32
10917,32
10612,32
10609,32
10431,32
9572,32
9273,32
9238,32
15356,32
15274,57
2421,32
15027,32
8497,54
21350,32
8252,37
21105,32
8130,49
20983,32
7880,32
7533,72
20386,32
7519,41
20372,32
7512,55
20365,32
13854,32
7342,54
20195,32
7079,32
338,78
13191,32
13122,32
5658,32
5396,57
18249,32
18150,55
5297,32
4827,32
11111,32
10972,32
10891,32
4357,32
4176,32
3922,32
16761,33
3908,32
3801,60
16654,32
9429,32
2970,50
15823,32
2468,62
15321,32
2409,32
2194,32
11666,32
6523,32
14427,32
1527,32
7404,65
20257,32
2919,65
15772,32
15359,32
1677,32
483,32
14517,32
3466,62
16319,32
1283,32
6147,32
21462,33
21454,33
21201,33
21060,33
21019,33
20467,33
19906,33
18234,33
17782,33
17349,33
17174,33
16983,33
16734,33
16695,33
16499,33
15785,33
15308,33
15255,33
13021,70
168,33
11983,33
11822,33
11663,33
11257,33
10892,33
10849,33
9814,33
9544,33
9242,33
9232,33
15417,33
8977,33
15329,42
2476,33
15104,65
2251,33
8405,33
7952,33
20497,59
7644,33
7058,33
6869,33
13280,33
6682,33
75,33
6373,33
6282,33
12512,33
12504,33
12468,33
12321,33
12159,33
11916,33
11751,33
5235,33
5128,59
17981,33
17978,57
5125,33
11492,33
11455,33
17543,67
4690,33
16779,62
3926,33
6887,33
10090,33
356,33
13011,33
3367,33
12981,47
128,33
3309,33
16148,37
3295,33
12888,33
12716,33
6075,33
2867,33
2847,33
6030,33
5965,33
15613,48
2760,33
15590,67
2737,33
5949,33
5898,73
18751,33
2652,33
5743,33
11895,33
5472,33
15061,33
6855,33
10018,33
6712,33
3395,33
6502,33
9638,33
1316,33
1212,33
2797,33
12368,33
17933,43
5080,33
9081,33
10648,33
984,33
4054,33
1519,33
684,33
505,33
7149,33
441,33
3387,33
8367,33
2491,33
1740,33
6836,33
2325,33
6886,33
550,33
19946,49
7093,33
15547,34
15429,34
2553,78
15406,34
14876,34
12630,34
11802,34
11413,34
11221,34
10715,34
10699,34
9744,34
7869,34
13435,34
4776,34
4105,34
2666,34
3760,34
17502,47
4649,34
10338,34
8905,34
17554,35
16839,35
16834,35
16471,35
16470,35
16469,35
16468,35
16393,35
16390,35
15637,35
2159,57
15012,35
14586,35
14402,35
12227,35
12119,35
12001,35
11908,35
11571,35
10092,35
10076,35
10074,35
9875,35
9612,35
9503,35
15688,35
9266,35
8908,35
8788,35
8736,35
15032,35
8491,35
14316,35
7851,35
7702,35
7474,35
7275,35
508,35
19734,43
6881,35
6773,35
6739,35
6733,35
6684,35
6509,35
6324,35
6305,35
6252,35
6205,35
6043,35
6033,35
5604,35
18399,55
5546,35
17874,54
5021,35
4998,35
4991,35
4560,35
4440,35
4399,35
4253,35
17098,62
4245,35
4241,35
17081,54
4228,35
4025,35
3982,55
16835,35
16711,47
3858,35
3808,35
3807,35
3757,35
273,58
13126,35
9901,35
9531,35
6295,35
19128,58
6275,35
2772,35
5914,35
12128,35
5707,35
12064,35
2396,35
2346,35
2339,35
2213,35
5414,35
2211,35
10186,35
3765,35
3764,35
2163,35
3750,35
531,35
3651,35
2049,35
6825,35
5083,35
21122,72
8269,35
1714,35
1708,35
85,35
1586,35
1568,35
1567,35
7956,35
6280,35
3077,54
15930,35
7850,35
1420,35
7835,35
9385,35
1363,35
7782,35
1298,35
2809,35
4412,35
4384,35
6685,35
4285,35
1783,35
4177,35
2494,35
866,35
7278,35
1648,35
1545,35
692,35
3905,35
702,35
700,35
695,35
693,35
691,35
6155,35
536,35
546,35
529,35
513,35
512,35
509,35
7267,35
13223,35
4387,35
6776,35
9993,35
9992,35
2332,35
701,35
2608,35
4210,35
1763,35
1555,35
6154,35
548,35
9369,35
7766,35
10163,35
18575,47
5722,35
1322,35
108,35
506,35
1496,35
6568,35
1244,35
10565,35
16997,47
4144,35
1090,35
7761,35
521,35
5528,35
16454,67
3601,35
7622,35
19758,36
17867,36
16512,36
15467,36
12529,36
11374,36
10458,36
9606,36
8734,36
8373,36
7715,36
7220,36
6578,36
374,36
19663,47
6810,36
5113,36
6422,36
3009,36
6616,36
162,36
3381,54
16234,36
16964,55
4111,36
16143,72
3290,36
10527,36
1676,36
21562,37
21473,37
21423,37
21096,37
19044,37
18493,37
18490,37
18356,37
18339,37
18061,37
17188,37
16929,37
16897,37
16481,37
16434,37
16399,37
16357,37
16125,37
15156,47
2303,37
15103,37
14903,37
14544,37
13256,37
13124,76
271,37
13119,37
13070,37
12432,37
12318,37
12224,37
12202,37
11728,37
11459,37
11173,37
10342,37
10292,37
9869,37
9771,37
9641,37
9393,37
9265,37
9201,37
9124,37
21536,54
8683,37
8666,39
21519,37
8654,37
15056,65
2203,37
8618,37
21466,50
8613,37
14984,37
21406,60
8553,37
2080,69
14933,37
7814,47
20667,37
7576,37
7552,37
7534,37
7216,37
7047,37
13056,58
203,37
13053,37
6376,37
12488,37
5818,37
5692,37
5684,37
5617,60
18470,37
11771,37
5274,37
5220,37
5210,37
17967,60
5114,37
5070,55
17923,37
17751,67
4898,37
4600,37
4541,37
17289,55
4436,37
4386,57
17239,37
4297,37
4286,37
4084,37
4081,37
10394,37
10291,37
13482,37
10216,37
10214,37
16645,48
3792,37
3577,47
16430,37
13116,37
3490,49
16343,37
124,37
2995,37
2982,37
12389,37
5848,37
5765,37
8951,37
8880,37
2374,55
15227,37
5469,37
2246,37
15045,37
6952,37
16492,73
3639,37
2001,55
14854,37
3531,37
323,37
6686,41
19539,37
127,42
12980,37
6547,37
9706,37
9675,37
1550,37
7647,37
1193,37
9206,37
1152,37
1919,37
9135,37
1079,37
3459,74
16312,37
7424,37
15425,37
10324,37
17544,48
4691,37
6964,37
4098,37
13266,37
5178,37
293,37
3505,37
867,37
3351,37
1946,37
945,37
9760,37
880,37
8086,37
13274,37
3287,57
16140,37
839,37
4045,37
10156,37
9736,37
3744,47
16597,37
10825,37
18303,38
17617,38
16538,38
2128,46
14981,38
12672,38
9413,38
8859,38
21219,67
8366,38
7064,38
11377,38
3681,38
12570,38
2815,47
15668,38
2270,38
7887,38
1009,38
2566,38
778,38
1264,38
2756,38
17899,39
17499,39
17285,39
16777,39
12763,39
12461,39
11826,39
11175,39
11103,39
9866,39
9764,39
9535,39
15454,39
8628,39
8244,72
21097,39
551,57
13404,39
19644,59
6791,39
6337,39
12655,39
4903,39
4388,41
17241,39
4371,57
17224,39
3149,39
6023,39
12208,39
11861,39
5042,39
6603,39
3329,39
10749,39
5507,50
18360,39
7097,72
19950,39
11734,39
10808,39
7605,49
20458,39
17980,55
5127,39
1909,39
21565,40
20409,40
17759,40
17431,40
15363,40
9315,40
9110,40
8662,40
8592,40
7391,40
7029,68
19882,40
4465,46
17318,40
7087,40
16648,47
3795,40
3553,40
2793,40
9978,40
12701,40
1159,47
14012,40
10391,40
7722,40
21372,41
16518,41
16003,41
12824,41
11572,41
11428,41
11098,41
9551,41
9335,41
9313,41
9306,41
8930,41
8556,41
8502,41
7955,41
7837,41
7250,41
7235,41
7146,41
6673,41
19381,54
6528,41
12036,41
5346,41
17906,64
5053,41
11154,41
4459,41
10484,41
10242,41
3647,41
6777,41
6474,41
9578,41
15861,57
3008,41
9255,41
9056,41
5662,41
2348,41
2265,57
15118,41
15082,41
3785,48
16638,41
1767,41
13005,69
152,41
6457,41
1546,41
4446,41
89,41
4031,55
16884,41
5593,41
1342,41
83,41
461,41
6774,41
1898,52
14751,41
2154,41
1873,41
6514,41
1239,41
5729,41
1814,41
21267,42
20936,42
20919,42
20721,42
20709,42
20420,42
20406,42
18840,42
18795,42
18746,42
18738,42
18736,42
18698,42
17878,42
17875,42
17472,42
16991,42
12772,42
12670,42
12286,42
15528,42
8755,42
8214,50
21067,42
14418,42
12608,42
12355,42
12340,42
5706,42
5491,42
11767,42
17334,46
4481,42
17306,76
4453,42
10860,42
4249,57
17102,42
191,42
3389,42
16195,64
3342,42
3189,42
12315,42
5875,55
18728,42
15438,49
2585,42
15038,42
1880,42
3364,42
14558,42
3303,42
11070,42
4584,42
194,42
2467,42
543,42
2046,42
3181,42
1875,42
2696,42
4474,42
834,42
9374,42
2449,42
21369,43
19418,43
19017,43
18665,43
18425,43
18231,43
18009,43
17452,43
16939,43
16651,43
16257,43
16256,43
16139,43
15996,43
15950,43
15597,47
2744,43
2499,64
15352,43
11273,43
10905,43
10230,43
9603,43
15198,43
21202,76
8349,43
6976,43
13159,43
6441,53
19294,43
12703,43
6063,43
11661,43
5060,43
10594,43
4170,55
17023,43
797,43
58,43
3105,43
2993,43
2872,43
9204,43
2260,43
10155,43
17372,50
4519,43
9302,43
1226,43
7609,43
1100,43
2677,43
3390,43
971,43
9697,43
4811,43
8029,43
2923,43
15623,43
5543,60
18396,43
6471,43
14941,43
1030,43
4055,55
16908,43
19649,44
19470,44
19050,44
17812,44
16443,44
13559,64
706,44
11369,44
10555,44
9465,44
9285,44
15314,44
7977,44
7847,44
7789,44
7639,44
13904,44
7352,44
496,44
6082,44
6027,44
12390,44
12050,44
11714,44
4591,44
3991,44
7068,44
3743,44
470,44
6837,59
19690,44
9909,44
3271,44
3194,44
9549,44
6202,44
2596,44
18599,49
5746,44
2108,44
21371,68
8518,44
8222,44
3198,44
1562,44
1209,44
15639,44
1182,44
2637,44
4235,44
1634,44
3699,44
3095,44
12886,44
960,44
19761,51
6908,44
3356,44
2526,44
18700,45
16871,45
2687,60
15540,45
12628,45
11957,45
11185,45
11137,45
21065,55
8212,45
13834,45
5767,45
11953,45
5146,45
17491,47
4638,45
17091,64
4238,45
10262,45
3072,49
15925,45
3040,45
2765,45
11961,45
11932,45
1913,45
12843,45
7577,45
7555,45
1174,45
890,45
5236,45
20653,46
20469,46
20058,46
18676,46
18371,46
18281,46
18277,46
18099,46
17758,46
17421,46
17399,46
16989,46
16981,46
15973,46
15929,46
15914,46
15859,46
15858,46
15643,46
15303,46
15237,46
2033,71
14886,46
435,57
13288,46
12338,46
12278,46
11587,46
11574,46
10537,46
10306,46
10299,46
9290,46
5655,46
5423,47
18276,46
11507,46
11065,46
11043,46
3720,46
3463,47
16316,46
6623,46
46,46
15889,73
3036,46
3016,46
12594,46
15704,73
2851,46
5972,46
12375,46
9069,46
5408,46
1845,46
1815,46
1,46
9604,46
7962,46
1361,46
5040,46
7154,46
14354,46
3096,47
15949,46
1350,46
3723,46
104,46
16561,60
3708,46
9550,46
12332,46
14340,46
1785,46
3339,46
16170,68
3317,46
105,46
3340,46
10563,46
8554,46
3735,55
16588,46
1356,46
12426,46
19657,67
6804,46
21429,47
21419,47
21376,47
21251,47
20734,47
20710,47
20699,47
20398,47
19912,47
19895,47
19892,47
19870,47
19762,47
19744,47
19731,47
19312,47
18963,47
18951,47
18932,47
18930,47
18898,47
18872,47
18773,47
18682,47
18402,47
18254,47
18239,47
18191,47
18138,47
18135,47
17960,47
17752,47
17749,47
17612,47
17596,47
17573,47
17538,47
17488,47
17340,47
17315,47
17125,47
17095,47
17011,47
16986,47
16875,47
16403,47
16369,47
16354,47
16277,47
16211,47
16203,47
16093,47
15988,47
15918,47
15736,47
15569,47
15306,47
15194,47
14978,47
13023,47
12717,47
12625,47
12621,47
12574,47
12531,47
12487,47
12313,47
12276,47
12046,47
11743,47
11550,47
11484,47
11451,47
11440,47
11405,47
11105,47
11039,47
10998,47
10992,47
10978,47
10887,47
10816,47
10702,47
10404,47
10219,47
10197,47
10158,47
10114,47
10110,47
10096,47
10086,47
10038,47
9971,47
9915,47
9906,47
9618,47
9590,47
9561,47
9489,47
9453,47
9443,47
9388,47
9330,47
9072,47
9031,47
8996,47
8948,47
8945,47
8916,47
8914,47
8863,47
8707,47
21415,60
8562,47
14930,47
8240,72
21093,47
8225,49
21078,47
8205,47
8177,68
21030,47
14395,47
7928,47
7823,47
7687,47
7671,47
7225,47
7209,47
20019,49
7166,47
7013,50
19866,47
6726,47
6660,47
13043,47
201,48
13054,47
6561,47
6278,47
12636,47
12517,47
6067,64
18920,47
18592,74
5739,47
12127,47
5641,47
11996,47
18420,68
5567,47
5558,47
5517,47
11891,47
5465,47
18243,73
5390,47
5323,55
18176,47
5296,54
18149,47
5240,64
18093,47
5183,55
18036,47
5172,47
5094,47
5091,47
11505,47
5081,47
5071,47
11386,47
4733,47
4622,47
4510,47
10786,47
4345,47
4246,58
17099,47
17084,55
4231,47
17035,60
4182,47
4146,47
10566,47
10509,47
10446,47
4015,65
16868,47
7049,62
19902,47
7041,47
544,47
3759,47
6850,60
19703,47
10041,47
16442,63
3589,47
6612,47
3327,47
3118,47
3110,78
15963,47
15939,55
3086,47
6276,47
9437,47
2930,47
2791,47
2762,47
15602,47
15494,47
5805,52
18658,47
8998,47
5756,47
2435,47
8690,47
2240,69
15093,47
11873,47
15024,47
5376,55
18229,47
5366,47
6710,47
8331,47
14739,55
1886,47
1847,47
1801,47
14629,47
1628,47
9644,47
6430,76
19283,47
1456,47
7865,47
1427,47
2897,47
10867,47
7629,47
20471,73
7618,47
15596,47
1077,47
1052,47
1000,47
5708,47
10521,47
11232,47
7217,47
16804,70
3951,47
11962,47
11107,47
7090,69
19943,47
553,47
20600,71
7747,47
6111,47
6101,47
8467,47
6433,47
19286,47
1203,47
393,47
401,47
19664,53
6811,47
1575,47
6784,47
8761,47
13709,47
3259,57
16112,47
1029,47
995,47
3587,47
1790,47
8572,47
18590,54
5737,47
8940,47
6476,67
19329,47
5250,47
9108,47
4143,47
9861,47
6539,47
7260,47
2039,47
11657,47
8947,47
10,47
2884,47
10105,47
21405,48
21257,48
21182,48
21181,48
21100,48
21042,48
20932,48
20926,48
20768,48
18158,48
16598,48
16592,48
15985,48
14985,48
14873,55
2020,48
14525,48
13026,48
12187,48
12063,48
10921,48
10885,48
10174,48
9678,48
9263,48
9103,48
7674,64
20527,48
756,48
6311,48
6279,48
6240,48
6172,48
6107,48
6055,48
18888,49
6035,48
18783,74
5930,48
5913,48
5496,48
5451,48
5355,48
4999,48
4803,48
10926,48
4257,48
10573,48
7078,48
10196,48
6231,48
2561,48
12098,48
4911,48
1566,48
19159,57
6306,48
1384,48
1265,48
15667,48
5100,48
8115,54
20968,48
1494,48
1532,48
18388,57
5535,48
1033,48
6642,48
2099,48
13114,48
535,48
7465,48
6505,48
7508,48
6696,48
8858,48
19837,49
19411,49
19325,49
18860,49
18225,49
17872,49
17849,49
17314,49
17177,49
17164,49
17048,49
16856,49
15810,49
14736,49
12443,49
12317,49
11833,49
11812,49
10729,49
10714,49
10470,49
10348,49
10237,49
9872,49
9505,49
15656,72
2803,49
9207,49
15545,49
8962,49
8781,49
14923,49
8480,49
21333,49
8091,49
20938,65
8085,49
7897,49
14293,55
1440,49
7014,64
19867,49
6657,55
19510,49
19193,79
6340,49
12503,49
12441,49
5690,49
5377,49
5286,49
18079,57
5226,49
5177,49
4153,49
4075,49
4061,49
4028,49
6737,49
9403,49
9349,49
2792,49
15621,72
2768,49
9172,49
2638,49
5787,49
12178,49
2520,49
5523,64
18376,49
2247,49
15017,49
6968,49
14921,49
13265,49
21187,76
8334,49
6573,60
19426,49
20893,76
8040,49
1537,49
7877,49
7796,49
10944,49
5947,49
7558,49
13966,49
1771,49
969,49
20793,60
7940,49
504,49
14888,49
6778,49
6740,49
1493,49
10694,49
853,49
8427,49
9573,49
3473,49
7659,49
9305,49
21571,50
21321,50
21319,50
21293,50
20905,50
20778,50
20352,50
19984,50
19807,50
19507,50
18849,50
18519,50
17416,50
17275,50
17221,50
17187,50
17075,50
17067,50
16963,50
16893,50
16851,50
16359,50
16241,50
16163,50
16115,50
16103,50
16100,50
15504,50
14839,50
13245,50
12760,50
12689,50
12490,50
12399,50
12302,50
12195,50
12135,50
12049,50
11514,50
11276,50
11064,50
10794,50
10606,50
10388,50
9982,50
9933,50
9746,50
15389,50
15220,50
8606,50
8585,50
14988,50
2121,58
14974,50
14828,63
1975,50
8308,50
7791,50
20176,70
7323,50
714,50
6770,50
290,50
6507,75
19360,50
12761,50
12546,50
5854,50
5827,50
5826,50
5800,50
12048,50
5392,50
18187,69
5334,50
5214,50
5057,50
4965,50
11271,50
4785,50
4370,60
17223,50
10682,50
10678,50
4204,50
4173,50
16970,55
4117,50
4067,50
4036,50
20071,76
7218,50
10347,50
6998,50
13251,50
302,50
3488,50
3449,50
3438,50
3371,50
6201,50
15675,50
2746,50
8975,50
5540,57
18393,50
11893,50
8661,50
11843,50
2168,50
6953,50
2054,55
14907,50
2010,50
5203,50
1836,54
14689,50
1723,50
3216,50
12823,50
14440,50
2917,50
2881,50
4475,65
17328,50
4340,50
10748,50
4306,50
2699,50
9903,50
1082,50
14719,50
1072,50
16922,68
4069,50
20922,72
8069,50
4051,50
18378,55
5525,50
3109,50
8569,50
14957,50
6930,50
12424,50
11599,50
345,50
3528,50
1842,50
4106,50
1299,50
6511,57
19364,50
6486,50
20949,65
8096,50
1213,50
21322,51
20931,51
20443,51
20415,51
20279,51
19424,51
19422,51
18648,51
16405,51
16374,51
16365,51
15729,51
15357,63
2504,51
2116,54
14969,51
1216,54
14069,51
11301,51
2212,59
15065,51
7755,51
6138,51
4747,51
7229,51
464,51
2968,74
15821,51
9339,51
6018,51
8741,51
15067,51
2221,51
11305,51
6549,51
15207,51
1101,51
2836,51
3633,67
16486,51
14970,51
21532,52
20829,52
18994,52
18433,52
18374,52
17877,52
17423,52
16282,52
16171,52
15742,52
15551,52
12788,52
12748,52
11191,52
10618,52
9976,52
9787,52
9755,52
15171,52
8347,52
6225,52
12394,52
5830,52
5602,60
18455,52
11811,52
5330,52
5256,62
18109,52
11546,52
11202,52
6939,52
9975,52
9841,52
9792,52
9615,52
15838,55
2985,52
8850,52
8686,55
21539,52
8681,52
1933,52
1858,52
3285,52
3225,52
14270,52
11030,52
4581,70
17434,52
9178,52
6493,52
11773,52
8113,52
6384,52
9196,52
1949,52
3348,62
16201,52
8172,52
4525,52
1959,52
17857,53
17077,53
16232,53
16145,53
12156,53
12054,53
11935,53
11580,53
11558,53
9847,53
9252,53
15294,53
8496,53
8344,55
21197,53
6350,53
5724,55
18577,53
11958,53
5309,53
17389,55
4536,53
4507,53
10674,53
4167,53
366,53
5955,53
2647,53
8103,53
19957,60
7104,53
387,53
3573,53
6714,53
13237,53
14055,53
21404,54
21387,54
20835,54
20824,54
20035,54
19830,54
19256,54
18616,54
18600,54
17870,54
17760,54
17574,54
17479,54
17384,54
17302,54
17127,54
17000,54
16680,54
16656,54
16577,54
16495,54
16216,54
15447,55
2594,54
13077,54
13072,54
12818,54
12579,54
12485,54
12298,54
12281,54
11888,54
11808,54
11396,54
11370,54
11299,54
11101,54
11088,54
11074,54
10445,54
10423,54
9850,54
9742,54
9661,54
15674,54
9065,54
15485,54
9064,54
8944,54
8932,54
8853,54
8823,54
8732,54
2275,60
15128,54
8656,54
8425,60
21278,54
8021,54
7907,54
7891,54
20744,54
20728,67
7875,54
6732,54
19483,55
6630,54
12644,54
12507,54
6085,54
18938,54
5889,54
5564,54
11982,54
11872,54
5411,54
5379,54
11763,54
5303,54
11717,54
5270,54
5020,54
17873,54
11402,54
11373,54
4933,54
17446,76
4593,54
4397,61
17250,54
4323,54
3912,54
7070,54
478,54
6815,54
6762,54
3013,54
6157,54
15698,54
9277,54
6056,54
2799,54
12386,54
2570,54
2532,54
2386,59
15239,54
2376,54
8778,54
8756,54
5526,54
15149,54
8691,54
3645,54
2000,54
3545,59
16398,54
5121,54
11504,54
1798,54
16166,65
3313,54
3217,54
4804,54
8022,54
7867,54
1300,54
1292,54
1269,54
1260,54
1252,54
20525,57
7672,54
10784,54
8298,54
10676,54
9834,54
1016,54
3205,54
768,54
9373,54
6093,54
7684,54
3660,76
16513,54
2375,54
9088,54
6665,54
5807,64
18660,54
1996,54
11575,54
13787,54
2500,54
2896,54
850,54
3893,54
6499,54
19295,72
6442,54
8441,54
1332,54
5331,54
21567,55
21517,55
21391,55
21358,55
21131,55
20787,55
20186,55
20005,55
19658,55
19653,55
19557,55
19546,55
19471,55
19432,55
19223,55
19191,55
18992,55
18782,55
18472,55
18459,55
18443,55
18421,55
18415,55
18357,55
18302,55
18271,55
18236,55
18160,55
18104,55
17780,55
17686,55
17449,55
17410,55
17406,55
17364,55
17352,55
17335,55
17316,55
17279,55
17274,55
17269,55
17256,55
17245,55
17201,55
17103,55
17083,55
17074,55
16993,55
16957,55
16946,55
16935,55
16926,55
16903,55
16794,55
16788,55
16774,55
16749,55
16636,55
16581,55
16331,55
16307,55
15872,55
15840,55
2393,56
15246,55
15096,55
14904,55
14199,55
13649,55
13046,55
12836,55
12799,55
12564,55
12409,55
12404,55
12011,55
11860,55
11801,55
11793,55
11723,55
11706,55
11617,55
11487,55
11425,55
11390,55
11357,55
11330,55
11287,55
11279,55
11270,55
11265,55
11260,55
11249,55
11149,55
11102,55
11076,55
11071,55
10913,55
10876,55
10864,55
10695,55
10665,55
10642,55
10623,55
10332,55
10302,55
10265,55
10255,55
10080,55
9988,55
9943,55
9923,55
9892,55
9712,55
9681,55
9657,55
9654,55
9432,55
9076,55
2353,59
15206,55
8699,55
8663,55
8641,55
14912,55
14826,55
8309,55
8106,55
20959,55
8056,65
20909,55
20673,60
7820,55
7669,55
7611,55
20453,65
7600,55
20419,60
7566,55
7477,55
7337,55
7314,55
7240,55
7135,55
13270,55
13185,55
6716,55
6632,55
6524,60
19377,55
6248,70
19101,55
12602,55
6125,55
12472,55
5895,55
5887,55
5858,55
5808,55
5727,55
18570,63
5717,55
5561,55
5499,68
18352,55
5475,60
18328,55
5288,55
18108,58
5255,55
5201,55
5160,55
11498,55
11362,55
11198,55
4712,55
17478,58
4625,55
17448,76
4595,55
17405,58
4552,55
4513,55
10902,55
4451,73
17304,55
10779,55
4165,55
4156,55
4152,64
17005,55
16916,67
4063,55
4048,55
4026,55
10418,55
3892,55
16745,55
10264,55
10209,55
10192,55
3534,55
9954,55
3222,72
16075,55
3157,55
3078,55
3034,55
3010,55
12623,55
9415,55
12609,55
9348,55
9184,55
15451,55
9015,55
5796,55
8991,55
8982,55
15310,55
5643,55
8765,55
8692,55
18326,73
5473,55
5471,55
8674,55
11863,55
11862,55
5371,55
5295,57
18148,55
2028,70
14881,55
2025,55
354,55
1948,55
5132,55
1929,55
5115,55
17968,55
259,55
3469,55
1848,55
1839,55
1809,55
9734,55
19368,69
6515,55
8109,55
3275,55
6428,55
9628,55
11225,55
1579,55
1478,55
4632,55
1409,55
3003,55
20655,60
7802,55
1367,59
14220,55
1312,55
17341,58
4488,55
1272,55
10781,55
1148,55
4341,60
17194,55
1125,55
1920,55
15556,55
20374,60
7521,55
1085,55
7501,55
1871,55
1863,55
11461,55
1019,55
10633,55
991,55
11397,55
8102,55
873,55
5670,55
18523,55
8855,55
2390,55
757,55
718,55
13530,77
677,55
1499,55
3888,55
2155,55
952,55
7771,55
20624,55
6926,55
925,55
3711,55
14951,55
6807,55
16843,64
3990,55
8796,55
3563,55
20382,68
7529,55
1078,55
3253,55
1656,55
9051,55
1022,55
1990,58
14843,55
1963,55
1951,55
2942,55
930,55
10548,55
123,55
903,55
16755,62
3902,55
8098,55
875,55
1675,55
474,55
9777,55
16950,64
4097,55
894,55
6941,55
9554,55
8063,55
1631,55
4071,55
1715,55
1718,55
9543,55
10352,55
3931,55
16286,69
3433,55
10311,55
3684,55
10464,55
21238,56
20237,56
17795,56
17652,56
15292,56
14542,57
1689,56
11418,56
11400,56
11123,56
11106,56
11035,56
10067,56
9967,56
9097,56
2658,71
15511,56
8846,56
7876,56
7245,56
13186,56
6215,56
6106,56
12515,56
5660,56
5417,56
11506,56
4347,56
16739,68
3886,56
13180,56
15233,67
2380,56
2309,70
15162,56
11031,56
1391,56
1015,56
187,56
11395,56
1765,56
15309,56
10472,56
6461,56
10381,56
7763,56
6934,78
19787,56
3602,56
12874,56
18,56
11637,56
21297,57
21134,57
20773,57
20137,57
19874,57
19763,57
19453,57
19258,57
19137,57
19113,57
18906,57
18859,57
18638,57
18387,57
18145,57
17973,57
17770,57
17723,57
17710,57
17361,57
17317,57
16652,57
16510,57
16238,57
15993,57
15767,57
15585,57
13174,57
12707,57
12677,57
12345,57
12344,57
12205,57
11883,57
11867,57
11722,57
11403,57
10985,57
10817,57
10788,57
9844,57
9075,57
9053,57
8716,57
15031,57
8351,57
7963,57
7935,57
7874,57
1017,60
13870,57
758,60
13611,57
6702,57
12559,57
5937,57
5886,64
18739,57
5873,57
5421,57
5291,57
17834,67
4981,57
4952,57
4890,57
4796,57
10790,57
10515,57
7073,57
7067,57
7046,57
3830,57
559,57
6425,57
9570,57
3139,57
3069,57
9488,57
9431,57
6121,57
9259,57
5986,57
12186,57
2271,57
2239,57
5409,57
547,57
532,57
5340,57
5276,57
6734,57
1832,57
1673,57
1619,57
1598,57
14423,57
8000,57
4660,64
17513,57
12667,57
1434,57
6166,57
1243,57
4437,57
9230,57
2785,57
1123,57
2671,57
15479,57
13874,57
1032,57
978,57
3276,57
5597,57
20838,67
7985,57
733,57
724,57
3089,57
685,57
682,57
2912,57
5620,57
10841,57
9984,57
6731,57
9677,57
56,57
17816,66
4963,57
1760,57
3742,57
1099,57
10895,57
1729,69
14582,57
1340,57
10151,57
4408,57
7698,57
10095,57
21502,58
20270,58
19832,58
19559,58
18621,58
18085,58
18066,58
17731,58
17433,58
17419,58
17365,58
17359,58
17001,58
10947,58
10708,58
9527,58
8610,58
8167,58
8015,58
13290,58
6060,58
6034,58
6025,58
5719,58
5532,73
18385,58
5273,58
5244,58
5167,58
11523,58
11324,58
11025,58
4476,70
17329,58
4438,73
17291,58
13115,58
9293,58
2383,58
8672,58
2231,58
5268,58
3455,58
1731,58
1711,58
11222,58
908,58
16952,64
4099,58
2522,58
1306,58
2775,58
7366,58
144,58
941,58
21215,59
20794,59
18258,59
16819,59
16815,59
16812,59
16284,59
16221,59
16022,59
15834,59
12715,59
12624,59
10980,59
10974,59
10855,59
10601,59
9502,59
9278,59
8860,59
15205,59
8394,59
7723,59
7001,64
19854,59
6293,59
6181,59
6073,59
5993,59
12240,59
5744,59
12110,59
5438,59
5407,59
11685,59
11569,59
11549,59
17948,64
5095,59
11479,59
715,59
3840,59
9963,59
6641,59
169,59
6213,59
2998,68
15851,59
6105,59
2548,59
8892,59
557,59
2112,59
10097,59
449,59
6848,59
167,59
1638,59
4788,59
1585,59
6179,59
1364,59
1245,59
1160,59
1137,59
20348,72
7495,59
4216,59
998,59
7272,59
3994,59
1554,59
7735,59
1314,59
11733,59
1198,59
1176,59
2750,59
3672,59
12153,59
1128,59
9231,59
21295,60
21233,60
21224,60
21178,60
20976,60
20770,60
20567,60
20507,60
20380,60
19862,60
19639,60
19459,60
17811,60
17685,60
17607,60
16806,60
16441,60
16348,60
2462,69
15315,60
15130,60
12705,60
12659,60
12613,60
12516,60
12364,60
11993,60
11696,60
11684,60
11529,60
11429,60
11407,60
11145,60
11028,60
10966,60
10839,60
9818,60
9807,60
9611,60
9566,60
9425,60
9312,60
8742,60
8521,60
8391,71
21244,60
21128,76
8275,60
14630,60
8026,65
20879,60
7883,70
20736,60
14103,60
7516,60
7510,72
20363,60
7466,65
20319,60
7410,60
7330,60
7302,60
7191,60
6500,60
6485,60
24,60
6309,60
5991,60
12294,60
5669,60
5657,60
5629,60
18448,72
5595,60
5555,60
18180,73
5327,60
5084,60
11046,60
4378,60
4358,60
4261,60
4157,60
10534,60
10524,60
4029,60
734,60
6242,60
6123,60
15477,60
5758,60
8965,60
2539,60
15354,60
5679,60
15152,60
2249,60
2188,60
14995,60
2016,60
8355,69
21208,60
5018,60
138,60
1655,60
9625,60
1469,60
1366,60
2789,60
1191,60
1117,60
14744,60
1877,60
7444,60
1768,60
8915,60
13715,60
848,60
5600,60
781,60
1752,60
5725,60
5317,60
1311,60
2110,68
14963,60
98,60
8879,60
7193,60
8296,60
7432,60
5354,60
4954,60
5321,60
15897,61
12114,61
9878,61
9671,61
7297,61
5663,61
18375,63
5522,61
5086,61
7076,61
517,61
514,61
15432,72
2579,61
1378,61
17233,63
4380,61
1326,61
11994,61
6705,61
6875,61
20048,62
19082,62
18749,62
18437,62
17169,62
16955,62
16264,62
16177,62
16074,62
15989,62
12743,62
12706,62
11205,62
11170,62
10717,62
10377,62
10322,62
9829,62
19865,67
7012,62
12758,62
12714,62
5798,62
12080,62
5508,62
5260,62
5253,62
5090,73
17943,62
4717,62
17507,69
4654,62
11059,62
4634,62
10774,62
10661,62
16783,64
3930,62
10285,62
10261,62
6985,62
10183,62
198,62
2858,62
9012,62
12201,62
11858,62
21477,76
8624,62
10200,62
13284,62
1912,62
6658,64
19511,62
14573,62
111,62
4637,62
1308,62
279,62
7437,62
5783,62
5769,62
889,62
10358,62
11946,62
4686,62
955,62
6371,62
9171,62
5822,62
524,62
4544,62
11160,62
9146,62
19433,63
18017,63
16750,63
12830,63
12683,63
12633,63
12489,63
11768,63
11278,63
10693,63
9668,63
7839,63
7496,63
12692,63
6178,63
4066,63
16646,74
3793,63
11830,63
3442,63
1622,63
7310,63
11121,63
1263,63
9202,63
5154,63
13247,63
20025,64
19625,64
19478,64
19081,64
19077,64
18509,64
18495,64
18487,64
18463,64
18458,64
18454,64
18366,64
18095,64
17442,64
17400,64
17173,64
16990,64
16967,64
16940,64
16854,64
16767,64
16740,64
16415,64
16310,64
16279,64
16164,64
16142,64
16134,64
13471,64
12466,64
11795,64
11765,64
11379,64
11291,64
11261,64
10757,64
10746,64
10737,64
10604,64
10385,64
9700,64
9433,64
9408,64
9107,64
8757,64
8726,64
8706,64
2065,75
14918,64
8451,64
8363,64
7584,64
7583,64
7015,64
19808,66
6955,64
444,64
13238,64
13007,64
100,64
29,64
6353,64
5839,64
5485,64
5388,64
5238,64
5207,64
5205,64
11197,64
4741,64
4346,70
17199,64
4074,64
6965,64
19828,78
6975,64
13172,64
330,64
6619,64
213,64
3210,66
16063,64
12752,64
3073,64
2994,64
2990,64
12407,64
9182,64
2555,64
8861,64
11894,64
2257,78
15110,64
5245,64
14867,64
8190,64
20947,70
8094,64
4771,64
17494,68
4641,64
6000,64
7591,64
9165,64
1147,64
1102,64
10724,64
4266,64
4255,64
1036,64
10615,64
5782,64
974,64
1681,64
870,64
4695,64
7099,64
5318,64
895,64
3661,64
2843,64
6816,64
8211,64
1158,64
6492,64
450,64
940,64
10553,64
929,64
2529,64
1068,64
4290,64
21308,65
20910,65
20685,65
20651,65
20598,65
20517,65
20515,65
19029,65
18708,65
16602,65
15295,65
14604,66
1751,65
12658,65
12649,65
12391,65
12382,65
12380,65
12341,65
12258,65
12154,65
12149,65
12077,65
11978,65
11884,65
11713,65
11614,65
11568,65
11109,65
10943,65
10083,65
9478,65
9237,65
8579,65
7838,65
7790,65
140,65
12379,65
12351,65
5738,67
18591,65
11898,65
5342,65
11724,65
11567,65
4797,65
11034,65
10447,65
10436,65
6787,65
6759,65
9610,65
8969,65
12017,65
15094,65
5089,65
126,65
1433,65
1428,65
7693,66
20546,65
9287,65
10840,65
1837,65
9034,65
1013,65
1608,65
11966,65
2342,65
1658,65
1650,65
13025,65
8981,65
11570,65
8995,65
6880,65
2938,65
11644,65
21550,66
21018,66
19802,66
18730,66
15713,66
14877,72
2024,66
10498,66
9479,66
8780,66
7879,66
5176,72
18029,66
10596,66
2546,66
9484,66
4585,66
20771,67
7918,66
4518,66
21479,67
21453,67
21271,67
21256,67
21236,67
21194,67
21022,67
20680,67
20672,67
20658,67
20561,67
20545,67
20499,67
20455,67
20400,67
20105,67
19723,67
19009,67
18718,67
18699,67
18155,67
17988,67
17556,67
16910,67
16376,67
16371,67
16317,67
15790,67
15415,68
2562,67
15136,67
11727,67
11621,67
11543,67
11494,67
11307,67
10499,67
9914,67
9441,67
9346,67
9267,67
9250,67
9235,67
8131,74
20984,67
8001,67
12915,67
6104,67
4794,67
4457,67
3786,67
3697,67
5632,67
8767,67
2092,67
6729,67
19308,73
6455,67
6084,67
1229,67
1188,67
4288,67
12204,67
2580,67
6495,67
5682,67
7139,67
3903,67
3895,67
11112,67
4155,67
530,67
5312,67
6785,67
728,67
2298,67
9029,67
399,67
4930,67
65,67
2005,67
21177,68
20834,68
20632,68
19551,68
18557,68
18527,68
18321,68
17864,68
17059,68
17003,68
16969,68
16962,68
16667,68
15484,68
14844,68
13201,68
12778,68
12754,68
12502,68
12465,68
12423,68
12400,68
10704,68
10530,68
10455,68
10100,68
10062,68
9940,68
9812,68
8199,68
8176,68
800,68
7221,68
7177,68
7143,68
6929,68
13287,68
12534,68
6083,68
12464,68
5328,68
5191,68
5134,68
5002,68
4713,68
4711,68
4662,68
4603,68
4470,68
4349,68
4267,68
10375,68
7119,68
9912,68
16225,77
3372,68
3211,68
6413,68
12415,68
9208,68
15253,68
8747,68
5511,68
8667,68
3704,68
1934,68
12841,68
3207,68
11230,68
7888,68
15817,74
2964,68
2936,68
7569,68
3460,68
1040,68
10593,68
857,68
16810,73
3957,68
3928,68
15394,68
6951,68
14968,73
2115,68
6546,68
6541,68
10752,68
7222,68
21318,69
17993,69
17579,69
17151,69
16287,69
16215,69
15912,69
15591,69
15565,69
15060,69
12557,69
12350,69
11126,69
11095,69
10608,69
10098,69
9509,69
9047,69
8711,69
13103,69
6562,69
6537,69
5919,69
5910,69
5350,69
5349,69
4122,72
16975,69
19512,77
6659,69
2902,69
2528,69
8849,69
2307,69
3779,69
3053,69
9381,69
7737,69
5902,69
1074,69
14177,69
1153,69
12969,69
10518,69
10868,69
1739,69
4845,69
1039,69
840,69
21242,70
21034,70
20634,70
17788,70
16346,70
15601,73
2748,70
12681,70
12562,70
12166,70
11566,70
11338,70
10999,70
10561,70
10253,70
8300,70
5575,70
5359,70
5339,70
11690,70
10919,70
3806,70
5931,70
2350,70
15189,70
2316,70
5452,70
5422,70
10185,70
11649,70
1861,70
11302,70
1602,70
1407,70
1285,70
1200,70
1080,70
210,70
1010,70
2333,70
731,70
2667,70
8229,70
11630,70
9894,70
5741,70
1639,70
10165,70
490,70
20135,71
19304,71
16817,71
16808,71
11333,71
11317,71
11300,71
9562,71
9399,71
8794,71
8708,71
8607,72
21460,71
21277,76
8424,71
7739,71
7483,71
7359,71
7212,71
6859,73
19712,71
6668,71
5654,71
5316,71
5015,71
7061,71
9839,71
15188,71
2335,71
2252,71
5416,71
6540,71
1706,71
41,71
1375,71
2806,71
6299,71
6552,71
1355,71
1528,71
6679,71
6551,71
6529,71
10983,71
12860,71
20089,72
20080,72
19556,72
18902,72
18674,72
18423,72
17038,72
15913,72
15234,72
14987,72
14959,72
14757,72
13190,72
12842,72
12815,72
12791,72
12073,72
11519,72
11460,72
11447,72
11430,72
11372,72
11297,72
11183,72
10545,72
9797,72
9689,72
15694,72
8710,72
8141,72
7592,72
20259,76
7406,72
13095,78
242,72
12848,72
12806,72
6137,72
11555,72
4781,72
4714,72
3352,72
15400,72
8895,72
8658,72
15048,72
562,72
8415,72
4664,72
15562,72
1897,72
256,72
13908,72
8105,72
7124,72
3898,72
13950,72
9674,72
15450,72
1207,72
842,72
21132,73
20974,73
20894,73
20606,73
20498,73
20490,73
19704,73
19369,73
17547,73
16802,73
16347,73
11336,73
10853,73
9961,73
9486,73
15521,73
8810,73
15062,73
15023,73
8565,73
14300,73
6743,73
6323,73
6175,73
11980,73
5444,73
4521,73
4292,73
4169,73
10254,73
3695,73
9682,73
2887,73
9274,73
6041,73
2834,73
5716,73
3676,73
1320,73
4239,73
4219,73
15326,73
19419,74
19062,74
18313,74
18186,74
17956,74
17863,74
17766,74
16212,74
16095,74
15898,74
12647,74
12449,74
11579,74
11387,74
11253,74
11179,74
10258,74
9752,74
8677,74
8599,74
7557,74
7253,74
13393,74
6463,74
12858,74
12803,74
12688,74
12138,74
5332,74
4756,74
4215,74
10581,74
10238,74
3415,74
2310,74
3477,74
11161,74
1535,74
4659,74
7848,74
1412,74
7603,74
4277,74
8725,74
7088,74
3511,74
9680,74
1808,74
7296,74
10314,74
9365,74
9707,75
4773,75
2137,75
10644,75
1044,75
3630,75
21556,76
21512,76
21339,76
21303,76
21138,76
21023,76
20925,76
20907,76
20377,76
20267,76
19993,76
18667,76
18372,76
17952,76
17915,76
17511,76
17338,76
17248,76
17149,76
17142,76
17039,76
16987,76
16214,76
16077,76
14885,76
12027,76
11900,76
11551,76
11446,76
11444,76
11437,76
9795,76
9720,76
9205,76
9134,76
8857,76
7023,76
6058,76
12333,76
5908,76
5394,76
11450,76
11314,76
11163,76
7031,76
13244,76
6788,76
9974,76
13144,76
2965,76
9220,76
2635,76
15453,76
9907,76
8137,76
4809,76
2681,76
5052,76
2620,76
5506,76
9515,76
4038,76
1971,76
4993,76
12907,76
14922,76
8160,76
18975,77
16196,77
8713,77
7642,77
13286,77
2554,77
21076,78
20389,78
19844,78
18567,78
12249,78
11841,78
11541,78
11181,78
10903,78
10901,78
9161,78
14911,78
7066,78
6214,78
12524,78
12084,78
5194,78
4795,78
4364,78
4259,78
2688,78
11829,78
1889,78
11544,78
10622,78
1693,78
4023,78
381,78
12395,78
1498,78
3256,78
136,78
1680,78
5283,78
1076,78
3273,78
16126,78
5162,78
3440,78
18689,79
18367,79
18280,79
16179,79
16110,79
11625,79
11371,79
10002,79
9326,79
8873,79
5888,79
12024,79
12910,79
3104,79
9336,79
15584,79
9014,79
3183,79
1444,79
2371,79
14805,79
11775,79
