21480,0
21479,0
21474,0
21453,0
21352,0
21272,0
21271,0
21265,0
21256,0
21240,0
21237,0
21236,0
21234,0
21232,0
21221,0
21194,0
21189,0
21165,0
21136,0
21114,0
21053,0
21049,0
21045,0
21032,0
21022,0
21012,0
20975,0
20973,0
20920,0
20894,0
20813,0
20812,0
20800,0
20798,0
20779,0
20735,0
20711,0
20680,0
20672,0
20660,0
20652,0
20648,0
20640,0
20596,0
20593,0
20564,0
20561,0
20558,0
20545,0
20502,0
20499,0
20490,0
20470,0
20450,0
20448,0
20440,0
20400,0
20395,0
20385,0
20376,0
20314,0
20310,0
20284,0
20278,0
20228,0
20118,0
20105,0
19978,0
19887,0
19850,0
19745,0
19723,0
19710,0
19674,0
19427,0
19171,0
18953,0
18816,0
18699,0
18283,0
18155,0
18120,0
17988,0
17802,0
17712,0
17655,0
17556,0
17489,0
16910,0
16890,0
16858,0
16825,0
16819,0
16818,0
16812,0
16809,0
16803,0
16800,0
16715,0
16705,0
16672,0
16655,0
16642,0
16551,0
16461,0
16388,0
16385,0
16377,0
16376,0
16371,0
16317,0
16297,0
15888,0
15886,0
15819,0
15790,0
2779,17
15632,0
15476,0
15415,18
2562,0
15211,0
2291,3
15144,0
15136,0
15119,18
2266,0
1769,17
14622,0
14516,0
13031,0
12721,0
12645,0
12631,0
12520,0
12211,0
12207,0
12085,0
12061,0
12042,0
11879,0
11736,0
11727,0
11629,0
11621,0
11564,0
11543,0
11500,0
11494,0
11443,0
11307,0
11115,0
11060,0
11047,0
10924,0
10917,0
10851,0
10611,0
10609,0
10499,0
10478,0
10431,0
10037,0
9995,0
9973,0
9558,0
9441,0
9427,0
9405,0
9378,0
9364,0
9346,0
9250,0
2695,14
15548,0
9111,0
15495,0
9049,0
8956,0
8946,0
8865,0
8750,0
8740,0
8738,0
15157,17
2304,0
2273,8
15126,0
15109,0
8636,18
21489,0
8602,6
21455,0
2153,17
15006,0
2149,12
15002,0
15000,0
8493,11
21346,0
14900,6
2047,0
8428,6
21281,0
8409,0
21262,0
8399,19
21252,0
8374,2
21227,0
8366,9
21219,0
8364,0
8342,2
21195,0
8320,10
21173,0
8313,13
21166,0
8254,0
8131,6
20984,0
8119,1
20972,0
8001,0
14389,2
1536,0
7961,6
20814,0
20775,18
7922,0
7894,17
20747,0
14314,14
1461,0
7884,0
7880,0
7797,11
20650,0
7752,13
20605,0
7730,4
20583,0
7678,18
20531,0
1238,3
14091,0
7670,3
20523,0
7635,3
20488,0
7623,1
20476,0
7620,13
20473,0
7585,1
20438,0
7533,2
20386,0
7512,2
20365,0
7504,18
20357,0
7449,19
20302,0
13854,0
7354,18
20207,0
7342,7
20195,0
7331,0
20129,8
7276,0
7259,13
20112,0
19927,18
7074,0
7072,0
7012,11
19865,0
7001,11
19854,0
560,0
6865,0
6779,0
6622,5
19475,0
12915,0
6475,0
6317,6
19170,0
6279,0
6273,0
6233,0
12596,0
6088,0
6048,0
6017,0
18870,0
5969,0
5950,0
5922,0
12334,0
18754,7
5901,0
5879,2
18732,0
12231,0
18591,4
5738,0
12110,0
18418,2
5565,0
11976,0
18348,11
5495,0
5492,0
18336,18
5483,0
5464,0
5426,0
5407,0
5396,3
18249,0
5389,1
18242,0
5367,0
5327,4
18180,0
5314,0
5308,0
11664,0
5212,11
18065,0
5175,6
18028,0
17943,6
5090,0
11503,0
11479,0
11478,0
5055,0
5029,0
4981,5
17834,0
4900,17
17753,0
4898,11
17751,0
17673,18
4820,0
4794,0
4792,0
4777,8
17630,0
4692,11
17545,0
4690,7
17543,0
10897,0
10891,0
17291,11
4438,0
4357,0
4330,0
17129,2
4276,0
17037,8
4184,0
4141,0
4063,6
16916,0
3989,0
7157,0
19986,1
7133,0
3922,0
698,0
3860,0
3784,0
3755,19
16608,0
3701,11
16554,0
3697,0
466,0
3669,4
16522,0
16490,13
3637,0
3533,2
16386,0
3353,16
16206,0
12919,1
66,0
19307,5
6454,0
9519,0
6254,0
12664,0
3028,2
15881,0
9444,0
6185,0
6173,0
12570,0
15695,0
15692,13
2839,0
9260,0
5994,0
2751,0
2737,2
15590,0
12352,0
15570,0
12296,0
2659,0
5850,6
18703,0
9066,0
15446,18
2593,0
2590,0
5757,7
18610,0
2548,0
5749,9
18602,0
2490,0
2483,13
15336,0
18530,2
5677,0
15312,18
2459,0
5632,0
2409,0
8826,0
2380,8
15233,0
15221,0
15190,8
2337,0
8767,0
2320,0
8731,0
5494,0
5456,11
18309,0
5441,3
18294,0
5415,0
3772,10
16625,0
557,0
14954,9
2101,0
2112,0
8528,0
2107,5
14960,0
2092,0
11666,0
2042,0
3625,18
16478,0
6827,17
19680,0
3623,10
16476,0
3557,9
16410,0
6729,0
8236,0
1803,0
17787,18
4934,0
6523,0
19344,5
6491,0
19308,9
6455,0
8047,4
20900,0
4805,0
14427,0
1569,0
1543,0
4729,0
1524,0
14313,2
1460,0
1467,0
1452,0
3046,18
15899,0
1404,0
1317,0
7734,0
7733,2
20586,0
7709,17
20562,0
12505,0
6084,0
2873,0
2866,4
15719,0
9270,0
1229,0
4419,0
18863,3
6010,0
1160,0
4351,0
7568,2
20421,0
1134,0
1122,0
8318,0
4288,0
7500,2
20353,0
8292,0
1063,0
3446,6
16299,0
21123,11
8270,0
1849,0
19473,3
6620,0
3413,6
16266,0
4216,0
6597,14
19450,0
19462,15
6609,0
13036,5
183,0
10610,0
17042,1
4189,0
12204,0
2580,0
7404,19
20257,0
13027,0
15421,11
2568,0
8986,0
6495,0
5682,0
7287,1
20140,0
7272,0
12014,0
3996,0
17644,3
4791,0
783,0
7985,3
20838,0
14417,12
1564,0
762,5
13615,0
1554,0
3960,15
16813,0
11977,0
15180,0
2322,3
15175,0
7139,0
7950,2
20803,0
7113,13
19966,0
7918,11
20771,0
13539,11
686,0
1492,0
3895,0
11112,0
19136,3
6283,0
2279,0
8970,0
4155,0
15001,18
2148,0
1344,0
19387,6
6534,0
528,0
1314,0
11733,0
9311,0
846,0
12869,0
6799,0
6814,19
19667,0
16457,15
3604,0
3575,10
16428,0
6785,0
3582,0
16824,14
3971,0
728,0
3946,19
16799,0
1135,0
5911,0
1111,0
7914,4
20767,0
7517,17
20370,0
11499,0
20344,13
7491,0
4056,6
16909,0
6456,0
456,0
9029,0
8184,1
21037,0
7381,14
20234,0
3961,7
16814,0
9372,0
1351,0
1727,0
533,0
19386,18
6533,0
10946,0
15359,0
21373,13
8520,0
7398,4
20251,0
3377,2
16230,0
65,0
1677,0
483,0
19329,7
6476,0
13717,0
14517,0
5650,0
7362,18
20215,0
7096,0
10564,0
8060,2
20913,0
1642,0
16486,9
3633,0
3629,0
21191,9
8338,0
15782,8
2929,0
1525,0
18858,1
6005,0
7626,6
20479,0
2005,0
6804,11
19657,0
7634,0
17672,4
4819,0
17073,2
4220,0
21532,1
19653,1
19625,1
19082,1
19081,1
19077,1
18994,1
18902,1
18549,1
18509,1
18495,1
18488,1
18465,1
18463,1
18458,1
18454,1
18437,1
18433,1
18374,1
18366,1
18362,1
17442,1
17400,1
16990,1
16967,1
16940,1
16854,1
16772,1
16767,1
16740,1
16415,1
16310,1
16282,1
16274,1
16164,1
16150,1
16142,1
16134,1
16125,1
16074,1
2725,2
15578,1
14818,6
1965,1
14783,1
706,7
13559,1
435,3
13288,1
13070,1
12788,1
12466,1
12249,1
12147,1
12125,1
12102,1
12040,1
12010,1
11795,1
11789,1
11765,1
11379,1
11291,1
11276,1
11261,1
11191,1
11170,1
10827,1
10757,1
10746,1
10737,1
10708,1
10604,1
10385,1
10377,1
10322,1
10289,1
9829,1
9700,1
9489,1
9453,1
9433,1
9265,1
9107,1
2512,7
15365,1
8726,1
8706,1
8684,1
8585,1
2121,2
14974,1
2065,12
14918,1
8363,1
8347,1
1789,14
14642,1
8209,1
21031,2
8178,1
7767,1
20527,9
7674,1
20459,6
7606,1
7584,1
7583,1
7557,1
7394,2
20247,1
7015,1
19866,15
7013,1
19808,5
6955,1
444,1
13282,1
438,12
13291,1
13238,1
13007,1
100,1
19238,2
6385,1
6376,1
6353,1
12758,1
18920,3
6067,1
12464,1
18851,6
5998,1
18739,18
5886,1
5849,1
5839,1
5830,1
5798,1
5711,5
18564,1
12080,1
12016,1
11941,1
5485,1
18300,7
5447,1
5388,1
5260,1
18109,16
5256,1
5253,1
5238,1
5207,1
5205,1
5044,5
17897,1
11197,1
4741,1
4634,1
4541,1
4370,4
17223,1
4238,16
17091,1
4199,14
17052,1
4173,1
17005,2
4152,1
4091,1
4074,1
4036,1
3930,16
16783,1
19982,6
7129,1
3926,3
16779,1
7075,1
10285,1
10261,1
7031,1
6995,1
6965,1
19828,2
6975,1
3720,1
19773,2
6920,1
6872,1
16493,18
3640,1
9974,1
13172,1
330,1
220,1
198,1
6619,1
213,1
9792,1
3342,7
16195,1
124,1
3210,3
16063,1
12752,1
3107,5
15960,1
3092,1
3073,1
3016,1
12632,1
2995,1
2994,1
2990,1
12407,1
2757,8
15610,1
9182,1
15579,1
15560,1
5848,1
18658,3
5805,1
2555,1
5742,17
18595,1
15384,2
2531,1
15227,14
2374,1
5579,14
18432,1
18376,18
5523,1
11894,1
8661,1
11858,1
21477,2
8624,1
6982,1
10200,1
13284,1
5245,1
5231,1
18068,9
5215,1
378,12
13231,1
3531,1
1933,1
1918,3
14771,1
1912,1
1815,1
8190,1
9706,1
12912,1
59,1
8103,1
4881,1
4771,1
11190,1
17597,5
4744,1
17513,3
4660,1
17494,7
4641,1
4637,1
11030,1
9294,1
6000,1
7591,1
9178,1
9165,1
1147,1
1102,1
10724,1
1079,1
5052,1
4255,1
1036,1
3417,18
16270,1
1023,1
5782,1
974,1
15410,1
4174,6
17027,1
5769,1
4099,5
16952,1
1681,1
870,1
14354,1
4700,1
4695,1
3898,1
4686,1
2952,1
6957,2
19810,1
19796,18
6943,1
6951,1
3723,1
16561,4
3708,1
895,1
3661,1
2843,1
27,8
12880,1
6384,1
17640,3
4787,1
3990,3
16843,1
379,3
13232,1
9196,1
6371,1
1971,1
6758,1
4338,3
17191,1
15550,1
867,1
6816,1
18660,7
5807,1
4993,1
8211,1
3152,6
16005,1
1158,1
9769,1
8172,1
9760,1
480,10
13333,1
3902,6
16755,1
12908,1
4097,11
16950,1
13274,1
450,1
10314,1
940,1
11160,1
839,1
7263,2
20116,1
10553,1
16985,6
4132,1
929,1
2529,1
1068,1
233,1
10825,1
3344,3
16197,1
7222,1
4290,1
5687,17
18540,1
21565,2
21556,2
21517,2
21512,2
21502,2
21473,2
21469,2
21423,2
21369,2
21339,2
21293,2
21138,2
21130,2
21076,2
21019,2
21018,2
20989,2
20925,2
20907,2
20902,2
20834,2
20699,2
20653,2
20465,2
20389,2
20377,2
20267,2
20262,2
20058,2
20039,2
20034,2
20013,2
19993,2
19832,2
19658,2
19556,2
19546,2
19529,2
19507,2
19480,2
19478,2
19471,2
19433,2
19432,2
19371,2
19343,2
19191,2
19017,2
18924,2
18860,2
18849,2
18835,2
18774,2
18773,2
18744,2
18700,2
18689,2
18682,2
18676,2
18674,2
18616,2
18519,2
18490,2
18466,2
18443,2
18423,2
18389,2
18372,2
18371,2
18332,2
18321,2
18277,2
18271,2
18257,2
18228,2
18222,2
18135,2
18095,2
18014,2
17960,2
17952,2
17915,2
17892,2
17813,2
17758,2
17731,2
17707,2
17700,2
17573,2
17568,2
17499,2
17455,2
17452,2
17433,2
17423,2
17417,2
17410,2
17403,2
17302,2
17301,2
17285,2
17248,2
17246,2
17188,2
17187,2
17177,2
17173,2
17149,2
17142,2
17140,2
17123,2
17117,2
17103,2
17077,2
17039,2
17038,2
17036,2
16955,2
16946,2
16903,2
16897,2
16871,2
16851,2
16774,2
16749,2
16734,2
16581,2
16499,2
16331,2
16318,2
16196,2
16179,2
16177,2
16171,2
16146,2
16120,2
16097,2
16093,2
16077,2
15988,2
15979,2
15973,2
15961,2
15932,2
15929,2
15872,2
15859,2
15858,2
15855,2
15672,2
2819,2
2813,7
15666,2
2783,3
15636,2
2767,5
15620,2
15551,2
15543,2
2687,4
15540,2
2674,13
15527,2
2650,18
15503,2
2630,10
15483,2
15481,2
15471,2
15459,13
2606,2
15447,2
2594,2
15406,12
2553,2
2504,9
15357,2
2499,6
15352,2
15306,2
15303,2
15255,2
15234,2
2366,14
15219,2
2347,17
15200,2
2303,14
15156,2
15096,2
14987,2
14981,9
2128,2
14959,2
14926,16
2073,2
14885,2
14865,7
2012,2
14839,2
14757,2
14069,13
1216,2
1105,3
13958,2
13458,2
13321,2
13245,2
389,14
13242,2
13201,2
13175,18
322,2
13170,11
317,2
13096,2
13072,2
13064,8
211,2
13046,2
168,15
13021,2
12815,2
12775,2
12748,2
12728,2
12689,2
12670,2
12651,2
12502,2
12490,2
12489,2
12473,2
12465,2
12461,2
12460,2
12457,2
12443,2
12442,2
12423,2
12409,2
12404,2
12338,2
12278,2
12259,2
12224,2
12197,2
12073,2
12028,2
11970,2
11907,2
11860,2
11812,2
11801,2
11768,2
11746,2
11723,2
11706,2
11574,2
11460,2
11459,2
11430,2
11425,2
11374,2
11371,2
11344,2
11297,2
11292,2
11285,2
11279,2
11278,2
11265,2
11251,2
11249,2
11234,2
11174,2
11102,2
11071,2
11064,2
10913,2
10876,2
10864,2
10811,2
10773,2
10750,2
10743,2
10729,2
10721,2
10704,2
10702,2
10693,2
10632,2
10618,2
10606,2
10559,2
10555,2
10537,2
10359,2
10334,2
10332,2
10299,2
10255,2
10230,2
10062,2
10048,2
9988,2
9982,2
9933,2
9906,2
9872,2
9866,2
9858,2
9764,2
9746,2
9733,2
9720,2
9681,2
9603,2
9505,2
9479,2
9473,2
9450,2
9356,2
9314,2
9290,2
15694,2
9253,2
9242,2
2803,3
15656,2
9155,2
15568,2
9065,2
15485,2
15454,2
15417,2
2560,14
15413,2
8948,2
15366,5
2513,2
8906,2
15294,2
8857,2
8802,2
15220,2
8757,2
8755,2
8748,2
8713,2
8710,2
8707,2
21541,7
8688,2
21538,7
8685,2
15104,19
2251,2
8683,11
21536,2
8677,2
8676,2
8638,5
21491,2
21490,13
8637,2
2196,14
15049,2
8608,2
21460,4
8607,2
21431,8
8578,2
21416,13
8563,2
8546,2
14911,2
8489,14
21342,2
8478,2
14859,7
2006,2
8432,15
21285,2
8424,19
21277,2
8405,2
1932,16
14785,2
8344,2
21197,2
8308,2
8275,8
21128,2
8246,2
21093,3
8240,2
8234,2
21051,5
8198,2
21050,3
8197,2
21046,15
8193,2
21030,3
8177,2
8176,2
20983,9
8130,2
8108,2
8091,2
8089,2
20938,8
8085,2
8068,2
14395,2
7952,2
20790,7
7937,2
7930,2
1440,6
14293,2
7839,2
7831,2
20673,4
7820,2
7814,3
20667,2
7809,6
20662,2
1359,10
14212,2
14178,2
7710,2
7669,2
7643,2
20496,2
7642,2
7592,2
7570,2
20419,4
7566,2
7496,2
13834,2
7408,14
20261,2
20220,13
7367,2
7355,2
20176,8
7323,2
7314,2
7240,2
7220,2
780,19
13633,2
7177,2
7143,2
7126,2
7071,2
7029,11
19882,2
7023,2
19823,18
6970,2
6928,3
19781,2
6922,2
19775,2
467,5
13320,2
6869,2
13286,2
377,2
13200,2
13191,9
338,2
349,2
6770,2
13185,2
6764,2
331,5
13184,2
315,14
13168,2
304,7
13157,2
6716,2
13113,19
260,2
6681,19
19534,2
13078,3
225,2
6647,17
19500,2
13056,2
203,2
214,3
13067,2
6632,2
6630,5
19483,2
6578,2
6494,2
6483,2
6473,2
6450,2
6438,14
19291,2
6436,2
12848,2
6375,2
6373,2
6361,2
12774,2
12761,2
19193,3
6340,2
6337,2
6244,19
19097,2
12654,2
6225,2
12639,2
19042,7
6189,2
12605,2
6169,6
19022,2
12559,2
6137,2
6128,2
12546,2
12534,2
6092,3
18945,2
12507,2
6086,2
6083,2
6058,2
12469,2
6035,18
18888,2
12454,2
6020,15
18873,2
5985,2
12398,2
5900,2
12270,2
5827,2
5792,2
5789,2
5739,3
18592,2
5724,2
18577,2
5712,14
18565,2
18563,13
5710,2
12127,2
12122,2
5690,2
5667,3
18520,2
12068,2
5611,2
18464,2
5609,18
18462,2
5602,4
18455,2
5592,19
18445,2
5567,3
18420,2
5566,9
18419,2
5544,19
18397,2
5530,19
18383,2
5522,17
18375,2
18352,6
5499,2
5491,2
5481,2
18334,2
5475,4
18328,2
5470,12
18323,2
5453,2
5423,2
18276,2
5394,2
5392,2
11811,2
5382,2
18188,5
5335,2
11753,2
5330,2
5297,9
18150,2
5281,2
5270,2
11665,2
18093,3
5240,2
5237,2
5222,11
18075,2
5210,2
5201,2
5192,2
5190,2
11597,2
18029,7
5176,2
5171,2
5139,2
11546,2
17978,7
5125,2
11523,2
5097,5
17950,2
5095,8
17948,2
11506,2
5077,18
17930,2
5072,4
17925,2
17923,11
5070,2
5058,10
17911,2
5053,17
17906,2
5043,19
17896,2
11455,2
4965,2
11362,2
4941,2
11324,2
4903,2
11315,2
11314,2
4867,2
11271,2
17677,15
4824,2
11242,2
4816,2
4785,2
11202,2
4781,2
4779,3
17632,2
11163,2
4713,2
4711,2
4689,2
17540,3
4687,2
11087,2
4666,11
17519,2
4662,2
11065,2
4640,2
17478,6
4625,2
11043,2
4622,2
17457,11
4604,2
4600,2
4595,6
17448,2
17446,6
4593,2
4583,14
17436,2
4576,7
17429,2
17408,7
4555,2
4481,3
17334,2
4477,2
17330,2
4470,2
4465,2
17318,2
4458,2
17311,2
4453,3
17306,2
4452,17
17305,2
4439,17
17292,2
17289,6
4436,2
17260,16
4407,2
4405,2
17258,2
4388,17
17241,2
4386,3
17239,2
4371,15
17224,2
10774,2
4353,8
17206,2
4349,2
4345,2
4343,2
17196,2
10760,2
10744,2
10734,2
4301,15
17154,2
4297,2
4267,2
4246,6
17099,2
10662,2
10661,2
4215,2
4205,8
17058,2
10613,2
4170,6
17023,2
4165,2
4156,2
16992,15
4139,2
16975,5
4122,2
4113,11
16966,2
10505,2
4075,2
4061,2
4041,2
16888,4
4035,2
16886,19
4033,2
10449,2
7218,18
20071,2
10418,2
16850,19
3997,2
7196,2
7192,9
20045,2
10403,2
16835,17
3982,2
16826,14
3973,2
7161,2
7136,3
19989,2
10354,2
7119,2
7115,9
19968,2
690,17
13543,2
7111,3
19964,2
16745,6
3892,2
3886,7
16739,2
10291,2
7070,2
7049,16
19902,2
13462,2
3828,14
16681,2
16650,16
3797,2
16649,6
3796,2
6998,2
16648,18
3795,2
6996,2
3793,7
16646,2
10213,2
6993,2
3777,14
16630,2
10192,2
16615,12
3762,2
518,2
10122,2
478,2
13271,2
405,10
13258,2
13236,2
13251,2
409,14
13262,2
13244,2
10015,2
3589,5
16442,2
3577,5
16430,2
13199,14
346,2
9975,2
3534,2
9954,2
13144,2
302,2
3520,2
3492,2
3463,11
16316,2
16314,14
3461,2
3449,2
6638,3
19491,2
16288,10
3435,2
6623,2
19474,19
6621,2
3378,2
3372,6
16225,2
3371,2
3352,2
6498,3
19351,2
3295,18
16148,2
12900,18
47,2
46,2
3249,2
3222,2
16075,2
19267,4
6414,2
9615,2
16045,4
3192,2
9608,2
3187,2
3149,2
15984,19
3131,2
15981,9
3128,2
3111,2
15964,2
12731,2
3098,2
15951,2
3062,2
15909,8
3056,2
9472,2
15900,18
3047,2
3040,2
6202,2
15851,8
2998,2
2985,16
15838,2
2983,2
2971,2
15823,9
2970,2
15821,8
2968,2
2959,2
15808,18
2955,2
15803,3
2950,2
2930,2
9336,2
2853,2
15675,2
2793,2
2792,2
12415,2
2791,2
9208,2
2768,7
15621,2
2762,2
15613,9
2760,2
12375,2
18807,15
5954,2
9172,2
9163,2
2688,2
9069,2
2647,2
2635,2
15453,2
2602,4
15455,2
5796,2
2579,17
15432,2
5788,2
5787,2
15400,2
2554,2
2550,2
5751,18
18604,2
15386,2
8961,2
12152,2
2520,2
8933,2
5678,13
18531,2
2475,2
8895,2
5643,2
12053,2
8850,2
15270,3
2417,2
15253,2
8806,2
5540,3
18393,2
15179,2
2326,2
2310,2
8696,2
2259,10
15112,2
5472,2
8689,2
8686,6
21539,2
15095,2
8670,6
21523,2
11863,2
11861,2
8658,2
2228,2
15055,6
2202,2
8632,2
11830,2
15045,2
8623,2
3779,2
8603,2
5376,6
18229,2
6968,2
2168,2
3694,2
14921,2
3652,18
16505,2
18111,5
5258,2
3645,2
14867,2
2001,11
14854,2
2010,2
2000,2
8416,2
1995,2
8415,2
1983,2
5168,2
1960,2
3526,2
8334,3
21187,2
5113,2
9907,2
1889,2
16336,14
3483,2
13090,3
237,2
6658,2
19511,2
1858,2
8269,17
21122,2
3442,2
248,2
13024,2
6603,2
1801,2
4970,15
17823,2
16185,7
3332,2
127,7
12980,2
6559,14
19412,2
3329,2
1723,2
8137,2
12962,17
109,2
3285,2
6502,2
81,2
9675,2
6428,2
3225,2
3223,7
16076,2
17682,3
4829,2
12843,2
9640,2
6420,19
19273,2
9638,2
3217,2
6419,10
19272,2
9637,2
8040,6
20893,2
9628,2
19283,5
6430,2
4809,2
12823,2
6407,2
14440,2
9604,2
4769,6
17622,2
1563,2
4765,9
17618,2
1550,2
7962,2
4740,2
17593,2
1535,2
15956,3
3103,2
7901,2
7899,2
7888,2
7877,2
7873,2
7866,10
20719,2
14270,2
4617,2
17470,2
3003,2
4609,6
17462,2
15832,12
2979,2
20655,4
7802,2
15829,3
2976,2
4581,4
17434,2
2964,11
15817,2
15811,3
2958,2
1361,2
2936,2
17341,3
4488,2
2881,2
1272,2
15715,13
2862,2
20525,7
7672,2
17284,11
4431,2
20485,7
7632,2
7621,19
20474,2
2785,2
7609,2
4380,17
17233,2
1159,18
14012,2
18810,7
5957,2
7569,2
4340,2
7558,2
1125,2
11544,2
5123,2
1920,2
15562,2
20392,13
7539,2
1103,2
5902,2
2699,2
4303,7
17156,2
9903,2
2681,2
1082,2
256,2
6677,2
5880,2
7501,2
1077,2
7495,8
20348,2
1072,2
10687,2
7468,19
20321,2
5040,2
8258,2
1040,2
9834,2
7424,2
10622,2
3390,2
5783,2
982,2
10593,2
969,2
3290,18
16143,2
8114,2
7310,2
889,2
884,2
10506,2
16117,7
3264,2
12091,2
16922,18
4069,2
8069,6
20922,2
4052,2
3243,7
16096,2
6461,2
2390,2
1588,2
16837,17
3984,2
10391,2
7168,15
20021,2
757,2
7154,2
718,2
11946,2
1519,2
3109,2
3918,2
5506,2
704,2
13530,16
677,2
688,2
19957,4
7104,2
697,2
17544,9
4691,2
19950,6
7097,2
7088,2
7085,2
15394,2
955,2
15391,12
2538,2
7771,2
20624,2
11773,2
3748,2
2923,2
6546,2
8943,2
19787,8
6934,2
5318,2
14957,2
19767,14
6914,2
3711,2
11734,2
14963,4
2110,2
14951,2
6101,2
4504,4
17357,2
8113,2
4494,8
17347,2
2064,2
7684,2
16513,7
3660,2
7679,5
20532,2
20917,7
8064,2
13688,2
835,2
19699,15
6846,2
14888,2
4038,2
6433,3
19286,2
7226,13
20079,2
4420,19
17273,2
12424,2
390,14
13243,2
7605,6
20458,2
12397,2
3572,2
5573,8
18426,2
4372,8
17225,2
1949,2
5543,4
18396,2
16392,17
3539,2
345,2
4735,2
3934,7
16787,2
3528,2
6740,2
17980,6
5127,2
3917,17
16770,2
14751,17
1898,2
12332,2
7529,6
20382,2
16367,14
3514,2
14340,2
7102,11
19955,2
696,2
3472,2
1078,2
5870,2
20927,4
8074,2
9680,2
853,2
6471,2
3253,2
6465,5
19318,2
15450,2
8206,2
1785,2
3360,2
16213,2
13008,2
11385,2
2951,2
15804,2
5154,2
11775,2
3348,16
16201,2
3351,2
2542,2
2942,2
136,2
19410,19
6557,2
3339,2
12969,2
4127,2
16978,11
4125,2
525,2
9738,2
16170,18
3317,2
903,2
19780,18
6927,2
1299,2
19364,6
6511,2
105,2
15416,2
8098,2
14922,2
7304,2
6492,2
1675,2
1959,2
16200,6
3347,2
4144,17
16997,2
1044,2
9108,2
9761,2
3340,2
3440,2
9554,2
3133,2
8160,2
10563,2
4142,4
16995,2
7260,2
4845,2
8063,2
10156,2
16588,6
3735,2
4135,2
16988,2
6541,2
4071,2
4918,7
17771,2
1715,2
918,2
3315,2
8080,2
3122,2
7659,2
15797,4
2944,2
1347,2
6636,10
19489,2
16286,15
3433,2
2013,2
16908,16
4055,2
13247,2
7093,3
19946,2
20161,12
7308,2
21571,3
21462,3
21454,3
21429,3
21419,3
21382,3
21376,3
21358,3
21318,3
21251,3
21210,3
21060,3
21000,3
20919,3
20824,3
20773,3
20734,3
20721,3
20710,3
20709,3
20420,3
20379,3
20142,3
19984,3
19959,3
19870,3
19762,3
19751,3
19744,3
19731,3
19256,3
18963,3
18962,3
18951,3
18932,3
18930,3
18921,3
18910,3
18861,3
18859,3
18638,3
18504,3
18479,3
18367,3
18351,3
18254,3
18217,3
18182,3
18145,3
18138,3
18017,3
17993,3
17973,3
17956,3
17876,3
17872,3
17870,3
17860,3
17857,3
17849,3
17839,3
17812,3
17776,3
17760,3
17749,3
17723,3
17710,3
17612,3
17574,3
17538,3
17506,3
17479,3
17361,3
17349,3
17317,3
17212,3
17174,3
17164,3
17125,3
17095,3
17053,3
17048,3
17004,3
17003,3
16983,3
16875,3
16700,3
16656,3
16622,3
16607,3
16443,3
16403,3
16307,3
16287,3
16241,3
16238,3
16203,3
16163,3
16041,3
15997,3
15993,3
15918,3
15912,3
15767,3
15736,3
2763,15
15616,3
2744,16
15597,3
15585,3
2722,13
15575,3
15484,3
15464,15
2611,3
15387,13
2534,3
15308,3
15292,3
15230,3
15226,3
2357,14
15210,3
2269,11
15122,3
15060,3
2151,18
15004,3
14978,3
14903,3
14877,6
2024,3
14736,3
14623,3
1734,8
14587,3
14544,3
1689,8
14542,3
14539,3
1686,3
1651,13
14504,3
14263,3
13757,18
904,3
849,7
13702,3
410,19
13263,3
13224,17
371,3
13174,3
271,16
13124,3
232,6
13085,3
13077,3
13023,3
13003,3
139,17
12992,3
12963,18
110,3
12937,3
12861,3
12717,3
12707,3
12702,3
12677,3
12647,3
12627,3
12611,3
12574,3
12557,3
12529,3
12487,3
12449,3
12305,3
12298,3
12237,3
12195,3
11983,3
11925,3
11867,3
11841,3
11808,3
11793,3
11743,3
11663,3
11625,3
11563,3
11559,3
11514,3
11468,3
11466,3
11451,3
11440,3
11431,3
11370,3
11274,3
11253,3
11126,3
11105,3
11074,3
11035,3
11015,3
10887,3
10849,3
10843,3
10794,3
10508,3
10498,3
10470,3
10432,3
10348,3
10335,3
10237,3
10219,3
10197,3
10140,3
10114,3
10110,3
10096,3
10071,3
10067,3
10057,3
10002,3
9971,3
9918,3
9891,3
9874,3
9850,3
9833,3
9809,3
9742,3
9668,3
9618,3
9561,3
9487,3
9443,3
9413,3
9388,3
9330,3
9296,3
9232,3
2658,8
15511,3
9075,3
9072,3
9064,3
9047,3
8996,3
8962,3
8945,3
2496,13
15349,3
8914,3
8866,3
8863,3
8853,3
8717,3
8716,3
8711,3
2275,4
15128,3
21557,6
8704,3
2167,19
15020,3
14967,14
2114,3
8541,14
21394,3
8526,3
14933,14
2080,3
21325,13
8472,3
8438,6
21291,3
21259,13
8406,3
21175,4
8322,3
8287,18
21140,3
21129,7
8276,3
8225,11
21078,3
8221,3
8205,3
8021,3
7997,3
7977,3
7928,3
7897,3
7896,3
20746,19
7893,3
7891,18
20744,3
7876,3
7872,3
20725,3
7847,3
7845,17
20698,3
7826,13
20679,3
7813,18
20666,3
7810,3
7791,3
7725,3
7687,3
7671,3
20497,13
7644,3
20457,7
7604,3
20367,13
7514,3
13904,3
20334,12
7481,3
20328,5
7475,3
1017,4
13870,3
20286,13
7433,3
7386,3
20235,13
7382,3
7363,10
20216,3
7357,6
20210,3
13753,3
13735,14
882,3
7253,3
7209,3
758,4
13611,3
7058,3
13404,7
551,3
6929,3
496,3
6913,5
19766,3
19702,5
6849,3
6818,3
352,6
13205,3
6726,3
281,3
6657,6
19510,3
13043,3
201,9
13054,3
6561,3
96,7
12949,3
6528,17
19381,3
19380,5
6527,3
6507,12
19360,3
6503,3
64,14
12917,3
75,3
37,4
12890,3
6445,3
19294,16
6441,3
12857,3
12797,3
6287,3
6282,3
6234,8
19087,3
12641,3
6220,14
19073,3
12620,3
18988,7
6135,3
6103,3
12517,3
6096,3
12512,3
12503,3
6082,3
6027,3
18830,4
5977,3
5958,18
18811,3
5946,3
5934,3
5919,3
12321,3
12309,3
5835,11
18688,3
5810,6
18663,3
12159,3
18566,7
5713,3
5701,17
18554,3
5689,3
5659,3
5641,3
12048,3
5585,3
18438,3
5537,10
18390,3
5517,3
11891,3
5465,3
11872,3
11847,3
5421,3
5411,3
18253,15
5400,3
18243,9
5390,3
5379,3
5377,3
11763,3
11744,3
5309,3
11717,3
5296,10
18149,3
5293,3
11708,3
5286,3
18096,12
5243,3
5234,3
5183,6
18036,3
5177,3
5102,3
5094,3
5091,3
5021,17
17874,3
5020,3
17873,3
5013,19
17866,3
11386,3
11373,3
4910,18
17763,3
4893,14
17746,3
4890,3
17701,7
4848,3
17659,18
4806,3
17651,18
4798,3
4733,3
4708,3
11100,3
4654,6
17507,3
17432,6
4579,3
17389,6
4536,3
10872,3
10826,3
10787,3
10786,3
4365,3
4237,3
17084,6
4231,3
4228,17
17081,3
4204,3
17028,15
4175,3
4167,3
10581,3
17012,7
4159,3
4146,3
10566,3
10509,3
3993,3
3916,3
7073,3
3858,17
16711,3
19913,15
7060,3
3857,10
16710,3
7041,3
3830,3
10238,3
7011,6
19864,3
10222,3
544,3
3759,3
3758,3
16611,3
498,3
6887,3
10041,3
16458,9
3605,3
10000,3
6767,3
356,3
6737,3
6752,3
3491,3
191,3
3409,5
16262,3
13011,3
3266,3
16119,3
12888,3
12834,3
3157,3
3154,3
9549,3
9526,3
3104,3
6276,3
15925,11
3072,3
15924,14
3071,3
9488,3
3038,3
15876,13
3023,3
9437,3
9434,3
3013,3
3008,10
15861,3
6157,3
9371,3
12550,3
2886,17
15739,3
6059,3
15698,3
6042,19
18895,3
9259,3
2799,3
5986,3
2752,9
15605,3
15602,3
5955,3
15593,3
15584,3
2718,8
15571,3
5898,9
18751,3
9087,3
15494,3
2638,3
18646,13
5793,3
2570,3
2543,18
15396,3
5723,4
18576,3
2471,8
15324,3
5671,3
12083,3
8880,3
2419,3
8830,3
2309,4
15162,3
11895,3
2271,3
15118,17
2265,3
18308,19
5455,3
18307,4
5454,3
5442,3
5440,3
11837,3
5409,3
11829,3
18238,18
5385,3
15024,3
547,3
5366,3
532,3
10171,3
5340,3
6907,3
19760,3
2097,3
8513,3
442,3
436,3
13265,3
1994,3
6734,3
8331,3
6689,3
3486,13
16339,3
14739,6
1886,3
11504,3
21077,13
8224,3
3395,3
14629,3
1735,3
3275,3
12898,9
45,3
12883,3
17694,7
4841,3
9644,3
1622,3
3216,3
1619,3
6410,3
19263,3
19255,6
6402,3
8023,3
14423,3
4772,3
17625,3
11161,3
9538,3
3063,3
1445,4
14298,3
1456,3
12667,3
4649,13
17502,3
4648,3
7865,3
1444,3
1434,3
15879,18
3026,3
11051,3
1427,3
4615,3
1391,3
4585,3
7796,3
9381,3
9338,3
2917,3
7737,3
1316,3
2897,3
1300,3
9302,3
1276,3
20546,8
7693,3
1252,3
7650,3
1228,3
15655,10
2802,3
9230,3
10833,3
2797,3
20471,9
7618,3
7603,3
12368,3
5947,3
5925,8
18778,3
13966,3
2677,3
4277,3
1052,3
1032,3
13037,3
1015,3
16247,18
3394,3
1000,3
4201,5
17054,3
194,3
162,3
16233,5
3380,3
4976,18
17829,3
20968,9
8115,3
7318,3
3276,3
15309,3
3205,3
7217,3
10435,3
768,3
3970,3
9563,3
15995,5
3142,3
4748,3
17601,3
741,3
18378,6
5525,3
724,3
7128,8
19981,3
21575,11
8722,3
7109,18
19962,3
7107,3
7090,18
19943,3
682,3
2552,3
16600,11
3747,3
5351,3
7765,6
20618,3
14177,3
15777,19
2924,3
8547,3
19378,7
6525,3
12146,3
14156,18
1303,3
12532,3
6930,3
3699,3
1263,3
8467,3
820,3
10841,3
393,3
401,3
787,3
381,3
6811,5
19664,3
1575,3
13225,11
372,3
3573,3
369,3
6784,3
15213,3
7149,3
743,3
6731,3
19561,13
6708,3
12719,3
13141,3
9088,3
9677,3
6877,3
12243,3
9025,3
1996,3
995,3
3587,3
1790,3
4963,5
17816,3
960,3
11575,3
15801,6
2948,3
9363,3
3742,3
11358,3
18590,7
5737,3
10548,3
8940,3
7341,3
12965,3
2500,3
2696,3
1099,3
7296,3
4474,3
474,3
1741,3
16140,11
3287,3
14582,7
1729,3
4143,3
1340,3
3336,3
1739,3
2039,3
6836,3
8947,3
1220,3
1332,3
18,3
4331,17
17184,3
7749,3
3702,15
16555,3
16597,7
3744,3
6639,6
19492,3
4107,3
10,3
6801,17
19654,3
21275,8
8422,3
1213,3
21447,4
21295,4
21286,4
21233,4
21178,4
21176,4
21106,4
21047,4
21034,4
20976,4
20804,4
20712,4
20567,4
20515,4
20507,4
20381,4
20380,4
19862,4
19815,4
19790,4
19639,4
19459,4
18719,4
18606,4
17811,4
17788,4
17685,4
17607,4
16912,4
16848,4
16480,4
16441,4
16348,4
16342,4
16244,4
15733,4
15703,14
2850,4
15561,18
2708,4
15482,4
2462,7
15315,4
15130,4
14612,16
1759,4
14394,7
1541,4
13552,11
699,4
13032,4
12705,4
12659,4
12613,4
12562,4
12516,4
12182,4
12169,4
11993,4
11878,4
11758,4
11754,4
11696,4
11684,4
11683,4
11578,4
11529,4
11429,4
11407,4
11338,4
11300,4
11128,4
11028,4
11019,4
10966,4
10964,4
10923,4
10856,4
10561,4
10253,4
10027,4
9807,4
9647,4
9611,4
9566,4
9562,4
9425,4
9399,4
9334,4
9312,4
9003,4
8935,4
15337,15
2484,4
8742,4
21430,8
8577,4
2130,6
14983,4
8553,11
21406,4
8521,4
8488,4
8487,4
8430,7
21283,4
21278,7
8425,4
8388,4
8361,5
21214,4
8335,4
8300,4
21142,12
8289,4
8259,18
21112,4
14630,4
8036,4
8026,19
20879,4
7883,4
20736,4
7816,5
20669,4
7739,4
14103,4
7627,15
20480,4
7516,4
7483,4
7455,8
20308,4
7439,4
7410,4
7330,4
7302,4
7191,4
6859,9
19712,4
6747,4
6711,4
6668,4
19377,6
6524,4
6521,7
19374,4
6500,4
6496,4
12866,5
13,4
24,4
6271,4
6257,4
6232,4
6187,4
6138,4
6078,4
18904,14
6051,4
5991,4
12379,4
12294,4
5669,4
12079,4
12078,4
5657,4
5654,4
5629,4
18470,11
5617,4
18448,6
5595,4
5555,4
11967,4
11622,4
11588,4
5114,14
17967,4
5084,4
17887,12
5034,4
5015,4
17773,19
4920,4
4901,4
4745,4
11132,4
11046,4
10973,4
10879,4
4378,4
4358,4
4261,4
4258,4
4182,5
17035,4
4157,4
10534,4
10524,4
4029,4
734,4
16725,12
3872,4
16670,12
3817,4
10227,4
3806,4
16654,9
3801,4
3771,4
19703,7
6850,4
10040,4
202,4
9839,4
19163,6
6310,4
6243,4
6242,4
6211,4
9389,4
6149,4
6123,4
2918,4
2834,4
2820,4
5975,15
18828,4
15607,6
2754,4
5931,4
12271,4
2645,4
15477,4
2567,4
5758,4
8965,4
12163,4
2539,4
15354,4
5679,4
8814,4
2335,19
15188,4
5538,4
15152,4
11877,4
2252,4
2249,4
2227,4
5416,4
2188,4
14995,4
16479,18
3626,4
8447,19
21300,4
2016,4
8355,5
21208,4
21192,19
8339,4
13110,4
5051,4
5050,4
5018,4
19426,7
6573,4
138,4
4914,4
4892,4
1655,4
9625,4
1469,4
7887,4
11058,4
7855,5
20708,4
11036,4
1192,4
1191,4
17216,6
4363,4
1157,4
17194,6
4341,4
1138,4
4337,4
1117,4
14744,4
7521,6
20374,4
1877,4
1837,4
7444,4
1003,4
1768,4
8915,4
11305,4
11308,4
2479,4
848,4
5600,4
16853,11
4000,4
781,4
11153,4
7940,6
20793,4
16762,6
3909,4
680,4
2276,4
6552,4
1752,4
1355,4
3740,4
7747,5
20600,4
5725,4
5317,4
1311,4
18166,19
5313,4
8530,4
19357,8
6504,4
98,4
8879,4
1258,4
10459,4
7193,4
3977,4
1528,4
731,4
8296,4
6679,4
7432,4
1007,4
10008,4
4554,4
5354,4
6551,4
4954,4
4930,4
21190,9
8337,4
19373,6
6520,4
2877,4
17929,6
5076,4
9894,4
10089,4
10983,4
7762,4
1639,4
16533,13
3680,4
484,4
859,4
19178,19
6325,4
10165,4
4404,4
20114,7
7261,4
20291,13
7438,4
21550,5
21401,5
21201,5
21133,5
21007,5
20982,5
20946,5
20887,5
19975,5
19895,5
19839,5
19830,5
19802,5
19379,5
19312,5
19270,5
19262,5
19208,5
19092,5
18906,5
18882,5
18852,5
18782,5
18667,5
18402,5
18387,5
18234,5
18225,5
18080,5
18037,5
18034,5
17957,5
17878,5
17867,5
17847,5
17785,5
17782,5
17719,5
17706,5
17589,5
17563,5
17488,5
17472,5
17421,5
17399,5
17342,5
17314,5
17137,5
16963,5
16677,5
16523,5
16510,5
16354,5
16277,5
16210,5
15898,5
15713,5
15591,5
15580,5
15467,5
15345,6
2492,5
2411,18
15264,5
15197,17
2344,5
15052,5
14563,5
1457,11
14310,5
13711,5
12683,5
12679,5
12485,5
12400,5
12345,5
12225,5
12191,5
12117,5
12094,5
11968,5
11833,5
11822,5
11403,5
11104,5
11056,5
11039,5
10985,5
10941,5
10918,5
10908,5
10904,5
10847,5
10467,5
10388,5
10371,5
10224,5
10146,5
9976,5
9752,5
9607,5
9205,5
9104,5
8978,5
8916,5
15329,6
2476,5
15327,19
2474,5
2458,13
15311,5
2391,17
15244,5
8780,5
8734,5
8705,5
8613,11
21466,5
8540,13
21393,5
1975,11
14828,5
21254,13
8401,5
21117,13
8264,5
8217,5
8045,7
20898,5
7968,5
14315,5
1293,9
14146,5
7715,5
1246,6
14099,5
7534,5
7488,17
20341,5
7470,5
7452,5
7352,5
7045,5
6881,17
19734,5
6874,5
19727,5
6819,5
6725,5
6697,5
236,6
13089,5
247,5
6660,5
12959,5
6537,5
6463,5
12767,5
12692,5
12644,5
12599,5
6178,5
12515,5
12441,5
5930,9
18783,5
12333,5
5888,5
12236,5
12133,5
12132,5
5675,5
5627,5
11982,5
11954,5
5533,5
11920,5
5334,11
18187,5
5291,5
11707,5
5191,5
11507,5
5071,5
11464,5
4956,17
17809,5
4922,14
17775,5
4835,6
17688,5
17595,15
4742,5
11134,5
4621,5
4592,5
10962,5
4510,5
10790,5
17186,16
4333,5
4323,5
17102,7
4249,5
10515,5
4015,13
16868,5
764,5
7087,5
3853,8
16706,5
3846,5
16628,13
3775,5
19737,18
6884,5
10102,5
19650,14
6797,5
366,5
6762,5
3367,5
128,18
12981,5
68,5
3251,5
6413,5
15963,18
3110,5
6274,8
19127,5
3069,5
3067,11
15920,5
2999,5
19041,6
6188,5
9392,5
15704,8
2851,5
15691,14
2838,5
15668,9
2815,5
5949,5
2672,5
15462,11
2609,5
9014,5
15427,13
2574,5
2578,5
12186,5
2551,7
15404,5
5762,5
8951,5
2530,5
8909,5
18539,11
5686,5
8771,5
11915,5
11873,5
2246,5
11862,5
6953,5
8558,18
21411,5
18148,6
5295,5
6841,5
16460,18
3607,5
5203,5
9952,5
6712,5
6710,5
3469,5
1835,5
1832,5
11393,5
134,15
12987,5
6478,10
19331,5
3263,5
3252,5
1626,5
1,5
6422,5
1606,5
9619,5
11222,5
3183,5
16016,19
3163,5
7987,8
20840,5
1506,5
1480,5
14282,10
1429,5
3009,5
4610,13
17463,5
1406,5
12600,5
1301,19
14154,5
9234,5
1211,5
4411,7
17264,5
15596,5
10748,5
8306,5
9102,5
8298,5
2671,5
3460,5
9081,5
14679,5
13874,5
7453,5
1816,5
10615,5
8186,6
21039,5
87,17
12940,5
5670,15
18523,5
10473,5
4051,5
2434,5
5597,5
703,5
15154,6
2301,5
15146,5
19963,7
7110,5
11121,5
1497,5
4697,5
11107,5
685,5
16202,8
3349,5
5755,5
12173,5
1350,5
10129,5
2898,5
15300,17
2447,5
1217,5
17254,6
4401,5
15623,5
7184,19
20037,5
6778,5
9194,5
13197,5
5535,9
18388,5
735,5
12886,5
3405,14
16258,5
10831,5
3387,5
945,5
930,5
5722,17
18575,5
1676,5
10895,5
3668,9
16521,5
272,5
20168,8
7315,5
4739,5
19295,6
6442,5
10151,5
3228,5
5331,5
6886,5
16155,11
3302,5
687,5
21574,6
21568,6
21567,6
21501,6
21391,6
21303,6
21131,6
21023,6
20936,6
20878,6
20829,6
20787,6
20769,6
20632,6
20469,6
20439,6
20409,6
20270,6
20230,6
20186,6
20159,6
20095,6
20089,6
20080,6
20048,6
20025,6
20012,6
20005,6
19844,6
19807,6
19758,6
19559,6
19557,6
19551,6
19509,6
19505,6
19499,6
19411,6
19293,6
19241,6
19223,6
19167,6
19083,6
19069,6
19065,6
19006,6
18992,6
18917,6
18865,6
18746,6
18621,6
18567,6
18557,6
18472,6
18421,6
18415,6
18403,6
18392,6
18357,6
18302,6
18280,6
18231,6
18186,6
18160,6
18104,6
18099,6
18085,6
18071,6
18066,6
18050,6
18009,6
17986,6
17963,6
17894,6
17877,6
17864,6
17863,6
17780,6
17759,6
17748,6
17686,6
17511,6
17473,6
17449,6
17431,6
17422,6
17419,6
17411,6
17406,6
17365,6
17359,6
17352,6
17338,6
17335,6
17316,6
17298,6
17279,6
17277,6
17274,6
17269,6
17256,6
17245,6
17236,6
17201,6
17152,6
17128,6
17097,6
17083,6
17075,6
17074,6
17067,6
16993,6
16989,6
16987,6
16981,6
16979,6
16962,6
16957,6
16935,6
16929,6
16926,6
16856,6
16794,6
16788,6
16777,6
16759,6
16680,6
16658,6
16651,6
16636,6
16577,6
16357,6
16332,6
16257,6
16256,6
16216,6
16215,6
16214,6
16139,6
16103,6
16095,6
16088,6
15913,6
15840,6
15810,6
15363,6
2393,8
15246,6
15237,6
15194,6
14982,6
14971,9
2118,6
14904,6
14844,6
14545,17
1692,6
14199,6
13649,6
13507,6
13279,6
422,8
13275,6
13255,16
402,6
186,15
13039,6
12842,6
12836,6
12830,6
12827,6
12799,6
12791,6
12778,6
12763,6
12760,6
12755,6
12754,6
12725,6
12691,6
12690,6
12680,6
12604,6
12564,6
12563,6
12399,6
12135,6
12011,6
11888,6
11866,6
11848,6
11826,6
11791,6
11639,6
11587,6
11580,6
11558,6
11551,6
11545,6
11541,6
11519,6
11487,6
11447,6
11446,6
11444,6
11437,6
11390,6
11387,6
11372,6
11357,6
11352,6
11330,6
11327,6
11287,6
11273,6
11260,6
11252,6
11243,6
11236,6
11183,6
11175,6
11149,6
11144,6
11123,6
11103,6
11093,6
11076,6
11048,6
10959,6
10905,6
10903,6
10717,6
10695,6
10665,6
10642,6
10623,6
10619,6
10608,6
10584,6
10545,6
10530,6
10455,6
10445,6
10306,6
10302,6
10265,6
10258,6
10107,6
10100,6
10080,6
10049,6
9953,6
9943,6
9923,6
9892,6
9853,6
9847,6
9797,6
9795,6
9755,6
9712,6
9704,6
9689,6
9661,6
9657,6
9654,6
9559,6
9535,6
9509,6
9465,6
9445,6
9423,6
9315,6
2800,14
15653,6
9207,6
2771,17
15624,6
9203,6
9147,6
9134,6
9110,6
9076,6
15424,6
2370,7
15223,6
2353,8
15206,6
15198,6
15171,6
2308,10
15161,6
8699,6
21519,16
8666,6
8663,6
8662,6
8641,6
21488,19
8635,6
8628,6
15028,9
2175,6
8606,6
8599,6
21451,13
8598,6
15013,6
8592,6
21359,13
8506,6
14923,6
14912,6
8490,17
21343,6
2056,15
14909,6
8480,6
21333,6
8453,6
14826,6
8349,6
21202,6
8309,6
21105,9
8252,6
21097,15
8244,6
8212,16
21065,6
14626,14
1773,6
8167,6
8151,6
8141,6
8134,6
8106,6
20959,6
1659,15
14512,6
8056,8
20909,6
8016,17
20869,6
8012,10
20865,6
20825,13
7972,6
7942,17
20795,6
7907,6
7611,6
20453,19
7600,6
7596,6
20446,13
7593,6
7552,6
20363,8
7510,6
7477,6
7406,18
20259,6
7391,6
7379,14
20232,6
20165,13
7312,6
791,6
7148,17
20001,6
7135,6
7032,6
7030,6
7014,11
19867,6
13290,6
13281,6
13270,6
19644,8
6791,6
13210,6
13195,15
342,6
311,6
19572,18
6719,6
290,6
13095,18
242,6
249,6
19448,18
6595,6
6576,6
71,17
12924,6
12806,6
6382,6
6350,6
6348,6
6346,6
19199,6
12732,6
6267,6
6264,6
6248,19
19101,6
12655,6
6214,6
19037,16
6184,6
12602,6
6177,6
6125,6
6091,6
18944,6
6085,6
18938,6
12472,6
12468,6
6034,6
6014,13
18867,6
5973,6
12355,6
12340,6
5908,6
5895,6
18721,9
5868,6
5858,6
5808,6
12213,6
5727,6
5719,6
18570,11
5717,6
5655,6
5603,17
18456,6
5598,6
5561,6
5554,6
18407,6
5546,17
18399,6
5532,9
18385,6
11916,6
11831,6
11817,6
5363,6
5345,6
18176,7
5323,6
5288,6
5278,6
5273,6
5255,6
18108,6
11661,6
11658,6
5235,6
18079,7
5226,6
5214,6
18048,13
5195,6
5194,6
5172,6
5167,6
5160,6
5148,11
18001,6
11555,6
5134,6
5126,14
17979,6
5118,6
5117,6
11498,6
11492,6
5057,6
11450,6
5002,6
4983,6
11322,6
4821,17
17674,6
11198,6
11177,6
4717,6
4714,6
4712,6
17518,18
4665,6
11025,6
4603,6
11007,6
4552,6
17405,6
4524,6
4513,6
4507,6
4493,7
17346,6
10902,6
4476,8
17329,6
4451,9
17304,6
4425,6
10809,6
4369,6
10779,6
10767,6
4346,8
17199,6
4313,9
17166,6
4259,6
10625,6
4192,6
10586,6
4153,6
4129,6
4120,11
16973,6
4117,11
16970,6
4115,16
16968,6
4096,6
4048,6
4028,6
4027,6
4026,6
3999,7
16852,6
7185,10
20038,6
3980,11
16833,6
10375,6
7155,7
20008,6
10347,6
3870,8
16723,6
10264,6
3843,6
3838,6
7024,6
16653,17
3800,6
10209,6
6985,6
6961,6
19788,12
6935,6
408,18
13261,6
416,16
13269,6
3594,6
6788,6
6757,6
3553,6
16395,7
3542,6
13115,6
3488,6
3452,6
246,6
3438,6
6653,8
19506,6
9799,6
9763,6
3271,6
6432,6
19285,6
6425,6
3155,6
3153,18
16006,6
6352,6
9532,6
3086,6
15939,6
3078,6
12696,6
6275,17
19128,6
3051,6
15901,17
3048,6
3034,6
3010,6
12623,6
9415,6
12609,6
9403,6
6180,18
19033,6
9398,6
2973,6
12594,6
9348,6
6119,6
6090,6
9293,6
9279,6
6056,6
2833,6
6023,6
9220,6
9204,6
2764,6
15617,6
9184,6
5964,6
2746,6
15501,7
2648,6
2652,6
9015,6
12209,6
12208,6
12201,6
5780,6
8991,6
15409,6
8982,6
12179,6
12178,6
5756,6
2546,6
5746,6
18599,6
5734,6
15310,6
2386,8
15239,6
2383,6
2376,6
8765,6
8747,6
15149,6
8692,6
18326,9
5473,6
5471,6
15110,6
2257,6
15121,18
2268,6
8681,6
8674,6
2238,17
15091,6
8668,13
21521,6
2247,6
8667,6
11843,6
15048,6
5408,6
16623,13
3770,6
562,6
21441,13
8588,6
486,6
8518,7
21371,6
5268,6
14907,7
2054,6
423,17
13276,6
19697,18
6844,6
2028,8
14881,6
3622,18
16475,6
2025,6
3609,6
362,6
354,6
9978,6
1948,6
1934,6
5132,6
14755,13
1902,6
3509,6
17968,7
5115,6
1880,6
3455,6
1848,6
14689,6
1836,6
1845,6
5042,6
1839,6
1809,6
19451,7
6598,6
3364,6
1731,6
3313,14
16166,6
1711,6
19368,18
6515,6
8109,6
1682,6
20947,8
8094,6
3254,10
16107,6
49,6
16052,14
3199,6
11225,6
3204,6
1579,6
12790,6
1520,6
12701,6
1478,6
4664,6
4632,6
1414,6
1387,6
1367,8
14220,6
6163,6
4519,16
17372,6
1312,6
4429,6
17282,6
1226,6
1212,6
1210,6
15639,6
1197,6
9206,6
10784,6
10781,6
1156,6
1148,6
10749,6
15556,6
13946,6
1897,6
1885,6
1088,6
10709,6
1085,6
14719,6
1871,6
1863,6
13908,6
16312,14
3459,6
14715,18
1862,6
4266,6
10676,6
11461,6
2620,6
1019,6
10640,6
4218,13
17071,6
176,6
13045,6
991,6
8204,6
15425,6
12203,6
11397,6
17025,18
4172,6
4111,14
16964,6
908,6
6493,6
1693,6
8102,6
8105,6
9697,6
873,6
8088,6
2467,6
857,6
8055,6
8855,6
7234,18
20087,6
16884,17
4031,6
8029,6
5583,14
18436,6
9582,6
16810,9
3957,6
754,6
7966,6
748,6
5541,18
18394,6
3928,6
7124,6
5507,6
18360,6
8725,6
1499,6
9515,6
11118,6
3894,8
16747,6
684,6
1477,6
2155,6
18605,15
5752,6
952,6
8569,6
6944,6
6926,6
14968,9
2115,6
104,6
925,6
4518,6
504,6
1306,6
489,6
3241,14
16094,6
3181,6
10808,6
8796,6
2375,6
2775,6
13206,7
353,6
8396,6
2371,6
16424,13
3571,6
3563,6
1966,6
16409,7
3556,6
10367,6
10355,6
3511,6
1909,6
13950,6
4304,8
17157,6
6687,10
19540,6
3256,6
3259,15
16112,6
9674,6
1656,6
6665,6
18686,18
5833,6
9051,6
16283,13
3430,6
1022,6
1207,6
8427,6
3396,6
1990,11
14843,6
1963,6
1761,6
3751,13
16604,6
1951,6
6746,6
5149,6
7366,6
4525,6
17972,9
5119,6
1916,6
2517,6
6912,6
4302,8
17155,6
8117,6
14941,6
502,6
977,6
3277,7
16130,6
1680,6
2480,6
1076,6
3473,6
875,6
16319,9
3466,6
19334,18
6481,6
5162,6
9777,6
8086,6
894,6
6453,6
144,6
941,6
6941,6
16294,12
3441,6
7311,6
842,6
8554,6
4039,6
1631,6
834,6
8441,6
8044,6
1718,6
1356,6
10352,6
3931,6
10752,6
17086,7
4233,6
13060,6
1201,6
14055,6
11637,6
1616,6
2449,6
10311,6
9305,6
10464,6
4043,6
21576,7
21357,7
21292,7
21287,7
21267,7
21228,7
21071,7
21040,7
20945,7
20797,7
20406,7
20398,7
20396,7
20311,7
20298,7
19912,7
19874,7
19833,7
19799,7
19786,7
19732,7
19692,7
19679,7
19649,7
19645,7
19470,7
19435,7
19419,7
18986,7
18975,7
18840,7
18795,7
18768,7
18738,7
18736,7
18698,7
18600,7
18223,7
17927,7
17899,7
17837,7
17784,7
17777,7
17766,7
17652,7
17576,7
17343,7
17247,7
17221,7
17182,7
17178,7
17146,7
16991,7
16873,7
16776,7
16652,7
16444,7
16427,7
16211,7
16176,7
16149,7
16145,7
16136,7
16086,7
16023,7
15894,7
15682,7
15573,16
2720,7
15569,7
15258,17
2405,7
14969,8
2116,7
2079,10
14932,7
14537,7
1684,7
13704,18
851,7
13189,7
12905,7
12676,7
12660,7
12633,7
12492,7
12317,7
12281,7
12054,7
11900,7
11854,7
11728,7
11508,7
11490,7
11449,7
11369,7
11299,7
11211,7
11143,7
11101,7
11088,7
11041,7
11029,7
10899,7
10714,7
10404,7
10361,7
10310,7
10245,7
10173,7
10038,7
9967,7
9915,7
9779,7
9590,7
9544,7
9527,7
9432,7
9343,7
9326,7
9285,7
9197,7
9161,7
15581,11
2728,7
15545,7
9031,7
8944,7
2482,17
15335,7
15314,7
8873,7
2421,8
15274,7
8845,7
8835,7
15077,17
2224,7
8618,7
8567,7
8555,17
21408,7
8512,7
21350,9
8497,7
8496,7
8359,7
8327,7
8220,15
21073,7
8214,7
21067,7
1653,17
14506,7
8010,7
20792,18
7939,7
7840,17
20693,7
7789,7
14131,7
7639,7
20401,9
7548,7
7494,7
7490,7
7469,7
7322,7
7319,7
714,7
7027,11
19880,7
13212,7
13194,7
13182,7
6674,7
6629,17
19482,7
42,7
12858,7
6437,13
19290,7
12803,7
12699,7
6278,7
12646,7
6223,7
6215,7
12629,7
6208,7
12610,7
12608,7
12390,7
5912,13
18765,7
12331,7
5740,7
12138,7
5706,7
12084,7
12050,7
11996,7
5516,7
5398,7
11755,7
5303,7
18152,13
5299,7
11674,7
4933,7
4908,7
11239,7
4818,11
17671,7
17660,9
4807,7
11078,7
4606,7
4591,7
4310,18
17163,7
10678,7
10674,7
4245,17
17098,7
10590,7
10541,7
4066,7
10462,7
3991,7
16838,17
3985,7
736,7
3933,7
3920,7
3912,7
3908,8
16761,7
10313,7
3884,14
16737,7
3874,19
16727,7
16726,17
3873,7
7067,7
16717,9
3864,7
3841,7
3839,7
3833,7
3831,10
16684,7
10208,7
3768,8
16621,7
3743,7
6837,8
19690,7
6815,7
6830,9
19683,7
13180,7
9941,7
6694,7
9912,7
9909,7
19512,16
6659,7
3425,15
16278,7
16275,13
3422,7
3418,7
3389,7
6575,17
19428,7
12988,18
135,7
3261,7
3189,7
3139,7
6331,7
9539,7
12722,7
12697,7
12652,7
2945,7
6070,7
9277,7
12462,7
9190,7
5875,15
18728,7
15438,11
2585,7
2596,7
2540,7
5596,7
8756,7
8691,7
2239,7
2219,7
15038,7
8615,7
15005,7
2108,7
8510,14
21363,7
5276,7
19681,18
6828,7
6810,18
19663,7
14842,7
3592,7
3545,8
16398,7
3477,7
8222,7
14558,7
3303,7
1673,7
1657,7
23,7
12851,7
3198,7
1598,7
3176,15
16029,7
8000,7
3166,7
20836,13
7983,7
1562,7
7958,10
20811,7
4659,7
7848,7
4584,7
1379,7
6166,7
9382,7
1292,7
6065,7
9283,7
1260,7
9210,7
3517,13
16370,7
1118,7
2714,7
5105,19
17958,7
3474,12
16327,7
2637,7
4235,7
4227,18
17080,7
199,18
13052,7
4223,14
17076,7
1020,7
10633,7
16234,9
3381,7
1771,7
10521,7
4100,13
16953,7
4884,7
1679,7
1667,7
4054,7
1634,7
15276,7
1577,7
3161,7
733,7
5545,19
18398,7
16801,9
3948,7
2312,7
3094,7
3089,7
7913,17
20766,7
3085,7
15933,17
3080,7
2281,7
553,7
5352,15
18205,7
7763,7
545,7
125,7
12978,7
7736,7
11738,7
10128,7
11725,7
6093,7
2890,7
1291,7
3688,7
16917,15
4064,7
16496,14
3643,7
2046,7
424,7
5620,7
15217,7
13211,7
16021,15
3168,7
7992,7
3129,7
3095,7
1875,7
6477,7
1808,7
1760,7
4964,7
1354,7
5357,15
18210,7
142,9
12995,7
4937,7
3093,7
5899,18
18752,7
19761,8
6908,7
3298,7
5283,7
14201,7
3356,7
844,7
6856,7
850,7
6499,7
3239,7
3730,9
16583,7
836,7
2526,7
932,7
9374,7
4021,9
16874,7
6813,8
19666,7
4019,14
16872,7
3599,7
21336,8
21324,8
21322,8
21298,8
21248,8
21238,8
21215,8
21209,8
21179,8
21103,8
21028,8
20931,8
20910,8
20822,8
20794,8
20770,8
20685,8
20668,8
20639,8
20634,8
20517,8
20468,8
20443,8
20407,8
20332,8
20324,8
20299,8
20279,8
20237,8
20187,8
20180,8
20174,8
20138,8
20135,8
19742,8
19648,8
19424,8
19422,8
18875,8
18769,8
18648,8
18258,8
17795,8
16806,8
16619,8
16590,8
16405,8
16365,8
16284,8
15908,8
15834,8
15729,8
15601,9
2748,8
15558,8
14886,18
2033,8
1327,9
14180,8
13026,8
12715,8
12681,8
12624,8
12616,8
12391,8
12364,8
12341,8
12306,8
12166,8
12033,8
11990,8
11713,8
11705,8
11566,8
11416,8
11320,8
11301,8
11145,8
10999,8
10980,8
10855,8
10839,8
10601,8
10430,8
9914,8
9556,8
9502,8
9316,8
9301,8
9278,8
9097,8
8890,8
8860,8
8793,8
8708,8
15065,8
2212,8
8595,14
21448,8
8581,8
8579,8
8559,19
21412,8
8407,9
21260,8
8394,8
8391,8
21244,8
8311,14
21164,8
8262,8
20883,13
8030,8
8017,8
20807,12
7954,8
7838,8
7790,8
7723,8
7676,19
20529,8
7531,16
20384,8
7466,19
20319,8
7388,19
20241,8
7359,8
7338,8
20191,8
20117,13
7264,8
7212,8
7080,11
19933,8
13192,8
6738,8
6586,8
6309,8
6293,8
6181,8
6146,8
6104,8
6073,8
6047,8
5993,8
5744,8
5680,8
5658,8
18429,11
5576,8
5575,8
11904,8
11898,8
5438,8
5417,8
5359,8
5342,8
5339,8
11690,8
11685,8
11633,8
11569,8
11549,8
17981,18
5128,8
11377,8
4850,18
17703,8
4827,8
4814,8
11111,8
10926,8
10919,8
7229,8
10447,8
16865,13
4012,8
3952,8
715,8
7061,8
3840,8
10211,8
494,8
3681,8
16487,12
3634,8
6787,8
361,18
13214,8
6592,8
9810,8
160,8
164,8
9429,8
9339,8
2887,8
15709,17
2856,8
5894,8
2691,8
15489,8
8999,8
8979,8
8976,8
8892,8
2350,8
15189,8
8741,8
2316,8
15094,8
5452,8
2236,8
5437,8
2221,8
5422,8
2194,8
10185,8
3734,17
16587,8
10097,8
2048,8
3639,11
16492,8
8449,16
21302,8
420,8
2026,8
11649,8
3507,16
16360,8
1861,8
167,8
1764,8
11359,8
1716,17
14569,8
11302,8
6447,8
1638,8
1602,8
4788,8
1585,8
20801,13
7948,8
1433,8
7841,8
7830,8
11031,8
6179,8
1366,8
1364,8
1285,8
17328,11
4475,8
1251,8
1245,8
1200,8
1188,8
1182,8
1137,8
8340,9
21193,8
4307,8
7505,9
20358,8
1084,8
1080,8
2663,8
7487,17
20340,8
7441,8
210,8
1010,8
7421,16
20274,8
998,8
187,8
4974,8
10598,8
1765,8
74,8
13715,8
837,8
10381,8
4732,8
7735,8
1198,8
6802,17
19655,8
1176,8
4376,8
2750,8
7120,8
1101,8
2667,8
1650,8
2619,8
8229,8
1011,8
11630,8
10023,8
3602,8
6794,17
19647,8
16396,10
3543,8
15772,9
2919,8
8294,8
3672,8
12115,8
12874,8
7465,8
93,8
1283,8
12150,8
12153,8
5321,8
1128,8
9231,8
490,8
21405,9
21257,9
21255,9
21205,9
21182,9
21181,9
21148,9
21135,9
21132,9
21100,9
21042,9
21038,9
21036,9
21017,9
20974,9
20969,9
20943,9
20932,9
20930,9
20926,9
20888,9
20768,9
20695,9
20658,9
20654,9
20606,9
20566,9
20498,9
20493,9
20415,9
20388,9
20364,9
19915,9
19803,9
19704,9
19369,9
18718,9
18303,9
18158,9
17617,9
17616,9
17547,9
16921,9
16816,9
16815,9
16802,9
16795,9
16708,9
16687,9
16633,9
16598,9
16592,9
16538,9
16448,9
16374,9
16347,9
16221,9
16022,9
16015,9
16013,9
15985,9
15757,9
15732,9
15559,9
15265,9
2237,18
15090,9
14985,9
14873,11
2020,9
14525,9
13092,9
12674,9
12672,9
12187,9
12063,9
12022,9
11336,9
10974,9
10921,9
10885,9
10853,9
10174,9
10119,9
10108,9
9961,9
9678,9
9606,9
9572,9
9486,9
9273,9
9263,9
9238,9
9103,9
15521,9
8859,9
8810,9
15205,9
15062,9
15027,9
15023,9
14998,9
8565,9
14300,9
14285,9
7843,9
7728,9
7519,17
20372,9
7518,17
20371,9
7476,9
7190,9
756,9
7079,9
6743,9
13122,9
12904,9
6323,9
6311,9
6240,9
6175,9
6172,9
6107,9
6055,9
5913,9
12240,9
11980,9
5496,9
5451,9
5444,9
5355,9
4999,9
4803,9
4747,9
10972,9
4521,9
4457,9
4292,9
4257,9
4176,9
4169,9
10573,9
7078,9
10254,9
3792,11
16645,9
16635,13
3782,9
10196,9
3695,9
3667,9
3564,11
16417,9
9963,9
6641,9
169,9
9682,9
3036,14
15889,9
6231,9
6213,9
2954,11
15807,9
9366,9
6130,9
6129,9
6105,9
9274,9
6041,9
15669,9
2561,9
5731,9
5716,9
8925,9
12098,9
18435,14
5582,9
15067,9
16638,10
3785,9
2182,9
3676,9
449,9
6848,9
8353,18
21206,9
6669,9
4911,9
1610,9
1566,9
7964,14
20817,9
1527,9
19159,18
6306,9
3043,15
15896,9
1384,9
1320,9
1265,9
14093,9
15667,9
1177,9
5100,9
4239,9
4219,9
1009,9
4194,9
2566,9
778,9
3944,17
16797,9
3903,9
1494,9
12704,9
9333,9
1264,9
773,9
15207,9
1532,9
2298,9
4273,9
1033,9
6642,9
5209,18
18062,9
9964,9
7520,17
20373,9
2099,9
13114,9
535,9
16591,18
3738,9
2836,9
14970,9
6147,9
6505,9
7508,9
6696,9
8858,9
17113,10
16568,10
16549,10
16300,10
15959,10
14166,17
1313,10
12824,10
12579,10
12288,10
11400,10
11282,10
11090,10
10894,10
10877,10
10547,10
10387,10
10112,10
10085,10
9959,10
9599,10
9438,10
9284,10
15528,10
8992,10
15280,10
15278,10
8846,10
8784,10
15120,10
15029,10
21415,13
8562,10
8545,10
14729,10
8227,10
7979,10
7974,10
7864,10
7707,10
7696,10
7694,10
20489,11
7636,10
7349,10
7245,10
7158,10
13435,10
555,10
6894,10
13196,18
343,10
6763,10
6661,10
6635,10
6577,10
12862,13
9,10
12698,10
6222,10
6106,10
11730,10
11643,10
4796,10
4613,10
11027,10
4551,10
4505,10
4498,10
4374,10
17031,13
4178,10
7063,10
10180,10
6852,10
10068,10
16473,17
3620,10
3578,10
3541,16
16394,10
13062,10
6590,10
3194,10
9383,10
2920,10
9268,10
2700,19
15553,10
2664,10
9030,10
12155,10
12045,10
2398,10
2379,10
8797,10
8768,10
2230,10
2198,10
10181,10
10115,10
5300,10
407,10
406,10
404,10
11636,10
9904,10
11510,10
1794,10
6532,10
8007,10
1526,10
3025,18
15878,10
1360,10
6120,10
7690,10
7631,10
10805,10
14761,10
1071,10
12929,10
20170,12
7317,10
811,10
7189,10
7975,10
3939,15
16792,10
6312,10
8733,10
1488,10
146,10
2549,10
113,10
83,10
6864,10
3258,10
817,10
1571,10
8791,10
1173,10
11156,10
7141,10
20802,19
7949,10
50,10
6862,10
9040,10
3603,10
3382,10
7358,10
865,10
5694,10
8454,10
10054,10
3598,10
1747,10
1287,10
21321,11
20778,11
20090,11
19998,11
19890,11
19122,11
18995,11
18872,11
18493,11
18467,11
18459,11
17916,11
17523,11
17416,11
17384,11
17364,11
17333,11
17275,11
17148,11
17089,11
17060,11
17059,11
17011,11
16969,11
16961,11
16932,11
16750,11
16429,11
16359,11
16285,11
16251,11
16212,11
16188,11
16133,11
16115,11
16100,11
16098,11
16091,11
15914,11
15742,11
15643,11
15595,15
2742,11
15504,11
15478,11
2029,13
14882,11
14549,17
1696,11
13900,13
1047,11
13721,14
868,11
13256,11
13190,11
13119,11
12818,11
12814,11
12813,11
12759,11
12743,11
12432,11
12413,11
12027,11
11981,11
11957,11
11794,11
11284,11
11270,11
11210,11
11205,11
11185,11
11181,11
11179,11
11173,11
11171,11
11137,11
10992,11
10796,11
10755,11
10742,11
10738,11
10710,11
10703,11
10416,11
10356,11
10342,11
10318,11
10292,11
10272,11
9812,11
9771,11
9745,11
9408,11
9393,11
9352,11
9299,11
9217,11
9201,11
9156,11
9142,11
9124,11
9048,11
15389,11
8656,11
8654,11
8629,11
14988,11
14930,11
14872,11
8451,11
8314,11
8199,11
21016,12
8163,11
8138,11
14418,11
7879,11
7576,11
20300,13
7447,11
800,11
7166,18
20019,11
725,11
679,15
13532,11
7100,11
7066,11
6981,11
439,12
13292,11
13280,11
6707,15
19560,11
13053,11
29,11
6434,11
19280,18
6427,11
6368,11
12555,11
12524,11
12523,11
12488,11
6060,11
6025,11
12394,11
5909,11
5905,11
5887,11
5826,11
5819,11
5818,11
5800,11
11953,11
5429,11
11832,11
11798,11
5360,11
5328,11
5287,11
5272,11
5269,11
5244,11
5141,11
5054,17
17907,11
11256,11
11228,11
4795,11
4679,11
17491,18
4638,11
4397,17
17250,11
4366,11
4364,11
10768,11
4286,11
10682,11
4103,11
16941,14
4088,11
4081,11
4080,11
4067,11
10394,11
16678,17
3825,11
7020,11
6939,11
16570,18
3717,11
16465,18
3612,11
374,11
13116,11
13126,17
273,11
16343,14
3490,11
9841,11
6581,11
3309,11
3211,11
15968,15
3115,11
6301,11
6201,11
2977,11
2965,11
9349,11
6075,11
6054,11
5972,11
2765,11
5945,11
15451,11
8861,11
2435,11
8760,11
11961,11
11932,11
8728,11
11893,11
8678,11
2231,11
15017,11
10191,11
16450,15
3597,11
1929,11
1910,11
259,11
3320,18
16173,11
9734,11
12878,11
3207,11
11230,11
6369,11
11193,11
11192,11
1537,11
4630,11
1407,11
3001,11
15854,11
7825,11
9218,11
4385,19
17238,11
9175,11
7577,11
4328,11
314,11
1919,11
4306,11
3482,11
15523,11
9880,11
10648,11
971,11
2565,11
13739,11
14476,15
1623,11
11232,11
793,11
4780,17
17633,11
10358,11
10324,11
10321,11
1343,11
2522,11
6111,11
4098,11
13266,11
16437,17
3584,11
9202,11
1184,11
5178,11
10398,11
12395,11
9192,11
9977,11
8761,11
293,11
9926,11
3505,11
1498,11
10694,11
1842,11
5822,11
13237,11
1946,11
4106,11
12907,11
6486,11
11497,11
16126,16
3273,11
20949,19
8096,11
2956,11
447,11
5250,11
939,11
3630,11
14875,11
5223,11
2953,11
11752,11
12426,11
1030,11
550,11
816,11
3684,11
21553,12
21551,12
21403,12
21388,12
21378,12
21356,12
21113,12
21109,12
20954,12
20918,12
20826,12
20791,12
20569,12
20494,12
20412,12
20393,12
20309,12
20273,12
20249,12
20233,12
20151,12
19571,12
19515,12
19053,12
19045,12
18481,12
17619,12
17440,12
17034,12
16913,12
16698,12
16664,12
16585,12
16546,12
16545,12
16380,12
16324,12
16315,12
16246,12
15969,12
15833,12
15822,12
15800,12
15753,12
15723,12
15429,12
15348,12
2173,14
15026,12
12630,12
11802,12
11413,12
11221,12
10699,12
9728,12
9707,12
9417,12
15356,12
8777,12
14962,13
2109,12
7994,12
7869,12
7757,12
7541,12
6972,12
6709,17
19562,12
6601,12
12935,14
82,12
6335,12
5815,12
5402,12
11241,12
4773,12
4644,12
10688,12
16918,19
4065,12
3867,12
196,12
2827,14
15680,12
9158,12
2544,14
15397,12
8972,12
2468,16
15321,12
2394,15
15247,12
3760,12
11787,12
8475,12
8293,15
21146,12
8087,12
7984,15
20837,12
1124,12
7544,12
6583,12
1529,12
1924,12
1108,12
15326,12
21437,13
21436,13
21414,13
21413,13
21386,13
21385,13
21360,13
21330,13
21315,13
21308,13
21266,13
21264,13
21242,13
21224,13
21218,13
21211,13
21199,13
21095,13
21081,13
21055,13
21044,13
21014,13
20988,13
20937,13
20915,13
20896,13
20784,13
20776,13
20715,13
20706,13
20630,13
20628,13
20548,13
20533,13
20463,13
20455,13
20442,13
20414,13
20391,13
20378,13
20368,13
20339,13
20304,13
20269,13
20256,13
20255,13
20252,13
20226,13
20221,13
20217,13
20213,13
20189,13
20181,13
20166,13
19254,13
19174,13
19029,13
19009,13
18627,13
18483,13
18052,13
17964,13
17922,13
17900,13
17032,13
16735,13
16668,13
16662,13
16602,13
16584,13
16569,13
16421,13
16363,13
16350,13
16346,13
16311,13
16263,13
16207,13
16141,13
15980,13
2787,17
15640,13
15515,13
15141,13
14876,13
14860,13
13714,15
861,13
13014,13
40,16
12893,13
12783,13
12266,13
12005,13
11855,13
11667,13
11528,13
11470,13
11333,13
11283,13
11220,13
11109,13
10907,13
10612,13
10529,13
10393,13
10284,13
10282,13
10280,13
10235,13
10225,13
10130,13
10099,13
9860,13
9825,13
9818,13
9744,13
9478,13
9267,13
9235,13
9229,13
2773,17
15626,13
9187,13
9160,13
9127,13
9115,13
9091,13
8997,13
8745,13
8644,13
8614,13
8611,13
8582,19
21435,13
8509,14
21362,13
8458,13
8226,13
8125,13
8051,14
20904,13
8048,13
8032,19
20885,13
7980,16
20833,13
7970,13
7875,14
20728,13
7836,13
7821,13
7818,16
20671,13
7726,13
7682,17
20535,13
7472,13
13890,13
7459,13
7413,17
20266,13
7370,15
20223,13
7279,17
20132,13
7266,17
20119,13
7244,13
7008,13
6789,18
19642,13
6771,13
6765,13
6485,13
6372,13
6349,13
6341,13
6134,13
6094,13
5926,13
5644,18
18497,13
11896,13
11859,13
11850,13
11724,13
5264,13
11635,13
5188,13
11481,13
11475,13
11227,13
4797,13
4776,13
4755,13
11168,13
4657,13
4574,13
17171,18
4318,13
4149,13
4105,13
4094,13
4089,13
10436,13
3968,13
16807,19
3954,13
19856,18
7003,13
6999,13
3788,17
16641,13
3786,13
16574,14
3721,13
16502,14
3649,13
6840,13
3585,13
16432,19
3579,13
16422,19
3569,13
9985,13
3480,13
3456,13
3416,18
16269,13
48,16
12901,13
11,13
6358,13
9576,13
6356,13
12619,13
6198,13
6186,13
6165,13
2962,13
12463,13
6018,13
9189,13
5967,13
15594,13
2666,13
5594,13
2253,13
15079,13
15053,13
2205,13
8619,13
5356,13
2137,13
11721,13
2089,13
2055,13
5257,13
3624,13
5219,13
21203,19
8350,13
14752,13
1846,13
5048,19
17901,13
9741,13
126,13
1688,13
6466,13
12891,15
38,13
14,13
1428,13
1381,13
15816,14
2963,13
2961,13
2960,13
4472,13
7686,13
10840,13
2789,13
1181,13
12346,13
17180,16
4327,13
3468,13
7484,15
20337,13
1059,13
10644,13
1013,13
986,13
6591,13
976,13
968,13
10532,13
4092,13
4085,13
4014,13
3994,13
5556,13
2338,13
2333,13
10349,13
15145,13
6297,13
3091,14
15944,13
8702,13
7083,13
4955,18
17808,13
530,13
1722,13
3322,18
16175,13
6115,13
5312,13
5661,18
18514,13
8005,13
10411,13
1178,13
6790,13
774,13
10338,13
5112,18
17965,13
5501,19
18354,13
2693,13
1096,13
299,13
1070,13
1853,13
399,13
8155,13
4123,13
920,13
899,13
8501,17
21354,13
883,13
6880,13
9177,13
4562,13
1644,13
8868,13
15380,13
7704,15
20557,13
2133,13
2433,13
7353,18
20206,13
1205,13
541,13
818,13
3601,17
16454,13
1087,13
8905,13
887,13
21503,14
21297,14
21143,14
20682,14
19050,14
18356,14
18339,14
18281,14
18252,14
17875,14
17666,14
17643,14
17559,14
17015,14
17007,14
16986,14
16885,14
16644,14
16589,14
16495,14
16481,14
16434,14
16399,14
16369,14
16194,14
16159,14
16152,14
15987,14
15967,14
15841,14
15762,14
15547,14
15296,14
15103,14
14928,14
14672,14
14604,18
1751,14
13790,15
937,14
13136,14
12885,14
12829,14
12772,14
12621,14
12573,14
12531,14
12521,14
12383,14
12318,14
12286,14
12216,14
12202,14
12059,14
12044,14
11883,14
11711,14
11617,14
11602,14
11418,14
11381,14
11272,14
11255,14
11049,14
10989,14
10988,14
10947,14
10922,14
10845,14
10551,14
10453,14
10434,14
10419,14
10328,14
10233,14
9981,14
9940,14
9927,14
9869,14
9804,14
9641,14
9557,14
15674,14
15468,14
8932,14
15281,14
2428,14
2397,17
15250,14
8799,14
15056,19
2203,14
14984,14
8435,14
8373,14
14697,14
14547,17
1694,14
8050,14
8039,14
8015,14
14393,14
7912,14
1471,17
14324,14
7903,14
7902,14
7442,14
7332,14
13656,14
7216,14
7065,14
19719,18
6866,14
19651,19
6798,14
6732,14
13151,14
6277,14
6217,14
6113,14
6063,14
12221,14
12171,14
5660,14
5647,14
5563,14
11979,14
5520,14
5505,14
5502,17
18355,14
11767,14
11714,14
11539,14
4894,14
4810,14
4751,14
11113,14
4605,14
10873,14
10860,14
4161,14
4160,14
4145,14
7077,17
19930,14
3865,14
16718,14
3790,14
552,14
16472,17
3619,14
6723,14
9884,14
3420,14
6612,14
3399,18
16252,14
6556,15
19409,14
3180,14
9560,14
3118,14
2982,14
12551,14
6121,14
9337,14
15769,19
2916,14
9328,14
2818,14
15641,14
12389,14
5951,14
2729,14
9139,14
2711,14
12315,14
9059,14
9032,14
2569,14
15325,14
8903,14
2410,15
15263,14
5608,14
15240,14
5586,14
2307,14
5474,14
15107,14
18296,16
5443,14
5431,14
6863,14
6748,14
13142,14
6721,14
9928,14
5092,14
14666,14
4972,19
17825,14
6547,14
36,17
12889,14
12831,14
8022,14
1572,14
15970,18
3117,14
1502,14
9484,14
1466,14
7870,14
11070,14
4623,14
1409,14
1339,14
10944,14
7729,14
1269,14
7673,14
7647,14
2806,14
1209,14
10832,14
1208,14
1193,14
12378,14
1152,14
1123,14
9135,14
9098,14
9867,14
1024,14
1016,14
4212,14
983,14
11395,14
2505,14
4887,14
13708,14
10472,14
16804,19
3951,14
3937,14
3910,14
3096,18
15949,14
5500,14
9373,14
543,14
14168,17
1315,14
7722,14
13285,14
16449,15
3596,14
4774,14
13187,14
334,14
9550,14
3899,14
13709,14
56,14
4410,14
7428,14
963,14
14993,14
130,14
145,14
922,14
10544,14
123,14
16122,18
3269,14
15598,14
6853,14
8162,14
3893,14
6699,14
9861,14
6539,14
14975,14
1732,14
9736,14
9543,14
3674,17
16527,14
10440,14
852,14
3890,14
10105,14
21387,15
21261,15
21177,15
21134,15
21041,15
20552,15
20467,15
20137,15
20035,15
19935,15
19906,15
19892,15
19769,15
19464,15
19453,15
19325,15
19258,15
19180,15
19155,15
19137,15
18952,15
18922,15
18842,15
18654,15
18430,15
18040,15
17880,15
17835,15
17810,15
17798,15
17752,15
17687,15
17596,15
17562,15
17529,15
17340,15
17168,15
17134,15
16707,15
16695,15
16688,15
16675,15
16663,15
16512,15
16420,15
16419,15
16304,15
16289,15
16110,15
15885,15
15831,15
15778,15
15664,15
15600,15
15430,16
2577,15
15204,15
15037,15
15012,17
2159,15
14028,15
12974,15
12956,15
80,16
12933,15
12822,15
12687,15
12657,15
12592,15
12571,15
12483,15
12344,15
12336,15
12313,15
12302,15
12274,15
12235,15
12223,15
12222,15
12215,15
12112,15
12046,15
11989,15
11960,15
11945,15
11940,15
11935,15
11934,15
11484,15
11268,15
11257,15
11063,15
10998,15
10961,15
10960,15
10901,15
10892,15
10834,15
10817,15
10788,15
10458,15
10086,15
9920,15
9642,15
9410,15
9332,15
15563,15
9100,15
9053,15
8977,15
8836,15
8823,15
15138,15
8610,15
8544,15
8543,15
8479,15
8255,15
8126,15
7935,15
7874,15
7824,15
7344,15
7247,15
7064,15
13393,15
6817,15
13186,15
6702,15
13105,15
6594,19
19447,15
6538,15
12694,15
12685,15
12636,15
12509,15
5854,15
12260,15
12229,15
12131,15
12101,15
12024,15
11958,15
11913,15
5477,15
11751,15
4952,15
11233,15
4812,15
11133,15
11086,15
4339,15
10596,15
797,15
3958,19
16811,15
7068,15
7046,15
3821,15
10088,15
3554,16
16407,15
6695,15
3415,15
12910,15
12875,16
22,15
12853,15
3184,18
16037,15
9570,15
12716,15
9431,15
3007,15
9414,15
2933,15
2926,15
2907,15
9288,15
6030,15
15629,15
12386,15
2558,19
15411,15
2559,15
2532,15
8778,15
15111,15
5469,15
8672,15
15078,17
2225,15
11679,15
10066,15
2027,15
5001,15
6506,17
19359,15
14499,15
1628,15
3219,15
1620,15
4804,15
1601,15
7967,15
3053,15
7867,15
1243,15
2660,15
6616,15
185,15
8987,15
7199,15
1512,15
1500,15
9510,15
1335,15
2912,15
3707,15
12514,15
6873,15
14485,15
4023,15
6807,15
3565,15
9984,15
6714,15
7443,15
6604,15
14805,15
8572,15
13787,15
3345,15
2896,15
1280,15
1665,15
497,15
15368,15
5732,15
18585,15
2325,15
10442,15
7698,15
10095,15
9365,15
1039,15
13694,15
2102,15
21562,16
21096,16
20757,16
20264,16
19418,16
19198,16
19062,16
19044,16
18749,16
18665,16
18527,16
18487,16
18425,16
18061,16
17169,16
17062,16
17000,16
16939,16
16893,16
16264,16
15996,16
15989,16
15950,16
15793,16
13471,16
12706,16
12628,16
10756,16
10715,16
10634,16
9956,16
9905,16
9822,16
9787,16
9133,16
8829,16
7427,16
7221,16
6976,16
13159,16
12714,16
12703,16
12435,16
5842,16
5767,16
5692,16
5684,16
5508,16
5410,16
11771,16
5274,16
5220,16
5146,16
5060,16
4987,16
4756,16
11059,16
4398,17
17251,16
10754,16
10594,16
4084,16
13482,16
10262,16
10183,16
58,16
3105,16
2993,16
2915,17
15768,16
2872,16
2858,16
12480,16
9181,16
9012,16
5765,16
2260,16
2240,18
15093,16
5371,16
6952,16
10155,16
323,16
1913,16
6686,17
19539,16
166,17
13019,16
17791,19
4938,16
14573,16
111,16
12841,16
1308,16
7555,16
1100,16
279,16
5080,18
17933,16
7437,16
897,16
896,16
4811,16
7099,16
10315,16
6964,16
1174,16
9171,16
284,16
924,16
524,16
880,16
4544,16
890,16
4045,16
5236,16
1917,16
9146,16
5216,16
21372,17
20514,17
17554,17
16839,17
16836,17
16834,17
16679,17
16518,17
16471,17
16470,17
16469,17
16468,17
16401,17
16393,17
16390,17
16003,17
15934,17
15902,17
15897,17
15759,17
15708,17
15707,17
15702,17
2849,17
15637,17
2604,18
15457,17
15299,17
15283,17
15193,17
2340,17
14586,17
14402,17
12580,17
12304,17
12227,17
12185,17
12184,17
12119,17
12114,17
12067,17
12001,17
11930,17
11908,17
11572,17
11571,17
11428,17
11098,17
11057,17
10542,17
10439,17
10402,17
10243,17
10240,17
10162,17
10092,17
10076,17
10074,17
9936,17
9902,17
9878,17
9875,17
9868,17
9827,17
9671,17
9612,17
9588,17
9580,17
9577,17
9551,17
9547,17
9503,17
9335,17
9313,17
9306,17
15688,17
9266,17
15496,17
9074,17
9044,17
8968,17
8930,17
8928,17
8908,17
8898,17
8808,17
8788,17
8785,17
8736,17
15032,17
8556,17
8502,17
8491,17
8378,17
14551,17
8028,17
7955,17
14316,17
7851,17
7837,17
7746,17
7702,17
7657,17
7474,17
7385,17
7297,17
7277,17
7275,17
7250,17
7235,17
7167,17
7146,17
722,17
7132,17
508,17
6917,17
6861,17
6773,17
6761,17
6741,17
6739,17
6733,17
6730,17
6684,17
6673,17
165,17
6509,17
86,17
6460,17
6324,17
6305,17
6252,17
6235,17
6205,17
6043,17
6033,17
5938,17
5663,17
12036,17
5604,17
5346,17
11756,17
11628,17
5086,17
5085,17
11476,17
4998,17
4991,17
11154,17
4560,17
4459,17
4440,17
4399,17
4389,17
4344,17
4253,17
4241,17
4240,17
4193,17
10484,17
4025,17
3875,17
7076,17
10242,17
3808,17
3807,17
3787,17
3774,17
3763,17
554,17
3757,17
517,17
514,17
470,17
464,17
3647,17
10061,17
6777,17
6683,17
9901,17
13059,17
12996,18
143,17
153,18
13006,17
53,17
6474,17
9613,17
9578,17
9531,17
6295,17
9477,17
9354,17
2928,17
2927,18
15780,17
9272,17
9271,17
9255,17
9240,17
2772,17
5914,17
9116,17
9056,17
2591,17
2584,17
12164,17
5721,17
12128,17
5707,17
5662,17
12064,17
2440,17
2396,17
2385,17
15208,17
2348,17
2346,17
2339,17
15082,17
2213,17
5414,17
2211,17
10186,17
3765,17
3764,17
2163,17
3750,17
531,17
14934,17
3651,17
2049,17
6825,17
13204,17
3580,17
5083,17
1824,17
11433,17
5012,17
4990,17
1767,17
13005,18
152,17
1714,17
14550,17
1708,17
85,17
6457,17
4801,17
1586,17
9587,17
7990,17
1568,17
1567,17
1546,17
7956,17
6280,17
3077,18
15930,17
7861,17
7850,17
1420,17
7835,17
9422,17
1382,17
1378,17
9385,17
1363,17
7782,17
4523,17
1298,17
7681,17
4454,17
4446,17
1234,17
2809,17
4412,17
4384,17
1170,17
5960,17
6685,17
4285,17
12301,17
7498,17
1066,17
1065,17
1820,17
1797,17
1783,17
4177,17
2494,17
89,17
866,17
7278,17
1648,17
828,17
5593,17
1545,17
707,17
9530,17
692,17
8724,17
3905,17
702,17
700,17
695,17
693,17
691,17
1483,17
6155,17
7776,17
536,17
546,17
1342,17
1326,17
529,17
7346,17
513,17
2908,17
7732,17
512,17
509,17
10109,17
461,17
7267,17
13223,17
2781,17
4387,17
776,17
6776,17
9993,17
6774,17
9992,17
11994,17
1169,17
2332,17
701,17
6705,17
2608,17
4210,17
163,17
1763,17
6572,17
1555,17
6154,17
548,17
2154,17
9369,17
7766,17
1345,17
10163,17
1322,17
19784,19
6931,17
5720,17
108,17
506,17
1496,17
9117,17
7320,17
1873,17
12897,17
6875,17
6568,17
7286,17
8912,17
1244,17
12162,17
10565,17
1341,17
1090,17
6514,17
7761,17
1239,17
5729,17
521,17
5528,17
8426,17
1277,17
7622,17
7768,17
1814,17
21404,18
21319,18
21253,18
20905,18
20835,18
20641,18
20584,18
20352,18
20031,18
19860,18
19837,18
19831,18
19826,18
19763,18
19711,18
19635,18
19441,18
19420,18
19383,18
19297,18
19181,18
19113,18
18898,18
18730,18
18342,18
18313,18
18239,18
18236,18
18191,18
18101,18
18038,18
17853,18
17822,18
17770,18
17738,18
17728,18
17716,18
17579,18
17569,18
17551,18
17412,18
17315,18
17151,18
17127,18
17115,18
17001,18
16925,18
16923,18
16796,18
16714,18
16685,18
16676,18
16667,18
16563,18
16531,18
16488,18
16463,18
16459,18
16404,18
16279,18
16232,18
16123,18
16026,18
15785,18
15717,18
15565,18
15510,18
13163,18
13139,18
12810,18
12785,18
12751,18
12668,18
12625,18
12538,18
12374,18
12350,18
12339,18
12276,18
12250,18
12246,18
12205,18
12156,18
12106,18
12087,18
12049,18
11933,18
11910,18
11909,18
11726,18
11722,18
11638,18
11627,18
11623,18
11619,18
11579,18
11550,18
11527,18
11522,18
11477,18
11435,18
11406,18
11405,18
11396,18
11378,18
11349,18
11348,18
11136,18
11095,18
10978,18
10971,18
10950,18
10883,18
10848,18
10816,18
10638,18
10429,18
10423,18
10158,18
10098,18
10042,18
9929,18
9925,18
9844,18
9814,18
9497,18
9454,18
9324,18
9280,18
9258,18
9252,18
9090,18
9045,18
9033,18
9020,18
8919,18
8781,18
8732,18
15031,18
8571,18
8514,18
8351,18
14619,18
8020,18
7963,18
7895,18
7823,18
20670,19
7817,18
7482,18
7464,18
7337,18
7225,18
745,18
7047,18
6888,18
13287,18
6860,19
19713,18
13103,18
6682,18
157,18
6562,18
6497,18
6315,18
12688,18
12661,18
12648,18
6218,18
6199,18
6124,18
12504,18
5937,18
12356,18
5935,18
5910,18
12316,18
5889,18
5876,18
5873,18
12219,18
5750,18
12093,18
5672,18
5615,18
11997,18
5564,18
5559,18
5558,18
11923,18
5350,18
5349,18
5332,18
11748,18
11598,18
11515,18
11505,18
5082,18
5081,18
11465,18
11441,18
11402,18
11237,18
4768,18
11166,18
4586,18
4537,18
10928,18
10874,18
4347,18
4229,18
17082,18
10446,18
10414,18
712,18
3879,18
3856,18
10216,18
10214,18
559,18
3673,18
10090,18
10058,18
10052,18
376,18
13188,18
3559,18
6655,18
3327,18
3229,18
12846,18
3100,18
12663,18
3039,18
15892,18
2946,18
12540,18
2902,18
2867,18
2847,18
9239,18
2769,18
5965,18
5932,18
12226,18
8998,18
8975,18
12172,18
5743,18
2528,18
8849,18
12003,18
5526,18
2323,18
5511,18
8690,18
11892,18
11864,18
15061,18
2206,18
3704,18
14949,18
6855,18
8448,19
21301,18
5228,18
10018,18
11553,18
5121,18
1847,18
3400,18
1798,18
3384,18
1787,18
11335,18
6488,18
19341,18
1678,18
1666,18
1581,18
11196,18
7993,18
12727,18
6246,18
3042,18
1425,18
1412,18
10909,18
10893,18
10867,18
4437,18
9246,18
7629,18
4360,18
11526,18
1104,18
1074,18
15479,18
13041,18
15448,18
9027,18
2583,18
7407,18
984,18
978,18
5708,18
7305,18
2470,18
11201,18
767,18
11962,18
732,18
7130,18
19983,18
2297,18
3888,18
12973,18
5358,18
558,18
9345,18
505,18
2126,18
5304,18
18157,18
3632,18
6003,18
1203,18
10822,18
10025,18
1584,18
387,18
11599,18
5974,18
2365,18
1153,18
16400,19
3547,18
8370,18
8730,18
1493,18
9893,18
441,18
1029,18
9781,18
9573,18
8367,18
10527,18
7497,18
147,18
5665,18
2491,18
10518,18
10868,18
4447,18
1740,18
11657,18
4408,18
12852,18
2810,18
1649,18
2884,18
840,18
21337,19
21222,19
21196,19
20753,19
20657,19
20651,19
20646,19
20598,19
20432,19
19812,19
19466,19
19440,19
19365,19
19304,19
19142,19
18997,19
18832,19
18713,19
18708,19
17975,19
17848,19
17661,19
17558,19
16911,19
16817,19
16808,19
16798,19
16719,19
16665,19
16337,19
16219,19
16055,19
16030,19
15307,19
15295,19
13138,19
12658,19
12649,19
12572,19
12569,19
12382,19
12380,19
12362,19
12258,19
12255,19
12244,19
12154,19
12149,19
12077,19
12035,19
12031,19
11978,19
11884,19
11750,19
11700,19
11687,19
11614,19
11568,19
11565,19
11452,19
11424,19
11340,19
11317,19
11306,19
11106,19
11018,19
10963,19
10943,19
10884,19
10870,19
10600,19
10500,19
10427,19
10083,19
10032,19
9970,19
9965,19
9937,19
9896,19
9652,19
9475,19
15679,19
2826,19
9237,19
9113,19
9101,19
8893,19
8794,19
15153,19
8481,19
8457,19
8317,19
8297,19
8291,19
8286,19
14646,19
14540,19
7774,19
7755,19
7462,19
7048,19
534,19
388,19
6809,19
6701,19
13118,19
6670,19
140,19
6522,19
19375,19
6458,19
6227,19
6102,19
18955,19
12506,19
12351,19
5906,19
12239,19
5461,19
5316,19
11567,19
11354,19
11034,19
10599,19
10597,19
10538,19
10094,19
3631,19
13203,19
6759,19
212,19
9610,19
9605,19
6313,19
9525,19
9428,19
5968,19
2761,19
12353,19
8969,19
2518,19
2488,19
8899,19
2478,19
2429,19
5624,19
12017,19
2270,19
2234,19
3713,19
11689,19
10046,19
6783,19
13165,19
9930,19
13131,19
5089,19
6680,19
13093,19
6672,19
1872,19
8219,19
6540,19
1706,19
14524,19
41,19
8027,19
4775,19
1449,19
1446,19
1438,19
1375,19
1288,19
1284,19
9287,19
2825,19
1225,19
2807,19
9034,19
2613,19
12914,19
1608,19
11966,19
2342,19
6299,19
3900,19
6288,19
7092,19
12176,19
538,19
6549,19
4517,19
10925,19
1658,19
1643,19
10053,19
15259,19
5984,19
5976,19
9994,19
7953,19
6298,19
5078,19
13025,19
151,19
8981,19
4361,19
11570,19
539,19
2519,19
11540,19
6529,19
8995,19
1271,19
2756,19
8580,19
5741,19
2938,19
739,19
1633,19
10556,19
11644,19
12860,19
1328,19
2437,19
