21576,0
21574,0
21571,0
21568,0
21567,0
21565,0
21562,0
21556,0
21553,0
21551,0
21550,0
21532,0
21517,0
21512,0
21503,0
21502,0
21501,0
21473,0
21469,0
21462,0
21454,0
21429,0
21423,0
21419,0
21404,0
21401,0
21391,0
21387,0
21376,0
21369,0
21358,0
21339,0
21321,0
21318,0
21303,0
21297,0
21293,0
21292,0
21267,0
21261,0
21257,0
21253,0
21251,0
21210,0
21201,0
21181,0
21177,0
21143,0
21138,0
21133,0
21131,0
21130,0
21096,0
21076,0
21060,0
21038,0
21028,0
21023,0
21019,0
21018,0
21007,0
21000,0
20989,0
20982,0
20936,0
20931,0
20925,0
20919,0
20907,0
20905,0
20902,0
20887,0
20878,0
20840,0
20835,0
20834,0
20829,0
20824,0
20787,0
20778,0
20773,0
20769,0
20757,0
20753,0
20734,0
20721,0
20710,0
20709,0
20699,0
20682,0
20668,0
20653,0
20641,0
20632,0
20584,0
20552,0
20514,0
20469,0
20468,0
20467,0
20465,0
20439,0
20420,0
20409,0
20406,0
20398,0
20396,0
20389,0
20379,0
20352,0
20270,0
20267,0
20264,0
20262,0
20230,0
20186,0
20159,0
20142,0
20137,0
20095,0
20090,0
20089,0
20080,0
20058,0
20048,0
20039,0
20035,0
20034,0
20031,0
20025,0
20013,0
20012,0
20005,0
19998,0
19993,0
19984,0
19975,0
19959,0
19935,0
19912,0
19906,0
19892,0
19874,0
19844,0
19839,0
19837,0
19833,0
19832,0
19831,0
19830,0
19807,0
19802,0
19786,0
19769,0
19763,0
19762,0
19758,0
19732,0
19731,0
19711,0
19704,0
19692,0
19679,0
19658,0
19653,0
19649,0
19648,0
19645,0
19635,0
19625,0
19559,0
19557,0
19556,0
19551,0
19546,0
19529,0
19515,0
19509,0
19507,0
19505,0
19499,0
19480,0
19478,0
19471,0
19470,0
19464,0
19453,0
19433,0
19432,0
19424,0
19422,0
19420,0
19419,0
19418,0
19411,0
19371,0
19325,0
19293,0
19262,0
19256,0
19223,0
19208,0
19198,0
19191,0
19181,0
19167,0
19155,0
19137,0
19122,0
19092,0
19083,0
19082,0
19081,0
19077,0
19069,0
19065,0
19062,0
19053,0
19050,0
19045,0
19044,0
19017,0
19006,0
18995,0
18994,0
18992,0
18975,0
18963,0
18962,0
18952,0
18951,0
18932,0
18930,0
18924,0
18922,0
18921,0
18917,0
18902,0
18898,0
18875,0
18872,0
18865,0
18861,0
18860,0
18852,0
18849,0
18842,0
18840,0
18835,0
18795,0
18782,0
18774,0
18773,0
18768,0
18749,0
18746,0
18744,0
18738,0
18736,0
18730,0
18700,0
18698,0
18689,0
18676,0
18674,0
18667,0
18665,0
18638,0
18621,0
18616,0
18567,0
18557,0
18549,0
18527,0
18519,0
18509,0
18504,0
18495,0
18493,0
18490,0
18488,0
18487,0
18481,0
18479,0
18472,0
18467,0
18466,0
18465,0
18463,0
18459,0
18458,0
18454,0
18443,0
18437,0
18433,0
18430,0
18425,0
18423,0
18421,0
18415,0
18403,0
18402,0
18392,0
18389,0
18387,0
18374,0
18372,0
18371,0
18367,0
18366,0
18362,0
18357,0
18356,0
18351,0
18339,0
18332,0
18313,0
18303,0
18302,0
18281,0
18280,0
18277,0
18271,0
18257,0
18254,0
18252,0
18239,0
18236,0
18234,0
18231,0
18228,0
18225,0
18222,0
18217,0
18191,0
18186,0
18160,0
18104,0
18101,0
18099,0
18095,0
18085,0
18080,0
18071,0
18066,0
18061,0
18050,0
18040,0
18037,0
18034,0
18017,0
18014,0
18009,0
17993,0
17986,0
17963,0
17960,0
17957,0
17956,0
17952,0
17927,0
17916,0
17915,0
17899,0
17894,0
17892,0
17880,0
17878,0
17877,0
17876,0
17875,0
17872,0
17870,0
17867,0
17864,0
17863,0
17860,0
17857,0
17849,0
17839,0
17837,0
17822,0
17813,0
17812,0
17810,0
17782,0
17780,0
17776,0
17766,0
17760,0
17759,0
17758,0
17752,0
17749,0
17748,0
17738,0
17731,0
17728,0
17723,0
17707,0
17706,0
17700,0
17686,0
17666,0
17652,0
17643,0
17619,0
17612,0
17596,0
17589,0
17579,0
17574,0
17573,0
17569,0
17568,0
17563,0
17562,0
17538,0
17523,0
17511,0
17499,0
17479,0
17473,0
17472,0
17455,0
17452,0
17449,0
17442,0
17440,0
17433,0
17431,0
17423,0
17422,0
17421,0
17419,0
17417,0
17416,0
17412,0
17411,0
17410,0
17406,0
17403,0
17400,0
17399,0
17384,0
17365,0
17364,0
17361,0
17359,0
17352,0
17349,0
17343,0
17342,0
17340,0
17338,0
17335,0
17333,0
17317,0
17316,0
17315,0
17314,0
17302,0
17301,0
17298,0
17285,0
17279,0
17277,0
17275,0
17274,0
17269,0
17256,0
17248,0
17247,0
17246,0
17245,0
17236,0
17221,0
17212,0
17201,0
17188,0
17187,0
17177,0
17174,0
17173,0
17169,0
17168,0
17164,0
17152,0
17151,0
17149,0
17148,0
17146,0
17142,0
17140,0
17137,0
17134,0
17128,0
17127,0
17125,0
17123,0
17117,0
17103,0
17097,0
17095,0
17089,0
17083,0
17077,0
17075,0
17074,0
17067,0
17062,0
17060,0
17059,0
17053,0
17048,0
17039,0
17038,0
17036,0
17015,0
17011,0
17007,0
17003,0
17001,0
17000,0
16993,0
16991,0
16990,0
16989,0
16987,0
16986,0
16983,0
16981,0
16979,0
16969,0
16967,0
16963,0
16962,0
16961,0
16957,0
16955,0
16946,0
16940,0
16939,0
16935,0
16932,0
16929,0
16926,0
16903,0
16897,0
16893,0
16885,0
16875,0
16871,0
16856,0
16854,0
16851,0
16796,0
16794,0
16788,0
16777,0
16776,0
16774,0
16772,0
16767,0
16759,0
16750,0
16749,0
16740,0
16734,0
16714,0
16708,0
16707,0
16695,0
16688,0
16680,0
16679,0
16676,0
16675,0
16667,0
16663,0
16658,0
16656,0
16652,0
16651,0
16636,0
16622,0
16607,0
16598,0
16592,0
16589,0
16581,0
16577,0
16538,0
16531,0
16512,0
16510,0
16499,0
16495,0
16488,0
16481,0
16459,0
16443,0
16434,0
16429,0
16421,0
16420,0
16419,0
16415,0
16405,0
16404,0
16401,0
16399,0
16374,0
16369,0
16365,0
16359,0
16357,0
16354,0
16332,0
16331,0
16318,0
16311,0
16310,0
16307,0
16304,0
16300,0
16289,0
16287,0
16285,0
16282,0
16279,0
16277,0
16274,0
16264,0
16257,0
16256,0
16251,0
16241,0
16238,0
16232,0
16216,0
16215,0
16214,0
16212,0
16211,0
16210,0
16203,0
16196,0
16194,0
16188,0
16179,0
16177,0
16176,0
16171,0
16164,0
16163,0
16159,0
16152,0
16150,0
16149,0
16146,0
16145,0
16142,0
16139,0
16136,0
16134,0
16133,0
16125,0
16123,0
16120,0
16115,0
16110,0
16103,0
16100,0
16098,0
16097,0
16095,0
16093,0
16091,0
16088,0
16086,0
16077,0
16074,0
16041,0
16023,0
15996,0
15993,0
15989,0
15988,0
15987,0
15973,0
15961,0
15959,0
15950,0
15934,0
15932,0
15929,0
15918,0
15914,0
15913,0
15912,0
15908,0
15898,0
15897,0
15885,0
15872,0
15859,0
15858,0
15855,0
15840,0
15831,0
15810,0
15793,0
15785,0
15767,0
15742,0
15736,0
15732,0
15729,0
15713,0
15707,0
2850,21
15703,0
15672,0
2819,0
15666,0
2813,0
15643,0
15636,0
2783,0
15620,0
2767,0
15616,0
2763,0
15597,38
2744,0
15595,0
2742,0
15580,0
15578,0
2725,0
15575,0
2722,0
2720,38
15573,0
15569,0
15565,0
2708,34
15561,0
15551,0
15547,0
15543,0
2687,21
15540,0
2674,35
15527,0
15510,0
15504,0
15503,0
2650,0
15484,0
2630,38
15483,0
15481,0
15478,0
15471,0
15467,0
2611,39
15464,0
15459,34
2606,0
15457,4
2604,0
15447,0
2594,0
15430,0
2577,0
15429,0
2562,35
15415,0
15406,0
2553,0
15363,0
15357,0
2504,0
15352,0
2499,0
15345,0
2492,0
15315,26
2462,0
15308,0
15306,0
15303,0
15299,0
15296,0
15292,0
15283,0
15264,0
2411,0
15258,0
2405,0
15255,0
2393,2
15246,0
15237,0
15234,0
15230,0
15226,0
15219,0
2366,0
2357,7
15210,0
15204,0
2347,27
15200,0
15197,0
2344,0
15194,0
15156,0
2303,0
15122,0
2269,0
15103,0
15096,0
15060,0
15052,0
15037,0
15026,25
2173,0
15012,27
2159,0
2151,15
15004,0
14987,0
14982,0
14981,36
2128,0
14978,0
14971,35
2118,0
14969,0
2116,0
14959,0
2079,38
14932,0
14928,0
14926,0
2073,0
14904,0
14903,0
2033,18
14886,0
14885,0
2029,33
14882,0
14877,0
2024,0
14876,0
14873,0
2020,0
14865,0
2012,0
14844,0
14839,0
14818,0
1965,0
14783,0
14757,0
14736,0
14672,0
14622,36
1769,0
14604,0
1751,0
1734,2
14587,0
14563,0
14549,0
1696,0
14545,0
1692,0
14544,0
1689,23
14542,0
14539,0
1686,0
1684,6
14537,0
14525,0
1651,33
14504,0
14310,7
1457,0
14263,0
14199,0
14069,0
1216,0
13958,0
1105,0
13900,0
1047,0
13790,0
937,0
13757,0
904,0
13721,0
868,0
13711,0
13702,0
849,0
13649,0
13559,0
706,0
699,21
13552,0
13507,0
13471,0
13458,0
13321,0
13288,0
435,0
13279,0
422,30
13275,0
13263,0
410,0
13256,0
13255,0
402,0
13245,0
13242,0
389,0
13224,27
371,0
13201,0
13190,0
13175,0
322,0
13174,0
13170,0
317,0
13163,0
13139,0
13136,0
13124,0
271,0
13119,0
13096,0
13085,13
232,0
13077,0
13072,0
13070,0
13064,36
211,0
13046,0
13039,0
186,0
13023,0
13021,0
168,0
13003,0
12992,0
139,0
12974,0
12963,0
110,0
12956,0
12937,0
12933,0
80,0
12905,0
12893,30
40,0
12885,0
12861,0
12842,0
12836,0
12830,0
12829,0
12827,0
12824,0
12818,0
12815,0
12814,0
12813,0
12810,0
12799,0
12791,0
12788,0
12785,0
12778,0
12775,0
12772,0
12763,0
12760,0
12759,0
12755,0
12754,0
12751,0
12748,0
12743,0
12728,0
12725,0
12717,0
12707,0
12706,0
12702,0
12691,0
12690,0
12689,0
12687,0
12683,0
12680,0
12677,0
12672,0
12670,0
12668,0
12660,0
12657,0
12651,0
12647,0
12633,0
12630,0
12628,0
12627,0
12625,0
12621,0
12611,0
12604,0
12592,0
12579,0
12574,0
12573,0
12571,0
12564,0
12563,0
12557,0
12531,0
12521,0
12502,0
12492,0
12490,0
12489,0
12487,0
12485,0
12483,0
12473,0
12466,0
12465,0
12461,0
12460,0
12457,0
12449,0
12443,0
12442,0
12432,0
12423,0
12413,0
12409,0
12404,0
12400,0
12399,0
12374,0
12345,0
12344,0
12339,0
12338,0
12336,0
12318,0
12317,0
12313,0
12304,0
12302,0
12298,0
12288,0
12286,0
12281,0
12278,0
12276,0
12274,0
12259,0
12250,0
12249,0
12246,0
12237,0
12235,0
12225,0
12224,0
12223,0
12222,0
12216,0
12215,0
12205,0
12202,0
12197,0
12195,0
12191,0
12185,0
12156,0
12147,0
12135,0
12125,0
12117,0
12114,0
12112,0
12106,0
12102,0
12094,0
12087,0
12073,0
12067,0
12054,0
12049,0
12046,0
12040,0
12028,0
12027,0
12011,0
12010,0
12005,0
11989,0
11983,0
11981,0
11970,0
11968,0
11960,0
11957,0
11945,0
11940,0
11935,0
11934,0
11910,0
11909,0
11907,0
11900,0
11888,0
11883,0
11867,0
11866,0
11860,0
11854,0
11848,0
11841,0
11833,0
11826,0
11822,0
11812,0
11808,0
11802,0
11801,0
11795,0
11794,0
11793,0
11791,0
11789,0
11768,0
11765,0
11746,0
11743,0
11728,0
11723,0
11722,0
11711,0
11706,0
11705,0
11663,0
11639,0
11638,0
11627,0
11625,0
11617,0
11602,0
11587,0
11580,0
11579,0
11574,0
11563,0
11559,0
11558,0
11551,0
11550,0
11545,0
11541,0
11527,0
11522,0
11519,0
11514,0
11508,0
11490,0
11487,0
11477,0
11468,0
11466,0
11460,0
11459,0
11451,0
11447,0
11446,0
11444,0
11440,0
11437,0
11431,0
11430,0
11425,0
11418,0
11413,0
11406,0
11405,0
11403,0
11400,0
11396,0
11390,0
11387,0
11381,0
11379,0
11374,0
11372,0
11371,0
11370,0
11369,0
11357,0
11352,0
11348,0
11344,0
11330,0
11327,0
11299,0
11297,0
11292,0
11291,0
11287,0
11285,0
11284,0
11279,0
11278,0
11276,0
11274,0
11273,0
11272,0
11270,0
11265,0
11261,0
11260,0
11257,0
11255,0
11253,0
11252,0
11251,0
11249,0
11243,0
11236,0
11234,0
11221,0
11211,0
11210,0
11205,0
11191,0
11185,0
11183,0
11181,0
11179,0
11175,0
11174,0
11173,0
11171,0
11170,0
11149,0
11144,0
11137,0
11126,0
11123,0
11104,0
11103,0
11102,0
11101,0
11095,0
11093,0
11088,0
11076,0
11074,0
11071,0
11064,0
11063,0
11057,0
11056,0
11048,0
11041,0
11039,0
11035,0
11015,0
10998,0
10992,0
10989,0
10985,0
10978,0
10959,0
10947,0
10941,0
10922,0
10918,0
10913,0
10905,0
10904,0
10903,0
10901,0
10899,0
10894,0
10892,0
10887,0
10876,0
10864,0
10848,0
10847,0
10845,0
10843,0
10834,0
10827,0
10817,0
10816,0
10811,0
10796,0
10794,0
10788,0
10773,0
10757,0
10756,0
10755,0
10750,0
10746,0
10743,0
10742,0
10738,0
10737,0
10729,0
10721,0
10717,0
10715,0
10714,0
10710,0
10708,0
10704,0
10703,0
10702,0
10699,0
10695,0
10693,0
10665,0
10642,0
10638,0
10634,0
10632,0
10623,0
10619,0
10618,0
10612,0
10611,0
10609,0
10608,0
10606,0
10604,0
10584,0
10559,0
10555,0
10551,0
10545,0
10537,0
10530,0
10508,0
10498,0
10470,0
10467,0
10458,0
10455,0
10445,0
10434,0
10432,0
10429,0
10423,0
10416,0
10404,0
10402,0
10388,0
10387,0
10385,0
10377,0
10371,0
10361,0
10359,0
10356,0
10348,0
10342,0
10335,0
10334,0
10332,0
10328,0
10322,0
10318,0
10310,0
10306,0
10302,0
10299,0
10292,0
10289,0
10282,0
10280,0
10272,0
10265,0
10258,0
10255,0
10245,0
10243,0
10240,0
10237,0
10230,0
10219,0
10197,0
10174,0
10173,0
10162,0
10158,0
10146,0
10114,0
10112,0
10110,0
10108,0
10107,0
10100,0
10098,0
10096,0
10086,0
10080,0
10062,0
10057,0
10049,0
10048,0
10042,0
10002,0
9988,0
9982,0
9976,0
9965,0
9956,0
9953,0
9943,0
9940,0
9933,0
9929,0
9927,0
9925,0
9923,0
9918,0
9906,0
9905,0
9902,0
9892,0
9878,0
9874,0
9872,0
9869,0
9868,0
9866,0
9858,0
9853,0
9850,0
9847,0
9844,0
9829,0
9827,0
9822,0
9814,0
9812,0
9804,0
9797,0
9795,0
9787,0
9779,0
9771,0
9764,0
9755,0
9752,0
9746,0
9745,0
9744,0
9742,0
9733,0
9728,0
9720,0
9712,0
9707,0
9704,0
9700,0
9689,0
9681,0
9678,0
9671,0
9668,0
9661,0
9657,0
9654,0
9642,0
9641,0
9618,0
9607,0
9606,0
9603,0
9599,0
9590,0
9588,0
9580,0
9577,0
9572,0
9561,0
9559,0
9557,0
9544,0
9535,0
9527,0
9509,0
9505,0
9497,0
9479,0
9473,0
9450,0
9445,0
9433,0
9432,0
9423,0
9413,0
9410,0
9408,0
9393,0
9356,0
9352,0
9330,0
9326,0
9324,0
9315,0
9314,0
9299,0
15717,0
9296,0
9290,0
9285,0
9280,0
15694,0
9265,0
9263,0
15674,0
9253,0
9252,0
9242,0
9238,0
2803,14
15656,0
15653,0
2800,0
9232,0
9217,0
9207,0
2771,27
15624,0
9203,0
9201,0
9197,0
9161,0
15581,0
2728,0
9156,0
9155,0
15568,0
9147,0
15563,0
9142,0
9134,0
9133,0
15548,36
2695,0
15545,0
9124,0
9115,0
9110,0
15528,0
9107,0
9104,0
9103,0
9100,0
2658,30
15511,0
9090,0
9076,0
9075,0
9074,0
9072,0
9065,0
15485,0
9064,0
9053,0
9048,0
15468,0
9047,0
9045,0
9044,0
15454,0
9031,0
9020,0
15424,0
15417,0
8996,0
15413,0
2560,0
8978,0
8977,0
15389,0
8968,0
8962,0
8948,0
2513,14
15366,0
8945,0
15365,0
2512,0
8944,0
8932,0
2496,35
15349,0
2484,26
15337,0
8916,0
15335,0
2482,0
8914,0
15329,0
2476,0
15327,8
2474,0
8906,0
15314,0
2458,18
15311,0
15294,0
8873,0
8866,0
8863,0
15281,5
2428,0
15280,0
8859,0
15278,0
8857,0
2421,2
15274,0
8853,0
8836,0
8835,0
15250,7
2397,0
8829,0
15244,0
2391,0
8823,0
15223,0
2370,0
8802,0
15220,0
2353,23
15206,0
8784,0
8781,0
8780,0
15198,0
8777,0
8757,0
8755,0
15171,0
8748,0
2308,38
15161,0
2304,35
15157,0
8734,0
8732,0
8726,0
15138,0
8717,0
8716,0
8713,0
8710,0
2275,21
15128,0
8707,0
8706,0
8705,0
8704,9
21557,0
8699,0
8688,0
21541,0
8685,0
21538,0
8684,0
15104,8
2251,0
8683,0
21536,0
8677,0
8676,0
8666,0
21519,0
8663,0
8662,0
8656,0
8654,0
8641,0
8638,0
21491,0
21490,30
8637,0
21489,36
8636,0
15056,8
2203,0
21488,8
8635,0
8629,0
2196,2
15049,0
8628,0
8618,0
8613,0
21466,0
15032,0
15031,0
8610,0
15029,0
8608,0
15028,35
2175,0
21460,18
8607,0
8606,0
21455,35
8602,0
2167,18
15020,0
8599,0
21451,33
8598,0
21448,35
8595,0
15013,0
8592,0
8585,0
21431,30
8578,0
8571,0
14988,0
8567,0
14984,0
21416,30
8563,0
14983,36
2130,0
21415,21
8562,0
14974,0
2121,0
21406,21
8553,0
14967,24
2114,0
8546,0
8544,0
8543,0
14962,30
2109,0
8541,0
21394,0
8540,30
21393,0
8514,0
2080,5
14933,0
8512,0
14930,0
21362,25
8509,0
21359,33
8506,0
14923,0
14918,0
2065,0
21350,25
8497,0
8496,0
21346,36
8493,0
14912,0
14911,0
8490,27
21343,0
8489,2
21342,0
14909,0
2056,0
8481,0
8480,0
21333,0
2047,36
14900,0
8479,0
8478,0
21325,33
8472,0
8453,0
14872,0
8451,0
14859,0
2006,0
8438,0
21291,0
8435,0
8432,0
21285,0
21281,25
8428,0
8425,21
21278,0
8424,34
21277,0
14828,0
1975,0
21259,30
8406,0
14826,0
8405,0
21254,36
8401,0
8378,0
21227,35
8374,0
8373,0
14785,0
1932,0
8363,0
21214,18
8361,0
8359,0
8349,0
21202,0
8347,0
8344,0
21197,0
21195,35
8342,0
21175,25
8322,0
8314,0
8309,0
14729,0
8308,0
8287,0
21140,0
14697,0
8276,0
21129,0
8275,21
21128,0
21117,30
8264,0
21112,21
8259,0
21105,25
8252,0
8246,0
8244,0
21097,0
8240,0
21093,0
8234,0
8225,0
21078,0
14642,0
1789,0
21073,13
8220,0
8214,0
21067,0
8212,0
21065,0
8209,0
14626,0
1773,0
8205,0
8199,0
8198,0
21051,0
8197,0
21050,0
8193,0
21046,0
8178,0
21031,0
8177,0
21030,0
8176,0
8167,0
21016,30
8163,0
8151,0
8141,0
8138,0
8134,0
20984,35
8131,0
14551,0
20983,25
8130,0
14547,27
1694,0
8126,0
14540,0
20972,35
8119,0
8108,0
8106,0
20959,0
1659,5
14512,0
8091,0
8089,0
1653,4
14506,0
20938,34
8085,0
8068,0
8056,26
20909,0
20904,33
8051,0
8050,0
8045,2
20898,0
8028,0
8021,0
8016,0
20869,0
8015,0
8012,0
20865,0
8010,0
14418,0
7997,0
20833,33
7980,0
7979,0
7977,0
14395,0
7974,0
14393,0
20825,35
7972,0
1536,35
14389,0
7968,0
7963,0
20814,35
7961,0
7955,0
7952,0
7942,27
20795,0
7939,0
20792,0
7937,0
20790,0
7935,0
7930,0
7928,0
7922,35
20775,0
7912,0
7907,0
7897,0
7896,0
14315,0
20747,35
7894,0
20746,21
7893,0
7891,0
20744,0
7879,0
7876,0
20728,25
7875,0
7874,0
14293,0
1440,0
7872,0
20725,0
7869,0
7864,0
7847,0
7845,0
20698,0
7843,0
7840,27
20693,0
7839,0
7831,0
7826,33
20679,0
7823,0
20673,21
7820,0
20671,35
7818,0
20669,18
7816,0
7814,0
20667,0
7813,6
20666,0
7810,0
7809,0
20662,0
20650,35
7797,0
1359,38
14212,0
7791,0
7789,0
7767,0
14178,0
7757,0
7755,0
7749,0
7746,0
14146,0
1293,0
7710,0
7696,0
7687,0
14099,15
1246,0
20527,35
7674,0
7671,0
20523,35
7670,0
7669,0
20497,23
7644,0
7643,0
20496,0
7642,0
7639,0
7636,39
20489,0
20488,35
7635,0
20480,18
7627,0
20476,23
7623,0
7611,0
7606,0
20459,0
20457,6
7604,0
20453,8
7600,0
7596,0
20446,30
7593,0
7592,0
20438,35
7585,0
7584,0
7583,0
7576,0
7570,0
20419,26
7566,0
7557,0
7552,0
20401,25
7548,0
7541,0
7534,0
20386,25
7533,0
20384,25
7531,0
7518,0
20371,0
20367,30
7514,0
20365,25
7512,0
20363,21
7510,0
20357,35
7504,0
7496,0
7488,27
20341,0
13904,0
20334,25
7481,0
7477,0
7475,0
20328,0
7470,0
20319,26
7466,0
7452,0
20300,33
7447,0
20286,33
7433,0
7427,0
13834,0
7408,0
20261,0
7406,0
20259,0
7394,0
20247,0
7391,0
7386,0
7385,0
20235,33
7382,0
7379,24
20232,0
20223,33
7370,0
20220,33
7367,0
7363,39
20216,0
7357,0
20210,0
7355,0
7352,0
7344,0
20195,25
7342,0
7337,0
13753,0
20176,34
7323,0
7322,0
13735,0
882,0
7314,0
20165,33
7312,0
7297,0
7277,0
20112,36
7259,0
7253,0
7247,0
7245,0
7240,0
7235,0
7225,0
800,0
7221,0
7220,0
7216,0
780,8
13633,0
791,0
7209,0
758,21
13611,0
7177,0
7167,0
745,0
7166,0
20019,0
7148,0
20001,0
725,0
7146,0
722,0
7143,0
714,0
7135,0
7132,0
7126,0
679,0
13532,0
7100,0
19933,18
7080,0
7074,36
19927,0
7071,0
7066,0
7064,0
7058,0
7047,0
7032,0
7030,0
7029,0
19882,0
19880,13
7027,0
7023,0
7015,0
13435,0
7014,0
19867,0
7013,0
19866,0
19865,35
7012,0
19854,23
7001,0
6981,0
555,0
6976,0
13393,0
551,0
13404,0
6972,0
19823,15
6970,0
6955,0
19808,0
6929,0
6928,6
19781,0
6922,0
19775,0
6917,0
6913,0
19766,0
6894,0
467,0
13320,0
6881,27
19734,0
6874,9
19727,0
13290,0
6869,0
13287,0
6866,0
19719,0
13286,0
444,0
13282,0
6861,0
13281,0
439,0
13292,0
19713,6
6860,0
13280,0
438,0
13291,0
13270,0
6849,6
19702,0
6819,0
13238,0
6817,0
377,0
19651,8
6798,0
19644,23
6791,0
13210,0
19642,33
6789,0
13200,0
352,12
13205,0
13191,34
338,0
349,0
6770,0
13186,0
13185,0
343,0
13196,0
6764,0
13184,0
331,0
342,0
13195,0
6761,0
13168,0
315,0
6741,0
13159,0
311,0
6732,0
13151,0
6726,0
304,0
13157,0
19572,5
6719,0
6716,0
290,0
6709,27
19562,0
6707,0
19560,0
281,0
6702,0
13105,0
13103,0
6682,0
13113,8
260,0
6681,34
19534,0
13095,0
242,0
6674,0
249,0
236,12
13089,0
247,0
6660,0
13078,0
225,0
6657,0
19510,0
6647,0
19500,0
13056,0
203,0
214,0
13067,0
13053,0
6632,0
6630,0
19483,0
19482,6
6629,0
13043,0
201,35
13054,0
19475,35
6622,0
19448,6
6595,0
6594,34
19447,0
13007,0
165,0
157,0
6578,0
6576,0
6562,0
6561,0
12959,0
6538,0
6537,0
96,6
12949,0
6528,4
19381,0
6527,0
19380,0
6524,21
19377,0
100,0
19374,26
6521,0
86,0
6507,0
19360,0
71,4
12924,0
82,0
12935,0
12917,0
64,0
75,0
6494,0
6483,0
6473,0
42,0
6463,0
6460,0
37,8
12890,0
29,0
6450,0
13,26
12866,0
6445,0
12862,25
9,0
6441,0
19294,0
6438,14
19291,0
12858,0
6437,30
19290,0
12857,0
6436,0
6434,0
12848,0
19280,15
6427,0
12806,0
6385,0
19238,0
12803,0
6382,0
12797,0
6376,0
6375,0
6373,0
6372,0
6368,0
6361,0
12774,0
6353,0
6350,0
6348,0
12767,0
6346,0
19199,0
6341,0
12761,0
6340,0
19193,0
12758,0
6337,0
6335,0
19170,35
6317,0
6315,0
12732,0
12714,0
12703,0
6282,0
6279,0
12698,0
6277,0
12694,0
12692,0
12688,0
6267,0
12685,0
6264,0
6248,34
19101,0
6244,8
19097,0
6235,0
12655,0
6234,34
19087,0
12654,0
12648,0
12646,0
6225,0
12644,0
12641,0
6220,0
19073,0
12639,0
6218,0
6217,0
12636,0
6215,0
6214,0
6208,0
12620,0
6189,0
19042,0
12608,0
12605,0
6184,12
19037,0
12602,0
12599,0
6178,0
6177,0
6169,0
19022,0
12559,0
6137,0
18988,6
6135,0
12555,0
6128,0
12546,0
6125,0
12534,0
6113,0
6107,0
6106,0
12524,0
12523,0
12517,0
12515,0
6092,6
18945,0
12512,0
6091,0
18944,0
12509,0
12507,0
6086,0
6085,0
18938,0
12504,0
6083,0
12503,0
6082,0
12488,0
6067,0
18920,0
6063,0
6060,0
6058,0
12472,0
6051,26
18904,0
12469,0
12468,0
12464,0
6035,36
18888,0
6034,0
12454,0
6027,0
6025,0
12441,0
6020,0
18873,0
12435,0
6014,33
18867,0
5998,0
18851,0
5985,0
12398,0
12394,0
5973,0
12390,0
5958,0
18811,0
5946,0
5937,0
12355,0
5934,0
5930,35
18783,0
12340,0
12333,0
5912,36
18765,0
5909,0
5908,0
5905,0
5901,4
18754,0
12321,0
5900,0
12316,0
5895,0
5889,0
12309,0
5888,0
5887,0
5886,0
18739,0
18732,35
5879,0
18721,35
5868,0
5858,0
5854,0
12270,0
5849,0
5842,0
12260,0
5839,0
5835,0
18688,0
5830,0
5827,0
5826,0
5819,0
5818,0
12236,0
5815,0
5810,0
18663,0
12229,0
5808,0
12221,0
5800,0
12219,0
5798,0
12213,0
5792,0
5789,0
5767,0
12171,0
5740,0
5739,24
18592,0
12159,0
5727,0
5724,0
18577,0
5719,0
12138,0
5717,0
18570,0
5713,0
18566,0
5712,0
18565,0
12132,0
5711,7
18564,0
12131,0
18563,31
5710,0
12127,0
5706,0
12122,0
5701,0
18554,0
5692,0
5690,0
5689,0
5684,0
12101,0
5675,0
12093,0
5672,0
5667,0
18520,0
12084,0
5663,0
5660,0
12080,0
5659,0
5655,0
12068,0
18497,31
5644,0
5641,0
12050,0
12048,0
5627,0
5617,21
18470,0
5615,0
5611,0
18464,0
5609,15
18462,0
12024,0
5603,4
18456,0
5602,21
18455,0
5598,0
12016,0
5595,21
18448,0
5592,34
18445,0
5585,0
18438,0
11997,0
5576,23
18429,0
11996,0
5567,0
18420,0
5566,23
18419,0
5564,0
5563,0
11982,0
5559,0
5558,0
5555,0
5554,0
18407,0
5546,4
18399,0
5544,34
18397,0
11958,0
5537,38
18390,0
11954,0
5533,0
11953,0
5532,23
18385,0
5530,21
18383,0
5522,4
18375,0
11941,0
5520,0
5508,0
5505,0
11923,0
18355,2
5502,0
11920,0
5499,0
18352,0
5496,0
11916,0
5495,35
18348,0
11913,0
5491,0
5485,0
5483,35
18336,0
18334,6
5481,0
5477,0
5475,21
18328,0
5470,0
18323,0
5465,0
5453,0
11872,0
5451,0
18300,6
5447,0
5429,0
11847,0
5423,0
18276,0
5421,0
11832,0
5411,0
11831,0
5410,0
5400,0
18253,0
5398,0
11817,0
5394,0
5392,0
11811,0
5390,39
18243,0
18242,35
5389,0
5388,0
5382,0
5379,0
11798,0
5363,0
5360,0
11771,0
5350,0
5349,0
11767,0
11763,0
5335,0
18188,0
5334,0
18187,0
5332,0
11751,0
5330,0
5328,0
5323,0
18176,0
5309,0
5303,0
18152,36
5299,0
5297,35
18150,0
5296,0
18149,0
11714,0
5293,0
5291,0
5288,0
5287,0
11707,0
5286,0
5281,0
5278,0
5274,0
5273,0
5272,0
5270,0
5269,0
5260,0
5256,0
18109,0
5255,0
18108,0
5253,0
11665,0
5244,0
11664,0
18096,25
5243,0
11661,0
5240,0
18093,0
5238,0
11658,0
5237,0
5235,0
5234,0
18079,9
5226,0
5222,0
18075,0
5220,0
5214,0
18065,36
5212,0
5210,0
5207,0
5205,0
5201,0
18048,33
5195,0
5194,0
5192,0
5191,0
5190,0
5188,0
5183,0
18036,0
11598,0
5177,0
11597,0
5176,0
18029,0
18028,36
5175,0
5172,0
5171,0
5167,0
5160,0
5148,0
18001,0
5146,0
5141,0
5139,0
11555,0
5134,0
5128,23
17981,0
5126,0
17979,0
11546,0
17978,1
5125,0
11539,0
5117,0
17967,26
5114,0
11523,0
5102,0
5097,0
17950,0
5095,23
17948,0
11515,0
5091,0
5090,23
17943,0
11507,0
5086,0
11506,0
5085,0
11505,0
5081,0
11498,0
5077,15
17930,0
5072,26
17925,0
11492,0
5070,0
17923,0
5060,0
5058,0
17911,0
5057,0
5054,0
17907,0
5053,0
17906,0
5044,6
17897,0
11464,0
5043,8
17896,0
11455,0
5034,18
17887,0
11450,0
5021,27
17874,0
11441,0
5020,0
17873,0
5013,8
17866,0
5002,0
4987,0
4983,0
11402,0
17834,35
4981,0
11386,0
4965,0
11377,0
17809,24
4956,0
11373,0
4952,0
11362,0
4941,0
4933,0
4922,0
17775,0
4910,0
17763,0
11324,0
11322,0
17753,31
4900,0
17751,35
4898,0
11315,0
4894,0
11314,0
4893,24
17746,0
4890,0
4867,0
11271,0
17703,30
4850,0
4848,0
17701,0
11256,0
17688,24
4835,0
17677,1
4824,0
11242,0
4821,27
17674,0
11241,0
11239,0
4818,0
17671,0
11237,0
4816,0
11233,0
4812,0
11228,0
17660,35
4807,0
4806,0
17659,0
17651,6
4798,0
4796,0
4795,0
4785,0
11202,0
4781,0
4779,0
17632,0
11198,0
11197,0
4776,0
4773,0
4768,0
11177,0
4756,0
4755,0
4751,0
11166,0
11163,0
17595,29
4742,0
4741,0
4733,0
4717,0
4714,0
11134,0
4713,0
11133,0
4712,0
4711,0
4708,0
11113,0
17545,35
4692,0
17543,35
4690,0
4689,0
4687,0
17540,0
11100,0
4679,0
4666,0
17519,0
11086,0
4665,0
17518,0
4662,0
4657,0
4654,0
17507,0
11065,0
4644,0
4640,0
11059,0
4638,0
17491,0
4634,0
4625,0
17478,0
11043,0
4622,0
4621,0
4613,0
4606,0
4605,0
11025,0
4604,0
17457,0
4603,0
4600,0
4595,0
17448,0
4593,0
17446,0
4592,0
4591,0
11007,0
4583,2
17436,0
4579,0
17432,0
4576,0
17429,0
4555,0
17408,0
4552,0
17405,0
4541,0
4537,0
4536,0
17389,0
4524,0
4513,0
4510,0
4507,0
4493,0
17346,0
10902,0
4481,0
17334,0
4477,6
17330,0
4476,34
17329,0
4470,0
4465,0
17318,0
4458,0
17311,0
4453,0
17306,0
10873,0
4452,0
17305,0
4451,36
17304,0
10860,0
4439,4
17292,0
4438,23
17291,0
4436,0
17289,0
4425,0
4407,0
17260,0
10826,0
4405,0
17258,0
4398,27
17251,0
4397,0
17250,0
10809,0
4388,4
17241,0
4386,0
17239,0
4371,0
17224,0
4370,26
17223,0
10790,0
4369,0
10787,0
4366,0
10786,0
4365,0
4364,0
10779,0
10774,0
4353,8
17206,0
4349,0
10768,0
10767,0
4346,34
17199,0
4345,0
4344,0
4343,0
17196,0
10760,0
4339,0
10754,0
4333,0
17186,0
10744,0
4323,0
4318,36
17171,0
10734,0
4313,4
17166,0
4310,0
17163,0
4301,0
17154,0
4297,0
4286,0
4276,36
17129,0
10688,0
4267,0
10682,0
4259,0
10678,0
10674,0
4249,0
17102,0
17099,5
4246,0
4245,27
17098,0
10662,0
10661,0
4238,0
17091,0
4237,0
4231,0
17084,0
4229,0
17082,0
4228,27
17081,0
4215,0
4205,2
17058,0
10625,0
4204,0
4199,0
17052,0
4193,0
10613,0
4192,0
17035,21
4182,0
17031,33
4178,0
10596,0
4175,0
17028,0
10594,0
4173,0
4170,0
17023,0
10590,0
4167,0
10586,0
4165,0
10581,0
4160,0
4159,0
17012,0
4156,0
4153,0
4152,0
17005,0
4146,0
10566,0
4139,0
16992,0
4122,0
16975,0
10541,0
4120,0
16973,0
4117,0
16970,0
4115,0
16968,0
4113,0
16966,0
4105,0
4103,0
4096,0
10515,0
4091,0
10509,0
4088,0
16941,0
10505,0
4084,0
4081,0
4080,0
4075,0
4074,0
4067,0
4066,0
16918,8
4065,0
16916,35
4063,0
4061,0
4048,0
4041,0
4036,0
16888,34
4035,0
16886,8
4033,0
10449,0
4027,0
10447,0
4026,0
10446,0
797,0
7218,0
20071,0
4015,33
16868,0
3999,6
16852,0
10418,0
3997,0
16850,0
7196,0
10414,0
3991,0
7192,23
20045,0
16838,27
3985,0
764,0
7185,38
20038,0
10403,0
16835,27
3982,0
3980,0
16833,0
10394,0
16826,24
3973,0
7161,0
3958,8
16811,0
736,0
10375,0
7155,2
20008,0
7136,0
19989,0
10354,0
7133,36
19986,0
3930,0
16783,0
7129,0
19982,0
10347,0
3926,0
16779,0
7119,0
3916,0
7115,23
19968,0
3912,0
690,4
13543,0
7111,0
19964,0
3908,0
16761,0
10313,0
3892,0
16745,0
16739,12
3886,0
7087,0
3884,2
16737,0
3879,0
3875,0
7077,4
19930,0
7076,0
3873,0
16726,0
7075,0
10291,0
3870,21
16723,0
7070,0
3867,0
7068,0
16718,14
3865,0
7067,0
10285,0
16717,38
3864,0
13482,0
3858,27
16711,0
7060,38
19913,0
3857,38
16710,0
3853,21
16706,0
7049,0
19902,0
3846,0
7046,0
10264,0
3843,0
10262,0
3841,0
10261,0
13462,0
7041,0
3838,0
3830,0
7031,0
3828,24
16681,0
3825,0
16678,0
7024,0
7020,0
10238,0
19864,15
7011,0
3801,21
16654,0
16653,27
3800,0
3797,6
16650,0
3796,0
16649,0
6998,0
10216,0
3795,0
16648,0
10214,0
3793,0
16646,0
6995,0
10213,0
3792,0
16645,0
6993,0
3790,0
10209,0
10208,0
6985,0
3777,7
16630,0
10196,0
16628,33
3775,0
3774,0
10192,0
3768,34
16621,0
3763,0
544,0
6965,0
559,0
10183,0
16615,25
3762,0
3759,0
6961,0
3758,0
16611,0
6975,0
19828,0
552,0
3743,0
6939,0
518,0
3721,33
16574,0
3720,0
6920,0
19773,0
19788,2
6935,0
3717,0
16570,0
498,0
10122,0
16554,30
3701,0
6884,0
19737,0
478,0
10102,0
3681,0
470,0
3673,0
6872,0
6887,0
10090,0
464,0
10088,0
6852,0
3649,33
16502,0
13271,0
6850,21
19703,0
10068,0
10061,0
3640,0
16493,0
408,24
13261,0
3637,23
16490,0
405,39
13258,0
416,0
13269,0
6837,23
19690,0
10052,0
10041,0
16472,4
3619,0
6815,0
13251,0
409,0
13262,0
3612,0
16465,0
13244,0
376,0
6797,2
19650,0
10015,0
3589,0
16442,0
6788,0
10000,0
16432,34
3579,0
374,0
3577,0
16430,0
366,0
13188,0
13199,2
346,0
6767,0
13214,34
361,0
16417,36
3564,0
6762,0
356,0
3559,0
6757,0
9975,0
3554,0
16407,0
9974,0
3553,0
16395,6
3542,0
13180,0
16394,38
3541,0
6737,0
3534,0
13172,0
330,0
9954,0
16386,35
3533,0
13144,0
302,0
9941,0
3520,0
13116,0
3492,0
13115,0
273,0
13126,0
6694,0
9912,0
3491,0
3490,0
16343,0
9909,0
3488,0
6683,0
9884,0
3463,0
16316,0
3461,0
16314,0
6659,0
19512,0
6655,0
3452,0
246,0
3449,0
13062,0
220,0
3438,0
6638,2
19491,0
6653,2
19506,0
16288,38
3435,0
3425,0
16278,0
6623,0
9841,0
3420,0
19474,8
6621,0
198,0
6619,0
213,0
3415,0
191,0
6612,0
3409,0
16262,0
3399,0
16252,0
3389,0
6581,0
9799,0
3378,0
12996,6
143,0
13011,0
3372,0
16225,0
9792,0
3371,0
153,6
13006,0
3367,0
135,6
12988,0
6556,0
19409,0
3352,0
12981,0
128,0
9763,0
3342,0
16195,0
124,0
3327,0
3309,0
66,35
12919,0
19351,6
6498,0
3295,0
16148,0
53,0
12910,0
68,0
3271,0
3266,0
16119,0
12900,0
47,0
58,0
12875,0
22,0
6454,33
19307,0
12901,25
48,0
3251,0
12888,0
46,0
3249,0
12853,0
6432,0
19285,0
12846,0
6425,0
3222,0
16075,0
6414,0
19267,0
3211,0
12834,0
6413,0
3210,0
16063,0
9615,0
3194,0
16045,18
3192,0
3189,0
9608,0
3187,0
3184,0
16037,0
3180,0
9578,0
6358,0
3155,0
3154,0
3153,0
16006,0
6352,0
9570,0
3149,0
9560,0
3139,0
15984,8
3131,0
12752,0
6331,0
9549,0
3128,0
15981,0
3118,0
3115,0
15968,0
9532,0
3111,0
15964,0
3110,0
15963,0
12731,0
3107,0
15960,0
9526,0
3105,0
3104,0
3100,0
6301,0
3098,0
15951,0
12716,0
6295,0
3092,0
3086,0
15939,0
3078,0
12697,0
6276,0
3073,0
12696,0
6275,27
19128,0
3072,0
15925,0
3071,0
15924,0
3069,0
9488,0
3067,0
15920,0
3062,0
3056,0
15909,0
9472,0
3051,0
15900,24
3047,0
3040,0
3039,0
15892,0
3038,0
15889,25
3036,0
3034,0
12652,0
15881,35
3028,0
3023,24
15876,0
9437,0
3016,0
9434,0
3013,0
9431,0
3010,0
12632,0
3008,0
15861,0
3007,0
12623,0
6202,0
2999,0
6201,0
15851,23
2998,0
2995,0
9415,0
2994,0
9414,0
2993,0
2990,0
12609,0
6188,0
19041,0
2985,0
15838,0
2983,0
9403,0
2982,0
6180,0
19033,0
9398,0
2977,0
9392,0
2971,0
12594,0
2970,0
15823,0
15821,34
2968,0
2965,0
9383,0
2959,0
2955,0
15808,0
6157,0
2954,0
15807,0
2950,0
15803,0
2933,0
2930,0
9349,0
2928,0
12551,0
9348,0
2927,0
15780,0
12550,0
2926,0
6121,0
9339,0
6119,0
9336,0
2915,4
15768,0
9328,0
2907,0
2902,0
6090,0
2887,0
6075,0
9293,0
2872,0
2867,0
9279,0
2858,0
12480,0
6059,0
15698,0
9277,0
6056,0
2853,0
6054,0
9272,0
15704,23
2851,0
9271,0
2847,0
12463,0
6042,8
18895,0
12462,0
15680,25
2827,0
9259,0
2838,0
15691,0
15675,0
2833,0
6030,0
6023,0
9240,0
2818,0
6018,0
15668,23
2815,0
15641,0
9220,0
2799,0
2793,0
2792,0
12415,0
2791,0
9208,0
12407,0
5986,0
9204,0
18828,34
5975,0
5972,0
9190,0
2757,23
15610,0
2768,0
15621,0
12389,0
2754,18
15607,0
2765,0
2764,0
15617,0
2752,35
15605,0
9184,0
12386,0
5965,0
2762,0
5964,0
9182,0
15602,0
9181,0
15613,35
2760,0
5955,0
12375,0
5954,0
18807,0
15593,0
9172,0
5951,0
15590,35
2737,0
2746,0
5945,0
15584,0
9163,0
15579,0
9158,0
5932,0
2718,2
15571,0
2729,0
15560,0
9139,0
2711,0
5898,35
18751,0
9116,0
12315,0
2688,0
5875,0
18728,0
2672,0
9087,0
2666,0
15501,0
2648,0
15494,0
2652,0
9069,0
18703,35
5850,0
2647,0
5848,0
2638,0
2635,0
15453,0
9032,0
15451,0
9030,0
2609,0
15462,0
12226,0
5805,0
18658,0
2602,26
15455,0
15438,0
2585,0
2596,0
9015,0
5796,0
9014,0
2593,35
15446,0
9012,0
2591,0
18646,30
5793,0
2579,4
15432,0
12209,0
5788,0
15427,31
2574,0
12208,0
5787,0
2584,0
2578,0
12201,0
5780,0
8998,0
8991,0
2570,0
15411,0
2558,0
2569,0
5765,0
2551,6
15404,0
8982,0
5762,0
2559,0
15400,0
12179,0
15397,0
2544,0
2555,0
12178,0
2543,6
15396,0
8975,0
2554,0
5756,0
2550,0
5751,0
18604,0
18602,36
5749,0
2546,0
15386,0
5746,0
18599,0
12164,0
5743,0
8961,0
5742,0
18595,0
2532,0
5734,0
2531,0
15384,0
8951,0
2530,0
12152,0
2528,0
2520,0
5721,0
8933,0
5707,0
5686,24
18539,0
8903,0
5678,35
18531,0
2475,0
12098,0
5677,35
18530,0
8895,0
15310,0
15321,25
2468,0
8880,0
2459,36
15312,0
5643,0
8861,0
2440,0
2435,0
12053,0
8850,0
15270,0
2417,0
8849,0
15263,0
2410,0
2419,0
15253,0
8830,0
5596,0
2386,23
15239,0
15227,0
2374,0
8806,0
2385,0
5586,0
2383,0
12003,0
5582,35
18435,0
2379,0
5579,0
18432,0
2376,0
15208,0
8778,0
8768,0
8765,0
8760,0
11961,0
5540,39
18393,0
15179,0
2326,0
8756,0
8747,0
5526,0
5523,0
18376,0
2309,34
15162,0
8741,0
2310,0
11932,0
5511,0
15149,0
8728,0
2307,0
11915,0
8696,0
5474,0
8692,0
2271,0
11894,0
18326,35
5473,0
2259,38
15112,0
8691,0
11893,0
5472,0
15111,0
8690,0
5471,0
15110,0
2257,0
8689,0
2268,6
15121,0
5469,0
8686,0
21539,0
15118,4
2265,0
8681,0
2260,0
8678,0
18309,25
5456,0
15095,0
8674,0
18308,8
5455,0
18307,18
5454,0
15093,0
2240,0
8672,0
11873,0
15091,0
2238,0
8670,0
21523,0
8668,0
21521,0
2247,0
8667,0
2246,0
11864,0
5443,0
18296,0
15082,0
8661,0
11863,0
2239,0
11862,0
18294,35
5441,0
11861,0
5440,0
8658,0
2225,9
15078,0
11858,0
2231,0
5431,0
2228,0
15067,0
11843,0
15061,0
11837,0
15055,0
2202,0
8632,0
11830,0
5409,0
15048,0
2206,0
11829,0
5408,0
15045,0
8624,0
21477,0
8623,0
15038,0
8615,0
6982,0
10200,0
3779,0
5385,0
18238,0
15024,0
8603,0
15017,0
10191,0
16623,30
3770,0
5376,28
18229,0
547,0
6968,0
562,0
5371,0
2168,0
21441,30
8588,0
3760,0
11787,0
5366,0
15005,0
532,0
6953,0
10171,0
6952,0
10155,0
5340,0
21411,13
8558,0
2137,0
2108,0
486,0
6907,0
19760,0
3704,0
14960,35
2107,0
3694,0
8518,0
21371,0
2097,0
5295,0
18148,0
8513,0
8510,2
21363,0
14921,0
5276,0
5268,0
14907,0
2054,0
13276,0
423,0
6855,0
3652,9
16505,0
11679,0
5258,0
18111,0
8475,0
13284,0
6863,0
442,0
3645,0
436,0
16492,25
3639,0
5245,0
13265,0
6844,0
19697,0
3626,21
16479,0
19681,15
6828,0
16478,25
3625,0
5231,0
21302,33
8449,0
2028,34
14881,0
8448,0
21301,0
2027,0
6841,0
16476,35
3623,0
3622,0
16475,0
5228,0
14867,0
2025,0
18068,36
5215,0
14854,0
2001,0
13231,0
378,0
6810,0
19663,0
3607,0
16460,0
2010,0
10018,0
3597,0
16450,0
5203,0
14842,0
2000,0
3592,0
8416,0
1995,0
8415,0
1994,0
13204,0
362,0
3580,0
1983,0
5168,0
354,0
9978,0
1960,0
6748,0
3545,23
16398,0
1948,0
6734,0
9952,0
3531,0
21208,21
8355,0
1934,0
1933,0
323,0
3526,0
11553,0
5132,0
14771,0
1918,0
1929,0
5121,0
14755,33
1902,0
8334,0
21187,0
1913,0
6712,0
3509,0
13142,0
5115,0
17968,0
1912,0
6710,0
9928,0
16360,33
3507,0
5113,0
8331,0
1910,0
6689,0
9907,0
3486,31
16339,0
5092,0
1889,0
6686,4
19539,0
3483,0
16336,0
1886,0
14739,0
259,0
3477,0
1880,0
3469,0
21146,25
8293,0
237,0
13090,0
6658,0
19511,0
3455,0
1858,0
8269,27
21122,0
1848,0
14689,0
1836,0
1847,0
3442,0
1845,0
5042,0
1839,0
1832,0
1824,0
1815,0
11433,0
1809,0
13024,0
6603,0
3400,0
8224,29
21077,0
8222,0
1801,0
13019,0
166,0
19451,6
6598,0
3395,0
1798,0
4990,0
14629,0
1787,0
11393,0
4972,8
17825,0
8190,0
3364,0
4970,0
17823,0
6573,21
19426,0
3332,12
16185,0
12980,0
127,0
6559,0
19412,0
17791,34
4938,0
1735,0
134,0
12987,0
14573,0
1731,0
3320,0
16173,0
111,0
3329,0
6547,0
1723,0
9734,0
3313,0
16166,0
14558,0
8137,0
14569,18
1716,0
11335,0
1711,0
14550,0
6506,4
19359,0
3303,0
6515,0
19368,0
109,0
12962,0
6488,0
19341,0
9706,0
3285,0
8109,0
1688,0
12912,0
59,0
6491,36
19344,0
8103,0
1682,0
6478,38
19331,0
3275,0
6502,0
81,0
4881,0
20947,34
8094,0
1673,0
12898,36
45,0
3263,0
8087,0
1666,0
12878,0
36,27
12889,0
9675,0
3254,39
16107,0
14499,0
1657,0
38,30
12891,0
49,0
3252,0
12883,0
4841,0
17694,0
6428,0
3225,0
1628,0
9644,0
3223,6
16076,0
4829,0
17682,0
1626,0
12843,0
1,0
6422,0
9640,0
3219,0
1622,0
12841,0
6420,8
19273,0
9638,0
3217,0
1620,0
6419,38
19272,0
9637,0
3216,0
8040,0
20893,0
1619,0
6410,0
19263,0
9628,0
3207,0
6430,0
19283,0
11230,0
4809,0
1606,0
12823,0
6402,0
19255,0
3199,0
16052,0
8023,0
9619,0
3198,0
11225,0
4804,0
1601,0
6407,0
3204,0
11222,0
4801,0
14440,0
1598,0
9604,0
3183,0
8007,0
14423,0
16029,6
3176,0
8000,0
1579,0
11196,0
1572,0
12790,0
6369,0
3166,0
11193,0
4772,0
17625,0
7990,0
11192,0
4771,0
16016,8
3163,0
11190,0
4769,0
17622,0
1566,0
20837,25
7984,0
1563,0
4765,23
17618,0
20836,33
7983,0
1562,0
1550,0
7967,0
20817,35
7964,0
4744,0
17597,0
7962,0
11161,0
4740,0
17593,0
7958,39
20811,0
1537,0
1535,0
1526,0
9538,0
15970,15
3117,0
1520,0
12727,0
6306,35
19159,0
3103,0
15956,0
1506,0
12701,0
15930,27
3077,0
7901,0
1480,0
7899,0
1478,0
1460,36
14313,0
7888,0
9484,0
3063,0
4664,0
4660,0
17513,0
4659,0
1445,26
14298,0
7877,0
1456,0
7873,0
15899,35
3046,0
7870,0
12667,0
6246,0
3043,0
15896,0
11070,0
4649,0
17502,0
7867,0
4648,0
7866,39
20719,0
7865,0
1444,0
4641,0
17494,0
4637,0
20708,26
7855,0
1434,0
3026,0
15879,0
4632,0
15878,38
3025,0
14270,0
11051,0
4630,0
7848,0
1427,0
4623,0
4617,0
17470,0
3009,0
4615,0
1412,0
1409,0
4610,31
17463,0
1407,0
3003,0
11030,0
4609,12
17462,0
1406,0
9422,0
3001,0
15854,0
7825,0
1391,0
1387,0
15832,30
2979,0
4585,0
1382,0
4584,0
20655,21
7802,0
12600,0
2976,0
15829,0
4581,34
17434,0
1367,23
14220,0
7796,0
2964,0
15817,0
6166,0
2963,31
15816,0
9382,0
6163,0
9381,0
2958,0
15811,0
1361,0
1360,0
2936,0
1339,0
2917,0
10944,0
4523,0
4519,0
17372,0
7737,0
1316,0
1301,8
14154,0
20586,23
7733,0
1312,0
1308,0
2897,0
1300,0
1292,0
4488,0
17341,0
9302,0
2881,0
15715,25
2862,0
9294,0
4475,34
17328,0
20546,34
7693,0
1272,0
10893,0
1269,0
6065,0
9283,0
7686,0
1260,0
7673,0
1252,0
4454,0
14093,0
7672,0
20525,0
10867,0
1243,0
4437,0
7650,0
9246,0
4431,0
17284,0
4429,0
17282,0
7647,0
1226,0
9234,0
9230,0
1212,0
7632,0
20485,0
1211,0
6010,36
18863,0
1210,0
10833,0
1209,0
10832,0
4411,6
17264,0
7629,0
1208,0
6000,0
15639,0
9218,0
2797,0
7621,8
20474,0
20471,35
7618,0
1197,0
1193,0
9210,0
1192,0
9206,0
2785,0
7609,0
4385,21
17238,0
7603,0
1182,0
4380,4
17233,0
14012,0
1159,0
7591,0
1170,0
5960,0
9178,0
10784,0
4363,21
17216,0
5957,0
18810,0
15596,0
9175,0
10781,0
7577,0
1156,0
1152,0
7569,0
1148,0
12368,0
5947,0
9165,0
20421,25
7568,0
1147,0
4341,21
17194,0
4340,0
7558,0
7555,0
5925,26
18778,0
10749,0
4328,0
1125,0
10748,0
4327,0
17180,0
13966,0
314,0
11544,0
5123,0
1920,0
15562,0
7544,0
1123,0
1919,0
20392,33
7539,0
15556,0
9135,0
11526,0
5105,8
17958,0
13946,0
1104,0
4306,0
1103,0
5902,0
2699,0
1102,0
5100,0
1897,0
10724,0
4303,0
17156,0
20374,26
7521,0
1100,0
279,0
9903,0
3482,0
8306,0
1885,0
1088,0
10709,0
1085,0
15523,0
2681,0
1082,0
256,0
6677,0
3474,0
16327,0
5080,0
17933,0
14719,0
8298,0
12301,0
5880,0
9098,0
2677,0
7501,0
20353,36
7500,0
1079,0
1077,0
1871,0
2671,0
4277,0
7495,23
20348,0
1074,0
1072,0
1071,0
3460,0
1863,0
13908,0
1066,0
9880,0
3459,0
16312,0
1862,0
14715,0
1065,0
9081,0
2660,0
10687,0
4266,0
20337,33
7484,0
9867,0
16299,35
3446,0
5052,0
8270,36
21123,0
10676,0
4255,0
1052,0
7468,8
20321,0
11461,0
5040,0
14679,0
8258,0
15479,0
2637,0
1040,0
1036,0
4235,0
13874,0
7453,0
1032,0
10648,0
4227,0
17080,0
1024,0
13041,0
199,0
13052,0
6620,35
19473,0
3417,6
16270,0
1820,0
2620,0
1023,0
10644,0
4223,0
17076,0
1020,0
13037,0
9834,0
16266,36
3413,0
1816,0
1019,0
10640,0
7437,0
1016,0
4218,31
17071,0
1015,0
1013,0
15448,0
10633,0
4212,0
7424,0
176,0
3394,6
16247,0
1797,0
6609,35
19462,0
13045,0
20274,35
7421,0
1000,0
10622,0
4201,0
17054,0
183,35
13036,0
194,0
10615,0
991,0
162,0
6583,0
16233,9
3380,0
8204,0
15425,0
2583,0
10610,0
4189,35
17042,0
7407,0
3381,0
16234,0
3390,0
984,0
5783,0
983,0
185,0
12203,0
5782,0
2568,36
15421,0
982,0
978,0
11397,0
4976,0
17829,0
1771,0
974,0
15410,0
4174,0
17027,0
971,0
5769,0
8987,0
2566,0
10593,0
17025,6
4172,0
969,0
21039,5
8186,0
2565,0
5708,0
4111,0
16964,0
908,0
20968,35
8115,0
10521,0
4100,31
16953,0
13739,0
7318,0
897,0
6493,0
12929,0
87,0
12940,0
3290,0
16143,0
8114,0
1693,0
4099,0
16952,0
896,0
7310,0
889,0
8102,0
1681,0
4887,0
8105,0
884,0
9697,0
10506,0
4085,0
2470,0
13715,0
873,0
3264,0
16117,0
8088,0
12091,0
5670,0
18523,0
15309,0
2467,0
870,0
16922,29
4069,0
13708,0
20140,35
7287,0
857,0
8069,0
20922,0
4054,0
10473,0
4052,0
10472,0
4051,0
14476,0
1623,0
8055,0
1634,0
3243,2
16096,0
6461,0
8855,0
7234,24
20087,0
16884,4
4031,0
828,0
3205,0
11232,0
4811,0
8029,0
7217,0
811,0
5597,0
4000,18
16853,0
5593,0
2390,0
778,0
7199,0
793,0
4791,35
17644,0
1588,0
5583,7
18436,0
768,0
11201,0
4780,0
17633,0
9582,0
20838,35
7985,0
10391,0
3970,0
767,0
7168,15
20021,0
13615,36
762,0
7975,0
16813,36
3960,0
757,0
16810,25
3957,0
754,0
9563,0
3142,0
15995,0
4748,0
17601,0
7966,0
733,0
7154,0
16804,34
3951,0
5545,8
18398,0
11962,0
5541,0
18394,0
16797,25
3944,0
15175,35
2322,0
16792,38
3939,0
10358,0
3937,0
718,0
20803,35
7950,0
732,0
11946,0
5525,0
18378,0
3928,0
19983,15
7130,0
20793,21
7940,0
1519,0
707,0
7128,33
19981,0
7124,0
6312,0
9530,0
3109,0
14354,0
1512,0
15154,0
2301,0
2312,0
3918,0
5507,0
18360,0
15146,0
8725,0
3910,0
5506,0
3909,34
16762,0
8722,0
21575,0
7110,0
19963,0
704,0
13530,0
677,0
688,0
7109,15
19962,0
3096,0
15949,0
1499,0
9515,0
3094,0
11121,0
4700,0
20771,35
7918,0
5500,0
2297,0
10324,0
19957,26
7104,0
15944,33
3091,0
11118,0
4697,0
10321,0
686,36
13539,0
697,0
9510,0
3089,0
4695,0
3898,0
7099,0
3085,0
4691,0
17544,0
1488,0
7097,0
19950,0
10315,0
3894,26
16747,0
6283,36
19136,0
3080,0
15933,0
11107,0
4686,0
1483,0
7107,0
3888,0
685,0
7090,0
19943,0
684,0
7088,0
682,0
1477,0
7085,0
146,0
16202,25
3349,0
17808,33
4955,0
5755,0
15394,0
955,0
2952,0
7776,0
5358,0
2155,0
543,0
6964,0
12173,0
5752,0
18605,0
15391,0
2538,0
952,0
7771,0
20624,0
1350,0
16600,2
3747,0
553,0
11773,0
18205,6
5352,0
8569,0
2148,30
15001,0
6957,0
19810,0
7765,0
20618,0
1343,0
6943,0
19796,0
7763,0
6951,0
3748,0
14177,0
1335,0
6944,0
15777,8
2924,0
2923,0
14168,27
1315,0
20600,26
7747,0
505,0
6926,0
3723,0
14968,25
2115,0
8547,0
6546,0
125,6
12978,0
104,0
6525,0
19378,0
16175,31
3322,0
6534,35
19387,0
8943,0
2522,0
7346,0
925,0
19787,23
6934,0
2912,0
4518,0
7736,0
5318,0
14957,0
14156,0
1303,0
6914,0
19767,0
12532,0
6111,0
2908,0
10129,0
16561,21
3708,0
504,0
10128,0
3707,0
11734,0
14963,21
2110,0
14951,0
1306,0
6930,0
6101,0
2898,0
4504,18
17357,0
7722,0
18157,15
5304,0
8113,0
83,0
4098,0
895,0
12514,0
6093,0
3699,0
4494,36
17347,0
10109,0
3688,0
489,0
1264,0
13285,0
3661,0
2064,0
6873,0
7684,0
1263,0
3660,0
16513,0
1658,0
18514,31
5661,0
15300,0
2447,0
4064,0
16917,0
7679,0
20532,0
14485,0
20917,6
8064,0
13688,0
835,0
2843,0
19699,29
6846,0
16496,2
3643,0
14888,0
8467,0
2046,0
3241,0
16094,0
27,35
12880,0
4038,0
6433,0
19286,0
13266,0
424,0
817,0
5620,0
7226,33
20079,0
4023,0
820,0
10841,0
4420,8
17273,0
1217,0
12424,0
6003,0
1203,0
393,0
16449,15
3596,0
4401,0
17254,0
6807,0
10025,0
3604,36
16457,0
13243,0
390,0
401,0
6384,0
3181,0
17640,6
4787,0
3990,0
16843,0
787,0
6802,0
19655,0
381,0
3584,0
16437,0
13232,0
379,0
6811,0
19664,0
5984,0
15623,0
9202,0
2781,0
10808,0
7605,0
20458,0
1184,0
387,0
1575,0
15217,0
8796,0
2375,0
7184,26
20037,0
9196,0
2775,0
6778,0
372,0
13225,0
776,0
12397,0
9194,0
13197,0
3573,0
6790,0
369,0
3572,0
11599,0
5178,0
8396,0
6784,0
6371,0
16021,6
3168,0
4774,0
1571,0
15213,0
2371,0
10398,0
12395,0
9192,0
1174,0
6774,0
16424,33
3571,0
5573,34
18426,0
8791,0
1971,0
4372,35
17225,0
1169,0
15207,0
2365,0
9984,0
3563,0
1966,0
9171,0
16400,8
3547,0
9977,0
3556,12
16409,0
8370,0
1949,0
6758,0
5543,21
18396,0
8761,0
7149,0
10367,0
16392,27
3539,0
13187,0
334,0
345,0
9550,0
3129,0
11156,0
4735,0
1532,0
5535,0
18388,0
2332,0
4338,0
17191,0
10355,0
3934,0
16787,0
3528,0
6740,0
5127,0
17980,0
1924,0
10338,0
3917,0
16770,0
293,0
6714,0
3511,0
8730,0
17965,23
5112,0
14751,0
1898,0
1909,0
12332,0
15550,0
13950,0
20382,28
7529,0
6708,2
19561,0
9926,0
3505,0
3514,0
16367,0
3095,0
14340,0
1498,0
4304,2
17157,0
1493,0
7102,0
19955,0
20370,33
7517,0
13141,0
299,0
9893,0
3472,0
1875,0
1078,0
6687,38
19540,0
13709,0
867,0
5870,0
9088,0
10694,0
9677,0
3256,0
20927,18
8074,0
9680,0
3259,9
16112,0
6477,0
56,0
4056,0
16909,0
853,0
6471,0
50,0
9674,0
3253,0
1656,0
12886,0
6465,2
19318,0
441,0
6877,0
6665,0
1842,0
5833,0
18686,0
9051,0
16283,33
3430,0
1029,0
12243,0
5822,0
1022,0
3405,0
16258,0
1808,0
15450,0
10831,0
1207,0
13237,0
6816,0
5807,0
18660,0
9025,0
7428,0
3603,0
18062,36
5209,0
8427,0
1996,0
3396,0
995,0
13025,0
3587,0
1990,0
14843,0
3387,0
4993,0
8211,0
1790,0
6794,0
19647,0
3382,0
8206,0
1785,0
14805,0
1963,0
4963,0
17816,0
1760,0
9781,0
3360,0
16213,0
21037,36
8184,0
13008,0
963,0
11385,0
1761,0
20234,36
7381,0
960,0
9573,0
3152,0
16005,0
16814,36
3961,0
1158,0
2951,0
15804,0
3751,0
16604,0
18210,6
5357,0
11575,0
5154,0
1951,0
2948,0
15801,0
11775,0
8572,0
130,0
9769,0
3348,0
16201,0
8172,0
3351,0
6746,0
5149,0
8367,0
1946,0
2542,0
13787,0
7366,0
945,0
9363,0
2942,0
1345,0
3742,0
3345,0
136,0
19410,8
6557,0
11358,0
5737,0
18590,0
930,0
9760,0
3339,0
6533,36
19386,0
12969,0
10548,0
4127,0
924,0
5722,27
18575,0
8940,0
4125,0
16978,0
922,0
4525,0
6931,0
19784,0
525,0
524,0
17972,36
5119,0
8337,26
21190,0
1916,0
5720,0
15359,0
2517,0
7341,0
6520,18
19373,0
9738,0
3317,0
16170,0
123,0
2500,0
10527,0
4106,0
903,0
13333,0
480,0
6912,0
19780,15
6927,0
3093,0
3902,0
16755,0
5899,0
18752,0
9117,0
2696,0
4302,30
17155,0
20373,25
7520,0
8117,0
2896,0
1299,0
14941,0
6908,13
19761,0
502,0
6511,0
19364,0
105,0
15416,0
977,0
16230,30
3377,0
12907,0
6486,0
8098,0
3277,0
16130,0
1680,0
880,0
1280,0
5283,0
14922,0
21354,35
8501,0
2480,0
7304,0
6492,0
11497,0
5076,18
17929,0
1076,0
3473,0
6476,35
19329,0
3273,0
16126,0
7296,0
875,0
20949,8
8096,0
1675,0
10895,0
4474,0
3668,23
16521,0
474,0
3466,0
16319,0
272,0
12908,0
3269,2
16122,0
6481,0
19334,0
2756,0
5162,0
1959,0
2956,0
14201,0
9777,0
3356,0
147,0
7286,0
865,0
8086,0
1665,0
8912,0
2491,0
10518,0
4097,0
16950,0
20168,26
7315,0
894,0
497,0
6453,0
10868,0
4447,0
13274,0
5250,0
450,0
850,0
8162,0
1741,0
3347,0
16200,0
144,0
12162,0
4144,27
16997,0
941,0
4544,0
7762,0
1341,0
6941,0
3738,23
16591,0
1044,0
16294,25
3441,0
10314,0
3893,0
9108,0
3287,15
16140,0
6499,0
7311,0
890,0
14582,0
1729,0
1740,0
4143,0
940,0
1340,0
9761,0
3340,0
9861,0
3440,0
9554,0
3133,0
11160,0
4739,0
6539,0
8160,0
1739,0
10563,0
4142,23
16995,0
939,0
20913,36
8060,0
7260,0
839,0
4045,0
7263,0
20116,0
842,0
6442,0
19295,0
4845,0
8063,0
2836,0
1239,0
2039,0
20557,25
7704,0
10151,0
3730,36
16583,0
8554,0
2133,0
3630,0
11657,0
5236,0
14875,0
6836,0
3633,35
16486,0
3228,0
1631,0
834,0
15368,0
8947,0
2526,0
10553,0
4132,0
16985,0
929,0
10156,0
3735,0
16588,0
5732,0
18585,0
2529,0
4135,0
16988,0
932,0
6541,0
1917,0
1220,0
5223,0
8441,0
8044,0
1068,0
4071,0
4918,6
17771,0
1715,0
918,0
9736,0
3315,0
1718,0
1332,0
9374,0
2953,0
1356,0
8080,0
18,0
9543,0
3122,0
2325,0
10352,0
3931,0
9146,0
10752,0
4331,0
17184,0
11752,0
5331,0
14970,0
3702,0
16555,0
12426,0
6005,31
18858,0
4408,0
20479,35
7626,0
8426,0
3744,0
16597,0
541,0
7659,0
10442,0
7698,0
1277,0
10095,0
3674,27
16527,0
6886,0
4233,0
17086,0
1030,0
13060,0
6639,0
19492,0
233,0
4107,0
12852,0
10,0
19657,35
6804,0
6813,35
19666,0
10825,0
1201,0
6801,0
19654,0
21275,30
8422,0
6147,0
9365,0
15797,21
2944,0
1347,0
550,0
3344,38
16197,0
6636,38
19489,0
3433,0
16286,0
2810,0
14055,0
1213,0
11637,0
5216,0
2013,0
7222,0
16872,6
4019,0
816,0
1616,0
1649,0
2449,0
4055,0
16908,0
13694,0
852,0
2102,0
6505,0
3302,0
16155,0
3599,0
13247,0
7093,0
19946,0
10311,0
687,0
4290,0
5687,27
18540,0
8905,0
9305,0
2884,0
10105,0
3684,0
10464,0
4043,0
7261,18
20114,0
840,0
4220,23
17073,0
21134,1
19113,1
18906,1
18145,1
17716,1
14028,1
861,33
13714,1
10960,1
10962,1
15247,30
2394,1
12851,1
2434,1
6731,1
1099,1
20180,2
19890,2
19674,2
17506,2
16644,2
16297,2
15888,2
15841,2
15762,2
13031,2
12033,2
11925,2
11349,2
11049,2
10917,2
10431,2
10140,2
10067,2
9967,2
8799,2
21164,23
8311,2
7994,2
7902,2
7880,2
13854,2
13656,2
6503,2
5647,2
5396,15
18249,2
5345,2
11674,2
4827,2
4810,2
11111,2
10972,2
10891,2
4347,2
3922,2
494,2
3261,2
9337,2
2409,2
15240,2
2337,35
15190,2
15107,2
2194,2
14949,2
11666,2
14666,2
6523,2
12831,2
14427,2
20801,25
7948,2
1502,2
1466,2
11395,2
4974,2
1765,2
2890,2
743,2
3899,2
14993,2
10544,2
1677,2
483,2
6699,2
93,2
14975,2
1732,2
10440,2
17672,26
4819,2
3890,2
10038,3
9915,3
21372,4
16518,4
16471,4
16470,4
16469,4
16468,4
16390,4
16003,4
15632,36
2779,4
1313,38
14166,4
11572,4
11428,4
11098,4
9551,4
9335,4
9313,4
9306,4
15688,4
8930,4
8556,4
21408,13
8555,4
8502,4
7837,4
20372,25
7519,4
7250,4
508,4
6733,4
6673,4
12036,4
5346,4
4991,4
11154,4
4459,4
4440,4
10484,4
4025,4
10242,4
16641,25
3788,4
517,4
514,4
3647,4
3620,38
16473,4
6777,4
6474,4
9531,4
9255,4
9056,4
5662,4
12064,4
2348,4
2213,4
16587,30
3734,4
1767,4
13005,24
152,4
6457,4
1567,4
1546,4
6280,4
1378,4
7782,4
4446,4
20340,25
7487,4
1059,4
89,4
3984,24
16837,4
692,4
702,4
700,4
20766,6
7913,4
695,4
693,4
691,4
6155,4
546,4
1342,4
1326,4
513,4
512,4
509,4
461,4
11994,4
701,4
6705,4
4210,4
163,4
2154,4
506,4
1873,4
6875,4
6514,4
5729,4
1814,4
19379,5
18859,5
18038,5
17853,5
17719,5
17710,5
17488,5
16523,5
16403,5
851,6
13704,5
12538,5
11623,5
11435,5
9809,5
9258,5
8919,5
8711,5
8351,5
8217,5
7715,5
20531,30
7678,5
1017,21
13870,5
7065,5
6697,5
12661,5
6199,5
18830,26
5977,5
5919,5
5910,5
5876,5
5873,5
12133,5
5517,5
11465,5
4820,36
17673,5
10874,5
7003,31
19856,5
12663,5
12540,5
2886,27
15739,5
9288,5
9239,5
5949,5
12186,5
12172,5
2323,5
11892,5
5001,5
3053,5
3042,5
1228,5
4360,5
724,5
558,5
5974,5
21206,36
8353,5
1039,5
21357,6
21287,6
21071,6
21040,6
20945,6
20797,6
20311,6
20298,6
19799,6
19751,6
19441,6
19435,6
19343,6
19270,6
19241,6
18986,6
18223,6
18182,6
18138,6
17785,6
17784,6
17777,6
17576,6
17182,6
17178,6
17115,6
17004,6
16925,6
16923,6
16873,6
16700,6
16685,6
16444,6
16427,6
16026,6
15997,6
15894,6
15682,6
15600,6
15387,31
2534,6
14623,6
1541,18
14394,6
13189,6
12676,6
12383,6
12305,6
11449,6
11143,6
11029,6
10950,6
10908,6
10883,6
10224,6
9487,6
9343,6
15077,27
2224,6
8327,6
14619,6
8020,6
7824,6
20670,8
7817,6
14131,6
7494,6
7490,6
7482,6
7469,6
7319,6
496,6
13212,6
13194,6
13182,6
12699,6
6223,6
12629,6
12610,6
6103,6
6096,6
12356,6
12331,6
5750,6
5516,6
5377,6
11755,6
11748,6
11744,6
4908,6
11078,6
10928,6
10872,6
10462,6
3993,6
3933,6
3920,6
3874,8
16727,6
3839,6
3833,6
3831,38
16684,6
6830,35
19683,6
16275,33
3422,6
3418,6
16269,33
3416,6
6575,27
19428,6
3229,6
9539,6
12722,6
6070,6
18610,36
5757,6
2540,6
5723,18
18576,6
2471,34
15324,6
5671,6
8771,6
5442,6
2219,6
1835,6
1581,6
7993,6
10909,6
15655,39
2802,6
3517,31
16370,6
1118,6
2714,6
9027,6
4884,6
7305,6
1667,6
15276,6
1577,6
3161,6
748,6
16801,36
3948,6
2281,6
12973,6
2552,6
545,6
12146,6
11738,6
1291,6
3632,6
353,12
13206,6
13211,6
7992,6
12719,6
7443,6
4964,6
1354,6
142,35
12995,6
4937,6
12965,6
3298,6
5665,6
844,6
6856,6
3336,6
3239,6
836,6
4021,35
16874,6
15979,7
12059,7
11726,7
10849,7
10233,7
9891,7
9833,7
9489,7
9465,7
9453,7
8526,7
8039,7
7903,7
1461,36
14314,7
7442,7
11717,7
5071,7
7073,7
6752,7
6721,7
11504,7
8022,7
1414,7
19450,23
6597,7
741,7
9373,7
10822,7
696,7
145,7
21337,8
21222,8
21196,8
20910,8
20657,8
20651,8
20598,8
20517,8
20432,8
19812,8
19466,8
19365,8
19142,8
18997,8
18832,8
17975,8
17848,8
17661,8
17558,8
16911,8
16817,8
16719,8
16665,8
16590,8
16337,8
16244,8
16219,8
16055,8
15482,8
15295,8
13138,8
12658,8
12649,8
12572,8
12391,8
12382,8
12380,8
12362,8
12255,8
12154,8
12149,8
12035,8
12031,8
11978,8
11884,8
11750,8
11713,8
11700,8
11687,8
11614,8
11565,8
11452,8
11424,8
11416,8
11340,8
11306,8
11018,8
10964,8
10943,8
10884,8
10870,8
10600,8
10500,8
10427,8
10083,8
10032,8
10027,8
9970,8
9937,8
9896,8
9652,8
9475,8
15679,8
2826,8
9237,8
9113,8
9101,8
8893,8
15153,8
21435,30
8582,8
8579,8
21412,30
8559,8
21252,36
8399,8
8317,8
8297,8
8291,8
20885,30
8032,8
20879,26
8026,8
7774,8
20605,36
7752,8
20529,23
7676,8
20473,35
7620,8
7462,8
20302,36
7449,8
20241,33
7388,8
7266,27
20119,8
534,8
6809,8
13192,8
6670,8
140,8
6458,8
6227,8
6187,8
6102,8
18955,8
12506,8
12351,8
5906,8
12239,8
11898,8
5461,8
5342,8
5316,8
4920,18
17773,8
4797,8
10599,8
10597,8
10538,8
10436,8
3954,35
16807,8
16608,30
3755,8
10094,8
3631,8
10040,8
13203,8
6759,8
9605,8
6313,8
9428,8
2916,24
15769,8
5968,8
2761,8
15553,38
2700,8
8969,8
2518,8
2488,8
2478,8
2429,8
5624,8
15188,26
2335,8
2270,8
15094,8
2234,8
3713,8
11689,8
21300,25
8447,8
6783,8
13165,8
8350,30
21203,8
8339,18
21192,8
9930,8
13131,8
5089,8
6680,8
13093,8
17901,31
5048,8
4892,8
14524,8
1446,8
1438,8
1288,8
1284,8
9287,8
2825,8
1225,8
10840,8
2807,8
2613,8
20257,25
7404,8
12914,8
1608,8
11966,8
2342,8
6299,8
6288,8
12176,8
6549,8
4517,8
5313,26
18166,8
10925,8
10053,8
15259,8
19667,36
6814,8
5976,8
9994,8
7949,39
20802,8
18354,33
5501,8
5078,8
151,8
8981,8
11570,8
539,8
15772,30
2919,8
11540,8
8995,8
1271,8
2938,8
739,8
1633,8
10556,8
11644,8
6325,18
19178,8
2437,8
21041,9
19297,9
19258,9
18882,9
18654,9
17798,9
17559,9
16563,9
15591,9
12822,9
12679,9
12529,9
11268,9
9920,9
9443,9
9332,9
8255,9
6124,9
5094,9
4145,9
3821,9
6695,9
9102,9
6616,9
1500,9
1676,9
18135,10
17770,10
8845,10
11753,10
6310,21
19163,11
5118,12
4129,12
4028,12
6996,12
13236,12
3594,12
15901,27
3048,12
2973,12
3609,12
248,12
4039,12
21319,13
21228,13
10453,14
10419,14
9981,14
11979,14
11708,14
6723,14
11725,14
4410,14
20946,15
19895,15
19870,15
19860,15
19826,15
19744,15
19383,15
19312,15
19180,15
18910,15
18342,15
17835,15
17687,15
17551,15
16677,15
15778,15
15144,35
2291,15
2266,36
15119,15
15090,25
2237,15
12350,15
11619,15
11484,15
11378,15
11136,15
10971,15
10961,15
10071,15
9454,15
9033,15
21283,18
8430,15
7895,15
7464,15
20207,30
7354,15
7045,15
6888,15
6818,15
6725,15
6497,15
6278,15
5082,15
4586,15
4161,15
712,15
3856,15
10058,15
2946,15
2945,15
2769,15
8909,15
5608,15
10066,15
3384,15
4934,33
17787,15
1678,15
1425,15
9338,15
7729,15
1679,15
10435,15
703,15
1497,15
9345,15
2126,15
1584,15
735,15
6604,15
7497,15
6853,15
20215,30
7362,15
20206,30
7353,15
15409,16
18321,17
1759,26
14612,17
16206,30
3353,17
284,17
21308,18
21286,18
21106,18
21047,18
20804,18
20646,18
20515,18
20381,18
19790,18
19304,18
18606,18
16912,18
16848,18
16808,18
16602,18
16480,18
16342,18
15733,18
13032,18
12341,18
12244,18
12169,18
12077,18
11990,18
11683,18
11578,18
11317,18
11128,18
11019,18
10963,18
10923,18
10856,18
9562,18
9478,18
9399,18
8935,18
2212,23
15065,18
8488,18
8487,18
8335,18
21142,25
8289,18
8036,18
7838,18
7739,18
7483,18
7439,18
7212,18
6859,31
19712,18
6747,18
13118,18
6668,18
6601,18
19375,34
6522,18
6496,18
6078,18
12379,18
12079,18
12078,18
5654,18
11967,18
11904,18
11622,18
11588,18
5015,18
11354,18
4901,18
4745,18
10879,18
4258,18
3952,18
16725,25
3872,18
10227,18
3771,18
9839,18
212,18
6592,18
6243,18
6149,18
2918,18
2834,18
2820,18
12271,18
2645,18
2567,18
12163,18
8814,18
5538,18
2026,18
13110,18
5051,18
5050,18
8219,18
126,18
41,18
20900,35
8047,18
1433,18
1428,18
11036,18
1375,18
15719,35
2866,18
2806,18
1157,18
4337,18
1837,18
9034,18
1003,18
10598,18
2479,18
11153,18
15145,18
680,18
2276,18
6552,18
1355,18
3740,18
8530,18
10459,18
3977,18
1528,18
1101,18
6679,18
1007,18
6551,18
4930,18
2877,18
10089,18
6880,18
10983,18
12115,18
16533,33
3680,18
484,18
4404,18
20161,30
7308,19
3711,20
21295,21
20976,21
20685,21
20634,21
20567,21
20507,21
20380,21
20135,21
19862,21
19639,21
19459,21
17811,21
17607,21
16441,21
16348,21
15130,21
12681,21
12613,21
12516,21
11993,21
11696,21
11684,21
11568,21
11529,21
11407,21
11106,21
10966,21
9818,21
9807,21
9611,21
9566,21
9425,21
9312,21
21430,36
8577,21
8521,21
8286,21
14630,21
7883,34
20736,21
14103,21
7330,21
7191,21
6500,21
6485,21
24,21
6309,21
5991,21
12294,21
5669,21
5657,21
5629,21
11046,21
4378,21
4358,21
4157,21
10534,21
10524,21
734,21
16670,25
3817,21
3569,35
16422,21
12353,21
15477,21
5758,21
2539,21
5679,21
15189,21
15152,21
2249,21
2188,21
14995,21
10046,21
2016,21
6672,21
5018,21
4775,21
7887,21
1366,21
1117,21
14744,21
2663,21
8915,21
848,21
781,21
5725,21
5317,21
1311,21
19357,23
6504,21
98,21
8879,21
7193,21
6298,21
4361,21
5354,21
4954,21
5321,21
20291,35
7438,21
20377,22
21234,23
21215,23
21132,23
20237,23
18258,23
17795,23
17616,23
17547,23
16890,23
16858,23
16819,23
16815,23
16812,23
16795,23
16347,23
16284,23
16221,23
16022,23
15834,23
12715,23
12624,23
11336,23
11320,23
11301,23
10980,23
10974,23
10855,23
10601,23
9502,23
9486,23
9301,23
9278,23
15496,23
8860,23
15205,23
8581,23
8394,23
8030,34
20883,23
20807,25
7954,23
7723,23
20191,36
7338,23
6743,23
6293,23
6181,23
6172,23
6138,23
6073,23
5993,23
12240,23
5744,23
12110,23
11980,23
5444,23
5438,23
5417,23
5407,23
11685,23
11633,23
11569,23
11567,23
11549,23
11479,23
4292,23
4169,23
715,23
3840,23
9963,23
6641,23
169,23
164,23
6213,23
6105,23
2548,23
8892,23
15233,35
2380,23
557,23
2112,23
8528,23
10097,23
3676,23
449,23
6848,23
420,23
16410,35
3557,23
167,23
1638,23
4788,23
1585,23
6179,23
1364,23
1251,23
1245,23
1160,23
1137,23
4239,23
4216,23
998,23
7272,23
3994,23
1554,23
10381,23
4155,23
7735,23
1314,23
11733,23
1198,23
1176,23
2750,23
3946,34
16799,23
3672,23
7465,23
12153,23
1128,23
9231,23
21382,24
17847,24
16463,24
15967,24
12044,24
10988,24
7332,24
6274,35
19127,24
9059,24
15325,24
12083,24
11895,24
12378,24
2505,24
3971,35
16824,24
15598,24
447,24
21403,25
21388,25
21386,25
21360,25
21322,25
21298,25
21255,25
21248,25
21211,25
21209,25
21205,25
21199,25
21179,25
21176,25
21165,25
21148,25
21113,25
21103,25
21036,25
21017,25
20974,25
20973,25
20954,25
20943,25
20930,25
20918,25
20894,25
20888,25
20826,25
20791,25
20654,25
20652,25
20596,25
20494,25
20493,25
20490,25
20415,25
20393,25
20388,25
20378,25
20364,25
20324,25
20304,25
20299,25
20279,25
20256,25
20226,25
20138,25
16913,25
16803,25
16668,25
16664,25
16662,25
16642,25
16619,25
16585,25
16546,25
16545,25
16380,25
16363,25
16315,25
16013,25
15980,25
15969,25
15833,25
15822,25
15800,25
15753,25
15723,25
2748,26
15601,25
15476,25
15348,25
12674,25
10235,25
15521,25
15356,25
15023,25
15002,36
2149,25
7970,25
7276,36
20129,25
6771,25
5658,25
4521,25
3634,34
16487,25
11,25
5594,25
2236,25
1469,25
1124,25
7317,39
20170,25
1564,36
14417,25
14517,25
8338,36
21191,25
21233,26
21224,26
21178,26
21034,26
20770,26
20712,26
19440,26
17685,26
16806,26
12705,26
12659,26
12364,26
12182,26
11429,26
11300,26
11145,26
11028,26
10839,26
10253,26
9334,26
9003,26
8742,26
8391,34
21244,26
8388,26
7516,26
7455,34
20308,26
7410,26
7359,26
7302,26
6711,26
6701,26
6271,26
6232,26
18180,35
5327,26
5084,26
11132,26
4029,26
202,26
6242,26
6211,26
9389,26
6123,26
15354,26
11877,26
2252,26
2227,26
138,26
6540,26
1655,26
9625,26
11058,26
2789,26
1191,26
1181,26
1138,26
8340,36
21193,26
1877,26
1080,26
7444,26
1768,26
11305,26
11308,26
5600,26
1752,26
8296,26
7432,26
10008,26
2519,26
20251,36
7398,26
1639,26
17554,27
16839,27
16836,27
16834,27
16393,27
15902,27
15759,27
15702,27
2849,27
15640,33
2787,27
15637,27
15193,27
2340,27
14586,27
14402,27
12580,27
12227,27
12184,27
12119,27
12001,27
11930,27
11908,27
11571,27
10542,27
10439,27
10092,27
10076,27
10074,27
9936,27
9875,27
9612,27
9547,27
9503,27
9266,27
15626,36
2773,27
8928,27
8908,27
8898,27
8808,27
8788,27
8785,27
8736,27
15006,36
2153,27
8491,27
14324,35
1471,27
14316,27
7851,27
7702,27
20535,30
7682,27
7657,27
7474,27
20266,30
7413,27
20132,30
7279,27
7275,27
6773,27
6739,27
6730,27
6684,27
6509,27
6324,27
6305,27
6252,27
6205,27
6043,27
6033,27
5938,27
5604,27
11756,27
11628,27
11476,27
4998,27
4560,27
4399,27
4389,27
4253,27
4241,27
4240,27
3808,27
3807,27
3787,27
554,27
3757,27
9901,27
13059,27
9613,27
9477,27
9354,27
2856,34
15709,27
2772,27
5914,27
12128,27
2396,27
2346,27
2339,27
5414,27
2211,27
10186,27
3765,27
3764,27
2163,27
3750,27
531,27
14934,27
3651,27
2049,27
19680,35
6827,27
6825,27
5083,27
5012,27
1714,27
1708,27
85,27
1586,27
9587,27
1568,27
7956,27
7861,27
7850,27
1420,27
7835,27
9385,27
1363,27
1298,27
20562,36
7709,27
15708,27
7681,27
1234,27
2809,27
4412,27
4384,27
6685,27
4285,27
7498,27
1783,27
4177,27
2494,27
866,27
7278,27
1648,27
1545,27
8724,27
3905,27
536,27
529,27
7732,27
7267,27
13223,27
4387,27
6776,27
9993,27
9992,27
2608,27
1763,27
6572,27
1555,27
6154,27
548,27
9369,27
7766,27
10163,27
1322,27
108,27
1496,27
7320,27
12897,27
6568,27
1244,27
10565,27
1090,27
7761,27
521,27
5528,27
16454,35
3601,27
7622,27
7768,27
5565,35
18418,28
5561,28
4903,28
17973,29
17529,29
15664,29
11891,29
15629,29
14282,38
1429,29
3276,29
3565,29
1153,29
21385,30
21378,30
20776,30
20715,30
20680,30
20640,30
20548,30
20463,30
20443,30
20414,30
20412,30
20309,30
20273,30
20269,30
20217,30
20189,30
20174,30
19174,30
19029,30
17964,30
16735,30
16715,30
16698,30
16584,30
16263,30
16246,30
15886,30
15757,30
15559,30
15515,30
1327,35
14180,30
12783,30
12616,30
9860,30
9417,30
8890,30
8794,30
8745,30
8708,30
8364,30
21166,36
8313,30
8262,30
8048,30
7264,30
20117,30
6586,30
6134,30
6047,30
11896,30
5055,30
17630,36
4777,30
4357,30
4330,30
7061,30
10211,30
3585,30
9985,30
9682,30
9519,30
6165,30
12570,30
15695,30
2839,35
15692,30
15570,30
15489,30
8976,30
2253,30
2055,30
1764,30
11359,30
19308,36
6455,30
6447,30
7841,30
1381,30
7505,35
20358,30
986,30
6591,30
3996,30
5556,30
1529,30
8970,30
4376,30
7120,30
1096,30
8229,30
1727,30
8520,35
21373,30
8294,30
12150,30
2929,35
15782,30
19571,31
18483,31
17922,31
17900,31
16207,31
16141,31
14860,31
13092,31
11855,31
11220,31
10284,31
9229,31
9187,31
9160,31
9127,31
8644,31
8614,31
8611,31
8125,31
7008,31
6349,31
11859,31
11850,31
5264,31
11227,31
11168,31
4574,31
4149,31
4094,31
4089,31
6999,31
3480,31
3456,31
6356,31
2962,31
9189,31
2561,31
8619,31
5257,31
5219,31
9741,31
2961,31
2960,31
15667,31
1177,31
3468,31
4092,31
10349,31
7113,33
19966,31
8702,31
2279,31
9964,31
8155,31
4123,31
920,31
899,31
883,31
13114,31
9177,31
4562,31
15380,31
887,31
9205,32
21437,33
21436,33
21414,33
21413,33
21356,33
21336,33
21330,33
21324,33
21315,33
21265,33
21264,33
21109,33
21095,33
21081,33
21055,33
21044,33
21014,33
20988,33
20937,33
20915,33
20822,33
20706,33
20639,33
20628,33
20569,33
20564,33
20533,33
20450,33
20391,33
20368,33
20339,33
20332,33
20252,33
20249,33
20233,33
20221,33
20213,33
20187,33
20181,33
20166,33
20151,33
19742,33
19254,33
18627,33
18052,33
17034,33
17032,33
16569,33
16350,33
15211,33
15141,33
13014,33
12266,33
12211,33
11528,33
11470,33
11283,33
11060,33
10907,33
10529,33
10430,33
10393,33
10225,33
10130,33
9825,33
9091,33
8997,33
8407,35
21260,33
8226,33
7836,33
7821,33
7790,33
7726,33
13890,33
7244,33
6765,33
6094,33
5926,33
5402,33
11724,33
11635,33
11481,33
11475,33
4012,34
16865,33
3968,33
7157,33
3860,33
3782,35
16635,33
6840,33
6787,33
196,33
160,33
9576,33
12664,33
12619,33
6198,33
15594,33
12296,33
2659,33
8979,33
8972,33
15336,35
2483,33
15079,33
5415,33
15053,33
2205,33
11721,33
2089,33
14752,33
6466,33
14,33
4472,33
12346,33
976,33
968,33
10532,33
74,33
4014,33
6297,33
7083,33
6115,33
8005,33
10411,33
1178,33
774,33
5911,33
1108,33
7491,35
20344,33
1070,33
1853,33
2619,33
8868,33
21447,34
21242,34
21238,34
20794,34
19815,34
18719,34
18713,34
18708,34
17788,34
16798,34
16346,34
16030,34
15307,34
12569,34
12562,34
12258,34
12166,34
11878,34
11758,34
11754,34
11566,34
11338,34
11333,34
11109,34
10999,34
10561,34
9647,34
9097,34
8457,34
8300,34
14646,34
8017,34
20583,35
7730,34
7048,34
388,34
6257,34
5738,35
18591,34
5575,34
5359,34
5339,34
11690,34
11034,34
10973,34
10919,34
4261,34
4184,35
17037,34
7229,34
3806,34
16522,36
3669,34
9610,34
9525,34
5931,34
2691,34
8999,34
8965,34
8899,34
12017,34
2350,34
2316,34
5452,34
2221,34
5422,34
5416,34
10185,34
2048,34
11649,34
1872,34
1861,34
4914,34
1706,34
11302,34
8027,34
1602,34
1449,34
11031,34
1285,34
1200,34
1084,34
210,34
1010,34
837,34
2333,34
3900,34
7092,34
538,34
1258,34
1643,34
7953,34
731,34
20767,35
7914,34
2667,34
1650,34
1011,34
11630,34
3602,34
4554,34
16396,38
3543,34
6529,34
9894,34
8580,34
12874,34
5741,34
859,34
12860,34
10165,34
490,34
21479,35
21453,35
21405,35
21272,35
21271,35
21256,35
21236,35
21232,35
21221,35
21194,35
21189,35
21182,35
21114,35
21100,35
21053,35
21049,35
21045,35
21042,35
21022,35
21012,35
20969,35
20926,35
20920,35
20896,35
20813,35
20812,35
20800,35
20798,35
20784,35
20779,35
20768,35
20672,35
20660,35
20658,35
20648,35
20630,35
20566,35
20561,35
20545,35
20502,35
20499,35
20498,35
20470,35
20455,35
20448,35
20442,35
20440,35
20407,35
20400,35
20284,35
20278,35
20255,35
20105,35
19978,35
19850,35
19803,35
19745,35
19723,35
19710,35
19427,35
19171,35
19009,35
18953,35
18769,35
18718,35
18699,35
18283,35
18158,35
18155,35
17988,35
17802,35
17556,35
16910,35
16818,35
16816,35
16802,35
16705,35
16672,35
16461,35
16388,35
16377,35
16376,35
16371,35
16324,35
16317,35
15985,35
15790,35
15136,35
14985,35
14516,35
13026,35
12721,35
12631,35
12306,35
12207,35
12187,35
12085,35
12063,35
12061,35
12042,35
11879,35
11736,35
11727,35
11667,35
11629,35
11621,35
11564,35
11543,35
11500,35
11494,35
11443,35
11307,35
11047,35
10921,35
10885,35
10853,35
10499,35
10478,35
10119,35
10037,35
9995,35
9961,35
9914,35
9558,35
9556,35
9441,35
9427,35
9346,35
9267,35
9250,35
9235,35
9111,35
15495,35
8956,35
8810,35
2273,36
15126,35
15109,35
14998,35
8458,35
8366,36
21219,35
8254,35
8001,35
7884,35
14300,35
14285,35
7728,35
7476,35
7472,35
7459,35
7331,35
756,35
7072,35
560,35
6865,35
12915,35
12904,35
6475,35
6323,35
6311,35
6240,35
6233,35
6104,35
6055,35
5969,35
5922,35
12334,35
5913,35
5492,35
5367,35
5355,35
5308,35
11503,35
11478,35
4999,35
4814,35
4794,35
4792,35
4457,35
4257,35
10573,35
3989,35
698,35
7078,35
10254,35
3786,35
3697,35
466,35
3605,38
16458,35
6254,35
6231,35
9444,35
6186,35
6185,35
6173,35
9366,35
9274,35
9260,35
15669,35
5994,35
12352,35
5731,35
5716,35
8925,35
2490,35
5632,35
8826,35
8767,35
2320,35
8731,35
5494,35
5437,35
16638,38
3785,35
3772,38
16625,35
5356,35
14954,35
2101,35
2092,35
6729,35
1846,35
6669,35
1803,35
4911,35
1610,35
4805,35
1524,35
7830,35
1404,35
1384,35
1320,35
12505,35
6084,35
2873,35
1265,35
9270,35
1229,35
4419,35
1188,35
4307,35
8318,35
4288,35
8292,35
1063,35
1849,35
7441,35
4219,35
4194,35
187,35
12204,35
2580,35
13027,35
8986,35
6495,35
5682,35
12014,35
783,35
15180,35
2338,35
7139,35
3903,35
1494,35
1492,35
3895,35
11112,35
12704,35
530,35
1722,35
528,35
5312,35
9311,35
846,35
12869,35
6799,35
6785,35
773,35
728,35
2298,35
11499,35
4273,35
6456,35
1033,35
6642,35
9029,35
10023,35
1351,35
2099,35
65,35
1644,35
5650,35
535,35
7096,35
1642,35
2433,35
1525,35
1205,35
2005,35
7634,35
1087,35
8858,35
21480,36
21474,36
21352,36
21266,36
21240,36
21237,36
21218,36
21136,36
21135,36
21032,36
20975,36
20932,36
20735,36
20711,36
20695,36
20606,36
20593,36
20558,36
20395,36
20385,36
20376,36
20314,36
20310,36
20228,36
20118,36
19915,36
19887,36
19369,36
18816,36
18648,36
18120,36
17712,36
17655,36
17617,36
17489,36
16825,36
16809,36
16800,36
16687,36
16655,36
16551,36
16385,36
15819,36
15558,36
12645,36
12520,36
12022,36
11115,36
10924,36
10851,36
10099,36
9973,36
9405,36
9378,36
9364,36
9316,36
9273,36
9049,36
8946,36
8865,36
8793,36
8750,36
8740,36
8738,36
15062,36
15000,36
8565,36
8409,36
21262,36
8320,38
21173,36
1238,39
14091,36
7190,36
7079,36
6779,36
6738,36
6273,36
12596,36
6175,36
6146,36
6048,36
6017,36
18870,36
5950,36
12231,36
5680,36
11976,36
5464,36
5426,36
5314,36
5029,36
4803,36
4747,36
10926,36
10897,36
4176,36
4141,36
3784,36
3695,36
3667,36
9810,36
9429,36
6129,36
6041,36
5967,36
2751,36
5894,36
9066,36
2590,36
15221,36
2182,36
2042,36
3624,36
8236,36
1569,36
1543,36
1527,36
4729,36
1467,36
1452,36
1317,36
7734,36
4351,36
1134,36
1122,36
1009,36
11977,36
4732,36
1344,36
9333,36
3575,38
16428,36
3582,36
1135,36
1111,36
2693,36
456,36
399,36
9372,36
533,36
10946,36
13717,36
10564,36
1283,36
3629,36
818,36
6696,36
15326,36
18682,37
9971,37
3157,37
18600,38
16568,38
15585,38
11933,38
11282,38
11105,38
11090,38
10877,38
10547,38
9959,38
9438,38
9284,38
8992,38
8846,38
8227,38
8221,38
7725,38
7707,38
7694,38
6763,38
6577,38
6222,38
5935,38
11730,38
11087,38
4551,38
4498,38
7063,38
10222,38
10180,38
3578,38
6590,38
9371,38
2920,38
9268,38
12045,38
8797,38
2230,38
2198,38
10181,38
5300,38
404,38
9904,38
1794,38
6532,38
23,38
1379,38
7690,38
7631,38
10805,38
7189,38
5351,38
113,38
6864,38
7141,38
6862,38
7358,38
5694,38
8454,38
17113,39
16549,39
10085,39
9388,39
15120,39
8545,39
7349,39
7158,39
6661,39
6635,39
6287,39
6088,39
11643,39
11027,39
4505,39
4374,39
6130,39
2664,39
12155,39
2398,39
10115,39
407,39
406,39
11636,39
11510,39
6120,39
1276,39
14761,39
8733,39
2549,39
3258,39
1173,39
9040,39
10054,39
3598,39
1747,39
1287,39
