21437,0
21413,0
21386,0
21360,0
21308,0
21199,0
21081,0
20414,0
20391,0
20256,0
20181,0
19029,0
18627,0
18483,0
17964,0
17922,0
17900,0
16662,0
16569,0
16363,0
16311,0
16207,0
16141,0
15980,0
15575,29
2722,0
2606,53
15459,0
2534,29
15387,0
15141,0
14882,38
2029,0
14876,0
14860,0
1047,21
13900,0
40,2
12893,0
12783,0
11855,0
11470,0
11221,0
11220,0
10529,0
10284,0
10235,0
9860,0
9825,0
9744,0
9478,0
9229,0
9187,0
9160,0
9127,0
8997,0
15349,29
2496,0
8644,0
8637,22
21490,0
8614,0
8611,0
8562,49
21415,0
21393,17
8540,0
8509,39
21362,0
8406,40
21259,0
21166,18
8313,0
8125,0
8051,52
20904,0
8032,44
20885,0
7970,0
7836,0
7367,22
20220,0
7008,0
6789,43
19642,0
6771,0
6765,0
9,49
12862,0
6372,0
6349,0
6134,0
6094,0
5710,58
18563,0
5644,43
18497,0
11896,0
11859,0
11850,0
5264,0
5188,0
11481,0
11227,0
4776,0
11168,0
4657,0
4574,0
4149,0
4105,0
4094,0
4089,0
19856,19
7003,0
6999,0
3788,26
16641,0
16574,52
3721,0
3637,18
16490,0
3585,0
16432,45
3579,0
3480,0
3456,0
3422,3
16275,0
3416,3
16269,0
6356,0
3023,39
15876,0
6198,0
6165,0
2962,0
9189,0
2666,0
5793,29
18646,0
2574,40
15427,0
5594,0
21521,48
8668,0
8619,0
8588,48
21441,0
2137,0
5257,0
5219,0
16339,52
3486,0
5048,44
17901,0
8224,29
21077,0
9741,0
1688,0
17502,39
4649,0
17463,14
4610,0
15816,37
2963,0
2961,0
2960,0
7686,0
16370,16
3517,0
16327,34
3474,0
3468,0
1059,0
10644,0
17071,8
4218,0
968,0
10532,0
16953,16
4100,0
4092,0
4085,0
10349,0
8702,0
7083,0
3322,43
16175,0
5661,31
18514,0
20079,23
7226,0
8005,0
10338,0
6708,29
19561,0
1096,0
1853,0
8155,0
4123,0
920,0
899,0
883,0
9177,0
4562,0
15380,0
7353,27
20206,0
541,0
887,0
16679,1
16518,1
16471,1
16470,1
16469,1
16468,1
16393,1
15934,1
15902,1
15708,1
15707,1
2849,26
15702,1
15283,1
2405,16
15258,1
15193,56
2340,1
14622,18
1769,1
14586,1
1696,21
14549,1
1692,10
14545,1
1313,49
14166,1
371,29
13224,1
12580,1
12227,1
12185,1
12067,1
12001,1
11930,1
11908,1
11572,1
11571,1
11098,1
11057,1
10542,1
10439,1
10402,1
10243,1
10240,1
10162,1
10092,1
9936,1
9902,1
9878,1
9827,1
9580,1
9577,1
9547,1
9503,1
9335,1
9313,1
9306,1
15624,30
2771,1
15496,1
9044,1
8968,1
8928,1
8898,1
8788,1
8785,1
2304,18
15157,1
8736,1
15032,1
8556,1
21408,3
8555,1
21343,11
8490,1
8378,1
8028,1
20869,10
8016,1
7955,1
20747,18
7894,1
7746,1
20371,6
7518,1
7474,1
20266,25
7413,1
7385,1
7297,1
20132,25
7279,1
7275,1
20119,44
7266,1
7250,1
7146,1
7132,1
6861,1
6761,1
6739,1
6730,1
19500,9
6647,1
19381,39
6528,1
6509,1
6252,1
6235,1
6088,1
6043,1
5938,1
18554,58
5701,1
5604,1
18456,30
5603,1
18355,52
5502,1
5346,1
11756,1
11628,1
11476,1
17907,58
5054,1
17906,48
5053,1
4998,1
4991,1
11154,1
17292,8
4439,1
4399,1
17251,2
4398,1
4389,1
4344,1
4240,1
4193,1
10484,1
3985,47
16838,1
19930,52
7077,1
16711,52
3858,1
3825,8
16678,1
10242,1
3787,1
554,1
10061,1
3620,49
16473,1
3619,52
16472,1
6683,1
13059,1
153,3
13006,1
9613,1
9578,1
9531,1
9477,1
3048,10
15901,1
9354,1
2928,1
2927,23
15780,1
2856,44
15709,1
9272,1
9271,1
9255,1
9240,1
5914,1
9116,1
12164,1
5721,1
12128,1
12064,1
2440,1
15208,1
2348,1
15082,1
2225,57
15078,1
5414,1
10186,1
3750,1
14934,1
19680,18
6827,1
6825,1
13204,1
19539,21
6686,1
21122,22
8269,1
11433,1
5012,1
85,1
4801,1
9587,1
7956,1
3077,31
15930,1
7861,1
9422,1
1378,1
9385,1
20562,18
7709,1
7681,1
4454,1
4446,1
1234,1
4384,1
4285,1
1820,1
1797,1
7278,1
4031,35
16884,1
828,1
9530,1
8724,1
3080,16
15933,1
6155,1
7776,1
10109,1
7267,1
13223,1
4387,1
9993,1
9992,1
11994,1
3539,22
16392,1
1898,21
14751,1
20370,25
7517,1
6705,1
6572,1
9369,1
18575,57
5722,1
19784,36
6931,1
5720,1
20373,33
7520,1
7320,1
21354,25
8501,1
12897,1
6875,1
6568,1
7286,1
8912,1
12162,1
6514,1
17184,40
4331,1
8426,1
7622,1
19654,57
6801,1
18540,61
5687,1
19198,2
18749,2
18665,2
18487,2
17062,2
16939,2
2577,19
15430,2
12628,2
10756,2
10746,2
10708,2
9700,2
8829,2
14785,23
1932,2
21065,40
8212,2
5767,2
5274,2
4987,2
10754,2
17091,61
4238,2
16968,48
4115,2
13482,2
19902,22
7049,2
10262,2
6995,2
16394,55
3541,2
198,2
12901,18
48,2
2994,2
2993,2
15838,23
2985,2
5765,2
11190,2
7555,2
7099,2
4686,2
1174,2
9171,2
924,2
890,2
5236,2
1917,2
5216,2
21287,3
21228,3
21071,3
21040,3
20945,3
20797,3
20311,3
20298,3
19984,3
19441,3
19435,3
19270,3
18986,3
18223,3
17837,3
17785,3
17784,3
17777,3
17576,3
17182,3
17178,3
17115,3
16923,3
16873,3
16700,3
16685,3
16444,3
16427,3
16145,3
16136,3
16026,3
15997,3
15682,3
14623,3
14537,40
1684,3
1541,41
14394,3
13704,19
851,3
13189,3
232,53
13085,3
11508,3
11143,3
10950,3
10908,3
10883,3
10714,3
10224,3
9642,3
9343,3
15077,56
2224,3
8327,3
8220,57
21073,3
14619,3
8020,3
20670,45
7817,3
20666,23
7813,3
14131,3
7604,29
20457,3
7494,3
7490,3
7482,3
7469,3
7027,64
19880,3
13393,3
13212,3
13182,3
6629,56
19482,3
6595,53
19448,3
12949,29
96,3
6223,3
12629,3
12610,3
6135,29
18988,3
6103,3
6096,3
12356,3
5889,3
5516,3
5481,23
18334,3
5447,8
18300,3
11755,3
11748,3
11744,3
17897,61
5044,3
4908,3
4798,29
17651,3
11078,3
10928,3
10872,3
10462,3
16852,48
3999,3
3993,3
3933,3
3920,3
3839,3
3833,3
3831,55
16684,3
3542,22
16395,3
3418,3
143,26
12996,3
6575,56
19428,3
12988,43
135,3
3229,3
9539,3
12722,3
9472,3
6070,3
15404,40
2551,3
18610,25
5757,3
2540,3
5442,3
8558,62
21411,3
1835,3
6598,48
19451,3
16076,22
3223,3
3176,62
16029,3
7993,3
10909,3
6065,3
17264,40
4411,3
1118,3
2714,3
16270,61
3417,3
16266,7
3413,3
9027,3
4172,35
17025,3
4884,3
7305,3
1667,3
15276,3
1577,3
16801,33
3948,3
7913,26
20766,3
2281,3
12973,3
2552,3
5352,30
18205,3
12978,49
125,3
11738,3
1291,3
8064,22
20917,3
3632,3
4787,61
17640,3
353,10
13206,3
13211,3
3168,16
16021,3
7992,3
12719,3
1354,3
142,33
12995,3
3345,3
4937,3
14201,3
5665,3
844,3
6856,3
3239,3
836,3
2526,3
17771,22
4918,3
4021,33
16874,3
4019,31
16872,3
3599,3
21553,4
21551,4
21403,4
21388,4
21113,4
21109,4
20954,4
20918,4
20826,4
20791,4
20494,4
20412,4
20393,4
20309,4
20273,4
19571,4
19515,4
19053,4
19045,4
18481,4
17619,4
17440,4
16913,4
16698,4
16664,4
16585,4
16546,4
16545,4
16380,4
16324,4
16315,4
16246,4
15969,4
15833,4
15822,4
15800,4
15753,4
15723,4
15429,4
2553,53
15406,4
15348,4
2173,52
15026,4
12630,4
11802,4
11413,4
10699,4
9728,4
9707,4
9417,4
15356,4
8777,4
15002,18
2149,4
14962,18
2109,4
14918,8
2065,4
8163,50
21016,4
7994,4
7954,46
20807,4
7757,4
7541,4
7481,57
20334,4
6972,4
13292,15
439,4
13291,38
438,4
6709,56
19562,4
6601,4
19360,39
6507,4
12935,20
82,4
5815,4
18323,53
5470,4
5402,4
5243,29
18096,4
5034,12
17887,4
11241,4
4773,4
4644,4
10688,4
16918,45
4065,4
3872,51
16725,4
3867,4
3817,51
16670,4
3762,22
16615,4
6935,34
19788,4
3634,46
16487,4
2827,31
15680,4
9158,4
2544,52
15397,4
8972,4
2468,37
15321,4
3760,4
11787,4
8475,4
13231,8
378,4
8293,57
21146,4
8087,4
7984,27
20837,4
2979,48
15832,4
1124,4
7544,4
6583,4
7317,55
20170,4
1564,18
14417,4
1529,4
2538,23
15391,4
1924,4
3441,35
16294,4
11093,5
21017,6
20943,6
20931,6
20930,6
20888,6
20415,6
16405,6
16374,6
16013,6
15757,6
15559,6
15357,53
2504,6
12674,6
12672,6
9606,6
9572,6
9263,6
15521,6
7593,30
20446,6
7533,23
20386,6
13435,6
3801,51
16654,6
3792,50
16645,6
2954,63
15807,6
15067,6
3043,30
15896,6
1192,6
3381,39
16234,6
3996,6
15207,6
8337,41
21190,6
3633,25
16486,6
14970,6
21453,7
21336,7
21324,7
21315,7
21248,7
21218,7
21179,7
20822,7
20706,7
20639,7
20628,7
20533,7
20332,7
20304,7
20255,7
20226,7
20187,7
20174,7
20138,7
19742,7
19009,7
18769,7
16619,7
16421,7
15908,7
15558,7
14587,57
1734,7
13275,22
422,7
12829,7
12616,7
12306,7
12266,7
12033,7
10430,7
10282,7
10280,7
10130,7
9914,7
9556,7
8890,7
15274,62
2421,7
15126,18
2273,7
8577,12
21430,7
8559,45
21412,7
8506,38
21359,7
8407,33
21260,7
8262,7
8048,7
7790,7
7676,45
20529,7
7531,50
20384,7
13890,7
7447,50
20300,7
7433,57
20286,7
7388,45
20241,7
7338,46
20191,7
20117,25
7264,7
6586,7
19290,30
6437,7
6047,7
18867,35
6014,7
11724,7
4850,43
17703,7
4827,7
17630,33
4777,7
4755,7
11111,7
17171,43
4318,7
17058,48
4205,7
4178,43
17031,7
7061,7
3840,7
3681,7
19506,10
6653,7
6592,7
160,7
9519,7
3056,22
15909,7
12619,7
15489,7
8999,7
8979,7
8976,7
15336,18
2483,7
5437,7
2048,7
8449,21
21302,7
21203,45
8350,7
3507,21
16360,7
1764,7
11359,7
6466,7
6447,7
20801,25
7948,7
7841,7
17328,8
4475,7
7539,22
20392,7
6591,7
16964,40
4111,7
74,7
3994,7
19981,29
7128,7
4955,19
17808,7
530,7
1178,7
4376,7
17225,23
4372,7
7120,7
5112,19
17965,7
7491,18
20344,7
3430,10
16283,7
16604,40
3751,7
6908,39
19761,7
7315,40
20168,7
7704,62
20557,7
3680,51
16533,7
2133,7
12150,7
2929,18
15782,7
19666,16
6813,7
8422,57
21275,7
8905,7
7438,51
20291,7
21532,8
20159,8
20025,8
19529,8
18902,8
18490,8
18374,8
18009,8
17952,8
17758,8
17406,8
17352,8
17077,8
16282,8
16177,8
16150,8
16120,8
13321,8
435,29
13288,8
13070,8
12810,8
12799,8
12788,8
12627,8
12278,8
12259,8
12249,8
12135,8
11907,8
11848,8
11789,8
11746,8
11291,8
10721,8
10289,8
9142,8
8757,8
8638,30
21491,8
8585,8
2121,22
14974,8
1789,13
14642,8
14626,52
1773,8
7583,8
7576,8
20328,19
7475,8
6929,8
6764,8
6483,8
6376,8
12774,8
12732,8
12641,8
6169,10
19022,8
12546,8
18944,30
6091,8
6063,8
12469,8
12398,8
5667,57
18520,8
5453,8
11831,8
11817,8
5253,8
18093,29
5240,8
5237,8
5194,8
17311,23
4458,8
4067,8
10354,8
7129,61
19982,8
3926,57
16779,8
690,26
13543,8
7075,8
3838,8
7031,8
3828,52
16681,8
16653,56
3800,8
409,52
13262,8
3520,8
9841,8
9792,8
3371,8
124,8
16045,12
3192,8
6352,8
15984,45
3131,8
15981,33
3128,8
12731,8
3016,8
2990,8
6188,17
19041,8
9182,8
18658,29
5805,8
5787,8
5742,26
18595,8
15227,52
2374,8
18376,17
5523,8
8661,8
11858,8
1995,8
1983,8
1933,8
1815,8
12912,59
59,8
8103,8
9675,8
3216,8
6369,8
15956,29
3103,8
4637,8
1427,8
11030,8
9294,8
1919,8
1885,8
1019,8
4189,18
17042,8
5783,8
15410,8
4174,10
17027,8
8114,8
12091,8
3243,16
16096,8
14354,8
4695,8
11773,8
6384,8
9196,8
1971,8
15550,8
3472,8
3253,8
6816,8
18660,39
5807,8
16213,22
3360,8
21037,18
8184,8
13008,8
8172,8
4525,8
6453,8
3133,8
3122,8
6005,18
18858,8
233,8
7222,8
20005,9
18222,9
18014,9
17707,9
17568,9
17499,9
10619,9
10584,9
9953,9
9559,9
9450,9
8978,9
7071,9
6128,9
5598,9
5382,9
5192,9
10760,9
10613,9
10586,9
10505,9
10449,9
10403,9
13462,9
10122,9
13271,9
19267,32
6414,9
8961,9
15095,9
11843,9
18111,17
5258,9
8415,9
5168,9
6407,9
5880,9
10506,9
7311,9
21568,10
20878,10
20270,10
20095,10
19998,10
19844,10
19559,10
19509,10
19505,10
19499,10
19223,10
19083,10
18621,10
18567,10
18085,10
18066,10
17963,10
17892,10
17780,10
17473,10
17431,10
17419,10
17359,10
17298,10
17236,10
16658,10
16651,10
16607,10
15620,22
2767,10
14539,49
1686,10
13096,10
12680,10
12670,10
11723,10
11639,10
11149,10
10080,10
9445,10
2391,26
15244,10
8610,10
8606,10
8478,10
8167,10
8134,10
20984,18
8131,10
20972,25
8119,10
14395,10
7611,10
7606,61
20459,10
7074,18
19927,10
13290,10
13281,10
13205,57
352,10
349,10
13095,58
242,10
13089,62
236,10
6348,10
6264,10
19037,21
6184,10
6177,10
5706,10
5595,51
18448,10
5273,10
5255,22
18108,10
5244,10
5167,10
17978,16
5125,10
5118,10
17688,17
4835,10
4714,10
4713,10
4662,10
4625,22
17478,10
11025,10
17457,38
4604,10
4600,10
17446,14
4593,10
11007,10
4555,23
17408,10
4552,35
17405,10
4476,46
17329,10
4438,18
17291,10
4436,60
17289,10
17239,22
4386,10
17099,23
4246,10
4028,10
7155,16
20008,10
3796,22
16649,10
13236,10
3594,10
13115,10
13126,26
273,10
3452,10
6432,10
19285,10
3086,22
15939,10
6275,26
19128,10
15851,32
2998,10
2973,10
6119,10
9293,10
15691,52
2838,10
6023,10
2383,10
8765,10
8672,10
423,26
13276,10
3609,10
3509,10
3455,10
248,10
3364,10
1711,10
4664,10
17462,22
4609,10
1387,10
6163,10
17282,15
4429,10
4201,17
17054,10
873,10
11232,10
11118,10
19950,48
7097,10
952,10
1306,10
489,10
4401,17
17254,10
2775,10
16424,18
3571,10
16409,16
3556,10
1909,10
20382,53
7529,10
9674,10
6746,10
945,10
930,10
8117,10
502,10
5076,51
17929,10
144,10
1616,10
2449,10
17343,11
16993,11
16331,11
15096,11
11425,11
10913,11
10864,11
9988,11
9943,11
8802,11
2196,52
15049,11
8432,62
21285,11
21197,48
8344,11
14178,11
18851,30
5998,11
4152,61
17005,11
3694,11
1125,11
2155,11
1078,11
16588,48
3735,11
10464,11
21224,12
21196,12
21176,12
21106,12
20804,12
20646,12
20515,12
20380,12
19639,12
17685,12
16848,12
16480,12
16348,12
15540,60
2687,12
2462,16
15315,12
15130,12
14612,37
1759,12
13032,12
12705,12
12659,12
12649,12
12182,12
11696,12
11407,12
11338,12
11300,12
11109,12
9807,12
9562,12
9425,12
9399,12
15337,19
2484,12
8607,48
21460,12
8487,12
21142,46
8289,12
7820,22
20673,12
7483,12
13870,29
1017,12
7439,12
7330,12
7191,12
6859,33
19712,12
13118,12
6521,16
19374,12
6496,12
6485,12
12890,29
37,12
12866,57
13,12
6232,12
6187,12
12379,12
12294,12
5669,12
5657,12
18445,23
5592,12
11967,12
18383,22
5530,12
5316,12
5084,12
17925,23
5072,12
5015,12
4901,12
11132,12
11046,12
4378,12
17223,38
4370,12
4182,17
17035,12
4029,12
10040,12
202,12
19163,35
6310,12
6149,12
6123,12
15607,47
2754,12
12271,12
2567,12
5758,12
12163,12
18576,58
5723,12
15354,12
5679,12
2335,45
15188,12
2188,12
16479,43
3626,12
8447,45
21300,12
5050,12
5018,12
138,12
126,12
4892,12
20900,18
8047,12
4775,12
1469,12
14298,38
1445,12
7855,40
20708,12
17434,22
4581,12
14744,12
1877,12
1837,12
7444,12
1768,12
5600,12
16762,30
3909,12
1752,12
12176,12
1355,12
7747,39
20600,12
4517,12
1311,12
18166,45
5313,12
2110,21
14963,12
3977,12
6298,12
20767,18
7914,12
8296,12
10008,12
2877,12
9894,12
10983,12
8580,12
1633,12
4404,12
2944,58
15797,12
20114,39
7261,12
17867,13
15467,13
10458,13
9752,13
15327,45
2474,13
8734,13
21254,25
8401,13
6881,26
19734,13
19727,17
6874,13
6849,29
19702,13
5287,13
5141,13
17082,43
4229,13
3378,13
6454,25
19307,13
5113,13
6559,52
19412,13
6491,18
19344,13
6422,13
3009,13
183,25
13036,13
16143,23
3290,13
15300,56
2447,13
10527,13
1676,13
2953,13
18367,14
17878,14
17472,14
9326,14
11862,14
3183,14
16016,45
3163,14
6714,14
6476,18
19329,14
20989,15
20389,15
19658,15
19551,15
19546,15
18744,15
18519,15
18403,15
17759,15
17338,15
17140,15
16257,15
16256,15
16139,15
2594,23
15447,15
2366,52
15219,15
2024,39
14877,15
12564,15
12423,15
11541,15
11437,15
11387,15
11174,15
10903,15
9933,15
9746,15
9704,15
21227,18
8374,15
8308,15
8176,15
20825,25
7972,15
7952,15
20496,48
7643,15
20176,41
7323,15
7014,38
19867,15
12555,15
6058,15
5895,15
18570,23
5717,15
5712,52
18565,15
5655,15
5611,22
18464,15
5567,57
18420,15
5297,33
18150,15
5095,46
17948,15
11315,15
4821,56
17674,15
4536,29
17389,15
4493,62
17346,15
4477,58
17330,15
4353,44
17206,15
7161,15
6998,15
10015,15
13199,52
346,15
3492,15
3352,15
12415,15
5746,40
18599,15
8895,15
5540,49
18393,15
16623,25
3770,15
12790,15
1520,15
11544,15
8088,15
5525,29
18378,15
3928,15
5506,15
15394,15
18605,19
5752,15
525,15
8086,15
20161,25
7308,15
21357,16
20398,16
19839,16
19732,16
19645,16
19419,16
18768,16
18600,16
17927,16
17899,16
17766,16
17652,16
16776,16
16149,16
16086,16
14969,32
2116,16
13559,38
706,16
12660,16
12633,16
12492,16
11369,16
11348,16
11088,16
9779,16
9285,16
9161,16
15581,48
2728,16
15365,38
2512,16
8835,16
2006,48
14859,16
1653,26
14506,16
20898,39
8045,16
8010,16
20165,18
7312,16
551,29
13404,16
13194,16
6674,16
12698,16
12646,16
6215,16
6208,16
6189,38
19042,16
12390,16
5713,29
18566,16
12050,16
5303,16
11674,16
4848,39
17701,16
4818,40
17671,16
17660,33
4807,16
4245,26
17098,16
10596,16
736,16
3908,32
16761,16
16739,22
3886,16
7068,16
3768,32
16621,16
3743,16
6694,16
9912,16
9909,16
19512,21
6659,16
12697,16
9277,16
9190,16
2648,48
15501,16
5469,16
15005,16
2108,16
3477,16
6573,51
19426,16
1673,16
1657,16
9644,16
23,16
20836,25
7983,16
1562,16
4659,16
15899,18
3046,16
4641,61
17494,16
1292,16
1260,16
7672,48
20525,16
1020,16
3264,39
16117,16
1634,16
2312,16
1488,16
553,16
7736,16
10128,16
6093,16
2890,16
3688,16
16917,27
4064,16
16496,52
3643,16
3095,16
4964,16
5737,29
18590,16
850,16
6499,16
3730,33
16583,16
932,16
3744,29
16597,16
4233,30
17086,16
21550,17
21133,17
21007,17
20982,17
20946,17
20887,17
19975,17
19830,17
19826,17
19420,17
19312,17
19208,17
19092,17
18906,17
18882,17
18852,17
18782,17
18225,17
18145,17
18101,17
18080,17
18037,17
17782,17
17719,17
17488,17
17137,17
16963,17
16677,17
16563,17
16277,17
16210,17
15898,17
15785,17
15197,56
2344,17
1457,64
14310,17
13711,17
12679,17
12345,17
12225,17
12191,17
12094,17
11968,17
11579,17
11056,17
11039,17
10985,17
10941,17
10918,17
10904,17
10816,17
10467,17
9607,17
9104,17
8916,17
8780,17
8705,17
1975,34
14828,17
8198,22
21051,17
14315,17
7534,17
7470,17
7452,17
20207,18
7354,17
7352,17
7337,17
7045,17
6888,17
6725,17
6682,17
6660,17
6537,17
6527,29
19380,17
12644,17
12599,17
5886,61
18739,17
12236,17
12132,17
5675,17
5627,17
5559,17
11954,17
5533,17
11920,17
5335,23
18188,17
5291,17
5191,17
11598,17
17950,23
5097,17
11464,17
17834,18
4981,17
4956,26
17809,17
4922,52
17775,17
17595,57
4742,17
11134,17
4592,17
10962,17
4510,17
10790,17
4347,17
17186,37
4333,17
17102,47
4249,17
4122,22
16975,17
4015,44
16868,17
7087,17
3853,44
16706,17
3846,17
16628,25
3775,17
19737,43
6884,17
10102,17
19650,36
6797,17
366,17
3367,17
128,43
12981,17
68,17
15963,57
3110,17
6274,32
19127,17
2999,17
9392,17
15704,32
2851,17
5949,17
2672,17
2578,17
12186,17
5762,17
18539,38
5686,17
11915,17
11873,17
6953,17
18148,35
5295,17
6841,17
16460,31
3607,17
21208,51
8355,17
11553,17
6712,17
9928,17
1832,17
11393,17
1666,17
4841,29
17694,17
1,17
6430,48
19283,17
1606,17
9619,17
1506,17
1480,17
12600,17
1301,45
14154,17
15596,17
10748,17
9102,17
8298,17
9081,17
14679,17
15479,17
13874,17
10615,17
3380,57
16233,17
8186,35
21039,17
10473,17
20087,48
7234,17
5597,17
13615,25
762,17
703,17
15154,35
2301,17
15146,17
19963,39
7110,17
1497,17
11107,17
685,17
16202,32
3349,17
12173,17
1350,17
10129,17
5304,19
18157,17
20532,48
7679,17
7184,24
20037,17
9194,17
13197,17
16400,45
3547,17
735,17
9893,17
3405,52
16258,17
17816,29
4963,17
10895,17
3668,33
16521,17
19295,22
6442,17
5331,17
16155,40
3302,17
687,17
21480,18
21479,18
21474,18
21352,18
21272,18
21265,18
21256,18
21240,18
21237,18
21236,18
21234,18
21232,18
21221,18
21194,18
21189,18
21136,18
21049,18
21045,18
21032,18
21022,18
20975,18
20973,18
20920,18
20894,18
20813,18
20812,18
20800,18
20798,18
20779,18
20776,18
20735,18
20711,18
20680,18
20672,18
20660,18
20652,18
20648,18
20596,18
20564,18
20561,18
20558,18
20502,18
20499,18
20470,18
20450,18
20440,18
20400,18
20385,18
20376,18
20310,18
20284,18
20278,18
20252,18
20228,18
20105,18
19978,18
19887,18
19850,18
19745,18
19723,18
19710,18
19674,18
19427,18
19171,18
18953,18
18816,18
18699,18
18283,18
18155,18
18120,18
17988,18
17802,18
17712,18
17655,18
17489,18
16910,18
16890,18
16858,18
16825,18
16819,18
16818,18
16809,18
16800,18
16735,18
16715,18
16705,18
16672,18
16668,18
16642,18
16584,18
16551,18
16461,18
16388,18
16385,18
16377,18
16376,18
16371,18
16297,18
16263,18
15888,18
15886,18
15790,18
2787,26
15640,18
2779,26
15632,18
15476,18
15415,34
2562,18
15211,18
2291,29
15144,18
15136,18
15119,43
2266,18
14516,18
14504,39
1651,18
13031,18
12721,18
12645,18
12631,18
12520,18
12211,18
12207,18
12061,18
12042,18
11879,18
11736,18
11727,18
11629,18
11621,18
11564,18
11543,18
11528,18
11500,18
11494,18
11443,18
11307,18
11283,18
11115,18
11060,18
11047,18
10924,18
10917,18
10851,18
10611,18
10609,18
10499,18
10478,18
10431,18
10225,18
10037,18
9995,18
9973,18
9558,18
9441,18
9427,18
9405,18
9378,18
9364,18
9346,18
9267,18
9250,18
2695,52
15548,18
9111,18
9091,18
15495,18
9049,18
8865,18
8750,18
8740,18
15109,18
8602,35
21455,18
8598,30
21451,18
2153,26
15006,18
8493,38
21346,18
14900,40
2047,18
8409,33
21262,18
8399,44
21252,18
8366,33
21219,18
8364,18
8342,22
21195,18
8320,49
21173,18
8254,18
8001,18
14389,23
1536,18
7961,35
20814,18
20775,43
7922,18
14314,52
1461,18
7880,18
7752,44
20605,18
7730,46
20583,18
7678,31
20531,18
7635,57
20488,18
7623,61
20476,18
7620,44
20473,18
7585,61
20438,18
7514,29
20367,18
7512,22
20365,18
7504,62
20357,18
7331,18
20129,46
7276,18
7259,50
20112,18
7244,18
7072,18
7012,64
19865,18
6779,18
6622,52
19475,18
12915,18
6317,30
19170,18
6233,18
12596,18
6048,18
6017,18
18870,18
5969,18
5950,18
5926,18
5922,18
12334,18
18754,47
5901,18
5879,38
18732,18
12231,18
18591,41
5738,18
12110,18
18348,38
5495,18
5492,18
18336,19
5483,18
5464,18
5426,18
5389,61
18242,18
5367,18
5327,51
18180,18
5314,18
5308,18
5212,50
18065,18
5175,34
18028,18
17943,48
5090,18
11503,18
11478,18
4900,56
17753,18
4898,34
17751,18
4794,18
4792,18
4692,50
17545,18
4690,58
17543,18
10897,18
10891,18
4357,18
4330,18
17129,23
4276,18
17037,41
4184,18
3989,18
7157,18
19986,61
7133,18
3922,18
698,18
3784,18
3755,24
16608,18
3701,34
16554,18
3697,18
466,18
9985,18
3533,23
16386,18
3353,37
16206,18
6254,18
12664,18
3028,48
15881,18
9444,18
6185,18
15695,18
9260,18
5994,18
2751,18
12352,18
15570,18
12296,18
2659,18
5850,35
18703,18
9066,18
15446,34
2593,18
2548,18
18530,22
5677,18
5632,18
2409,18
8826,18
2380,46
15233,18
8767,18
2320,18
8731,18
5494,18
5441,57
18294,18
5415,18
15053,18
3772,55
16625,18
8528,18
2107,30
14960,18
2092,18
11666,18
2042,18
3625,43
16478,18
3623,54
16476,18
3557,32
16410,18
6729,18
1902,40
14755,18
8236,18
1803,18
17787,43
4934,18
6523,18
19308,33
6455,18
4805,18
14427,18
1569,18
1543,18
4729,18
1524,18
14313,22
1460,18
1467,18
1404,18
1317,18
12505,18
2866,24
15719,18
9270,18
4419,18
18863,57
6010,18
4351,18
12346,18
1122,18
8318,18
4288,18
7500,48
20353,18
8292,18
1063,18
3446,35
16299,18
21123,50
8270,18
1849,18
19473,57
6620,18
4216,18
19462,62
6609,18
10610,18
12204,18
2580,18
13027,18
15421,23
2568,18
8986,18
6495,18
5682,18
7287,38
20140,18
4014,18
12014,18
17644,29
4791,18
783,18
7985,62
20838,18
1554,18
3960,57
16813,18
11977,18
5556,18
15180,18
2322,29
15175,18
7139,18
7950,22
20803,18
7113,18
19966,18
7918,38
20771,18
13539,50
686,18
1492,18
3895,18
11112,18
2279,18
8970,18
4155,18
15001,19
2148,18
1344,18
19387,53
6534,18
528,18
6115,18
1314,18
11733,18
5312,18
9311,18
846,18
12869,18
6799,18
6814,45
19667,18
3575,49
16428,18
3582,18
774,18
16824,52
3971,18
728,18
1135,18
5911,18
1111,18
5501,45
18354,18
11499,18
1070,18
4056,35
16909,18
6456,18
456,18
9029,18
7381,52
20234,18
1351,18
533,18
19386,19
6533,18
10946,18
15359,18
21373,25
8520,18
3377,23
16230,18
483,18
14517,18
5650,18
7096,18
8060,23
20913,18
1642,18
21191,33
8338,18
1525,18
7626,35
20479,18
2005,18
6804,50
19657,18
7634,18
17073,22
4220,18
21253,19
20584,19
20552,19
20031,19
19935,19
19860,19
19763,19
19379,19
19297,19
19258,19
18842,19
18654,19
18040,19
17853,19
17798,19
17666,19
17569,19
16675,19
16663,19
16523,19
16041,19
15885,19
15457,56
2604,19
15204,19
15090,33
2237,19
15004,29
2151,19
14563,19
13039,35
186,19
13021,22
168,19
12974,19
12822,19
12538,19
11623,19
11257,19
10961,19
10960,19
10848,19
10834,19
10453,19
10419,19
9925,19
9557,19
9332,19
9324,19
8996,19
2458,44
15311,19
8836,19
8544,19
8351,19
21140,29
8287,19
8255,19
8217,19
14512,29
1659,19
7939,58
20792,19
7247,19
745,19
13320,23
467,19
342,35
13195,19
6719,30
19572,19
6697,19
6594,45
19447,19
12685,19
6199,19
5937,19
12133,19
5615,19
11923,19
5400,29
18253,19
5350,19
11441,19
4952,19
4824,22
17677,19
4820,25
17673,19
4806,29
17659,19
11113,19
4665,35
17518,19
4537,19
10874,19
17154,22
4301,19
4139,48
16992,19
764,19
559,19
10088,19
6695,19
16278,40
3425,19
19409,52
6556,19
47,22
12900,19
3180,19
12716,19
3067,64
15920,19
2946,19
2933,19
12540,19
9239,19
18828,46
5975,19
18728,47
5875,19
12226,19
15263,52
2410,19
15061,19
16505,23
3652,19
6828,62
19681,19
16475,40
3622,19
6478,55
19331,19
3252,19
1628,19
4744,61
17597,19
3042,19
3026,58
15879,19
7729,19
20337,25
7484,19
7453,19
3394,29
16247,19
2583,19
8987,19
2434,19
7199,19
1512,19
19962,29
7109,19
15949,52
3096,19
6873,19
5974,19
8370,19
1029,19
7341,19
1280,19
7497,19
12852,19
1649,19
2102,19
18430,20
17880,20
17875,20
17563,20
17095,20
17007,20
16194,20
16110,20
13139,20
12621,20
12313,20
12046,20
11935,20
19651,45
6798,20
11958,20
11767,20
11233,20
10860,20
3461,22
16314,20
3071,58
15924,20
12315,20
11070,20
11121,20
13285,20
14805,20
21473,21
21096,21
20264,21
19062,21
19044,21
18527,21
18425,21
17916,21
17316,21
16987,21
16969,21
16893,21
16759,21
16125,21
15913,21
15793,21
15543,21
13471,21
402,53
13255,21
13124,39
271,21
12748,21
10715,21
10634,21
10632,21
9905,21
9822,21
9787,21
9133,21
8677,21
8666,40
21519,21
21489,33
8636,21
8199,21
7427,21
7221,21
7047,21
7032,21
19882,48
7029,21
19823,43
6970,21
13113,45
260,21
6220,52
19073,21
12394,21
5842,21
5692,21
5684,21
5508,21
11771,21
5256,38
18109,21
5235,21
5220,21
5146,21
4756,21
4407,23
17260,21
4405,23
17258,21
16966,58
4113,21
13269,30
416,21
16407,59
3554,21
22,27
12875,21
3249,21
6201,21
6075,21
12480,21
9181,21
15386,21
5472,21
5371,21
6952,21
323,21
1913,21
5042,21
12841,21
279,21
897,21
896,21
677,23
13530,21
10315,21
6964,21
19955,48
7102,21
284,21
524,21
880,21
3273,38
16126,21
16319,33
3466,21
9761,21
4045,21
9146,21
21502,22
21469,22
21369,22
21293,22
21018,22
20925,22
20829,22
20048,22
19832,22
19478,22
19471,22
19433,22
19432,22
19371,22
19191,22
18924,22
18849,22
18835,22
18700,22
18472,22
18466,22
18415,22
18302,22
18271,22
18257,22
18186,22
18095,22
18034,22
17915,22
17894,22
17839,22
17731,22
17455,22
17417,22
17410,22
17302,22
17301,22
17246,22
17187,22
17177,22
17173,22
17142,22
17075,22
17036,22
16946,22
16897,22
16777,22
16774,22
16749,22
16241,22
16179,22
16171,22
16103,22
16093,22
16077,22
2813,30
15666,22
15578,59
2725,22
15551,22
15352,22
2499,22
15303,22
15255,22
15194,22
14987,22
14971,33
2118,22
14959,22
14865,58
2012,22
14839,22
1105,29
13958,22
13458,22
13072,22
13046,22
12830,22
12763,22
12502,22
12473,22
12461,22
12460,22
12457,22
12443,22
12409,22
12404,22
12073,22
11768,22
11706,22
11574,22
11487,22
11374,22
11327,22
11278,22
11273,22
11249,22
11144,22
11071,22
11064,22
10959,22
10773,22
10743,22
10717,22
10704,22
10702,22
10693,22
10618,22
10559,22
10537,22
10334,22
10255,22
10230,22
10049,22
10048,22
9982,22
9906,22
9892,22
9681,22
9479,22
9465,22
9314,22
2800,52
15653,22
9203,22
9110,22
15454,22
15424,22
2560,52
15413,22
15366,40
2513,22
8906,22
15220,22
8755,22
8748,22
8713,22
8662,22
8592,22
21416,25
8563,22
14911,22
8480,40
21333,22
21097,62
8244,22
21093,39
8240,22
8151,22
20938,41
8085,22
20790,58
7937,22
7814,48
20667,22
7710,22
7642,22
20419,41
7566,22
7496,22
7406,53
20259,22
7379,52
20232,22
7355,22
7314,22
7143,22
6928,39
19781,22
19775,23
6922,22
315,52
13168,22
311,22
6681,45
19534,22
13078,54
225,22
19510,29
6657,22
6630,40
19483,22
6576,22
6473,22
6436,22
12848,22
12761,22
19193,47
6340,22
6267,22
6225,22
12639,22
6137,22
6086,22
12454,22
6025,22
5985,22
5973,22
12355,22
12340,22
18721,46
5868,22
5858,22
12270,22
5827,22
5789,22
5690,22
5609,31
18462,22
5554,40
18407,22
5544,44
18397,22
5532,33
18385,22
5491,22
5475,41
18328,22
5394,22
11753,22
5330,22
18176,62
5323,22
11707,22
5286,22
5278,22
18079,62
5226,22
5222,50
18075,22
5201,22
5190,22
5177,22
5172,22
5171,22
5126,52
17979,22
5077,43
17930,22
11492,22
4965,22
11362,22
4689,22
11087,22
4666,64
17519,22
4640,22
4524,22
4470,22
4452,56
17305,22
4346,46
17199,22
4345,22
17196,48
4343,22
10734,22
4313,46
17166,22
4170,35
17023,22
4156,22
4153,22
4041,22
16888,41
4035,22
10375,22
7115,32
19968,22
7111,57
19964,22
16745,48
3892,22
19864,29
7011,22
16650,37
3797,22
6996,22
10192,22
6975,61
19828,22
518,22
6920,61
19773,22
408,43
13261,22
13251,22
13244,22
9975,22
9954,22
302,22
246,22
3438,22
6638,29
19491,22
3372,22
16225,22
3155,22
3149,22
3111,22
15964,22
15900,43
3047,22
9398,22
15821,32
2968,22
2959,22
9336,22
6090,22
2792,22
18807,57
5954,22
2746,22
2652,22
2635,22
12209,22
8991,22
15409,22
2554,22
5756,22
5751,43
18604,22
15310,22
15270,62
2417,22
8747,22
8686,48
21539,22
8681,22
11863,22
11861,22
2228,22
8632,22
11830,22
15048,22
8623,22
3779,22
2168,22
8518,30
21371,22
14921,22
3645,22
2010,22
8416,22
1960,22
3526,22
9907,22
13090,28
237,22
6603,22
127,47
12980,22
1723,22
3285,22
6428,22
6420,45
19273,22
3217,22
9637,22
20893,48
8040,22
4809,22
12823,22
11222,22
9604,22
4740,58
17593,22
1535,22
12701,22
1478,22
7877,22
7873,22
4617,58
17470,22
1406,22
1361,22
2936,22
20586,25
7733,22
17341,34
4488,22
2881,22
1252,22
7609,22
20421,25
7568,22
4340,22
15556,22
1103,22
5902,22
4303,39
17156,22
1088,22
2681,22
14719,22
7501,22
8258,22
8204,22
3390,22
971,22
10593,22
6493,22
889,22
8102,22
16922,31
4069,22
8069,22
20922,22
4052,22
14476,27
1623,22
8055,22
8029,22
7168,27
20021,22
3918,22
704,22
688,22
17544,33
4691,22
3894,41
16747,22
684,22
7088,22
1477,22
7085,22
955,22
7771,48
20624,22
8569,22
20618,39
7765,22
3748,22
8943,22
19787,46
6934,22
5318,22
14957,22
19767,52
6914,22
3711,22
8113,22
2064,22
16513,40
3660,22
19699,62
6846,22
8796,22
12397,22
3572,22
3934,62
16787,22
5870,22
3256,22
15450,22
8427,22
8206,22
1963,22
5154,22
11775,22
3351,22
19410,45
6557,22
4127,22
16978,64
4125,22
1916,22
9738,22
4106,22
4302,32
17155,22
1299,22
6511,48
19364,22
8098,22
14922,22
2480,22
6492,22
20949,44
8096,22
1675,22
1959,22
16200,48
3347,22
3440,22
9554,22
10563,22
8063,22
1631,22
4135,23
16988,22
6541,22
8044,22
8080,22
21019,23
20834,23
20699,23
20653,23
20465,23
20267,23
20058,23
20034,23
19556,23
19507,23
19480,23
19343,23
18963,23
18951,23
18774,23
18682,23
18676,23
18443,23
18423,23
18389,23
18332,23
18321,23
18277,23
18236,23
18228,23
18135,23
17960,23
17433,23
17248,23
17188,23
17174,23
17039,23
16955,23
16903,23
16750,23
16734,23
16581,23
16499,23
16318,23
16196,23
16146,23
15988,23
15979,23
15973,23
15961,23
15932,23
15929,23
15872,23
15859,23
15855,23
15672,48
2819,23
2674,25
15527,23
2650,43
15503,23
15484,23
15481,23
15471,23
15306,23
15264,58
2411,23
15234,23
2347,26
15200,23
2303,52
15156,23
14926,38
2073,23
13245,23
389,52
13242,23
13175,43
322,23
13064,25
211,23
12815,23
12728,23
12689,23
12651,23
12489,23
12442,23
12339,23
12338,23
12028,23
11812,23
11801,23
11459,23
11371,23
11292,23
11234,23
11102,23
10811,23
10750,23
10359,23
10197,23
9872,23
9866,23
9858,23
9814,23
9290,23
9253,23
9242,23
9155,23
9065,23
15417,23
8948,23
8857,23
8546,23
8405,23
8246,23
8225,58
21078,23
21050,31
8197,23
8178,38
21031,23
7930,23
7897,23
1359,49
14212,23
7592,23
7240,23
7220,23
780,45
13633,23
7209,23
7177,23
20019,38
7166,23
7126,23
7023,23
13200,23
13191,33
338,23
13185,23
214,49
13067,23
6578,23
6494,23
29,23
6438,52
19291,23
6375,23
6373,23
6361,23
6244,45
19097,23
12654,23
12605,23
12559,23
12534,23
6083,23
5900,23
5792,23
5739,23
18592,23
12127,23
12068,23
5522,26
18375,23
18352,35
5499,23
5423,23
18276,23
5392,23
11811,23
5281,23
11665,23
5183,35
18036,23
11597,23
5139,23
11546,23
11523,23
17923,38
5070,23
11455,23
11373,23
4941,23
4903,23
4867,23
11242,23
17540,29
4687,23
4622,23
4576,47
17429,23
4481,47
17334,23
4465,23
17318,23
4453,47
17306,23
10787,23
10662,23
4215,23
4165,23
16886,44
4033,23
16826,52
3973,23
16648,43
3795,23
3793,58
16646,23
544,23
405,55
13258,23
3589,40
16442,23
3463,50
16316,23
6623,23
19474,45
6621,23
6498,29
19351,23
46,23
9615,23
9608,23
3187,23
3098,48
15951,23
3062,23
2983,23
15823,46
2970,23
15808,43
2955,23
2930,23
2853,23
2793,23
9208,23
2768,58
15621,23
2762,23
12375,23
15590,25
2737,23
9163,23
5898,33
18751,23
9069,23
2647,23
2602,51
15455,23
5796,23
5788,23
15400,23
2520,23
8933,23
5678,25
18531,23
5643,23
12053,23
8850,23
15253,23
2310,23
2259,49
15112,23
8670,48
21523,23
2001,40
14854,23
19511,48
6658,23
1801,23
4970,62
17823,23
3329,23
6502,23
81,23
3225,23
17682,62
4829,23
9640,23
14440,23
1563,23
1550,23
7962,23
7901,23
15811,29
2958,23
17284,64
4431,23
7621,45
20474,23
2785,23
4380,26
17233,23
5123,23
1920,23
2699,23
1082,23
6677,23
1077,23
5040,23
1040,23
7424,23
884,23
6461,23
2390,23
10391,23
757,23
7154,23
718,23
11946,23
1519,23
19810,61
6957,23
6546,23
14156,31
1303,23
6101,23
4504,51
17357,23
7684,23
6433,29
19286,23
4420,45
17273,23
7605,30
20458,23
5543,51
18396,23
6740,23
12332,23
16367,52
3514,23
14340,23
696,23
1785,23
11385,23
3348,37
16201,23
2542,23
136,23
3339,23
12969,23
19780,43
6927,23
15416,23
7304,23
7296,23
1044,23
3340,23
8160,23
4142,51
16995,23
4845,23
10156,23
918,23
3315,23
4107,23
1347,23
6636,49
19489,23
2013,23
13247,23
21178,24
20657,24
20507,24
19790,24
17607,24
16441,24
16244,24
15482,24
12613,24
11993,24
11578,24
11529,24
11429,24
9312,24
2130,30
14983,24
8335,24
8300,24
14646,24
13611,29
758,24
6668,24
6078,24
5977,57
18830,24
12079,24
5654,24
5629,24
18470,43
5617,24
5555,24
4358,24
4261,24
10524,24
3569,25
16422,24
6243,24
6242,24
2834,24
2761,24
5931,24
2270,24
5454,29
18307,24
21192,45
8339,24
13110,24
7887,24
7802,35
20655,24
17194,35
4341,24
17958,58
5105,24
7521,35
20374,24
8915,24
11305,24
11153,24
7940,58
20793,24
6552,24
19357,46
6504,24
98,24
10459,24
7193,24
5984,24
6679,24
10165,24
21436,25
21414,25
21385,25
21356,25
21330,25
21298,25
21266,25
21264,25
21211,25
21165,25
21114,25
21095,25
21055,25
21044,25
21014,25
21012,25
20988,25
20937,25
20915,25
20896,25
20784,25
20715,25
20640,25
20630,25
20593,25
20569,25
20548,25
20545,25
20490,25
20463,25
20455,25
20448,25
20442,25
20395,25
20378,25
20368,25
20339,25
20314,25
20269,25
20249,25
20233,25
20221,25
20217,25
20213,25
20189,25
20166,25
20151,25
20118,25
19254,25
19174,25
18052,25
17034,25
17032,25
16812,25
16803,25
16655,25
16350,25
16284,25
15515,25
13714,62
861,25
13014,25
12085,25
11667,25
10907,25
10612,25
10393,25
10099,25
9316,25
9235,25
2773,26
15626,25
9115,25
8946,25
8793,25
8745,25
8738,25
8582,44
21435,25
15000,25
8472,29
21325,25
8458,25
8264,28
21117,25
8226,25
7980,37
20833,25
7884,25
7875,52
20728,25
20679,29
7826,25
7821,25
7818,37
20671,25
7797,50
20650,25
7726,25
7682,26
20535,25
7670,62
20523,25
7644,29
20497,25
7472,25
7459,25
7449,45
20302,25
7382,49
20235,25
7370,30
20223,25
7342,39
20195,25
7001,38
19854,25
560,25
6865,25
6341,25
6279,25
18765,47
5912,25
18418,48
5565,25
5396,57
18249,25
5299,58
18152,25
11664,25
11635,25
5195,58
18048,25
5055,25
11475,25
4063,34
16916,25
4012,41
16865,25
3968,25
16807,45
3954,25
3860,25
3786,25
3782,33
16635,25
3669,51
16522,25
16502,52
3649,25
6840,25
19690,58
6837,25
196,25
12919,59
66,25
11,25
6358,25
9576,25
6186,25
6173,25
12570,25
15692,25
2839,25
5967,25
15594,25
5749,33
18602,25
2490,25
2394,62
15247,25
15221,25
2253,25
15079,25
2205,25
5356,25
14954,33
2101,25
11721,25
2089,25
2055,25
3624,25
14752,25
1846,25
12891,59
38,25
14,25
1381,25
7734,25
2873,25
4472,25
2862,35
15715,25
1229,25
1137,25
1134,25
7505,33
20358,25
986,25
7404,44
20257,25
976,25
2338,25
6297,25
3091,52
15944,25
19136,29
6283,25
1722,25
12880,59
27,25
16457,30
3604,25
10411,25
6790,25
3946,44
16799,25
1108,25
2693,25
299,25
2619,25
399,25
9372,25
1727,25
7398,51
20251,25
65,25
1677,25
13717,25
1644,25
8868,25
7362,43
20215,25
10564,25
2433,25
3629,25
1205,25
818,25
3601,26
16454,25
1087,25
12992,29
139,26
9868,26
9266,26
8930,26
8502,26
8491,26
20795,48
7942,26
14324,43
1471,26
7851,26
20698,29
7845,26
20693,40
7840,26
7837,26
7702,26
7657,26
20341,40
7488,26
7167,26
508,26
6917,26
6773,26
6741,26
165,26
86,26
12924,48
71,26
6324,26
6305,26
6205,26
6033,26
5663,26
18399,35
5546,26
5086,26
5085,26
17874,58
5021,26
4560,26
17250,39
4397,26
17241,48
4388,26
4253,26
4241,26
17081,29
4228,26
4025,26
3875,26
7076,26
3774,26
3763,26
3757,26
517,26
514,26
470,26
464,26
6777,26
9901,26
53,26
6474,26
6295,26
15768,37
2915,26
15739,29
2886,26
2772,26
2591,26
15432,48
2579,26
2584,26
5707,26
2396,26
2385,26
2346,26
2339,26
15091,40
2238,26
2213,26
2211,26
3764,26
531,26
16587,46
3734,26
3651,26
2049,26
3580,26
5083,26
1824,26
13019,37
166,26
4990,26
1767,26
13005,43
152,26
14569,44
1716,26
1714,26
1708,26
19359,62
6506,26
12889,52
36,26
6457,26
1586,26
7990,26
1568,26
1567,26
1546,26
6280,26
7850,26
1420,26
7835,26
1382,26
1363,26
7782,26
1298,26
2809,26
4412,26
1170,26
5960,26
6685,26
7498,26
20340,32
7487,26
1066,26
1783,26
4177,26
2494,26
12940,58
87,26
89,26
866,26
1648,26
1545,26
707,26
692,26
3905,26
702,26
700,26
695,26
693,26
691,26
1483,26
536,26
546,26
1326,26
529,26
7346,26
513,26
2908,26
512,26
509,26
461,26
19655,32
6802,26
776,26
6776,26
6774,26
1169,26
2332,26
16770,48
3917,26
701,26
2608,26
4210,26
19647,32
6794,26
163,26
1763,26
1555,26
6154,26
548,26
2154,26
7766,26
1345,26
1322,26
108,26
506,26
1496,26
1873,26
16997,58
4144,26
1090,26
7761,26
1239,26
521,26
5528,26
1277,26
16527,52
3674,26
7768,26
1814,26
19692,27
18952,27
17835,27
17810,27
17687,27
16695,27
16289,27
15831,27
15778,27
15767,27
2742,48
15595,27
12223,27
12222,27
12215,27
11945,27
11619,27
11477,27
15563,27
9090,27
15138,27
12024,27
11751,27
5128,46
17981,27
4812,27
11133,27
4586,27
3879,27
12910,27
12652,27
2926,27
12386,27
2532,27
15111,27
5001,27
14499,27
6616,27
3596,52
16449,27
3565,27
1665,27
18585,39
5732,27
2325,27
13694,27
16707,28
11431,28
1246,53
14099,28
5930,33
18783,28
21462,29
21454,29
21382,29
21376,29
21318,29
21251,29
21210,29
21060,29
20734,29
20142,29
19959,29
19744,29
19731,29
18930,29
18910,29
18861,29
18638,29
18504,29
18351,29
18281,29
18254,29
18217,29
18182,29
18138,29
18017,29
17993,29
17973,29
17857,29
17849,29
17749,29
17723,29
17710,29
17612,29
17574,29
17573,29
17538,29
17479,29
17361,29
17125,29
17003,29
16983,29
16875,29
16403,29
16307,29
16238,29
15918,29
15912,29
15736,29
15636,48
2783,29
2763,30
15616,29
15308,29
15226,29
2357,52
15210,29
2269,50
15122,29
14978,29
14903,29
14736,29
14544,29
13757,43
904,29
410,36
13263,29
13174,29
13023,29
13003,29
12861,29
12647,29
12611,29
12529,29
12487,29
12250,29
11925,29
11910,29
11841,29
11808,29
11743,29
11726,29
11663,29
11563,29
11468,29
11466,29
11440,29
11370,29
11349,29
11126,29
11105,29
11074,29
11035,29
10887,29
10849,29
10843,29
10794,29
10498,29
10348,29
10272,29
10219,29
10110,29
10071,29
10067,29
9971,29
9874,29
9833,29
9668,29
9487,29
9443,29
9330,29
9280,29
9232,29
9156,29
2658,41
15511,29
9072,29
8945,29
8914,29
8866,29
8863,29
2428,52
15281,29
8853,29
8717,29
8711,29
21557,48
8704,29
2167,45
15020,29
8526,29
8514,29
14933,52
2080,29
21129,62
8276,29
8205,29
7997,29
7876,29
7872,29
20725,29
7810,29
7791,29
7363,55
20216,29
13753,29
13735,52
882,29
7058,29
377,29
6726,29
281,29
12857,29
6282,29
12517,29
12504,29
6067,61
18920,29
5946,29
5934,29
5919,29
12309,29
5835,34
18688,29
5750,29
12159,29
5689,29
5659,29
12048,29
5585,49
18438,29
5517,29
11891,29
5465,29
18243,32
5390,29
5379,29
5377,29
5334,63
18187,29
11717,29
5296,54
18149,29
5094,29
5020,29
17873,29
4910,43
17763,29
11271,29
4654,35
17507,29
17432,30
4579,29
10826,29
10786,29
4365,29
4237,29
4204,29
4146,29
7073,29
7041,29
3759,29
3758,29
16611,29
498,29
6887,29
6752,29
13011,29
3266,29
16119,29
3154,29
9549,29
3104,29
6276,29
15925,60
3072,29
9488,29
3039,39
15892,29
9437,29
3008,54
15861,29
6157,29
2950,48
15803,29
12550,29
15698,29
2791,29
5986,29
15602,29
9172,29
2718,46
15571,29
9087,29
2638,29
2570,29
5671,29
12083,29
8830,29
2309,51
15162,29
2271,29
5409,29
11829,29
18238,43
5385,29
5376,35
18229,29
547,29
10171,29
5340,29
19760,58
6907,29
2097,29
8513,29
436,29
1994,29
21187,48
8334,29
8331,29
6689,29
3275,29
12883,29
1622,29
6419,54
19272,29
4772,39
17625,29
11192,29
20817,33
7964,29
1456,29
7865,29
4615,29
1391,29
4585,29
9381,29
9338,29
2917,29
7737,29
1316,29
2897,29
20546,44
7693,29
7650,29
1228,29
15655,54
2802,29
2797,29
20471,33
7618,29
12368,29
13966,29
4277,29
1052,29
13037,29
1000,29
162,29
4976,29
17829,29
7318,29
3276,29
3205,29
3161,29
3970,29
11962,29
741,29
7107,29
7090,49
19943,29
14177,29
8547,29
6930,29
4494,46
17347,29
10841,29
393,29
401,29
16843,61
3990,29
787,29
381,29
13232,61
379,29
13225,52
372,29
7149,29
743,29
17191,59
4338,29
9088,29
9677,29
441,29
6877,29
12243,29
995,29
3587,29
1790,29
15801,30
2948,29
3742,29
474,29
9108,29
16140,50
3287,29
14582,62
1729,29
4143,29
1739,29
6836,29
11752,29
10,29
1213,29
21574,30
20824,30
20467,30
20230,30
20089,30
20080,30
19912,30
19758,30
19679,30
19411,30
19241,30
19167,30
19065,30
19006,30
18975,30
18932,30
18917,30
18865,30
18667,30
18099,30
18050,30
17986,30
17422,30
17152,30
17151,30
17134,30
17067,30
17004,30
16989,30
16981,30
16577,30
16215,30
16095,30
16023,30
15363,30
2492,50
15345,30
15237,30
1965,61
14818,30
13507,30
12905,30
12691,30
11888,30
11490,30
11211,30
11136,30
11123,30
11048,30
10545,30
10258,30
10042,30
9976,30
9891,30
9804,30
9509,30
9423,30
9352,30
9075,30
8962,30
15314,30
8845,30
2308,49
15161,30
15028,33
2175,30
2056,49
14909,30
8359,30
21067,47
8214,30
7552,30
20210,57
7357,30
7030,30
13270,30
19644,46
6791,30
13210,30
19560,50
6707,30
12959,30
12858,30
6382,30
6350,30
6346,35
19199,30
12699,30
6234,41
19087,30
6214,30
6125,30
6085,30
18938,30
12468,30
5727,30
5719,30
11916,30
5477,30
5328,30
11661,30
5117,30
4983,30
11239,30
4507,30
4425,30
4259,30
4129,30
3884,52
16737,30
16717,33
3864,30
6985,30
6961,30
3271,30
6413,30
3051,30
3007,30
2982,30
2907,30
6056,30
2833,30
9204,30
15617,48
2764,30
2596,30
12208,30
5780,30
2558,36
15411,30
2546,30
2386,32
15239,30
2376,30
8771,30
2257,40
15110,30
15121,43
2268,30
2202,58
15055,30
5268,30
9978,30
1934,30
3469,30
20947,46
8094,30
1619,30
3053,30
9230,30
1210,30
10784,30
10749,30
13946,30
16312,52
3459,30
14715,31
1862,30
10676,30
199,43
13052,30
4212,30
176,30
908,30
20968,32
8115,30
1679,30
4054,30
7966,30
18360,48
5507,30
3085,30
6525,62
19378,30
4518,30
504,30
10808,30
2375,30
1966,30
13950,30
4304,46
17157,30
3259,62
16112,30
6665,30
18686,31
5833,30
9051,30
7443,30
5149,30
2517,30
14941,30
3277,58
16130,30
272,30
941,30
4039,30
15368,30
13060,30
9365,30
14055,30
18038,31
17847,31
17822,31
15717,31
2708,41
15561,31
13163,31
11981,31
11185,31
10989,31
9064,31
7912,31
20480,51
7627,31
7386,31
12333,31
5910,31
12221,31
12131,31
12093,31
5672,31
5520,31
17163,58
4310,31
17012,58
4159,31
6655,31
16037,57
3184,31
5608,31
2323,31
15093,52
2240,31
9538,31
767,31
5358,31
505,31
10025,31
2365,31
5822,31
10518,31
4447,31
550,31
2810,31
21378,32
21322,32
21215,32
21209,32
21036,32
20794,32
20668,32
20468,32
20443,32
20407,32
20324,32
20279,32
19648,32
19424,32
19422,32
18648,32
16806,32
16365,32
15985,32
15732,32
15729,32
15265,32
13026,32
12624,32
12166,32
11878,32
11320,32
11301,32
10974,32
10855,32
9678,32
9502,32
9278,32
8860,32
15206,35
2353,32
15065,32
2212,32
15023,32
8581,32
8578,48
21431,32
8394,32
7548,58
20401,32
6738,32
6181,32
6146,32
6104,32
5744,32
5658,32
18429,34
5576,32
18419,38
5566,32
5339,32
11633,32
4747,32
10926,32
7229,32
494,32
9810,32
164,32
9429,32
9339,32
2887,32
15610,59
2757,32
8892,32
15189,32
8741,32
2236,32
2221,32
2194,32
10097,32
449,32
6848,32
3639,50
16492,32
16398,39
3545,32
4788,32
1585,32
20840,62
7987,32
7830,32
6179,32
1285,32
6084,32
1251,32
1200,32
1182,32
18778,57
5925,32
20348,48
7495,32
7441,32
1010,32
7421,37
20274,32
13715,32
4732,32
7092,32
6549,32
1101,32
2667,32
16396,55
3543,32
8294,32
3672,32
16591,43
3738,32
93,32
1128,32
6147,32
9231,32
15326,32
21405,33
21271,33
21257,33
21255,33
21205,33
21182,33
21181,33
21148,33
21135,33
21132,33
21100,33
21042,33
21038,33
20974,33
20969,33
20932,33
20926,33
20768,33
20695,33
20658,33
20654,33
20606,33
20566,33
20498,33
20388,33
20364,33
19915,33
19803,33
19704,33
19369,33
18718,33
18158,33
17617,33
17616,33
17556,33
17547,33
16921,33
16816,33
16815,33
16802,33
16795,33
16708,33
16687,33
16633,33
16598,33
16592,33
16448,33
16347,33
16317,33
16221,33
16015,33
15819,33
2748,46
15601,33
14985,33
2128,48
14981,33
14873,40
2020,33
14525,33
14180,46
1327,33
13092,33
12187,33
12063,33
12022,33
11336,33
10921,33
10885,33
10853,33
10174,33
10119,33
10108,33
9961,33
9486,33
9238,33
9103,33
8859,33
8810,33
15205,33
15062,33
15027,33
14998,33
8565,33
8497,39
21350,33
8428,35
21281,33
8252,35
21105,33
8130,58
20983,33
14300,33
14285,33
7843,33
7728,33
14146,34
1293,33
7674,61
20527,33
1238,62
14091,33
7519,56
20372,33
7476,33
7190,33
756,33
7079,33
6743,33
13122,33
13054,57
201,33
12904,33
6323,33
6311,33
6273,33
6175,33
6172,33
6107,33
6055,33
5913,33
11980,33
11976,33
5496,33
5451,33
5444,33
5355,33
5029,33
4999,33
4803,33
10972,33
4521,33
4457,33
17304,35
4451,33
4292,33
4257,33
4176,33
4169,33
10573,33
4141,33
20045,48
7192,33
7078,33
10254,33
10196,33
3695,33
3667,33
19683,58
6830,33
3605,54
16458,33
3564,38
16417,33
9963,33
169,33
9682,33
3036,52
15889,33
6231,33
9366,33
6130,33
6129,33
9274,33
6041,33
15669,33
2815,40
15668,33
15605,39
2752,33
2760,34
15613,33
2590,33
2561,33
5731,33
5716,33
8925,33
12098,33
15312,43
2459,33
18435,50
5582,33
15190,46
2337,33
5473,40
18326,33
5456,40
18309,33
16638,55
3785,33
2182,33
3676,33
5215,38
18068,33
8353,57
21206,33
6669,33
4911,33
45,40
12898,33
1610,33
1566,33
1527,33
19159,43
6306,33
1452,33
1384,33
1320,33
1265,33
14093,33
15667,33
1177,33
21193,41
8340,33
5100,33
4239,33
4219,33
1009,33
4194,33
3957,58
16810,33
3944,56
16797,33
3903,33
1494,33
12704,33
2115,53
14968,33
9333,33
1264,33
6785,33
773,33
1532,33
18388,40
5535,33
2298,33
4273,33
1033,33
6642,33
5209,43
18062,33
3961,58
16814,33
9964,33
5119,40
17972,33
2099,33
13114,33
535,33
2836,33
6505,33
7508,33
6696,33
8858,33
21321,34
19069,34
18557,34
18459,34
17342,34
17059,34
15858,34
2033,41
14886,34
14885,34
14069,42
1216,34
13279,34
12814,34
12813,34
12778,34
12760,34
12117,34
11826,34
10332,34
10107,34
9393,34
9265,34
9207,34
9124,34
8684,34
21536,58
8683,34
8654,34
15013,34
14988,34
14923,34
14293,48
1440,34
13286,34
6092,58
18945,34
5214,34
18001,58
5148,34
10678,34
16970,35
4117,34
4096,34
6939,34
9941,34
2977,34
9349,34
12462,34
12003,34
11893,34
2246,34
2239,34
2206,34
15017,34
1910,34
259,34
3332,48
16185,34
19368,43
6515,34
11230,34
1598,34
1537,34
15829,47
2976,34
15817,53
2964,34
4385,45
17238,34
7569,34
9903,34
8306,34
16952,38
4099,34
4697,34
10367,34
293,34
3511,34
16170,43
3317,34
6486,34
3228,34
9374,34
12426,34
9305,34
21501,35
21391,35
21131,35
21023,35
20787,35
20632,35
20469,35
20439,35
20409,35
20186,35
19293,35
18992,35
18421,35
18231,35
18104,35
17511,35
17452,35
17449,35
17335,35
17279,35
17277,35
17274,35
17269,35
17256,35
17245,35
17201,35
17083,35
17074,35
16957,35
16935,35
16932,35
16929,35
16926,35
16856,35
16794,35
16788,35
16357,35
16088,35
15840,35
14904,35
14199,35
12791,35
12755,35
12754,35
12690,35
12604,35
12563,35
11587,35
11580,35
11558,35
11519,35
11446,35
11390,35
11357,35
11287,35
11260,35
11175,35
11103,35
11076,35
10905,35
10695,35
10665,35
10642,35
10623,35
10608,35
10530,35
10455,35
10302,35
10265,35
9923,35
9847,35
9712,35
9657,35
9315,35
9076,35
2370,40
15223,35
15171,35
8699,35
8676,35
8663,35
8641,35
8608,35
8599,35
14912,35
14826,35
8141,35
20959,40
8106,35
8012,54
20865,35
7907,35
20453,44
7600,35
7477,35
7148,56
20001,35
7135,35
6716,35
6524,41
19377,35
12806,35
12602,35
12472,35
5908,35
18663,57
5810,35
5808,35
5561,35
5288,35
11658,35
5160,35
11498,35
5057,35
11198,35
4717,35
4712,35
11065,35
17448,48
4595,35
10809,35
10779,35
10767,35
4231,57
17084,35
4120,50
16973,35
4048,35
4026,35
10347,35
3870,46
16723,35
10264,35
10209,35
3777,52
16630,35
6788,35
6757,35
3553,35
9532,35
3078,35
3010,35
12623,35
9415,35
12609,35
6180,43
19033,35
9184,35
5964,35
9015,35
8982,35
12178,35
8692,35
8674,35
2028,41
14881,35
2025,35
354,35
5132,35
1886,57
14739,35
1848,35
1839,35
1809,35
9628,35
16052,50
3199,35
11225,35
1579,35
4632,35
1367,46
14220,35
1226,35
1197,35
4363,51
17216,35
10781,35
1148,35
10709,35
1871,35
1863,35
13908,35
11461,35
2620,35
13045,35
991,35
11397,35
9697,35
5583,52
18436,35
8725,35
1499,35
9515,35
6926,35
104,35
925,35
14951,35
3241,52
16094,35
10355,35
1656,35
1022,35
1951,35
2942,35
16755,61
3902,35
1680,35
9777,35
894,35
6941,35
1356,35
10352,35
3931,35
19492,58
6639,35
1201,35
20753,36
16538,36
9965,36
7755,36
20319,46
7466,36
19713,43
6860,36
10447,36
3997,58
16850,36
6018,36
21301,43
8448,36
17180,37
4327,36
1013,36
778,36
13025,36
2756,36
21562,37
20757,37
19418,37
18061,37
17169,37
16264,37
15996,37
15989,37
15950,37
15597,54
2744,37
12933,62
80,37
12706,37
9956,37
8015,37
6976,37
13159,37
6441,39
19294,37
12714,37
12703,37
6051,51
18904,37
12435,37
5410,37
5060,37
11059,37
10594,37
4084,37
16783,61
3930,37
10183,37
58,37
3105,37
2872,37
2858,37
9012,37
2260,37
5443,52
18296,37
10155,37
17791,45
4938,37
14573,37
111,37
17372,38
4519,37
1308,37
1100,37
5080,43
17933,37
7437,37
4811,37
4544,37
4055,48
16908,37
21423,38
20778,38
20090,38
19653,38
19262,38
19122,38
19017,38
18995,38
18994,38
18872,38
18493,38
18454,38
17748,38
17416,38
17384,38
17364,38
17333,38
17285,38
17275,38
17123,38
17103,38
16967,38
16740,38
16359,38
16310,38
16212,38
16098,38
16091,38
15643,38
15580,38
15504,38
14783,38
13721,52
868,38
13170,63
317,38
13119,38
12818,38
12743,38
12432,38
11330,38
11270,38
11179,38
11173,38
10742,38
10703,38
10342,38
10322,38
10062,38
9771,38
9489,38
9453,38
9201,38
9048,38
8656,38
21406,51
8553,38
8451,38
8209,38
7879,38
7767,38
800,38
7015,38
19866,57
7013,38
13053,38
19280,43
6427,38
6353,38
12524,38
5887,38
5826,38
5388,38
5210,38
11507,38
5071,38
4679,38
17491,43
4638,38
4541,38
4371,57
17224,38
4173,38
4103,38
4080,38
4074,38
16570,43
3717,38
6872,38
16493,43
3640,38
9974,38
13116,38
220,38
6581,38
3342,47
16195,38
3309,38
3211,38
3107,40
15960,38
2995,38
15675,38
2765,38
15451,38
2609,58
15462,38
15384,48
2531,38
15045,38
10200,38
8603,38
14867,38
3531,38
1918,40
14771,38
1929,38
1858,38
9734,38
3207,38
17622,58
4769,38
4630,38
1407,38
3001,64
15854,38
7825,38
1272,38
9175,38
7577,38
314,38
4306,38
4255,38
1036,38
1023,38
4000,41
16853,38
793,38
4780,56
17633,38
8722,49
21575,38
3898,38
3747,39
16600,38
6951,38
2923,38
4098,38
13266,38
1217,38
1184,38
5178,38
10398,38
12395,38
9192,38
3505,38
4993,38
3152,40
16005,38
9769,38
9760,38
6520,51
19373,38
12907,38
11497,38
19334,43
6481,38
2956,38
13274,38
10314,38
3630,38
16985,48
4132,38
1030,38
10825,38
3344,49
16197,38
816,38
4290,38
21571,39
21429,39
21419,39
21404,39
21387,39
21000,39
20773,39
20379,39
20137,39
19833,39
19649,39
19470,39
19256,39
19181,39
19137,39
18479,39
17957,39
17956,39
17872,39
17864,39
17812,39
17506,39
17053,39
17048,39
17000,39
16979,39
16656,39
16443,39
16232,39
16216,39
16203,39
16163,39
15894,39
15600,39
2079,54
14932,39
937,52
13790,39
12557,39
12485,39
12449,39
12317,39
12298,39
12195,39
12156,39
12054,39
11602,39
11449,39
11299,39
11253,39
11101,39
10429,39
10423,39
10404,39
10335,39
9850,39
9100,39
9047,39
8944,39
8932,39
8823,39
8512,39
8496,39
21291,40
8438,39
8425,51
21278,39
21214,51
8361,39
7977,39
7891,43
20744,39
7789,39
7639,39
7253,39
6819,39
13157,48
304,39
6463,39
6445,39
12797,39
12767,39
6082,39
12138,39
11872,39
5411,39
11763,39
5309,39
5293,39
5176,48
18029,39
5091,39
5013,45
17866,39
11402,39
4933,39
11237,39
4733,39
4606,39
4591,39
4323,39
10674,39
4167,39
3991,39
3912,39
3874,45
16727,39
10238,39
6815,39
13188,39
3415,39
3261,39
6331,39
9526,39
3013,39
2902,39
2799,39
5955,39
8778,39
8691,39
8690,39
11504,39
14689,40
1836,39
1735,39
16173,50
3320,39
16166,40
3313,39
19263,62
6410,39
19255,48
6402,39
8023,39
11161,39
4660,61
17513,39
7867,39
4623,39
9246,39
2637,39
4235,39
15425,39
1771,39
768,39
17601,57
4748,39
733,39
682,39
424,39
3573,39
1996,39
5357,62
18210,39
13787,39
9363,39
12965,39
2500,39
3298,39
1741,39
8947,39
21401,40
21358,40
21201,40
19802,40
18467,40
18402,40
18387,40
18280,40
18234,40
17863,40
17706,40
17686,40
17589,40
17421,40
17411,40
17399,40
17314,40
17164,40
17097,40
16636,40
16589,40
16510,40
16354,40
16332,40
16176,40
15742,40
2850,41
15703,40
849,49
13702,40
12836,40
12827,40
12683,40
12400,40
11860,40
11833,40
11822,40
11559,40
11403,40
11352,40
11243,40
11236,40
11210,40
11104,40
11041,40
10470,40
10445,40
10388,40
10371,40
10310,40
9853,40
9755,40
9544,40
9432,40
9296,40
15656,48
2803,40
9205,40
9197,40
9147,40
15329,53
2476,40
8873,40
8781,40
2275,51
15128,40
21538,58
8685,40
8628,40
8613,58
21466,40
8541,52
21394,40
8349,58
21202,40
7968,40
20669,51
7816,40
7809,48
20662,40
20363,41
7510,40
6955,61
19808,40
13184,58
331,40
247,40
64,52
12917,40
12803,40
6368,40
12692,40
6248,46
19101,40
12441,40
5888,40
5800,40
18564,59
5711,40
11996,40
11847,40
5363,40
5345,40
4890,40
11177,40
4621,40
10590,40
10581,40
3980,50
16833,40
3857,54
16710,40
3843,40
3830,40
7024,40
6993,40
478,40
10041,40
3577,40
16430,40
6737,40
3491,40
16262,49
3409,40
9799,40
3251,40
6425,40
3157,40
3069,40
9403,40
9279,40
9259,40
9014,40
12201,40
2559,40
8951,40
2530,40
8909,40
8880,40
8861,40
2419,40
8756,40
15149,40
11895,40
5474,40
486,40
21363,47
8510,40
19697,43
6844,40
5203,40
1948,40
9952,40
13024,40
134,57
12987,40
1682,40
3263,40
3204,40
1444,40
7796,40
10944,40
9302,40
1269,40
9234,40
15639,40
9206,40
7603,40
1156,40
5947,40
4266,40
5670,57
18523,40
857,40
4051,40
10435,40
3142,58
15995,40
5755,40
6944,40
1263,40
19664,58
6811,40
6778,40
8396,40
15213,40
3563,40
9977,40
6687,55
19540,40
12886,40
19318,53
6465,40
3396,40
1990,50
14843,40
7366,40
10548,40
8940,40
5899,43
18752,40
4739,40
10151,40
8441,40
9543,40
3702,59
16555,40
11637,40
10311,40
21242,41
20685,41
20299,41
20135,41
19815,41
16346,41
16342,41
12681,41
12562,41
12516,41
12364,41
12341,41
11990,41
11705,41
11566,41
11416,41
11145,41
10839,41
10253,41
9818,41
9301,41
8521,41
8430,62
21283,41
8391,44
21244,41
8388,41
8322,49
21175,41
21128,48
8275,41
8259,43
21112,41
20909,48
8056,41
8036,41
20736,51
7883,41
7869,41
7838,41
7739,41
7516,41
7455,44
20308,41
7359,41
7212,41
7080,64
19933,41
6475,41
6309,41
6271,41
5359,41
4814,41
4745,41
3952,41
10211,41
9839,41
2918,41
2820,41
2691,41
8965,41
2539,41
15324,62
2471,41
2350,41
2316,41
11877,41
5452,41
5422,41
5416,41
2026,41
1602,41
9625,41
1433,41
1366,41
2789,41
1191,41
1181,41
1138,41
1080,41
10598,41
2333,41
15145,41
3740,41
5725,41
8879,41
18426,48
5573,41
1528,41
731,41
1650,41
8229,41
1011,41
1007,41
6551,41
4930,41
6880,41
484,41
5321,41
490,41
21028,42
18303,42
15547,42
12005,42
6335,42
11377,42
2566,42
2919,44
15772,42
21319,43
20835,43
20641,43
20352,43
19837,43
19831,43
19711,43
19635,43
19383,43
19113,43
18898,43
18730,43
18342,43
18313,43
18239,43
18191,43
17770,43
17738,43
17728,43
17716,43
17579,43
17551,43
17315,43
17127,43
16796,43
16714,43
16676,43
16667,43
16531,43
16488,43
16463,43
16459,43
16404,43
16211,43
15565,43
1751,52
14604,43
110,58
12963,43
12751,43
12668,43
12625,43
12350,43
12276,43
12205,43
12106,43
12087,43
12049,43
11909,43
11722,43
11550,43
11527,43
11522,43
11435,43
11406,43
11405,43
11396,43
11378,43
11095,43
10971,43
10638,43
10158,43
10146,43
10098,43
10057,43
9929,43
9844,43
9561,43
9497,43
9454,43
9258,43
9045,43
9033,43
9020,43
8919,43
8732,43
15031,43
8571,43
7963,43
7895,43
7823,43
7687,43
7464,43
7225,43
13287,43
6866,50
19719,43
343,55
13196,43
13103,43
6562,43
6497,43
6315,43
12688,43
12661,43
12648,43
6218,43
6124,43
18888,58
6035,43
18811,58
5958,43
5935,43
5876,43
5873,43
5818,43
11997,43
5564,43
5558,43
5349,43
5332,43
11515,43
11505,43
5082,43
5081,43
11465,43
11166,43
10446,43
10414,43
712,43
3856,43
10216,43
10214,43
3673,43
10058,43
10052,43
3612,64
16465,43
376,43
13214,46
361,43
16252,52
3399,43
3327,43
16148,48
3295,43
16006,48
3153,43
3100,43
12663,43
2867,43
2847,43
6042,45
18895,43
2769,43
5965,43
5932,43
8998,43
15396,57
2543,43
8975,43
12172,43
2528,43
8849,43
5526,43
11892,43
3704,43
14949,43
6855,43
5228,43
19663,62
6810,43
10018,43
5121,43
1847,43
3400,43
1798,43
3384,43
1787,43
6488,43
19341,43
1678,43
1581,43
11196,43
3117,52
15970,43
12727,43
6246,43
15878,49
3025,43
1425,43
1412,43
10893,43
10867,43
4437,43
7629,43
14012,48
1159,43
4360,43
11526,43
1104,43
1074,43
17080,58
4227,43
13041,43
15448,43
7407,43
984,43
978,43
5708,43
2470,43
11201,43
18394,58
5541,43
732,43
7130,43
19983,43
2297,43
3888,43
558,43
6943,61
19796,43
6003,43
1203,43
10822,43
1584,43
387,43
11599,43
1153,43
3129,43
8730,43
1493,43
9573,43
8367,43
3269,52
16122,43
147,43
2491,43
10868,43
1740,43
11657,43
2884,43
840,43
21337,44
20910,44
20651,44
20598,44
20517,44
19142,44
18713,44
18708,44
16817,44
16798,44
16665,44
16602,44
16590,44
16219,44
16055,44
16030,44
15307,44
15295,44
12658,44
12391,44
12382,44
12380,44
12362,44
12258,44
12154,44
12149,44
12077,44
12031,44
11978,44
11884,44
11713,44
11700,44
11614,44
11568,44
11452,44
11333,44
11306,44
10999,44
10943,44
9237,44
9101,44
8794,44
8708,44
2251,48
15104,44
2203,52
15056,44
8579,44
8481,44
8457,44
21277,48
8424,44
8030,46
20883,44
20879,51
8026,44
13192,44
6670,44
140,44
12351,44
11898,44
5342,44
11567,44
4920,51
17773,44
4797,44
11034,44
10436,44
16811,62
3958,44
6787,44
6759,44
212,44
9610,44
9605,44
2916,52
15769,44
12353,44
8969,44
2429,44
12017,44
15094,44
11649,44
13165,44
5089,44
6540,44
1706,44
11302,44
41,44
1438,44
1428,44
1375,44
9287,44
10840,44
2663,44
9034,44
1608,44
3951,52
16804,44
11966,44
2342,44
538,44
1658,44
8981,44
11570,44
11540,44
6529,44
8995,44
2938,44
11644,44
12860,44
21222,45
19812,45
19466,45
19440,45
19365,45
19304,45
18997,45
18832,45
17975,45
17848,45
17661,45
17558,45
16911,45
16808,45
16719,45
16337,45
13138,45
12572,45
12569,45
12255,45
12244,45
12035,45
11750,45
11687,45
11565,45
11424,45
11340,45
11317,45
11018,45
10963,45
10884,45
10870,45
10600,45
10500,45
10427,45
10083,45
10032,45
9970,45
9937,45
9896,45
9652,45
9475,45
15679,45
2826,45
9113,45
8893,45
15153,45
8635,48
21488,45
8317,45
8297,45
8291,45
8286,45
14540,45
7893,58
20746,45
7774,45
7462,45
7048,45
534,45
6809,45
6701,45
6522,45
19375,45
6458,45
6227,45
6102,45
18955,45
12506,45
5906,45
12239,45
5461,45
17896,48
5043,45
11354,45
10599,45
10597,45
10538,45
10094,45
3631,45
13203,45
6313,45
9525,45
9428,45
5968,45
15553,55
2700,45
2518,45
2488,45
8899,45
2478,45
5624,45
5455,57
18308,45
2234,45
3713,45
11689,45
10046,45
6783,45
9930,45
13131,45
6680,45
13093,45
6672,45
8219,45
17825,52
4972,45
14524,45
8027,45
1449,45
1446,45
1288,45
1284,45
2825,45
1225,45
2807,45
20321,48
7468,45
2613,45
12914,45
18398,62
5545,45
6299,45
6288,45
2924,58
15777,45
10925,45
1643,45
10053,45
15259,45
5976,45
9994,45
7953,45
7949,55
20802,45
5078,45
151,45
4361,45
539,45
2519,45
1271,45
739,45
10556,45
6325,51
19178,45
1328,45
2437,45
21238,46
21103,46
21053,46
21034,46
20770,46
20634,46
20493,46
20237,46
20180,46
18875,46
18258,46
17795,46
16022,46
15834,46
15246,48
2393,46
14542,57
1689,46
12715,46
11758,46
11106,46
10980,46
10601,46
10561,46
9273,46
9097,46
8956,46
8595,52
21448,46
8311,52
21164,46
8017,46
7723,46
13854,46
388,46
6293,46
6240,46
6073,46
5993,46
12240,46
5680,46
5575,46
11904,46
5438,46
5417,46
5407,46
11690,46
11685,46
11569,46
11549,46
11479,46
10973,46
10919,46
715,46
6641,46
6213,46
6105,46
5894,46
10185,46
557,46
2112,46
420,46
1872,46
1861,46
167,46
1638,46
17618,48
4765,46
11031,46
1364,46
1245,46
1188,46
1160,46
4307,46
1084,46
210,46
6597,52
19450,46
998,46
187,46
4974,46
1765,46
7272,46
837,46
10381,46
3900,46
7735,46
1258,46
1198,46
1176,46
2750,46
11630,46
10023,46
3602,46
12115,46
12874,46
5741,46
1283,46
12153,46
859,46
17672,51
4819,46
21267,47
20936,47
20919,47
20721,47
20709,47
20420,47
20406,47
18840,47
18795,47
18773,47
18746,47
18738,47
18736,47
18698,47
18689,47
16991,47
12286,47
10947,47
9031,47
12608,47
191,47
3389,47
3189,47
15438,50
2585,47
15038,47
14558,47
3303,47
4584,47
5957,53
18810,47
194,47
543,47
2046,47
3181,47
1875,47
2696,47
4474,47
834,47
21565,48
21556,48
21517,48
21512,48
21339,48
21303,48
21138,48
21130,48
21076,48
20907,48
20902,48
20769,48
20377,48
20262,48
20039,48
20013,48
19993,48
19557,48
18674,48
18616,48
18372,48
18357,48
18160,48
18071,48
17877,48
17760,48
17423,48
17403,48
17365,48
17149,48
17128,48
17117,48
16871,48
16214,48
2630,55
15483,48
14982,48
14757,48
13649,48
12842,48
12725,48
12197,48
11551,48
11545,48
11460,48
11447,48
11444,48
11430,48
11297,48
11251,48
10729,48
10606,48
10306,48
10299,48
9797,48
9795,48
9764,48
9720,48
9689,48
9603,48
9535,48
9473,48
9356,48
15694,48
9134,48
15485,48
8710,48
21541,58
8688,48
8489,52
21342,48
8453,48
8309,48
8234,48
21030,57
8177,48
7839,48
7831,48
7669,48
7596,48
7570,48
7408,52
20261,48
791,48
6869,48
6770,48
13056,48
203,48
6337,48
12507,48
6034,48
6020,62
18873,48
12213,48
5724,48
18577,48
12122,48
5602,51
18455,48
5234,48
11555,48
11450,48
11324,48
11322,48
11314,48
11202,48
4781,48
11163,48
4708,48
11043,48
4583,52
17436,48
4513,48
10774,48
4297,48
10661,48
10625,48
4192,48
4061,48
7218,62
20071,48
10418,48
7196,48
7185,49
20038,48
16835,56
3982,48
7136,57
19989,48
7119,48
7070,48
10213,48
3534,48
13144,48
3449,48
16288,55
3435,48
9763,48
3222,48
16075,48
2971,48
12594,48
9348,48
9220,48
2688,48
15453,48
12179,48
2475,48
8806,48
2326,58
15179,48
2247,48
8667,48
8658,48
5408,48
8624,61
21477,48
6968,48
2000,48
17968,58
5115,48
1889,48
16336,52
3483,48
1845,48
1731,48
8137,48
12962,56
109,48
8109,48
49,48
9638,48
7899,48
4648,48
7866,49
20719,48
14270,48
3003,48
20485,58
7632,48
15562,48
256,48
10687,48
9834,48
10622,48
12203,48
982,48
969,48
1693,48
7310,48
16837,56
3984,48
10358,48
3109,48
697,48
11734,48
13688,58
835,48
4038,48
390,58
13243,48
1949,48
345,48
4735,48
3528,48
5127,48
17980,48
20927,51
8074,48
1761,48
2951,48
15804,48
11575,48
903,48
1076,48
3473,48
7260,48
20116,61
7263,48
1718,48
10752,48
7659,48
16286,62
3433,48
17113,49
16419,49
16300,49
15585,49
15573,50
2720,49
14263,49
12579,49
12574,49
12374,49
12237,49
11451,49
11015,49
10547,49
10432,49
10387,49
10237,49
10002,49
9959,49
9618,49
9599,49
9413,49
9388,49
15278,49
8784,49
15029,49
8221,49
7864,49
7064,49
6913,62
19766,49
6763,49
6635,49
6222,49
11643,49
17632,58
4779,49
11100,49
4551,49
4498,49
17028,57
4175,49
10566,49
10509,49
19913,57
7060,49
10222,49
10208,49
10180,49
10068,49
3578,49
9414,49
9383,49
9371,49
8797,49
5440,49
2198,49
442,49
11510,49
14629,49
1526,49
1429,57
14282,49
10805,49
7217,49
3939,62
16792,49
146,49
5351,49
8467,49
4023,49
1575,49
1571,49
8791,49
11358,49
2039,49
10054,49
3598,49
19890,50
17060,50
16961,50
16100,50
13256,50
11957,50
11205,50
11181,50
11171,50
11137,50
10845,50
10738,50
10328,50
10318,50
9812,50
15389,50
14930,50
14872,50
8314,50
8138,50
7557,50
7066,50
6561,50
6434,50
12488,50
11953,50
5429,50
10873,50
4366,50
4364,50
4286,50
4081,50
10394,50
3720,50
374,50
6301,50
12463,50
5972,50
2435,50
11961,50
11932,50
2231,50
16450,62
3597,50
13142,50
9706,50
3254,54
16107,50
1211,50
9135,50
10648,50
10324,50
1343,50
3723,50
2522,50
6111,50
16561,51
3708,50
8761,50
1498,50
10694,50
1842,50
13237,50
1946,50
5250,50
21447,51
21295,51
21286,51
21233,51
21047,51
20976,51
20712,51
20567,51
20432,51
20381,51
19862,51
19459,51
18719,51
18606,51
17811,51
17788,51
16912,51
15733,51
13552,64
699,51
12169,51
11754,51
11684,51
11683,51
11128,51
11028,51
11019,51
10966,51
10964,51
10923,51
10856,51
10027,51
9647,51
9611,51
9566,51
9334,51
9003,51
8935,51
8742,51
8488,51
14630,51
14103,51
7410,51
7302,51
6747,51
6711,51
6500,51
24,51
6257,51
6138,51
5991,51
12078,51
11622,51
11588,51
5114,52
17967,51
10879,51
4258,51
4157,51
10534,51
734,51
10227,51
3806,51
3771,51
19703,62
6850,51
6211,51
9389,51
2645,51
15477,51
8814,51
5538,51
15152,51
2252,51
2249,51
2227,51
14995,51
2016,51
5051,51
4914,51
1655,51
11058,51
11036,51
1157,51
4337,51
1117,51
1003,51
11308,51
2479,51
848,51
781,51
7104,53
19957,51
680,51
2276,51
5317,51
8530,51
7432,51
4554,51
5354,51
4954,51
10089,51
7762,51
1639,51
21503,52
21297,52
21143,52
20682,52
19050,52
18356,52
18339,52
18252,52
17643,52
17559,52
17015,52
16986,52
16885,52
16644,52
16495,52
16481,52
16434,52
16399,52
16369,52
16159,52
16152,52
15987,52
15967,52
15841,52
15762,52
15296,52
15103,52
14928,52
14672,52
13136,52
12885,52
12772,52
12573,52
12531,52
12521,52
12383,52
12318,52
12216,52
12202,52
12059,52
12044,52
11883,52
11711,52
11617,52
11418,52
11381,52
11272,52
11255,52
11049,52
10988,52
10922,52
10551,52
10434,52
10292,52
10233,52
9981,52
9967,52
9940,52
9927,52
9869,52
9641,52
9590,52
15674,52
15468,52
2397,56
15250,52
8799,52
14984,52
2114,57
14967,52
8435,52
8373,52
14697,52
14547,56
1694,52
8050,52
8039,52
14393,52
7903,52
7902,52
7442,52
7332,52
13656,52
7216,52
6732,52
6503,52
6277,52
6217,52
6113,52
12515,52
12171,52
5660,52
5647,52
5563,52
11979,52
5505,52
11714,52
11708,52
11539,52
4894,52
17746,57
4893,52
4810,52
4751,52
4605,52
17052,59
4199,52
4161,52
4160,52
4145,52
4088,64
16941,52
3865,52
16718,52
3790,52
552,52
10000,52
6762,52
6723,52
3490,58
16343,52
9884,52
3420,52
6612,52
9560,52
3118,52
12551,52
6121,52
9337,52
9328,52
2818,52
15641,52
12389,52
5951,52
2729,52
9139,52
2711,52
9059,52
9032,52
2569,52
15325,52
15240,52
5586,52
18432,61
5579,52
2307,52
15107,52
5431,52
6863,52
6748,52
6721,52
5092,52
14666,52
6547,52
11335,52
12831,52
8022,52
1572,52
1502,52
9484,52
1466,52
7870,52
1339,52
7673,52
7647,52
2806,52
1209,52
10832,52
1208,52
1193,52
12378,52
1152,52
1123,52
9098,52
9867,52
1024,52
17076,62
4223,52
1016,52
1015,52
983,52
11395,52
2505,52
4887,52
13708,52
10472,52
3937,52
3910,52
5500,52
9373,52
14168,56
1315,52
4774,52
13187,52
334,52
9550,52
3899,52
13709,52
56,52
4410,52
7428,52
963,52
14993,52
130,52
145,52
922,52
10544,52
123,52
15598,52
6853,52
447,52
8162,52
7465,52
3893,52
6699,52
9861,52
6539,52
14975,52
1732,52
9736,52
10440,52
852,52
3890,52
10105,52
21567,53
19807,53
18860,53
17038,53
17001,53
16097,53
14844,53
13201,53
12490,53
12465,53
12399,53
12011,53
11900,53
11866,53
11372,53
11265,53
11183,53
10876,53
10100,53
9654,53
15198,53
290,53
249,53
6632,53
75,53
42,53
12655,53
5134,53
5002,53
4785,53
4603,53
10902,53
4349,53
4267,53
3559,53
3034,53
2550,53
12152,53
8903,53
5471,53
562,53
1880,53
7888,53
1312,53
1212,53
1085,53
10640,53
8105,53
2467,53
754,53
7124,53
12424,53
9680,53
1207,53
6912,53
977,53
875,53
842,53
4071,53
1715,53
16568,54
15464,62
2611,54
12824,54
11728,54
11400,54
10877,54
10112,54
15528,54
8992,54
15280,54
8846,54
8227,54
7725,54
7696,54
7349,54
7245,54
555,54
6287,54
6106,54
17911,58
5058,54
4796,54
4613,54
4374,54
7063,54
3841,54
6852,54
13062,54
6590,54
3194,54
15593,54
2664,54
9030,54
12045,54
2398,54
2379,54
2230,54
10181,54
10115,54
6734,54
6532,54
20811,58
7958,54
1379,54
4523,54
10833,54
1071,54
12929,54
811,54
7975,54
6312,54
8733,54
2549,54
113,54
83,54
6864,54
817,54
1173,54
11156,54
7141,54
50,54
6862,54
7358,54
13333,61
480,54
865,54
1747,54
1287,54
16549,55
15959,55
12288,55
11282,55
11090,55
10085,55
9438,55
9284,55
15120,55
8545,55
14729,55
7979,55
7974,55
7707,55
7694,55
20489,58
7636,55
6894,55
6661,55
6577,55
18390,62
5537,55
11730,55
11027,55
4505,55
2920,55
9268,55
12155,55
8768,55
5300,55
407,55
406,55
404,55
11636,55
9904,55
1794,55
8007,55
1360,55
6120,55
7690,55
7631,55
14761,55
7189,55
3258,55
9040,55
3603,55
3382,55
5694,55
8454,55
21372,56
20514,56
17554,56
16839,56
16836,56
16834,56
16401,56
16390,56
16003,56
15897,56
15759,56
15637,56
15299,56
2159,62
15012,56
14402,56
12304,56
12184,56
12119,56
12114,56
11428,56
10076,56
10074,56
9875,56
9671,56
9612,56
9588,56
9551,56
15688,56
9074,56
15335,58
2482,56
8908,56
8808,56
14551,56
14316,56
7277,56
7235,56
722,56
6733,56
6684,56
6673,56
6460,56
12036,56
4459,56
4440,56
3873,62
16726,56
3808,56
3807,56
3647,56
9056,56
5662,56
2265,57
15118,56
3765,56
2163,56
14550,56
12301,56
1065,56
5593,56
1342,56
7732,56
3584,64
16437,56
2781,56
10163,56
9117,56
1244,56
10565,56
1341,56
5729,56
20035,57
19906,57
19895,57
19892,57
19769,57
19762,57
19453,57
19325,57
18922,57
18859,57
17596,57
17562,57
17349,57
17340,57
16622,57
15993,57
15664,57
15052,57
15037,57
14028,57
13077,57
12937,57
12717,57
12707,57
12677,57
12344,57
11983,57
11867,57
11514,57
11484,57
11274,57
10992,57
10901,57
10892,57
10847,57
10508,57
10140,57
10114,57
10096,57
10086,57
9809,57
9661,57
9410,57
8977,57
8479,57
8193,63
21046,57
7935,57
7928,57
7896,57
7874,57
7847,57
7671,57
7158,57
725,57
13105,57
13043,57
6385,61
19238,57
12636,57
12512,57
6027,57
12321,57
5854,57
12219,57
5421,57
5102,57
11386,57
4339,57
3916,57
6767,57
12888,57
12853,57
9570,57
3115,58
15968,57
3038,57
9431,57
9288,57
6030,57
15629,57
11837,57
15024,57
532,57
6710,57
3395,57
1626,57
1620,57
14423,57
7967,57
12667,57
1434,57
11051,57
1300,57
4328,57
2677,57
1032,57
1816,57
185,57
9563,57
9510,57
1335,57
12532,57
3707,57
820,57
6807,57
15623,57
369,57
6784,57
9025,57
3387,57
8572,57
1099,57
1220,57
1332,57
4408,57
6886,57
19946,58
7093,57
21576,58
20905,58
20396,58
20012,58
19799,58
19786,58
19751,58
18962,58
18392,58
18371,58
17876,58
17870,58
17860,58
17813,58
17776,58
17700,58
17247,58
17221,58
17212,58
17148,58
17011,58
16962,58
16925,58
16851,58
16680,58
16652,58
16429,58
16123,58
15810,58
15569,58
15478,58
15292,58
15230,58
12775,58
12759,58
12676,58
12281,58
12027,58
11933,58
11854,58
11793,58
11791,58
11638,58
11627,58
11625,58
11344,58
11285,58
11279,58
11252,58
11029,58
10978,58
10555,58
10361,58
9742,58
9733,58
9527,58
9505,58
9408,58
15294,58
8707,58
8618,58
8567,58
8108,58
8091,58
8089,58
8068,58
8021,58
13904,58
20247,61
7394,58
7391,58
7322,58
714,58
679,62
13532,58
496,58
13280,58
157,58
6450,58
6178,58
6060,58
5740,58
12084,58
5398,58
5272,58
5270,58
11506,58
4816,58
4795,58
4711,58
4369,58
10768,58
10744,58
4075,58
4066,58
4027,58
10313,58
10291,58
7067,58
10090,58
356,58
3488,58
12834,58
12696,58
6202,58
2965,58
2945,58
6054,58
5743,58
5734,58
5596,58
5511,58
8696,58
8689,58
2219,58
8615,58
10191,58
5366,58
5276,58
14907,58
2054,58
13265,58
14842,58
3592,58
362,58
3442,58
8222,58
12878,58
3198,58
3166,58
3063,58
7848,58
1414,58
1409,58
9382,58
9283,58
9210,58
7558,58
1897,58
1072,58
10633,58
10521,58
15309,58
8855,58
1588,58
9582,58
748,58
3094,58
3089,58
7763,58
9345,58
12146,58
7722,58
3699,58
14888,58
5620,58
9202,58
15217,58
2371,58
9926,58
853,58
6471,58
1808,58
10831,58
960,58
3093,58
5283,58
5162,58
3356,58
16950,61
4097,58
3336,58
939,58
8554,58
14875,58
18,58
7749,58
3684,58
4043,58
18549,59
18488,59
18465,59
18362,59
16304,59
16274,59
16074,59
12687,59
12657,59
12592,59
12571,59
12483,59
12336,59
12302,59
12274,59
12246,59
12235,59
12147,59
12125,59
12112,59
12102,59
12040,59
12010,59
11989,59
11960,59
11940,59
11934,59
12694,59
12509,59
12316,59
12260,59
12229,59
12101,59
12016,59
11941,59
11913,59
3092,59
12632,59
15579,59
15560,59
2027,59
3219,59
2952,59
12514,59
12908,59
15914,60
12224,60
13834,60
3040,60
12843,60
105,60
19625,61
19082,61
19081,61
19077,61
18509,61
18495,61
18463,61
18458,61
18437,61
18433,61
18366,61
17442,61
17400,61
16990,61
16940,61
16854,61
16772,61
16767,61
16415,61
16164,61
16142,61
16134,61
12466,61
11795,61
11765,61
11379,61
11276,61
11261,61
11191,61
11170,61
10827,61
10757,61
10737,61
10604,61
10385,61
10377,61
9829,61
9433,61
9107,61
8726,61
8706,61
8543,61
8363,61
8347,61
7584,61
444,61
13282,61
13238,61
13007,61
100,61
12758,61
12464,61
5849,61
5839,61
5830,61
5798,61
12080,61
5485,61
5260,61
5238,61
5207,61
5205,61
11197,61
4741,61
4634,61
4091,61
4036,61
10285,61
10261,61
6965,61
13172,61
330,61
6619,61
213,61
3210,62
16063,61
12752,61
3073,61
12407,61
5848,61
2555,61
11894,61
6982,61
13284,61
5245,61
5231,61
1912,61
8190,61
4881,61
4771,61
6000,61
7591,61
9178,61
9165,61
1147,61
1102,61
10724,61
1079,61
5052,61
5782,61
974,61
5769,61
1681,61
870,61
4700,61
895,61
3661,61
2843,61
6371,61
6758,61
867,61
8211,61
1158,61
450,61
940,61
11160,61
839,61
10553,61
929,61
2529,61
1068,61
21292,62
21261,62
21134,62
21041,62
20710,62
19874,62
19870,62
19464,62
19180,62
19155,62
18921,62
17752,62
17529,62
17412,62
17317,62
17168,62
17146,62
16688,62
16512,62
16420,62
16287,62
15713,62
15591,62
15060,62
12956,62
12702,62
12305,62
11268,62
11063,62
10998,62
10899,62
10894,62
10817,62
10788,62
10245,62
10173,62
10038,62
9920,62
9918,62
9915,62
9252,62
15545,62
9053,62
8716,62
8126,62
7824,62
7715,62
7344,62
7319,62
7065,62
6818,62
6817,62
13186,62
13151,62
6702,62
6538,62
6278,62
12620,62
12503,62
12331,62
5641,62
11982,62
11086,62
10541,62
10515,62
797,62
7046,62
3821,62
13180,62
3139,62
9434,62
6059,62
15494,62
11679,62
10066,62
12851,62
4804,62
1601,62
8000,62
6166,62
1276,62
1243,62
2671,62
3460,62
2660,62
724,62
1500,62
545,62
2126,62
2912,62
2898,62
11725,62
14485,62
9984,62
6731,62
13141,62
6477,62
6604,62
1760,62
2896,62
497,62
1340,62
10442,62
7698,62
10095,62
1039,62
21177,63
16279,63
16115,63
13190,63
11970,63
15568,63
14418,63
10682,63
15584,63
17523,64
17089,64
16285,64
16251,64
16188,64
16133,64
15510,64
12785,64
12413,64
11794,64
11284,64
10796,64
10755,64
10710,64
10416,64
10356,64
9745,64
9299,64
9217,64
8629,64
7100,64
6981,64
12523,64
5909,64
5905,64
5819,64
11832,64
11798,64
5360,64
5269,64
11256,64
11228,64
4768,64
7020,64
12846,64
5945,64
8760,64
8728,64
8678,64
11864,64
11193,64
9218,64
3482,64
15523,64
9880,64
2565,64
13739,64
10321,64
9781,64
5223,64
