21222,0
21196,0
20657,0
20646,0
19812,0
19466,0
19440,0
19365,0
19304,0
18997,0
18832,0
17975,0
17848,0
17661,0
17558,0
16911,0
16808,0
16719,0
16337,0
13263,3
410,0
13138,0
12572,0
12569,0
12255,0
12244,0
12035,0
11750,0
11687,0
11565,0
11424,0
11340,0
11317,0
11018,0
10963,0
10884,0
10870,0
10600,0
10500,0
10427,0
10083,0
10032,0
9970,0
9965,0
9937,0
9896,0
9652,0
9475,0
15679,0
2826,0
9113,0
8893,0
15153,0
8635,24
21488,0
15020,3
2167,0
21412,20
8559,0
8317,0
8297,0
8291,0
8286,0
14646,0
14540,0
7893,15
20746,0
7817,14
20670,0
7774,0
7755,0
20529,37
7676,0
7462,0
20302,7
7449,0
20241,37
7388,0
13633,23
780,0
7048,0
534,0
6809,0
6798,12
19651,0
6701,0
13118,0
260,31
13113,0
19534,23
6681,0
19375,19
6522,0
6458,0
6227,0
18955,30
6102,0
12506,0
5906,0
12239,0
18383,23
5530,0
5461,0
5316,0
17896,24
5043,0
17866,6
5013,0
11354,0
10599,0
10597,0
10538,0
4065,10
16918,0
3997,3
16850,0
3954,7
16807,0
16727,6
3874,0
16608,16
3755,0
10094,0
3631,0
3569,7
16422,0
13203,0
6621,23
19474,0
3131,23
15984,0
6313,0
9428,0
18895,36
6042,0
5968,0
2761,0
15553,9
2700,0
2518,0
2488,0
8899,0
2478,0
5624,0
15188,33
2335,0
2270,0
5455,6
18308,0
2234,0
3713,0
11689,0
10046,0
21300,33
8447,0
6783,0
8350,7
21203,0
8339,21
21192,0
13131,0
6680,0
13093,0
6672,0
8219,0
17825,39
4972,0
14524,0
3163,12
16016,0
1446,0
14154,34
1301,0
1288,0
1284,0
2825,0
1225,0
2807,0
20474,23
7621,0
17238,31
4385,0
17958,1
5105,0
20321,3
7468,0
2613,0
12914,0
18398,1
5545,0
6288,0
2924,3
15777,0
5313,33
18166,0
10925,0
10053,0
15259,0
17273,23
4420,0
5984,0
20037,36
7184,0
5976,0
9994,0
3547,34
16400,0
7949,9
20802,0
18354,16
5501,0
5078,0
151,0
4361,0
539,0
6557,31
19410,0
2519,0
1271,0
2756,0
739,0
10556,0
6325,21
19178,0
1328,0
2437,0
21576,1
21401,1
21357,1
21201,1
20769,1
20398,1
20396,1
19786,1
19758,1
19692,1
19419,1
19293,1
19241,1
19167,1
18975,1
18917,1
18865,1
18667,1
18600,1
18392,1
18280,1
18099,1
18071,1
17986,1
17899,1
17863,1
17686,1
17422,1
17411,1
17406,1
17399,1
17343,1
17342,1
17314,1
17247,1
17152,1
17097,1
17067,1
17011,1
17000,1
16979,1
16962,1
16776,1
16680,1
16589,1
16577,1
16332,1
16215,1
16176,1
16095,1
16023,1
15913,1
15810,1
2850,33
15703,1
15315,33
2462,1
2411,36
15264,1
15237,1
2020,4
14873,1
1684,14
14537,1
13559,31
706,1
12905,1
12827,1
12760,1
12633,1
12400,1
12281,1
12027,1
11900,1
11791,1
11490,1
11352,1
11252,1
11183,1
11123,1
11104,1
10584,1
10445,1
10371,1
10310,1
10038,1
9976,1
9853,1
9795,1
9779,1
9544,1
9527,1
9432,1
9423,1
9356,1
9197,1
15545,1
8944,1
2476,6
15329,1
15314,1
8873,1
8845,1
8835,1
15223,13
2370,1
8688,23
21541,1
21519,28
8666,1
21491,23
8638,1
8628,1
8359,1
21202,13
8349,1
21067,12
8214,1
8068,1
20792,34
7939,1
7937,23
20790,1
7840,22
20693,1
20669,21
7816,1
7809,24
20662,1
20446,7
7593,1
7391,1
20165,16
7312,1
7030,1
551,6
13404,1
19644,20
6791,1
13210,1
13194,1
19572,15
6719,1
19483,23
6630,1
12959,1
42,1
6437,5
19290,1
12803,1
6382,1
6350,1
12699,1
6215,1
6214,1
6208,1
6189,31
19042,1
6125,1
6085,3
18938,1
12468,1
5998,38
18851,1
5888,1
5740,1
5727,1
5713,3
18566,1
12084,1
5603,22
18456,1
11996,1
18407,24
5554,1
5363,1
5323,31
18176,1
5303,1
11661,1
18048,7
5195,1
5148,31
18001,1
4848,3
17701,1
17660,4
4807,1
4711,1
17543,2
4690,1
4425,1
10768,1
4310,36
17163,1
4259,1
10678,1
10674,1
4245,22
17098,1
10590,1
4159,15
17012,1
4113,31
16966,1
16916,7
4063,1
4027,1
3991,1
3980,31
16833,1
736,1
3912,1
3908,26
16761,1
16739,24
3886,1
7067,1
16717,27
3864,1
3838,1
7024,1
16653,27
3800,1
6993,1
6985,1
3768,18
16621,1
6961,1
16554,16
3701,1
9941,1
9912,1
3488,1
19512,31
6659,1
3425,34
16278,1
9799,1
3271,1
6425,1
15968,6
3115,1
6310,19
19163,1
12696,1
6090,1
6054,1
12462,1
2833,1
9204,1
9190,1
15621,23
2768,1
15617,24
2764,1
2596,1
12208,1
12201,1
5780,1
8991,1
2546,1
18599,24
5746,1
5734,1
8909,1
2386,20
15239,1
8756,1
15149,1
5474,1
18326,4
5473,1
5471,1
15110,24
2257,1
8689,1
2238,22
15091,1
2108,1
486,1
21363,12
8510,1
5276,1
5268,1
14907,36
2054,1
19697,36
6844,1
19681,34
6828,1
3622,34
16475,1
14842,1
3592,1
362,1
9978,1
1948,1
14755,16
1902,1
5115,13
17968,1
3469,1
14689,1
1836,1
8222,1
6573,21
19426,1
3313,6
16166,1
19368,36
6515,1
1682,1
12898,4
45,1
3254,9
16107,1
12851,1
3198,1
3204,1
3166,1
1562,1
17593,23
4740,1
4659,1
1444,1
4641,38
17494,1
17470,23
4617,1
1414,1
1379,1
1292,1
1260,1
7672,15
20525,1
9234,1
7632,23
20485,1
15639,1
1197,1
3517,35
16370,1
13946,1
1897,1
3474,35
16327,1
16312,39
3459,1
4266,1
2637,1
4227,36
17080,1
199,36
13052,1
10633,1
176,1
12203,1
10521,1
87,22
12940,1
1693,1
896,1
3264,3
16117,1
857,1
4054,1
1634,1
8855,1
7234,34
20087,1
10435,1
9582,1
16810,4
3957,1
7966,1
748,1
5541,36
18394,1
20793,21
7940,1
2312,1
18360,24
5507,1
677,23
13530,1
3089,1
7763,1
6944,1
6525,6
19378,1
4518,1
7722,1
6093,1
2890,1
3688,1
3660,23
16513,1
13243,23
390,1
15217,1
2375,1
8396,1
16021,14
3168,1
2371,1
1966,1
13950,1
4304,37
17157,1
6687,9
19540,1
12886,1
18686,36
5833,1
1808,1
1990,31
14843,1
4964,1
16005,12
3152,1
3751,5
16604,1
5149,1
7366,1
5737,15
18590,1
17972,4
5119,1
5899,36
18752,1
14941,1
3277,1
16130,1
5162,1
20168,5
7315,1
4739,1
3730,2
16583,1
8554,1
932,1
8441,1
9374,1
3744,15
16597,1
4233,1
17086,1
13060,1
14055,1
11637,1
10311,1
4043,1
21480,2
21352,2
21272,2
21271,2
21256,2
21237,2
21236,2
21234,2
21232,2
21221,2
21194,2
21189,2
21136,2
21053,2
21049,2
21045,2
21022,2
20969,2
20920,2
20812,2
20800,2
20798,2
20779,2
20735,2
20711,2
20680,2
20672,2
20660,2
20658,2
20652,2
20596,2
20566,2
20561,2
20558,2
20502,2
20499,2
20470,2
20450,2
20440,2
20400,2
20385,2
20376,2
20310,2
20278,2
20105,2
19915,2
19850,2
19803,2
19745,2
19723,2
19710,2
19674,2
19427,2
19171,2
18953,2
18816,2
18283,2
18155,2
18120,2
17802,2
17712,2
17655,2
17616,2
17556,2
17489,2
16910,2
16890,2
16858,2
16825,2
16818,2
16816,2
16809,2
16800,2
16705,2
16672,2
16551,2
16461,2
16388,2
16385,2
16377,2
16376,2
16371,2
16317,2
16297,2
15888,2
15886,2
15819,2
15790,2
2779,22
15632,2
15476,2
15211,2
2291,17
15144,2
15119,36
2266,2
2237,34
15090,2
2118,24
14971,2
1769,27
14622,2
14516,2
14180,37
1327,2
13031,2
12721,2
12645,2
12631,2
12520,2
12211,2
12061,2
12042,2
11879,2
11736,2
11727,2
11629,2
11621,2
11564,2
11500,2
11494,2
11443,2
11307,2
11115,2
11047,2
10924,2
10917,2
10851,2
10609,2
10499,2
10478,2
10431,2
10119,2
10037,2
9995,2
9973,2
9558,2
9427,2
9405,2
9378,2
9364,2
9346,2
2695,39
15548,2
9111,2
15495,2
9049,2
8865,2
8750,2
8740,2
15157,27
2304,2
2273,30
15126,2
15109,2
8636,36
21489,2
8602,13
21455,2
2153,22
15006,2
2149,10
15002,2
14998,2
8577,33
21430,2
14900,3
2047,2
8428,13
21281,2
8409,2
21262,2
21260,5
8407,2
8399,25
21252,2
8374,24
21227,2
8366,4
21219,2
8364,2
8342,24
21195,2
8320,17
21173,2
8313,16
21166,2
8254,2
8131,11
20984,2
8001,2
14389,23
1536,2
7961,13
20814,2
20775,36
7922,2
7894,22
20747,2
14314,39
1461,2
7880,2
14300,2
7752,5
20605,2
7730,19
20583,2
7728,2
7678,36
20531,2
7674,38
20527,2
1238,15
14091,2
7635,6
20488,2
7623,38
20476,2
7620,25
20473,2
7585,38
20438,2
7533,23
20386,2
7504,36
20357,2
7476,2
7331,2
20129,37
7276,2
7259,8
20112,2
7072,2
7012,32
19865,2
6779,2
6622,31
19475,2
12915,2
12904,2
6317,6
19170,2
6273,2
6233,2
12596,2
6088,2
6048,2
6017,16
18870,2
5950,2
5922,2
12334,2
18754,12
5901,2
5879,31
18732,2
12231,2
11976,2
18348,31
5495,2
5492,2
18336,36
5483,2
5464,2
5426,2
5389,38
18242,2
5367,2
5327,21
18180,2
5308,2
18150,24
5297,2
5212,32
18065,2
5175,24
18028,2
17943,24
5090,2
11503,2
11478,2
5029,2
4900,27
17753,2
4898,31
17751,2
4814,2
4794,2
4792,2
4777,37
17630,2
4692,31
17545,2
10897,2
10891,2
4457,2
17291,11
4438,2
4357,2
17129,23
4276,2
17037,5
4184,2
4141,2
3989,2
19986,38
7133,2
3922,2
698,2
3784,2
3697,2
466,2
19683,3
6830,2
3564,31
16417,2
3533,23
16386,2
3353,28
16206,2
6254,2
9444,2
6185,2
9366,2
6129,2
15695,2
9260,2
15669,2
5994,2
15605,3
2752,2
2751,2
12352,2
18751,3
5898,2
5850,13
18703,2
9066,2
15446,36
2593,2
2590,2
5731,2
8925,2
2483,16
15336,2
18530,23
5677,2
15312,36
2459,2
5632,2
2409,2
8826,2
2380,37
15233,2
18435,39
5582,2
15190,37
2337,2
8767,2
2320,2
8731,2
5494,2
5456,31
18309,2
5441,15
18294,2
3772,9
16625,2
8528,2
2107,6
14960,2
2092,2
11666,2
2042,2
6827,27
19680,2
3623,9
16476,2
3557,20
16410,2
6729,2
6669,2
1803,2
6523,2
19344,34
6491,2
19308,4
6455,2
8047,33
20900,2
4805,2
14427,2
1543,2
4729,2
1524,2
14313,23
1460,2
1467,2
1452,2
3046,34
15899,2
1404,2
1320,2
1317,2
7709,22
20562,2
12505,2
2866,21
15719,2
9270,2
4419,2
18863,15
6010,2
7618,15
20471,2
4351,2
21193,33
8340,2
8318,2
20358,7
7505,2
7500,23
20353,2
8292,2
1063,2
3446,13
16299,2
21123,31
8270,2
19473,15
6620,2
19462,6
6609,2
4194,2
10610,2
17042,31
4189,2
12204,2
13027,2
15421,23
2568,2
8986,2
6495,2
5682,2
7287,31
20140,2
12014,2
3996,2
17644,15
4791,2
783,2
7985,15
20838,2
14417,10
1564,2
1554,2
3960,6
16813,2
11977,2
3948,14
16801,2
15180,2
2322,15
15175,2
7139,2
7950,23
20803,2
7113,16
19966,2
3903,2
13539,31
686,2
1492,2
3895,2
11112,2
12704,2
8970,2
4155,2
1344,2
528,2
9333,2
9311,2
846,2
12869,2
6799,2
6814,25
19667,2
3575,17
16428,2
6785,2
3582,2
773,2
16824,39
3971,2
728,2
1135,2
2298,2
7914,33
20767,2
11499,2
4273,2
20344,7
7491,2
4056,13
16909,2
456,2
9029,2
8184,38
21037,2
7381,39
20234,2
3961,3
16814,2
1351,2
9964,2
533,2
19386,34
6533,2
10946,2
15359,2
21373,7
8520,2
3377,36
16230,2
483,2
19329,12
6476,2
14517,2
5650,2
7096,2
1642,2
21191,4
8338,2
1525,2
18858,31
6005,2
7626,13
20479,2
16874,14
4021,2
6804,31
19657,2
7634,2
17073,23
4220,2
21571,3
21550,3
21429,3
21419,3
21404,3
21376,3
21000,3
20905,3
20734,3
20379,3
19799,3
19751,3
19679,3
19507,3
19470,3
18962,3
18479,3
18138,3
18017,3
17956,3
17876,3
17872,3
17864,3
17860,3
17839,3
17812,3
17776,3
17760,3
17612,3
17574,3
17538,3
17506,3
17212,3
17053,3
17048,3
16851,3
16652,3
16443,3
16216,3
16203,3
16163,3
15894,3
15736,3
15569,3
15387,35
2534,3
15292,3
15230,3
2269,31
15122,3
2079,9
14932,3
14736,3
13757,36
904,3
13224,27
371,3
271,28
13124,3
12963,36
110,3
12676,3
12647,3
12557,3
12529,3
12485,3
12449,3
12443,3
12317,3
12298,3
12195,3
12156,3
12054,3
11793,3
11449,3
11344,3
11299,3
11285,3
11144,3
11105,3
11074,3
10404,3
10361,3
10348,3
10335,3
9971,3
9872,3
9850,3
9742,3
9733,3
9505,3
9487,3
9465,3
2658,5
15511,3
9047,3
2496,16
15349,3
2482,27
15335,3
15294,3
8711,3
2275,21
15128,3
21538,14
8685,3
8618,3
8613,23
21466,3
14933,39
2080,3
8512,3
14911,3
21325,16
8472,3
21291,15
8438,3
21129,6
8276,3
8240,23
21093,3
8225,3
21078,3
8205,3
21030,6
8177,3
20983,4
8130,3
8091,3
7891,36
20744,3
7876,3
20725,15
7872,3
7845,22
20698,3
7826,7
20679,3
7791,3
7639,3
20401,4
7548,3
13904,3
20328,34
7475,3
7363,9
20216,3
20195,7
7342,3
13753,3
7253,3
714,3
496,3
19702,34
6849,3
13157,23
304,3
6657,24
19510,3
6528,27
19381,3
19380,34
6527,3
6507,10
19360,3
6463,3
19294,28
6441,3
12797,3
6082,3
5835,31
18688,3
18563,35
5710,3
5585,17
18438,3
5465,3
11872,3
11763,3
18152,16
5299,3
5293,3
5286,3
18075,15
5222,3
5177,3
5176,24
18029,3
11506,3
11492,3
5058,9
17911,3
5020,36
17873,3
11402,3
17659,34
4806,3
4779,17
17632,3
4733,3
17540,6
4687,3
17432,24
4579,3
17330,23
4477,3
4397,22
17250,3
4369,3
4204,3
4167,3
4146,3
4075,3
16886,25
4033,3
10291,3
16650,28
3797,3
16628,16
3775,3
6837,20
19690,3
6815,3
3491,3
3266,6
16119,3
3261,3
12834,3
9549,3
9526,3
15925,31
3072,3
15924,12
3071,3
15892,36
3039,3
15876,35
3023,3
3013,3
6202,3
6157,3
2945,3
12550,3
2902,3
2799,3
2791,3
2718,37
15571,3
2652,3
2638,3
15462,31
2609,3
5723,33
18576,3
8691,3
15121,36
2268,3
2202,23
15055,3
8615,3
5376,13
18229,3
5366,3
10171,3
5340,3
6907,15
19760,3
14921,3
13265,3
3545,20
16398,3
8331,3
6689,3
11504,3
1801,3
1735,3
16173,32
3320,3
19263,6
6410,3
19255,24
6402,3
8023,3
17625,15
4772,3
4769,31
17622,3
7958,9
20811,3
3063,3
4649,8
17502,3
2917,3
20546,5
7693,3
1252,3
7650,3
9246,3
15655,9
2802,3
9210,3
7603,3
10748,3
13966,3
5902,3
2699,3
4235,3
4223,39
17076,3
1000,3
8204,3
15425,3
1771,3
3205,3
768,3
15995,15
3142,3
17601,15
4748,3
7109,36
19962,3
3094,3
6283,7
19136,3
7765,24
20618,3
12146,3
6930,3
3699,3
14888,3
424,3
5620,3
393,3
9202,3
13225,15
372,3
3573,3
9088,3
10694,3
853,3
6665,3
5807,38
18660,3
1996,3
3587,3
960,3
5357,6
18210,3
15801,6
2948,3
9363,3
12965,3
6511,23
19364,3
3298,3
5283,3
3356,3
1741,3
14582,17
1729,3
4143,3
3336,3
16988,23
4135,3
4331,22
17184,3
7749,3
4107,3
10,3
1213,3
7093,15
19946,3
3684,3
7261,33
20114,3
21405,4
21257,4
21255,4
21205,4
21182,4
21181,4
21148,4
21135,4
21132,4
21100,4
21042,4
21038,4
21017,4
20974,4
20943,4
20932,4
20930,4
20926,4
20888,4
20768,4
20695,4
20654,4
20606,4
20498,4
20415,4
20388,4
20364,4
19704,4
19369,4
18718,4
18303,4
18158,4
17617,4
17547,4
16921,4
16815,4
16802,4
16795,4
16708,4
16687,4
16633,4
16598,4
16592,4
16538,4
16448,4
16221,4
16015,4
16013,4
15985,4
15757,4
15732,4
2748,19
15601,4
15559,4
15357,24
2504,4
15265,4
14985,4
2128,23
14981,4
14525,4
13092,4
12674,4
12672,4
12187,4
12063,4
12022,4
11336,4
10921,4
10885,4
10853,4
10174,4
10108,4
9961,4
9572,4
9486,4
9263,4
9238,4
9103,4
8859,4
8810,4
15205,4
15062,4
2175,11
15028,4
15027,4
8565,4
8497,6
21350,4
8252,13
21105,4
14285,4
7843,4
14146,31
1293,4
7519,27
20372,4
7518,22
20371,4
7190,4
756,4
7079,4
19712,33
6859,4
338,23
13191,4
6743,4
13122,4
13054,15
201,4
6323,4
6311,4
6175,4
6172,4
6107,4
6055,4
18783,15
5930,4
5913,4
5868,24
18721,4
11980,4
18385,24
5532,4
5496,4
5451,4
5444,4
5390,6
18243,4
5355,4
4999,4
4803,4
4747,4
10972,4
4521,4
17304,13
4451,4
4292,4
4257,4
4176,4
4169,4
10573,4
20045,23
7192,4
7078,4
10254,4
3801,33
16654,4
3792,31
16645,4
16635,7
3782,4
10196,4
3695,4
3667,4
3605,15
16458,4
9682,4
3128,23
15981,4
3036,39
15889,4
6231,4
2970,23
15823,4
2954,31
15807,4
6130,4
6105,4
9274,4
6041,4
2815,6
15668,4
2760,24
15613,4
2561,4
18602,7
5749,4
5716,4
12098,4
16638,9
3785,4
2101,7
14954,4
3676,4
5215,38
18068,4
8353,36
21206,4
4911,4
1610,4
1566,4
7964,39
20817,4
1527,4
19159,36
6306,4
3043,6
15896,4
1384,4
1265,4
14093,4
15667,4
1177,4
5100,4
4239,4
4219,4
1009,4
2566,4
8115,6
20968,4
778,4
3944,27
16797,4
1494,4
4691,24
17544,4
2115,24
14968,4
1264,4
15207,4
1532,4
18388,15
5535,4
1033,4
6642,4
5209,36
18062,4
12995,14
142,4
2919,25
15772,4
8337,18
21190,4
7520,22
20373,4
2099,4
16521,34
3668,4
3466,31
16319,4
13114,4
535,4
2836,4
3633,7
16486,4
14970,4
6147,4
6505,4
7508,4
6696,4
8858,4
21324,5
21248,5
20910,5
20822,5
20706,5
20533,5
20517,5
20332,5
20304,5
19029,5
16602,5
16421,5
12829,5
12266,5
12033,5
11990,5
11957,5
11713,5
11566,5
11137,5
10430,5
9818,5
8708,5
21128,31
8275,5
20909,24
8056,5
20885,16
8032,5
1471,22
14324,5
7790,5
7433,15
20286,5
7359,5
7212,5
13192,5
18867,13
6014,5
11898,5
5342,5
11724,5
4366,5
10447,5
10436,5
6787,5
6592,5
12619,5
8999,5
8976,5
15094,5
5437,5
2048,5
3507,28
16360,5
1764,5
1428,5
17328,31
4475,5
17180,28
4327,5
7539,23
20392,5
1013,5
6591,5
16964,13
4111,5
74,5
1658,5
4376,5
17225,23
4372,5
3680,21
16533,5
7438,21
20291,5
21387,6
21292,6
21134,6
21041,6
20824,6
20773,6
20467,6
20142,6
20137,6
20035,6
19912,6
19906,6
19892,6
19833,6
19802,6
19769,6
19649,6
19464,6
19453,6
19325,6
19180,6
19155,6
19137,6
18952,6
18932,6
18922,6
18852,6
18654,6
18638,6
17857,6
17810,6
17766,6
17652,6
17596,6
17562,6
17479,6
17361,6
17340,6
17134,6
17004,6
16688,6
16656,6
16512,6
16459,6
16420,6
16419,6
16289,6
16287,6
16232,6
15885,6
15831,6
15778,6
15767,6
15666,24
2813,6
15664,6
15636,23
2783,6
15616,15
2763,6
15600,6
2611,9
15464,6
15430,28
2577,6
15363,6
15345,6
2492,6
15258,22
2405,6
15060,6
15037,6
15012,27
2159,6
14877,6
2024,6
1651,16
14504,6
14028,6
937,39
13790,6
861,7
13714,6
13174,6
232,24
13085,6
13077,6
13039,13
186,6
12974,6
12956,6
80,28
12933,6
12822,6
12717,6
12627,6
12345,6
12344,6
12305,6
12223,6
12222,6
12215,6
11989,6
11983,6
11945,6
11888,6
11867,6
11619,6
11514,6
11484,6
11369,6
11274,6
11268,6
11253,6
11136,6
11126,6
11101,6
11063,6
10998,6
10960,6
10918,6
10892,6
10847,6
10817,6
10788,6
10423,6
10258,6
10245,6
10173,6
10140,6
10086,6
9920,6
9891,6
9833,6
9804,6
9285,6
9252,6
15581,31
2728,6
15563,6
9100,6
9075,6
9053,6
8977,6
8962,6
15365,38
2512,6
8932,6
8836,6
8823,6
15138,6
14967,39
2114,6
21362,16
8509,6
8496,6
2006,23
14859,6
21285,23
8432,6
21283,33
8430,6
8287,34
21140,6
8244,24
21097,6
21073,14
8220,6
8193,23
21046,6
8126,6
14512,24
1659,6
8045,39
20898,6
7977,6
7935,6
7874,6
7824,6
7789,6
20480,21
7627,6
20235,7
7382,6
20223,7
7370,6
20210,15
7357,6
7319,6
725,6
13532,36
679,6
7065,6
7013,38
19866,6
6955,38
19808,6
19781,23
6928,6
6874,34
19727,6
6819,6
6818,6
6817,6
13186,6
19560,11
6707,6
6702,6
13105,6
236,11
13089,6
6561,6
6538,6
96,14
12949,6
19374,33
6521,6
13,33
12866,6
12858,6
12767,6
6234,25
19087,6
12646,6
12644,6
12636,6
6091,24
18944,6
18873,23
6020,6
12390,6
12321,6
5854,6
12260,6
5810,13
18663,6
12229,6
5750,6
5719,6
12138,6
12024,6
11916,6
5477,6
5411,6
5400,15
18253,6
5309,6
5291,6
5226,24
18079,6
5125,11
17978,6
5117,6
11386,6
4952,6
4933,6
11239,6
11233,6
4812,6
4742,34
17595,6
11133,6
11086,6
4606,6
4591,6
17224,23
4371,6
4323,6
17154,23
4301,6
4229,36
17082,6
4175,17
17028,6
10541,6
797,6
20071,23
7218,6
3958,25
16811,6
3884,39
16737,6
16726,27
3873,6
7068,6
7060,17
19913,6
7046,6
3841,6
3821,6
10238,6
6887,6
13261,24
408,6
366,6
6767,6
13180,6
6695,6
6694,6
3415,6
12910,6
12875,28
22,6
12853,6
3184,36
16037,6
9570,6
3139,6
6331,6
3038,6
12652,6
9431,6
3007,6
2933,6
2907,6
9288,6
9277,6
6056,6
6030,6
15629,6
12386,6
5955,6
5954,23
18807,6
9087,6
2648,13
15501,6
2558,25
15411,6
2559,6
2543,14
15396,6
2532,6
5671,6
2417,24
15270,6
15247,7
2394,6
8778,6
8771,6
11915,6
2239,6
15078,22
2225,6
11837,6
21411,14
8558,6
21371,24
8518,6
10066,6
436,6
3597,31
16450,6
6710,6
21146,10
8293,6
5001,6
17823,23
4970,6
6506,22
19359,6
14499,6
1628,6
1622,6
1620,6
1619,6
4804,6
1601,6
1598,6
16029,14
3176,6
8000,6
7967,6
11161,6
4660,38
17513,6
3053,6
7867,6
7796,6
1243,6
9230,6
10784,6
11526,6
17156,24
4303,6
2677,6
14715,36
1862,6
2660,6
10676,6
6616,6
4212,6
16247,14
3394,6
16234,30
3381,6
185,6
4976,36
17829,6
1679,6
18523,11
5670,6
1623,31
14476,6
3161,6
20021,23
7168,6
733,6
11962,6
724,6
1512,6
7110,36
19963,6
1500,6
2297,6
9510,6
3085,6
682,6
5755,6
16600,31
3747,6
18205,14
5352,6
1335,6
20600,33
7747,6
2912,6
3707,6
11725,6
4064,6
16917,6
14485,6
16496,39
3643,6
19286,23
6433,6
6807,6
3604,7
16457,6
401,6
787,6
381,6
15623,6
369,6
3565,6
9984,6
16787,23
3934,6
6714,6
3095,6
3259,6
16112,6
6477,6
9051,6
7443,6
6604,6
14805,6
13787,6
2500,6
2896,6
19761,26
6908,6
10895,6
497,6
850,6
6539,6
1739,6
19295,24
6442,6
20557,7
7704,6
15368,6
8947,6
2526,6
5732,34
18585,6
20206,16
7353,6
10442,6
7698,6
10095,6
6886,6
6813,26
19666,6
21275,26
8422,6
9365,6
3433,23
16286,6
1039,6
13694,6
21436,7
21414,7
21386,7
21385,7
21356,7
21330,7
21298,7
21264,7
21211,7
21165,7
21114,7
21095,7
21055,7
21036,7
21012,7
20988,7
20954,7
20937,7
20918,7
20896,7
20826,7
20640,7
20630,7
20628,7
20593,7
20569,7
20545,7
20490,7
20463,7
20455,7
20448,7
20395,7
20314,7
20309,7
20273,7
20269,7
20249,7
20233,7
20226,7
20221,7
20217,7
20189,7
20166,7
20151,7
20118,7
19254,7
19174,7
18052,7
17034,7
17032,7
16803,7
16655,7
15527,23
2674,7
15515,7
14882,31
2029,7
211,15
13064,7
13014,7
12085,7
11667,7
10907,7
10612,7
10282,7
10280,7
2773,22
15626,7
9115,7
8946,7
8793,7
8738,7
15023,7
15000,7
8506,31
21359,7
8458,7
8401,34
21254,7
8264,34
21117,7
8119,11
20972,7
7980,28
20833,7
7884,7
7875,39
20728,7
7821,7
7797,31
20650,7
7726,7
7670,15
20523,7
7459,7
7413,22
20266,7
7354,34
20207,7
7279,27
20132,7
560,7
6865,7
6341,7
6279,7
6104,7
18765,12
5912,7
18418,24
5565,7
5396,15
18249,7
11664,7
11635,7
5055,7
17673,34
4820,7
11111,7
17171,36
4318,7
4012,18
16865,7
3968,7
3860,7
3669,21
16522,7
16502,39
3649,7
6840,7
196,7
12919,29
66,7
19307,34
6454,7
6358,7
6186,7
6173,7
12570,7
15692,20
2839,7
5967,7
15594,7
2737,23
15590,7
5757,14
18610,7
8972,7
2490,7
18531,23
5678,7
15221,7
15079,7
2205,7
2182,7
3770,13
16623,7
11721,7
14752,7
6466,7
7948,26
20801,7
1381,7
7734,7
6084,7
2873,7
2862,13
15715,7
1229,7
7568,23
20421,7
1134,7
13036,34
183,7
986,7
7404,25
20257,7
976,7
762,34
13615,7
2338,7
1529,7
6297,7
3091,39
15944,7
6790,7
3946,19
16799,7
1108,7
6708,15
19561,7
299,7
2619,7
399,7
1727,7
7398,21
20251,7
65,7
1677,7
13717,7
7362,36
20215,7
10564,7
2133,7
3629,7
1205,7
818,7
3601,22
16454,7
7308,24
20161,7
19571,8
15575,15
2722,8
15547,8
15429,8
2553,23
15406,8
14876,8
1216,24
14069,8
12630,8
11802,8
11221,8
10715,8
9744,8
9606,8
15528,8
7869,8
13435,8
6972,8
6372,8
4776,8
4657,8
3867,8
2666,8
2544,39
15397,8
3760,8
4085,8
10338,8
8905,8
16568,9
15959,9
15483,23
2630,9
12824,9
12288,9
11728,9
11400,9
11282,9
11090,9
10877,9
10112,9
10085,9
9438,9
9284,9
8992,9
15280,9
8545,9
14729,9
8227,9
20865,13
8012,9
7979,9
7974,9
7725,9
7707,9
7696,9
7694,9
20489,31
7636,9
7349,9
7245,9
555,9
6894,9
13196,36
343,9
6661,9
6577,9
6287,9
6106,9
18390,15
5537,9
11730,9
18149,15
5296,9
4613,9
11027,9
4505,9
4374,9
17031,20
4178,9
7063,9
16710,15
3857,9
16684,14
3831,9
6852,9
13258,23
405,9
3541,28
16394,9
13062,9
3435,23
16288,9
6590,9
3194,9
15861,15
3008,9
2920,9
9268,9
2664,9
9030,9
12155,9
12045,9
2398,9
2379,9
8768,9
2230,9
10181,9
10115,9
5300,9
407,9
406,9
404,9
11636,9
9904,9
1794,9
6532,9
19331,34
6478,9
8007,9
1360,9
6120,9
4523,9
7690,9
7631,9
10833,9
14761,9
1071,9
12929,9
20170,10
7317,9
811,9
7189,9
7975,9
6312,9
8733,9
1488,9
2549,9
113,9
83,9
6864,9
3258,9
817,9
1173,9
11156,9
7141,9
50,9
6862,9
9040,9
3603,9
3382,9
3543,18
16396,9
7358,9
13333,38
480,9
865,9
5694,9
8454,9
1747,9
1287,9
21553,10
21551,10
21403,10
21388,10
21113,10
21109,10
20791,10
20494,10
20412,10
20393,10
19515,10
19053,10
19045,10
18481,10
17619,10
17440,10
16913,10
16698,10
16664,10
16585,10
16546,10
16545,10
16380,10
16324,10
16315,10
16246,10
15969,10
15833,10
15822,10
15800,10
15753,10
15723,10
15348,10
2173,39
15026,10
11413,10
10699,10
9728,10
9707,10
9417,10
15356,10
8777,10
14962,16
2109,10
14918,38
2065,10
8163,31
21016,10
7994,10
7954,20
20807,10
7757,10
7541,10
7481,15
20334,10
13292,31
439,10
13291,31
438,10
6709,27
19562,10
6601,10
12935,12
82,10
6335,10
5815,10
18323,23
5470,10
5402,10
5243,15
18096,10
5034,33
17887,10
11241,10
4773,10
4644,10
10688,10
3872,21
16725,10
3817,30
16670,10
3762,24
16615,10
6935,31
19788,10
3634,19
16487,10
2827,39
15680,10
2468,28
15321,10
11787,10
8475,10
13231,29
378,10
8087,10
7984,34
20837,10
2979,23
15832,10
1124,10
7544,10
6583,10
2538,23
15391,10
1924,10
3441,13
16294,10
15326,10
21568,11
20878,11
20270,11
20095,11
19998,11
19844,11
19559,11
19509,11
19505,11
19499,11
19223,11
19083,11
19069,11
18621,11
18567,11
18234,11
18186,11
18085,11
18066,11
17963,11
17892,11
17780,11
17473,11
17431,11
17419,11
17359,11
17298,11
17236,11
16658,11
16651,11
16636,11
16607,11
15620,23
2767,11
14545,27
1692,11
13096,11
12680,11
12670,11
11723,11
11639,11
11559,11
11149,11
10080,11
9445,11
9352,11
8914,11
2391,22
15244,11
8610,11
8606,11
21451,16
8598,11
8478,11
8167,11
8134,11
8016,22
20869,11
14395,11
7611,11
7606,38
20459,11
7074,16
19927,11
13290,11
13281,11
13280,11
13205,15
352,11
349,11
13095,36
242,11
6348,11
6264,11
19037,31
6184,11
6177,11
19022,23
6169,11
5706,11
5595,21
18448,11
5273,11
5255,13
18108,11
5244,11
5167,11
5118,11
17688,34
4835,11
4714,11
4713,11
4662,11
4625,23
17478,11
11025,11
17457,31
4604,11
4600,11
4593,11
17446,11
11007,11
4555,23
17408,11
4552,13
17405,11
4476,19
17329,11
4436,23
17289,11
17239,23
4386,11
17099,23
4246,11
4129,11
4115,28
16968,11
4028,11
7155,39
20008,11
3843,11
3796,24
16649,11
3594,11
13115,11
13126,22
273,11
3452,11
246,11
6653,37
19506,11
6432,11
19285,11
6413,11
3086,24
15939,11
6275,22
19128,11
15901,22
3048,11
15851,20
2998,11
2973,11
6119,11
9293,11
15691,39
2838,11
6023,11
2688,11
2383,11
8765,11
8672,11
423,22
13276,11
3609,11
3509,11
3455,11
248,11
3364,11
1711,11
4664,11
17462,23
4609,11
1387,11
6163,11
17282,13
4429,11
1211,11
4201,34
17054,11
17027,38
4174,11
873,11
20922,24
8069,11
11232,11
3909,33
16762,11
11118,11
19950,24
7097,11
952,11
6111,11
1306,11
489,11
4401,34
17254,11
2775,11
13206,14
353,11
16424,16
3571,11
3563,11
16409,36
3556,11
1909,11
20382,23
7529,11
9674,11
16283,16
3430,11
6746,11
945,11
930,11
4525,11
8117,11
502,11
5076,21
17929,11
8086,11
144,11
4039,11
6639,13
19492,11
1616,11
2449,11
21267,12
20936,12
20919,12
20721,12
20709,12
20420,12
20406,12
18840,12
18795,12
18773,12
18768,12
18746,12
18738,12
18736,12
18698,12
18689,12
18430,12
18367,12
17927,12
17880,12
17875,12
17563,12
16991,12
16110,12
12621,12
12313,12
12286,12
12046,12
11935,12
10947,12
9326,12
9031,12
6340,23
19193,12
12608,12
11958,12
11767,12
17429,23
4576,12
17334,23
4481,12
17306,23
4453,12
10860,12
4249,34
17102,12
16838,27
3985,12
3461,23
16314,12
191,12
3389,12
16195,31
3342,12
3189,12
2754,33
15607,12
12315,12
5875,34
18728,12
15438,31
2585,12
2530,12
15038,12
12980,31
127,12
14558,12
3303,12
3183,12
11070,12
4584,12
2976,24
15829,12
5957,24
18810,12
194,12
11121,12
543,12
2046,12
3181,12
1875,12
2696,12
4474,12
6499,12
834,12
21501,13
21391,13
21303,13
21131,13
21023,13
20787,13
20632,13
20469,13
20439,13
20186,13
19557,13
19546,13
18992,13
18421,13
18357,13
18231,13
18104,13
17511,13
17452,13
17449,13
17335,13
17316,13
17279,13
17277,13
17274,13
17269,13
17256,13
17245,13
17201,13
17083,13
17074,13
16957,13
16946,13
16935,13
16932,13
16929,13
16926,13
16856,13
16794,13
16788,13
16357,13
16256,13
16088,13
15840,13
14904,13
14199,13
12842,13
12791,13
12755,13
12690,13
12604,13
12564,13
12563,13
12473,13
12457,13
12028,13
11860,13
11706,13
11587,13
11580,13
11558,13
11551,13
11519,13
11446,13
11390,13
11357,13
11287,13
11260,13
11175,13
11103,13
11093,13
11076,13
10905,13
10876,13
10695,13
10665,13
10642,13
10623,13
10530,13
10455,13
10302,13
10265,13
10255,13
9923,13
9847,13
9755,13
9712,13
9704,13
9689,13
9681,13
9657,13
9315,13
9147,13
9134,13
9076,13
2353,20
15206,13
15198,13
15171,13
2308,17
15161,13
8699,13
8676,13
8663,13
8641,13
8608,13
14912,13
2056,17
14909,13
8480,15
21333,13
14826,13
8212,28
21065,13
8106,13
20959,13
7907,13
1440,31
14293,13
20453,25
7600,13
7477,13
7314,13
7148,27
20001,13
7135,13
13270,13
13195,34
342,13
6716,13
6524,33
19377,13
71,22
12924,13
12806,13
19199,24
6346,13
6248,19
19101,13
12602,13
12472,13
5908,13
5895,13
5858,13
5808,13
18577,23
5724,13
5561,13
5546,22
18399,13
5499,23
18352,13
5475,33
18328,13
11771,13
5288,13
11658,13
18036,23
5183,13
5160,13
11555,13
11498,13
5057,13
11198,13
4717,13
4712,13
17518,36
4665,13
17507,15
4654,13
11065,13
17448,23
4595,13
4452,27
17305,13
10809,13
10779,13
10767,13
4231,15
17084,13
4192,13
17023,23
4170,13
4120,31
16973,13
4117,31
16970,13
4048,13
4026,13
3999,14
16852,13
3892,23
16745,13
3870,37
16723,13
10264,13
10209,13
3777,39
16630,13
6788,13
6757,13
3553,13
3157,13
9532,13
3078,13
3010,13
12623,13
9415,13
12609,13
6180,36
19033,13
12594,13
9348,13
9279,13
9220,13
9184,13
5964,13
9015,13
8982,13
12179,13
12178,13
15386,13
2419,13
8692,13
8674,13
8668,35
21521,13
5295,34
18148,13
2028,18
14881,13
2025,13
354,13
5132,13
1886,15
14739,13
1848,13
1839,13
1809,13
19451,14
6598,13
1731,13
8109,13
49,13
9628,13
16052,39
3199,13
11225,13
1579,13
7866,17
20719,13
4632,13
20655,21
7802,13
1367,20
14220,13
2936,13
1226,13
4363,21
17216,13
10781,13
1148,13
4341,33
17194,13
20374,21
7521,13
10709,13
1871,13
1863,13
13908,13
11461,13
2620,13
13045,13
991,13
11397,13
17025,14
4172,13
21039,34
8186,13
9697,13
16884,27
4031,13
5583,39
18436,13
2301,34
15154,13
1499,13
9515,13
18605,34
5752,13
7771,13
20624,13
6926,13
104,13
925,13
14951,13
3241,39
16094,13
10355,13
1656,13
1022,13
1963,13
1951,13
2942,13
16755,38
3902,13
1680,13
9777,13
3347,24
16200,13
6941,13
9554,13
1356,13
10352,13
3931,13
16908,28
4055,13
21319,14
21287,14
21228,14
21071,14
21040,14
20945,14
20797,14
20311,14
20298,14
19984,14
19874,14
19441,14
19435,14
19270,14
18986,14
18223,14
17837,14
17785,14
17784,14
17777,14
17576,14
17182,14
17178,14
17146,14
17115,14
16923,14
16873,14
16700,14
16685,14
16667,14
16444,14
16427,14
16145,14
16136,14
16026,14
15997,14
15713,14
15682,14
14623,14
1541,33
14394,14
13704,34
851,14
13189,14
11508,14
11143,14
11041,14
11029,14
10950,14
10908,14
10883,14
10714,14
10224,14
9642,14
9343,14
15077,27
2224,14
8555,27
21408,14
8327,14
14619,14
8020,14
20666,23
7813,14
14131,14
7604,15
20457,14
7494,14
7490,14
7482,14
7469,14
7027,32
19880,14
13393,14
13212,14
13182,14
6629,27
19482,14
6595,24
19448,14
6223,14
12629,14
12610,14
6135,23
18988,14
6103,14
6096,14
18945,31
6092,14
12356,14
12331,14
5889,14
5516,14
5481,23
18334,14
5447,38
18300,14
11755,14
5332,14
11748,14
11744,14
17897,38
5044,14
4908,14
4798,36
17651,14
11078,14
10928,14
10872,14
10462,14
3993,14
3933,14
3920,14
3839,14
3833,14
10213,14
3542,23
16395,14
16275,16
3422,14
3418,14
16269,16
3416,14
143,22
12996,14
6575,27
19428,14
13006,22
153,14
12988,36
135,14
3229,14
16063,38
3210,14
9539,14
12722,14
9472,14
6070,14
15404,15
2551,14
2540,14
5442,14
2219,14
3477,14
1835,14
16076,24
3223,14
7993,14
10909,14
6065,14
17264,31
4411,14
1118,14
2714,14
16270,38
3417,14
16266,37
3413,14
9027,14
4884,14
7305,14
1667,14
15276,14
1577,14
7913,22
20766,14
2281,14
12973,14
2552,14
545,14
12978,17
125,14
11738,14
1291,14
8064,23
20917,14
3632,14
4787,38
17640,14
13211,14
7992,14
12719,14
1760,14
1354,14
3345,14
4937,14
14201,14
5665,14
844,14
6856,14
3239,14
836,14
17771,23
4918,14
4019,39
16872,14
3599,14
21462,15
21454,15
21382,15
21358,15
21318,15
21251,15
21210,15
21060,15
20710,15
19959,15
19895,15
19870,15
19762,15
19744,15
19731,15
19371,15
18963,15
18951,15
18930,15
18921,15
18861,15
18402,15
18387,15
18254,15
18217,15
18182,15
17993,15
17973,15
17849,15
17752,15
17749,15
17723,15
17710,15
17700,15
17573,15
17421,15
17349,15
17317,15
17174,15
17164,15
17125,15
17095,15
17003,15
16983,15
16875,15
16622,15
16510,15
16403,15
16354,15
16307,15
16238,15
15993,15
15988,15
15979,15
15918,15
15912,15
2744,28
15597,15
15484,15
15478,15
15467,15
15308,15
15306,15
15226,15
15052,15
14978,15
14903,15
1734,37
14587,15
14544,15
1689,37
14542,15
14539,17
1686,15
1457,32
14310,15
13958,23
1105,15
849,17
13702,15
13288,38
435,15
13003,15
139,22
12992,15
12937,15
12861,15
12707,15
12702,15
12677,15
12611,15
12487,15
11981,15
11925,15
11841,15
11808,15
11743,15
11625,15
11563,15
11440,15
11431,15
11418,15
11403,15
11374,15
11370,15
11251,15
11236,15
11039,15
10992,15
10913,15
10887,15
10794,15
10743,15
10555,15
10508,15
10470,15
10219,15
10197,15
10114,15
10110,15
10096,15
10071,15
10067,15
9918,15
9915,15
9874,15
9809,15
9668,15
9443,15
9410,15
9330,15
9296,15
9242,15
15656,24
2803,15
9232,15
9205,15
9156,15
9072,15
9064,15
8996,15
2513,23
15366,15
8945,15
8866,15
8863,15
8853,15
8799,15
8717,15
8716,15
21557,24
8704,15
8541,39
21394,15
8526,15
8435,15
21259,16
8406,15
8198,24
21051,15
8197,23
21050,15
7997,15
7968,15
7928,15
7896,15
20667,24
7814,15
7810,15
7671,15
20367,16
7514,15
7488,27
20341,15
1017,33
13870,15
20261,24
7408,15
758,21
13611,15
6732,15
13151,15
6726,15
281,15
225,23
13078,15
13043,15
6537,15
6503,15
64,39
12917,15
75,15
37,33
12890,15
6438,39
19291,15
12857,15
6385,38
19238,15
6282,15
12641,15
6220,39
19073,15
12620,15
12517,15
12512,15
12503,15
6067,38
18920,15
12469,15
6027,15
12441,15
12398,15
18830,21
5977,15
5934,15
18592,23
5739,15
12159,15
18564,29
5711,15
12127,15
5689,15
18520,23
5667,15
5659,15
5641,15
12048,15
5627,15
11979,15
5491,15
11891,15
11847,15
5421,15
5379,15
5377,15
5334,31
18187,15
11717,15
11708,15
5240,23
18093,15
5234,15
5102,15
5094,15
11373,15
4910,36
17763,15
11324,15
4893,39
17746,15
4890,15
11100,15
4621,15
10826,15
10786,15
4365,15
4339,15
4237,15
4228,22
17081,15
10581,15
10515,15
4015,25
16868,15
19989,24
7136,15
16779,38
3926,15
3916,15
19964,24
7111,15
7073,15
3858,22
16711,15
7041,15
3830,15
7011,24
19864,15
544,15
3759,15
3758,15
16611,15
498,15
478,15
10041,15
16442,23
3589,15
10000,15
3577,15
16430,15
6762,15
356,15
6737,15
6752,15
19491,23
6638,15
16262,17
3409,15
19351,23
6498,15
12888,15
3118,15
15960,31
3107,15
6276,15
3069,15
9488,15
9437,15
9434,15
15769,25
2916,15
2886,22
15739,15
6059,15
15698,15
9259,15
5986,15
15602,15
2729,15
15494,15
18646,16
5793,15
15427,35
2574,15
2570,15
8951,15
2471,18
15324,15
12083,15
8880,15
8830,15
5596,15
2309,21
15162,15
11895,15
2271,15
15118,27
2265,15
18307,21
5454,15
8632,15
5409,15
11829,15
18238,36
5385,15
15024,15
547,15
532,15
2097,15
3626,33
16479,15
6810,36
19663,15
1994,15
14771,38
1918,15
21187,23
8334,15
6721,15
5113,15
3486,35
16339,15
21077,16
8224,15
3395,15
12987,31
134,15
3263,15
12883,15
17694,34
4841,15
4829,23
17682,15
1626,15
9637,15
14423,15
11192,15
3103,23
15956,15
1445,33
14298,15
1456,15
12667,15
7865,15
1434,15
11051,15
1391,15
4585,15
9381,15
9338,15
1316,15
2897,15
1300,15
9302,15
1276,15
1269,15
12368,15
5947,15
5925,18
18778,15
1123,15
1103,15
1052,15
7453,15
1032,15
13037,15
1816,15
162,15
16233,34
3380,15
7318,15
3276,15
10473,15
10472,15
6461,15
9563,15
18378,24
5525,15
7128,26
19981,15
11107,15
7107,15
685,15
7090,17
19943,15
8547,15
12532,15
6101,15
4494,37
17347,15
1263,15
820,15
10841,15
1217,15
16449,34
3596,15
16843,38
3990,15
13232,38
379,15
6811,15
19664,15
6778,15
6784,15
15213,15
7149,15
743,15
334,39
13187,15
17191,29
4338,15
6731,15
7102,31
19955,15
696,15
13141,15
9677,15
19318,24
6465,15
6877,15
12243,15
3396,15
995,15
3387,15
1790,15
4963,34
17816,15
11575,15
8572,15
3742,15
10548,15
5722,22
18575,15
8940,15
7341,15
1099,15
474,15
16950,38
4097,15
16140,31
3287,15
1340,15
10151,15
6836,15
1220,15
1332,15
18,15
3702,29
16555,15
6801,22
19654,15
10105,15
21479,16
21474,16
21437,16
21413,16
21360,16
21315,16
21266,16
21265,16
21240,16
21218,16
21199,16
21081,16
21044,16
21032,16
21014,16
20975,16
20973,16
20894,16
20813,16
20784,16
20776,16
20715,16
20648,16
20564,16
20548,16
20442,16
20414,16
20391,16
20378,16
20368,16
20339,16
20284,16
20256,16
20255,16
20252,16
20228,16
20213,16
20181,16
19978,16
19887,16
18699,16
18627,16
17988,16
16735,16
16715,16
16668,16
16662,16
16642,16
16584,16
16569,16
16363,16
16350,16
16263,16
15980,16
2787,22
15640,16
15415,36
2562,16
15141,16
15136,16
40,28
12893,16
12616,16
12207,16
12005,16
11543,16
11528,16
11470,16
11283,16
11060,16
10611,16
10529,16
10235,16
10225,16
10130,16
10099,16
9860,16
9825,16
9441,16
9267,16
9250,16
9235,16
9091,16
8997,16
8745,16
8637,24
21490,16
8582,25
21435,16
8563,23
21416,16
8562,17
21415,16
21393,34
8540,16
8493,31
21346,16
8226,16
8051,39
20904,16
8048,16
7972,24
20825,16
7970,16
7836,16
7818,28
20671,16
7682,22
20535,16
7512,23
20365,16
7472,16
13890,16
7447,31
20300,16
7264,26
20117,16
7244,16
6789,36
19642,16
6771,16
6765,16
6134,16
6094,16
5969,16
5926,16
18591,33
5738,16
11896,16
5314,16
11481,16
11475,16
4981,34
17834,16
4330,16
7157,16
3788,22
16641,16
3786,16
16574,39
3721,16
3585,16
9985,16
48,28
12901,16
11,16
9576,16
9519,16
12664,16
3028,24
15881,16
6198,16
6165,16
2962,16
6018,16
15570,16
12296,16
5594,16
2253,16
5415,16
15053,16
8588,24
21441,16
5356,16
2089,16
2055,16
3625,36
16478,16
3624,16
1846,16
8236,16
17787,36
4934,16
12891,29
38,16
14,16
1569,16
7983,34
20836,16
15816,28
2963,16
4472,16
12346,16
1122,16
4288,16
7484,34
20337,16
1059,16
1849,16
17071,24
4218,16
2580,16
968,16
10532,16
4014,16
5556,16
7918,31
20771,16
2279,16
7083,16
4955,34
17808,16
15001,34
2148,16
530,16
1722,16
19387,24
6534,16
6115,16
5312,16
20079,23
7226,16
8005,16
10411,16
1178,16
774,16
5911,16
1111,16
2693,16
7517,22
20370,16
1096,16
1070,16
1853,16
9372,16
8501,22
21354,16
1644,16
8868,16
8060,23
20913,16
2433,16
15782,26
2929,16
2005,16
1087,16
19256,17
17113,17
16549,17
16300,17
16041,17
15585,17
15573,28
2720,17
14263,17
14166,22
1313,17
12579,17
12574,17
12237,17
11451,17
11211,17
11088,17
11015,17
10894,17
10547,17
10498,17
10432,17
10387,17
10237,17
10002,17
9959,17
9618,17
9599,17
9413,17
9388,17
15278,17
8846,17
8784,17
15120,17
15029,17
8479,17
21175,33
8322,17
8221,17
1653,22
14506,17
7864,17
14212,23
1359,17
7158,17
7064,17
6913,34
19766,17
6763,17
13067,23
214,17
6635,17
12862,35
9,17
12698,17
6222,17
11643,17
5091,17
4818,31
17671,17
4796,17
4551,17
4498,17
10566,17
10509,17
20038,24
7185,17
10222,17
10208,17
10180,17
10068,17
16473,22
3620,17
3578,17
9414,17
9383,17
9371,17
15593,17
8797,17
18393,23
5540,17
15112,23
2259,17
5469,17
11862,17
5440,17
2198,17
8513,17
442,17
6734,17
11510,17
14629,17
9644,17
19272,23
6419,17
1526,17
1429,34
14282,17
3025,36
15878,17
10805,17
7217,17
3939,34
16792,17
21575,31
8722,17
146,17
5351,17
8467,17
4023,17
1575,17
1571,17
8791,17
11358,17
2039,17
10054,17
3598,17
16197,38
3344,17
19489,23
6636,17
20753,18
20299,18
19815,18
16817,18
16806,18
14886,36
2033,18
12681,18
12364,18
12341,18
12166,18
11878,18
11705,18
11416,18
11145,18
10839,18
9301,18
2212,20
15065,18
8579,18
21277,23
8424,18
21244,37
8391,18
8085,23
20938,18
20736,21
7883,18
7838,18
7739,18
7323,24
20176,18
7080,32
19933,18
6309,18
5359,18
5339,18
4745,18
7229,18
10211,18
6414,23
19267,18
15709,27
2856,18
2820,18
2691,18
2350,18
15189,18
2316,18
5422,18
2026,18
11649,18
11302,18
1602,18
1433,18
1375,18
1285,18
1200,18
1191,18
1010,18
11305,18
13715,18
16747,24
3894,18
6549,18
18426,23
5573,18
1101,18
2667,18
1650,18
8229,18
5321,18
490,18
21447,19
21034,19
20976,19
20634,19
18719,19
18258,19
15561,36
2708,19
15307,19
11758,19
11754,19
11106,19
10999,19
10980,19
10561,19
9647,19
9097,19
8457,19
20883,25
8030,19
8017,19
20319,37
7466,19
20308,33
7455,19
388,19
19447,34
6594,19
6257,19
18445,23
5592,19
5575,19
11904,19
11690,19
17981,36
5128,19
17948,24
5095,19
10973,19
10919,19
17199,31
4346,19
3806,19
3579,35
16432,19
361,39
13214,19
9525,19
9339,19
5975,34
18828,19
5452,19
10185,19
1872,19
1861,19
4938,28
17791,19
1706,19
8094,31
20947,19
8027,19
1449,19
11031,19
210,19
4974,19
837,19
3900,19
7092,19
538,19
1258,19
1643,19
1176,19
7953,19
731,19
1011,19
11630,19
4554,19
8580,19
12115,19
12874,19
5741,19
859,19
21215,20
20915,20
20794,20
20639,20
19742,20
16819,20
16812,20
16347,20
16284,20
16022,20
15834,20
12715,20
12624,20
10974,20
10855,20
10601,20
10393,20
9502,20
9316,20
9278,20
8956,20
8860,20
8394,20
8311,39
21164,20
7723,20
7644,23
20497,20
7001,31
19854,20
6181,20
6073,20
5993,20
12240,20
5744,20
12110,20
18429,31
5576,20
18419,31
5566,20
5438,20
5407,20
11685,20
11633,20
11569,20
11549,20
11479,20
4755,20
715,20
19968,24
7115,20
3840,20
16490,35
3637,20
9963,20
6641,20
160,20
169,20
6213,20
2851,24
15704,20
2659,20
8979,20
2548,20
8892,20
15067,20
557,20
2112,20
10097,20
449,20
6848,20
420,20
167,20
6447,20
1638,20
4788,20
17618,23
4765,20
1364,20
7733,23
20586,20
1251,20
1245,20
1160,20
1137,20
20348,24
7495,20
4216,20
6597,39
19450,20
998,20
7272,20
3994,20
10381,20
7735,20
1314,20
11733,20
6504,21
19357,20
1198,20
2750,20
3672,20
16591,36
3738,20
12153,20
1128,20
21295,21
21286,21
21233,21
21178,21
21047,21
20712,21
20567,21
20507,21
20381,21
19862,21
19790,21
19459,21
18606,21
17811,21
17788,21
17607,21
16912,21
16244,21
15733,21
15482,21
13552,32
699,21
12169,21
11684,21
11683,21
11578,21
11529,21
11429,21
11128,21
11028,21
11019,21
10966,21
10923,21
10027,21
9611,21
9566,21
9334,21
9003,21
8935,21
8742,21
8553,31
21406,21
8488,21
21278,36
8425,21
8361,34
21214,21
8335,21
8300,21
14630,21
8026,25
20879,21
14103,21
7410,21
7302,21
6747,21
6711,21
6668,21
6500,21
24,21
6138,21
6078,21
18904,28
6051,21
5991,21
12079,21
12078,21
5654,21
5629,21
18470,36
5617,21
18455,23
5602,21
5555,21
11622,21
11588,21
5114,39
17967,21
17773,25
4920,21
10879,21
4358,21
4258,21
4157,21
10534,21
10524,21
734,21
10227,21
3771,21
19703,34
6850,21
6243,21
6242,21
6211,21
9389,21
2834,21
5931,21
2645,21
15477,21
15455,23
2602,21
8814,21
5538,21
15152,21
2252,21
2249,21
2227,21
14995,21
2016,21
8355,34
21208,21
13110,21
5051,21
4914,21
1655,21
7887,21
11058,21
7855,34
20708,21
11036,21
1192,21
1157,21
4337,21
1117,21
1003,21
8915,21
11308,21
2479,21
848,21
781,21
11153,21
7104,23
19957,21
680,21
2276,21
6552,21
5317,21
3708,38
16561,21
8530,21
17357,23
4504,21
98,21
10459,21
7193,21
18396,23
5543,21
6679,21
8074,23
20927,21
7432,21
5354,21
4954,21
19373,31
6520,21
10089,21
7762,21
16995,23
4142,21
1639,21
10165,21
4819,37
17672,21
16518,22
16471,22
16470,22
16469,22
16468,22
16393,22
15702,27
2849,22
15283,22
15200,23
2347,22
15193,27
2340,22
14586,22
12580,22
12227,22
12185,22
12067,22
12001,22
11908,22
11571,22
11098,22
10240,22
10162,22
10092,22
9868,22
9580,22
9503,22
9335,22
9266,22
8968,22
8930,22
8788,22
8736,22
15032,22
8556,22
8491,22
21343,24
8490,22
8378,22
8028,22
20795,24
7942,22
7851,22
7702,22
7474,22
7297,22
7275,22
7167,22
7146,22
508,22
6917,22
19734,34
6881,22
6861,22
6773,22
6761,22
6741,22
6739,22
19500,31
6647,22
165,22
6509,22
86,22
6324,22
6305,22
6252,22
6205,22
6043,22
6033,22
5663,22
5604,22
18375,23
5522,22
5346,22
5086,22
5085,22
17907,31
5054,22
17874,36
5021,22
4998,22
4991,22
17809,34
4956,22
11154,22
4560,22
4399,22
17241,23
4388,22
4253,22
4241,22
4025,22
13543,23
690,22
3875,22
19930,39
7077,22
7076,22
10242,22
3774,22
3757,22
517,22
514,22
470,22
464,22
10061,22
3619,39
16472,22
6777,22
9901,22
53,22
6474,22
9578,22
9531,22
6295,22
15768,28
2915,22
9272,22
9271,22
9255,22
9240,22
2772,22
5914,22
2591,22
15432,23
2579,22
2584,22
18595,38
5742,22
5721,22
12128,22
5707,22
2396,22
2385,22
2346,22
2339,22
2213,22
5414,22
2211,22
10186,22
3764,22
3750,22
531,22
16587,37
3734,22
3651,22
2049,22
6825,22
13204,22
3580,22
19539,31
6686,22
5083,22
21122,24
8269,22
1824,22
11433,22
13019,28
166,22
4990,22
1767,22
13005,36
152,22
14569,25
1716,22
1714,22
1708,22
85,22
12889,39
36,22
6457,22
4801,22
1586,22
7990,22
1568,22
1567,22
1546,22
7956,22
6280,22
3077,36
15930,22
7850,22
1420,22
7835,22
9422,22
1382,22
1378,22
9385,22
1363,22
7782,22
1298,22
4454,22
2809,22
4412,22
4384,22
17233,23
4380,22
1170,22
5960,22
6685,22
4285,22
20340,26
7487,22
1066,22
1820,22
1783,22
4177,22
2494,22
89,22
866,22
7278,22
1648,22
828,22
1545,22
707,22
9530,22
692,22
3905,22
702,22
700,22
695,22
693,22
691,22
1483,22
6155,22
7776,22
536,22
546,22
1326,22
529,22
7346,22
513,22
2908,22
512,22
509,22
461,22
7267,22
13223,22
19655,26
6802,22
4387,22
776,22
6776,22
9993,22
9992,22
11994,22
1169,22
3539,23
16392,22
2332,22
16770,23
3917,22
701,22
2608,22
4210,22
19647,26
6794,22
163,22
1763,22
1555,22
6154,22
548,22
2154,22
9369,22
7766,22
1345,22
1322,22
19784,25
6931,22
108,22
506,22
1496,22
1873,22
6875,22
6568,22
7286,22
8912,22
12162,22
16997,23
4144,22
1090,22
6514,22
7761,22
1239,22
521,22
5528,22
1277,22
7622,22
1814,22
21565,23
21556,23
21517,23
21512,23
21502,23
21473,23
21293,23
21138,23
21130,23
21076,23
21019,23
21018,23
20907,23
20902,23
20834,23
20653,23
20465,23
20267,23
20058,23
20034,23
20013,23
19993,23
19832,23
19658,23
19556,23
19529,23
19480,23
19471,23
19432,23
19343,23
18924,23
18849,23
18835,23
18774,23
18682,23
18676,23
18674,23
18616,23
18490,23
18443,23
18423,23
18389,23
18372,23
18332,23
18321,23
18302,23
18277,23
18271,23
18257,23
18228,23
18222,23
18135,23
18095,23
17960,23
17952,23
17813,23
17758,23
17707,23
17568,23
17433,23
17423,23
17417,23
17410,23
17403,23
17302,23
17285,23
17248,23
17246,23
17188,23
17187,23
17177,23
17149,23
17117,23
17077,23
17039,23
17038,23
17036,23
16955,23
16903,23
16897,23
16871,23
16774,23
16750,23
16749,23
16734,23
16581,23
16499,23
16318,23
16196,23
16179,23
16171,23
16146,23
16120,23
16097,23
16093,23
15973,23
15961,23
15932,23
15929,23
15872,23
15855,23
15672,23
2819,23
15578,29
2725,23
15543,23
2687,33
15540,23
2650,36
15503,23
15481,23
15471,23
15459,35
2606,23
15447,23
2594,23
15303,23
15255,23
15234,23
2366,39
15219,23
2303,39
15156,23
15096,23
14987,23
14959,23
14926,31
2073,23
14885,23
14839,23
14757,23
13321,23
13245,23
389,39
13242,23
13201,23
13175,36
322,23
317,31
13170,23
13072,23
13070,23
13046,23
168,39
13021,23
12815,23
12775,23
12748,23
12728,23
12689,23
12651,23
12489,23
12465,23
12461,23
12460,23
12442,23
12423,23
12404,23
12338,23
12278,23
12259,23
12224,23
12197,23
12073,23
11970,23
11907,23
11812,23
11460,23
11459,23
11425,23
11371,23
11292,23
11279,23
11278,23
11249,23
11234,23
11174,23
11102,23
11071,23
10864,23
10811,23
10773,23
10750,23
10729,23
10721,23
10704,23
10693,23
10606,23
10559,23
10359,23
10332,23
10062,23
9988,23
9982,23
9933,23
9906,23
9866,23
9858,23
9822,23
9764,23
9603,23
9479,23
9473,23
9314,23
9290,23
15694,23
9253,23
9155,23
15568,23
9133,23
9065,23
15485,23
15454,23
2560,39
15413,23
8948,23
8857,23
15220,23
8755,23
8748,23
8713,23
8710,23
8707,23
8683,31
21536,23
8677,23
21460,33
8607,23
8546,23
8405,23
1932,28
14785,23
8344,23
21197,23
8246,23
8234,23
8178,38
21031,23
8176,23
8108,23
8089,23
7930,23
7897,23
7839,23
7831,23
14178,23
7710,23
7669,23
7643,23
20496,23
7642,23
7592,23
7570,23
20419,33
7566,23
13834,23
20247,38
7394,23
20220,35
7367,23
7240,23
7220,23
7209,23
7177,23
7126,23
7023,23
19823,36
6970,23
6922,23
19775,23
467,34
13320,23
13200,23
13185,23
331,31
13184,23
315,39
13168,23
13056,23
203,23
6632,23
6578,23
6494,23
6483,23
6473,23
29,23
6450,23
6436,23
12848,23
6373,23
6361,23
12774,23
6337,23
6244,25
19097,23
12654,23
12559,23
12546,23
12534,23
12507,23
6083,23
6058,23
6035,30
18888,23
12454,23
5919,23
5900,23
12270,23
5792,23
5789,23
5717,24
18570,23
5712,39
18565,23
12122,23
5690,23
5611,24
18464,23
5544,25
18397,23
5423,23
18276,23
5394,23
5392,23
11811,23
18188,34
5335,23
5330,23
5281,23
5270,23
11665,23
5237,23
5201,23
5190,23
11597,23
5139,23
11546,23
11523,23
5097,34
17950,23
5077,36
17930,23
5072,33
17925,23
17923,31
5070,23
5053,27
17906,23
11455,23
4941,23
4903,23
11314,23
4867,23
11271,23
17677,34
4824,23
11242,23
4816,23
4785,23
4781,23
11163,23
4689,23
11087,23
11043,23
4622,23
4583,39
17436,23
4470,23
4465,23
17318,23
4458,23
17311,23
4439,27
17292,23
17260,36
4407,23
4405,23
17258,23
10787,23
10774,23
4343,23
17196,23
10760,23
10734,23
4297,23
10662,23
10661,23
4215,23
4205,37
17058,23
10613,23
4165,23
4152,38
17005,23
4061,23
4041,23
16888,33
4035,23
10449,23
10418,23
7196,23
16835,27
3982,23
16826,39
3973,23
7161,23
10354,23
7119,23
7070,23
13462,23
7031,23
3828,39
16681,23
16648,36
3795,23
3793,36
16646,23
10192,23
6975,38
19828,23
6920,38
19773,23
13236,23
13251,23
409,39
13262,23
13244,23
9975,23
3534,23
9954,23
13144,23
302,23
3463,31
16316,23
3449,23
6623,23
3378,23
3371,23
3352,23
12900,34
47,23
46,23
3249,23
3222,23
16075,23
16045,33
3192,23
3187,23
3149,23
3111,23
15964,23
15963,36
3110,23
12731,23
3098,23
15951,23
3062,23
3040,23
2985,28
15838,23
2983,23
15821,26
2968,23
15808,36
2955,23
2930,23
9336,23
2853,23
15675,23
2793,23
12415,23
9208,23
2762,23
12375,23
9163,23
9069,23
2647,23
2635,23
15453,23
5796,23
5788,23
15400,23
2554,23
2531,38
15384,23
2520,23
8933,23
5643,23
8850,23
15253,23
8806,23
15179,24
2326,23
2310,23
8696,23
5472,23
8686,24
21539,23
8670,24
21523,23
11863,23
11861,23
8658,23
2228,23
8624,38
21477,23
6968,23
2168,23
3652,34
16505,23
14867,23
2001,31
14854,23
2000,23
8416,23
8415,23
1983,23
3526,23
9907,23
16336,39
3483,23
6658,23
19511,23
1858,23
3442,23
13024,23
16185,36
3332,23
6559,39
19412,23
3329,23
12962,27
109,23
3285,23
3275,23
6502,23
81,23
9675,23
3225,23
12843,23
9640,23
8040,24
20893,23
19283,34
6430,23
4809,23
14440,23
9604,23
1563,23
1550,23
7962,23
1535,23
7901,23
7899,23
7877,23
7873,23
14270,23
3003,23
15811,24
2958,23
1361,23
17341,24
4488,23
2881,23
17284,32
4431,23
2785,23
7609,23
1159,36
14012,23
7569,23
1125,23
5123,23
1920,23
15562,23
2681,23
1082,23
6677,23
1072,23
10687,23
5040,23
8258,23
1040,23
9834,23
5783,23
969,23
3290,34
16143,23
7310,23
884,23
16922,36
4069,23
2390,23
1588,23
16837,27
3984,23
10391,23
757,23
7154,23
718,23
11946,23
1519,23
3109,23
3918,23
5506,23
688,23
697,23
7088,23
7085,23
15394,23
19810,38
6957,23
3748,23
6546,23
8943,23
19787,37
6934,23
14957,23
19767,39
6914,23
3711,23
11734,23
14963,33
2110,23
2064,23
7684,23
7679,34
20532,23
835,24
13688,23
19699,34
6846,23
12424,23
7605,24
20458,23
3572,23
1971,23
1949,23
345,23
4735,23
3528,23
6740,23
14751,27
1898,23
12332,23
16367,39
3514,23
14340,23
5870,23
6471,23
3253,23
15450,23
1785,23
3360,23
16213,23
13008,23
11385,23
2951,24
15804,23
5154,23
3348,28
16201,23
3351,23
2542,23
136,23
3339,23
12969,23
16978,32
4125,23
9738,23
19780,36
6927,23
15416,23
8098,23
7304,23
6492,23
7296,23
1675,23
1044,23
9108,23
3340,23
3440,23
3133,23
8160,23
10563,23
7260,23
4845,23
8063,23
10156,23
16588,24
3735,23
1715,23
918,23
3315,23
3122,23
7659,23
15797,33
2944,23
1347,23
2013,23
13247,23
21574,24
21567,24
21469,24
21369,24
21339,24
20989,24
20925,24
20829,24
20409,24
20389,24
20377,24
20230,24
20159,24
20089,24
20080,24
20048,24
20039,24
20005,24
19807,24
19551,24
19478,24
19433,24
19411,24
19191,24
19065,24
18860,24
18744,24
18700,24
18557,24
18519,24
18504,24
18472,24
18466,24
18415,24
18403,24
18160,24
18050,24
18014,24
18009,24
17915,24
17894,24
17877,24
17759,24
17731,24
17499,24
17455,24
17365,24
17352,24
17338,24
17301,24
17173,24
17142,24
17140,24
17128,24
17075,24
16993,24
16989,24
16987,24
16981,24
16963,24
16777,24
16759,24
16331,24
16257,24
16214,24
16177,24
16139,24
16103,24
16077,24
15551,24
15352,24
2499,24
2393,37
15246,24
14982,24
14865,36
2012,24
14844,24
1965,38
14818,24
13649,24
13507,24
13458,24
13279,24
422,26
13275,24
13255,28
402,24
13190,24
13023,24
12836,24
12830,24
12778,24
12754,24
12725,24
12691,24
12502,24
12490,24
12409,24
12399,24
12135,24
12011,24
11866,24
11848,24
11826,24
11768,24
11746,24
11574,24
11545,24
11541,24
11487,24
11447,24
11444,24
11437,24
11430,24
11387,24
11372,24
11327,24
11297,24
11273,24
11265,24
11048,24
10959,24
10903,24
10717,24
10702,24
10619,24
10618,24
10608,24
10545,24
10388,24
10306,24
10299,24
10230,24
10107,24
10100,24
10049,24
10048,24
9953,24
9943,24
9892,24
9797,24
9746,24
9720,24
9661,24
9654,24
9559,24
9535,24
9509,24
9450,24
2800,39
15653,24
9207,24
2771,27
15624,24
9203,24
9110,24
15424,24
8978,24
8906,24
8802,24
8705,24
15104,25
2251,24
8662,24
2196,39
15049,24
8599,24
15013,24
8592,24
21431,26
8578,24
14983,33
2130,24
14974,38
2121,24
14923,24
8489,39
21342,24
8453,24
8308,24
8151,24
8141,24
7952,24
14099,34
1246,24
7596,24
7552,24
20363,30
7510,24
7496,24
7406,36
20259,24
7379,39
20232,24
7355,24
791,24
7143,24
7071,24
7032,24
7029,31
19882,24
7014,38
19867,24
6764,24
311,24
290,24
249,24
6576,24
12761,24
12732,24
6267,24
12655,24
6225,24
6137,24
6128,24
6086,24
6034,24
5985,24
5973,24
12355,24
12340,24
5827,24
12213,24
5655,24
5609,36
18462,24
5598,24
5567,31
18420,24
5453,24
11831,24
11817,24
5382,24
5345,24
11753,24
11707,24
5278,24
5192,24
5191,24
5172,24
5171,24
5134,24
5126,39
17979,24
11450,24
5002,24
4983,24
4965,24
11322,24
4821,27
17674,24
4708,24
4666,32
17519,24
4640,24
4603,24
4536,24
17389,24
4524,24
4513,24
4507,24
4493,34
17346,24
10902,24
4353,26
17206,24
4349,24
4345,24
4313,37
17166,24
4267,24
10625,24
10586,24
4156,24
4153,24
16992,34
4139,24
16975,34
4122,24
4096,24
10505,24
10403,24
10375,24
7129,38
19982,24
10347,24
7049,28
19902,24
6998,24
6996,24
518,24
10122,24
13271,24
10015,24
13199,39
346,24
3520,24
3492,24
3438,24
3372,24
16225,24
9763,24
3295,36
16148,24
3155,24
3153,36
16006,24
6352,24
3104,24
15909,37
3056,24
3051,24
15900,36
3047,24
3034,24
9403,24
9398,24
2971,24
2950,24
15803,24
2792,24
9172,24
2746,24
15409,24
5756,24
2550,24
5751,36
18604,24
8961,24
12152,24
2475,24
8895,24
15310,24
2376,24
8747,24
8681,24
15095,24
2247,24
8667,24
11843,24
11830,24
5408,24
8623,24
3779,24
562,24
3694,24
18111,34
5258,24
3645,24
2010,24
5168,24
1960,24
1934,24
1889,24
1880,24
13090,36
237,24
1845,24
1832,24
6603,24
1723,24
8137,24
6428,24
6420,25
19273,24
9638,24
12823,24
6407,24
12790,24
1520,24
12701,24
1478,24
7888,24
4648,24
1427,24
1406,24
4581,33
17434,24
2964,31
15817,24
1312,24
1212,24
1210,24
1156,24
4340,24
10749,24
11544,24
1088,24
1085,24
256,24
14719,24
5880,24
7501,24
10640,24
10622,24
3390,24
982,24
10593,24
908,24
6493,24
16952,38
4099,24
889,24
8102,24
8105,24
10506,24
8088,24
2467,24
4052,24
4051,24
8055,24
8029,24
754,24
3928,24
7124,24
8725,24
704,24
684,24
1477,24
955,24
2155,24
8569,24
5318,24
504,24
8113,24
4038,24
10808,24
8796,24
12397,24
10367,24
5127,24
17980,24
3511,24
3472,24
1078,24
3256,24
9680,24
1207,24
8427,24
8206,24
11775,24
4127,24
525,24
1916,24
2517,24
903,24
6912,24
4302,26
17155,24
1299,24
977,24
14922,24
2480,24
1076,24
3473,24
875,24
1959,24
894,24
6453,24
941,24
7311,24
20116,38
7263,24
842,24
1631,24
4132,31
16985,24
6541,24
8044,24
4071,24
1718,24
8080,24
10752,24
1201,24
9305,24
10464,24
21337,25
20651,25
20598,25
19142,25
18713,25
18708,25
16798,25
16665,25
16055,25
16030,25
15295,25
12658,25
12649,25
12391,25
12382,25
12380,25
12362,25
12258,25
12154,25
12149,25
12077,25
12031,25
11978,25
11884,25
11700,25
11614,25
11568,25
11452,25
11333,25
10943,25
9237,25
9101,25
2474,34
15327,25
15311,34
2458,25
8794,25
2203,39
15056,25
8481,25
7266,27
20119,25
19713,36
6860,25
6670,25
140,25
12351,25
11567,25
4797,25
11034,25
3952,25
16706,34
3853,25
6759,25
212,25
9610,25
9605,25
12353,25
8969,25
2429,25
12017,25
13165,25
9930,25
5089,25
17901,35
5048,25
6540,25
41,25
4775,25
1438,25
9287,25
10840,25
2663,25
9034,25
10598,25
1608,25
3951,39
16804,25
11966,25
2342,25
6299,25
12176,25
4517,25
6298,25
13025,25
8981,25
11570,25
11540,25
6529,25
8995,25
8096,31
20949,25
6880,25
2938,25
11644,25
12860,25
21378,26
21336,26
21322,26
21179,26
20668,26
20468,26
20443,26
20407,26
20324,26
20279,26
19648,26
19424,26
19422,26
18769,26
18648,26
16619,26
16405,26
16374,26
16365,26
15908,26
15729,26
15558,26
2116,39
14969,26
13026,26
12306,26
11320,26
11301,26
9914,26
9556,26
8890,26
15274,31
2421,26
8581,26
8262,26
7338,37
20191,26
6738,26
6586,26
6146,26
6047,26
4850,36
17703,26
10926,26
7061,26
494,26
3681,26
6797,34
19650,26
9810,26
164,26
19127,34
6274,26
2887,26
15610,29
2757,26
15489,26
8741,26
2236,26
2221,26
8449,31
21302,26
11359,26
1585,26
20840,34
7987,26
7841,26
7830,26
6179,26
4307,26
7441,26
7421,28
20274,26
4732,26
3349,34
16202,26
12880,29
27,26
5112,34
17965,26
8294,26
9231,26
21372,27
20514,27
17554,27
16839,27
16836,27
16834,27
16679,27
16401,27
16390,27
16003,27
15934,27
15902,27
15897,27
15759,27
15708,27
15707,27
15637,27
2604,34
15457,27
15299,27
2344,34
15197,27
1696,31
14549,27
14402,27
12304,27
12184,27
12119,27
12114,27
11930,27
11572,27
11428,27
11057,27
10542,27
10439,27
10402,27
10243,27
10076,27
10074,27
9936,27
9902,27
9878,27
9875,27
9827,27
9671,27
9612,27
9588,27
9577,27
9551,27
9547,27
9313,27
9306,27
15688,27
15496,27
9074,27
9044,27
8928,27
8908,27
8898,27
15250,39
2397,27
8808,27
8785,27
8502,27
14551,27
1694,39
14547,27
7955,27
14316,27
7837,27
7746,27
7657,27
7385,27
7277,27
7250,27
7235,27
722,27
7132,27
6733,27
6730,27
6684,27
6673,27
6460,27
6235,27
5938,27
18554,36
5701,27
12036,27
18355,39
5502,27
11756,27
11628,27
11476,27
4459,27
4440,27
17251,28
4398,27
4389,27
4344,27
4240,27
4193,27
10484,27
3825,32
16678,27
3808,27
3807,27
3787,27
3763,27
554,27
3647,27
6683,27
13059,27
9613,27
9477,27
9354,27
2928,27
2927,36
15780,27
9116,27
9056,27
5662,27
12064,27
2440,27
15208,27
2348,27
15082,27
3765,27
2163,27
14934,27
5012,27
14550,27
9587,27
7861,27
7681,27
4446,27
1234,27
12301,27
7498,27
1065,27
1797,27
5593,27
17633,31
4780,27
8724,27
3080,34
15933,27
1342,27
1315,39
14168,27
7732,27
10109,27
2447,34
15300,27
3584,32
16437,27
2781,27
6774,27
6705,27
6572,27
10163,27
5720,27
9117,27
7320,27
12897,27
1244,27
10565,27
1341,27
5729,27
8426,27
16527,39
3674,27
7768,27
18540,38
5687,27
21562,28
21096,28
20757,28
20264,28
19418,28
19198,28
19062,28
19044,28
18749,28
18665,28
18527,28
18487,28
18425,28
18061,28
17169,28
17062,28
16939,28
16893,28
16264,28
15996,28
15989,28
15950,28
15793,28
1759,33
14612,28
13471,28
12706,28
12628,28
10756,28
10634,28
9956,28
9905,28
9787,28
8829,28
20384,37
7531,28
7427,28
7221,28
6976,28
13159,28
12714,28
12703,28
12435,28
5842,28
5767,28
5692,28
5684,28
5508,28
5410,28
5274,28
5256,38
18109,28
5220,28
5146,28
5060,28
4987,28
11059,28
10754,28
4333,34
17186,28
17091,38
4238,28
10594,28
4084,28
16783,38
3930,28
13482,28
10262,28
10183,28
13269,31
416,28
16407,29
3554,28
58,28
3105,28
2993,28
2872,28
2858,28
12480,28
9012,28
5765,28
2260,28
2240,36
15093,28
5443,39
18296,28
6952,28
10155,28
323,28
14573,28
111,28
12841,28
17372,31
4519,28
1308,28
7555,28
1100,28
5080,36
17933,28
7437,28
897,28
4811,28
7099,28
6964,28
1174,28
9171,28
284,28
924,28
524,28
880,28
4544,28
890,28
5236,28
1917,28
9146,28
5216,28
18549,29
18488,29
18465,29
18362,29
16304,29
16274,29
16074,29
12687,29
12657,29
12592,29
12571,29
12483,29
12336,29
12302,29
12274,29
12249,29
12246,29
12235,29
12147,29
12125,29
12112,29
12102,29
12040,29
12010,29
11960,29
11940,29
11934,29
1789,39
14642,29
12694,29
12509,29
12333,29
12316,29
12131,29
12101,29
12016,29
11941,29
11913,29
4199,39
17052,29
3092,29
12632,29
15579,29
15560,29
12164,29
2027,29
12912,29
59,29
4881,29
3219,29
12091,29
2952,29
12514,29
12908,29
21453,30
21028,30
20685,30
20432,30
19009,30
16590,30
16219,30
15859,30
15858,30
11306,30
10964,30
10856,30
9678,30
15521,30
13854,30
6475,30
11377,30
3639,31
16492,30
21301,36
8448,30
1366,30
2806,30
1138,30
1080,30
5358,30
6456,30
16170,36
3317,30
7465,30
21423,31
21321,31
20778,31
20262,31
20090,31
20025,31
19890,31
19262,31
19122,31
19017,31
19006,31
18995,31
18994,31
18902,31
18872,31
18493,31
18467,31
18459,31
17748,31
17416,31
17384,31
17364,31
17333,31
17275,31
17148,31
17123,31
17103,31
17059,31
16961,31
16429,31
16359,31
16212,31
16115,31
16100,31
16098,31
16091,31
15914,31
15742,31
15643,31
15595,34
2742,31
15580,31
15504,31
15194,31
14928,31
14783,31
13900,35
1047,31
13721,39
868,31
13256,31
13119,31
12818,31
12814,31
12813,31
12799,31
12763,31
12759,31
12743,31
12432,31
11330,31
11291,31
11270,31
11243,31
11210,31
11205,31
11181,31
11179,31
11173,31
11171,31
11064,31
10742,31
10738,31
10703,31
10632,31
10537,31
10342,31
10322,31
10318,31
10289,31
10272,31
9927,31
9812,31
9771,31
9641,31
9590,31
9408,31
9393,31
9265,31
9201,31
9142,31
9124,31
9048,31
15389,31
8757,31
8684,31
8656,31
8654,31
14988,31
14930,31
8451,31
14828,34
1975,31
8314,31
8309,31
14626,39
1773,31
8138,31
14418,31
7879,31
20673,33
7820,31
7767,31
7715,31
7576,31
7557,31
7534,31
7344,31
800,31
7166,36
20019,31
7066,31
6929,31
6869,31
13286,31
6770,31
247,31
13053,31
6434,31
19280,36
6427,31
6376,31
6368,31
6353,31
12639,31
12555,31
12524,31
12488,31
6063,31
6060,31
6025,31
12394,31
5887,31
5826,31
5800,31
11953,31
5388,31
5328,31
5272,31
5235,31
5214,31
5210,31
5194,31
11507,31
5071,31
11315,31
4795,31
11202,31
11177,31
4756,31
4679,31
17491,36
4638,31
4541,31
4370,33
17223,31
4364,31
10744,31
4286,31
10682,31
4173,31
4103,31
4081,31
4080,31
4074,31
4067,31
7075,31
16570,36
3717,31
6872,31
374,31
9974,31
13116,31
16343,39
3490,31
220,31
9841,31
6581,31
9792,31
3309,31
3211,31
6201,31
2995,31
6188,34
19041,31
2977,31
2965,31
9349,31
6075,31
5972,31
2765,31
9182,31
9181,31
15451,31
5787,31
5686,34
18539,31
8861,31
2435,31
15227,39
2374,31
11961,31
11932,31
2307,31
11893,31
2246,31
11858,31
15045,31
10200,31
8603,31
15017,31
10191,31
5371,31
1995,31
9952,31
3531,31
1929,31
1913,31
1910,31
259,31
5042,31
9734,31
9706,31
12878,31
3207,31
11230,31
6369,31
1537,31
4630,31
1407,31
3001,32
15854,31
7825,31
10944,31
1272,31
9206,31
9175,31
7577,31
7558,31
4328,31
314,31
1919,31
15556,31
4306,31
279,31
9903,31
1885,31
10648,31
1019,31
971,31
8114,31
3243,39
16096,31
4000,33
16853,31
793,31
10358,31
10324,31
10315,31
11773,31
2923,31
2522,31
4098,31
13266,31
6384,31
1184,31
5178,31
10398,31
12395,31
9192,31
9977,31
8761,31
293,31
9926,31
3505,31
1498,31
13237,31
6816,31
1761,31
8172,31
1946,31
9760,31
4106,31
105,31
12907,31
6486,31
11497,31
3273,31
16126,31
19334,36
6481,31
2956,31
5250,31
9761,31
939,31
4045,31
3630,31
14875,31
9543,31
11752,31
1030,31
10825,31
816,31
3302,34
16155,31
17523,32
17089,32
16969,32
16285,32
16251,32
16188,32
16133,32
15510,32
12785,32
12413,32
11794,32
11284,32
10796,32
10755,32
10710,32
10416,32
10356,32
9745,32
9299,32
9217,32
8629,32
14872,32
8199,32
7100,32
6981,32
12523,32
5909,32
5905,32
5819,32
5429,32
11832,32
11798,32
5360,32
5269,32
11256,32
11228,32
4768,32
16941,39
4088,32
7020,32
16465,36
3612,32
12846,32
15920,34
3067,32
5945,32
8760,32
8728,32
8678,32
11864,32
11193,32
9218,32
3482,32
15523,32
9880,32
2565,32
13739,32
10321,32
5822,32
9781,32
5223,32
21242,33
21224,33
21176,33
21106,33
20804,33
20515,33
20380,33
20135,33
19639,33
17685,33
16848,33
16480,33
16441,33
16348,33
16346,33
16342,33
15130,33
13032,33
12705,33
12659,33
12613,33
12562,33
12516,33
12182,33
11993,33
11696,33
11407,33
11338,33
11300,33
11109,33
10253,33
9807,33
9562,33
9425,33
9399,33
9312,33
15337,34
2484,33
8521,33
8487,33
8388,33
21142,37
8289,33
8259,36
21112,33
8036,33
7516,33
7483,33
7439,33
7330,33
7191,33
6496,33
6485,33
6271,33
6232,33
6187,33
12379,33
12294,33
5669,33
5657,33
11967,33
5084,33
5015,33
4901,33
11132,33
11046,33
4378,33
4261,33
4182,34
17035,33
4029,33
10040,33
202,33
9839,33
6149,33
6123,33
2918,33
12271,33
2567,33
5758,33
8965,33
12163,33
2539,33
15354,33
5679,33
11877,33
5416,33
2188,33
5050,33
5018,33
138,33
126,33
4892,33
9625,33
1469,33
2789,33
1181,33
14744,33
1877,33
1837,33
7444,33
1768,33
5600,33
2333,33
15145,33
1752,33
1355,33
3740,33
5725,33
1311,33
8879,33
3977,33
1528,33
8296,33
1007,33
10008,33
6551,33
4930,33
2877,33
9894,33
10983,33
1633,33
484,33
4404,33
21261,34
21253,34
21177,34
21133,34
21007,34
20982,34
20946,34
20584,34
20552,34
20031,34
19975,34
19935,34
19839,34
19826,34
19763,34
19732,34
19645,34
19420,34
19379,34
19312,34
19297,34
19258,34
19208,34
19092,34
18906,34
18882,34
18842,34
18225,34
18145,34
18101,34
18080,34
18040,34
18037,34
17957,34
17878,34
17867,34
17853,34
17847,34
17835,34
17798,34
17782,34
17719,34
17706,34
17687,34
17569,34
17529,34
17488,34
17472,34
17412,34
17168,34
17137,34
16707,34
16695,34
16677,34
16675,34
16663,34
16563,34
16523,34
16277,34
16210,34
15898,34
15785,34
15717,34
15591,34
15204,34
14563,34
13711,34
12683,34
12679,34
12538,34
12492,34
12225,34
12191,34
12117,34
12094,34
11968,34
11822,34
11623,34
11579,34
11477,34
11257,34
11056,34
10985,34
10961,34
10941,34
10904,34
10901,34
10899,34
10834,34
10467,34
10458,34
10042,34
9752,34
9607,34
9557,34
9332,34
9104,34
8916,34
8781,34
8780,34
8734,34
8544,34
8351,34
8255,34
8217,34
14315,34
7470,34
7452,34
7352,34
7337,34
7247,34
745,34
7045,34
6888,34
6725,34
6697,34
6660,34
6278,34
12692,34
12685,34
12599,34
5910,34
12236,34
12133,34
12132,34
5675,34
5615,34
11997,34
11982,34
5559,34
11954,34
5533,34
5505,34
11923,34
11920,34
11751,34
11598,34
5081,34
11464,34
11441,34
4922,39
17775,34
11134,34
4592,34
4586,34
10962,34
4510,34
10874,34
10790,34
4347,34
10596,34
10446,34
764,34
7087,34
3879,34
3846,34
7003,35
19856,34
559,34
19737,36
6884,34
10102,34
10088,34
3367,34
19409,39
6556,34
128,36
12981,34
68,34
3251,34
12716,34
12697,34
2999,34
9392,34
2926,34
9239,34
5949,34
2672,34
12226,34
9014,34
2578,34
12186,34
5762,34
15263,39
2410,34
12003,34
5523,38
18376,34
15111,34
11873,34
15061,34
15005,34
6953,34
14949,34
11679,34
6841,34
16460,39
3607,34
5203,34
11553,34
6712,34
11393,34
1673,34
1666,34
3252,34
6422,34
1606,34
9619,34
4744,38
17597,34
12727,34
1506,34
1480,34
3042,34
3026,36
15879,34
3009,34
4610,35
17463,34
12600,34
6166,34
7729,34
15596,34
8306,34
9102,34
8298,34
2671,34
9081,34
14679,34
15479,34
13874,34
10615,34
8987,34
4100,35
16953,34
2434,34
5597,34
7199,34
703,34
15146,34
15949,39
3096,34
1497,34
4697,34
12173,34
1350,34
10129,34
10128,34
2898,34
5304,34
18157,34
6873,34
1584,34
9194,34
13197,34
8370,34
735,34
9893,34
1029,34
3405,39
16258,34
1280,34
1676,34
272,34
1665,34
3228,34
2325,34
5331,34
4408,34
2102,34
687,34
21308,35
18483,35
17964,35
17922,35
17900,35
16311,35
16207,35
16141,35
14860,35
12783,35
11855,35
11220,35
10284,35
9478,35
9229,35
9187,35
9160,35
9127,35
8644,35
8614,35
8611,35
8125,35
7008,35
6349,35
5644,36
18497,35
11859,35
11850,35
5264,35
5188,35
11227,35
11168,35
4574,35
4149,35
4105,35
4094,35
4089,35
6999,35
3480,35
3456,35
6356,35
12463,35
9189,35
8619,35
2137,35
5257,35
5219,35
9741,35
1688,35
2961,35
2960,35
7686,35
3468,35
10644,35
4092,35
10349,35
8702,35
3322,36
16175,35
5661,36
18514,35
8155,35
4123,35
920,35
899,35
883,35
9177,35
4562,35
15380,35
541,35
887,35
20887,36
20835,36
20699,36
20641,36
20352,36
20012,36
19860,36
19837,36
19831,36
19830,36
19711,36
19635,36
19383,36
19181,36
19113,36
18910,36
18898,36
18859,36
18782,36
18730,36
18371,36
18356,36
18351,36
18342,36
18313,36
18239,36
18236,36
18191,36
18038,36
18034,36
17916,36
17870,36
17770,36
17738,36
17728,36
17716,36
17579,36
17551,36
17315,36
17221,36
17151,36
17127,36
17060,36
17001,36
16925,36
16796,36
16714,36
16676,36
16531,36
16488,36
16463,36
16404,36
16279,36
16241,36
16211,36
16194,36
16150,36
16123,36
15565,36
2357,39
15210,36
15004,36
2151,36
1751,39
14604,36
13163,36
13139,36
12810,36
12751,36
12668,36
12660,36
12625,36
12374,36
12350,36
12339,36
12276,36
12250,36
12106,36
12087,36
12049,36
11933,36
11910,36
11909,36
11854,36
11833,36
11801,36
11726,36
11722,36
11663,36
11638,36
11627,36
11550,36
11527,36
11522,36
11468,36
11466,36
11435,36
11406,36
11405,36
11396,36
11378,36
11349,36
11348,36
11185,36
11095,36
11035,36
10978,36
10971,36
10849,36
10848,36
10843,36
10816,36
10638,36
10429,36
10334,36
10158,36
10146,36
10098,36
10057,36
9929,36
9925,36
9844,36
9814,36
9561,36
9497,36
9454,36
9324,36
9280,36
9258,36
9161,36
9090,36
9045,36
9033,36
9020,36
15417,36
8919,36
8732,36
15031,36
8571,36
8567,36
8514,36
8021,36
7963,36
7895,36
7847,36
7823,36
7687,36
7464,36
7386,36
13735,39
882,36
7225,36
7058,36
7047,36
13287,36
6866,39
19719,36
377,36
13103,36
6682,36
157,36
6562,36
6497,36
6445,36
6375,36
6315,36
12688,36
12661,36
12648,36
6218,36
6199,36
12605,36
6178,36
6124,36
12504,36
5958,36
18811,36
5946,36
5937,36
5935,36
12309,36
5886,38
18739,36
5876,36
5873,36
5818,36
12219,36
12093,36
5672,36
12068,36
5564,36
5558,36
5517,36
5398,36
5350,36
5349,36
5287,36
11674,36
5141,36
11515,36
11505,36
5082,36
11465,36
11362,36
11237,36
11166,36
4537,36
4066,36
712,36
3856,36
10216,36
10214,36
3673,36
10090,36
3640,38
16493,36
10058,36
10052,36
376,36
13188,36
3559,36
6655,36
16252,39
3399,36
13011,36
3327,36
9615,36
9608,36
3154,36
3100,36
12663,36
2959,36
2946,36
6121,36
12540,36
2867,36
2847,36
2769,36
5965,36
15584,36
5932,36
5805,38
18658,36
12209,36
8998,36
8975,36
12172,36
5743,36
2528,36
12053,36
8849,36
5526,36
2323,36
5511,36
8690,36
11892,36
15048,36
2206,36
3704,36
6855,36
5228,36
10018,36
5121,36
1847,36
3400,36
1798,36
3384,36
1787,36
11335,36
6488,36
19341,36
1678,36
1657,36
3217,36
3216,36
11222,36
1581,36
11196,36
9538,36
3117,39
15970,36
6246,36
7848,36
1425,36
4615,36
1412,36
1409,36
9382,36
7737,36
10893,36
9283,36
10867,36
4437,36
1228,36
7629,36
2797,36
4360,36
1104,36
1077,36
4277,36
1074,36
3460,36
13041,36
15448,36
7424,36
2583,36
7407,36
984,36
978,36
5708,36
2470,36
15309,36
11201,36
3970,36
767,36
741,36
732,36
7130,36
19983,36
3888,36
558,36
553,36
6943,38
19796,36
14177,36
9345,36
505,36
2126,36
14156,36
1303,36
6003,36
1203,36
10822,36
10025,36
387,36
11599,36
5974,36
2365,36
1153,36
3129,36
8730,36
1493,36
441,36
10831,36
9025,36
9573,36
8367,36
10527,36
3093,36
7497,36
3269,39
16122,36
147,36
2491,36
10518,36
10868,36
4447,36
1740,36
11657,36
2953,36
12426,36
12852,36
550,36
2810,36
1649,36
2884,36
840,36
21238,37
21209,37
21103,37
20931,37
20770,37
20493,37
20237,37
20187,37
20180,37
20174,37
20138,37
18875,37
17795,37
9273,37
8595,39
21448,37
6293,37
6240,37
5680,37
5658,37
5417,37
4827,37
9429,37
9158,37
5894,37
2194,37
1188,37
1182,37
1084,37
187,37
1765,37
7120,37
10023,37
3602,37
93,37
1283,37
12150,37
21532,38
19653,38
19625,38
19082,38
19081,38
19077,38
18509,38
18495,38
18463,38
18458,38
18454,38
18437,38
18433,38
18374,38
18366,38
17442,38
17400,38
16990,38
16967,38
16940,38
16854,38
16772,38
16767,38
16740,38
16415,38
16310,38
16282,38
16164,38
16149,38
16142,38
16134,38
16125,38
12788,38
12466,38
11795,38
11789,38
11765,38
11379,38
11276,38
11261,38
11191,38
11170,38
10827,38
10757,38
10746,38
10737,38
10708,38
10604,38
10385,38
10377,38
9829,38
9700,38
9489,38
9453,38
9433,38
9107,38
8726,38
8706,38
8585,38
8543,38
8363,38
8347,38
8209,38
7584,38
7583,38
7015,38
444,38
13282,38
13238,38
13007,38
100,38
12758,38
12464,38
5849,38
5839,38
5830,38
5798,38
12080,38
5485,38
5260,38
5253,38
5238,38
5207,38
5205,38
11197,38
4741,38
4634,38
4091,38
4036,38
10285,38
10261,38
6995,38
6965,38
3720,38
13172,38
330,38
198,38
6619,38
213,38
124,38
12752,38
3073,38
3016,38
2994,38
2990,38
12407,38
5848,38
2555,38
5579,39
18432,38
11894,38
8661,38
6982,38
13284,38
5245,38
5231,38
1933,38
1912,38
1815,38
8190,38
8103,38
4771,38
11190,38
4637,38
11030,38
9294,38
6000,38
7591,38
9178,38
9165,38
1147,38
1102,38
10724,38
1079,38
5052,38
4255,38
1036,38
1023,38
5782,38
974,38
15410,38
5769,38
1681,38
870,38
14354,38
4700,38
4695,38
3898,38
4686,38
6951,38
3723,38
895,38
3661,38
2843,38
9196,38
6371,38
6758,38
15550,38
867,38
4993,38
8211,38
1158,38
9769,38
13274,38
450,38
10314,38
940,38
11160,38
839,38
10553,38
929,38
2529,38
1068,38
233,38
7222,38
4290,38
21503,39
21297,39
21143,39
20682,39
19050,39
18339,39
18281,39
18252,39
17822,39
17666,39
17643,39
17589,39
17559,39
17015,39
17007,39
16986,39
16885,39
16644,39
16495,39
16481,39
16434,39
16399,39
16369,39
16159,39
16152,39
16086,39
15987,39
15967,39
15841,39
15762,39
15296,39
15103,39
14672,39
13136,39
12885,39
12772,39
12573,39
12531,39
12521,39
12383,39
12318,39
12216,39
12205,39
12202,39
12059,39
12044,39
11883,39
11711,39
11617,39
11602,39
11381,39
11272,39
11255,39
11049,39
10989,39
10988,39
10922,39
10845,39
10551,39
10453,39
10434,39
10419,39
10328,39
10292,39
10233,39
9981,39
9967,39
9940,39
9869,39
15674,39
15468,39
15281,39
2428,39
14984,39
8373,39
14697,39
8050,39
8039,39
8015,39
8010,39
14393,39
7912,39
7903,39
7902,39
7442,39
7332,39
7322,39
13656,39
7216,39
6674,39
6277,39
6217,39
6113,39
12515,39
12221,39
12171,39
5660,39
5647,39
12050,39
5563,39
5520,39
11714,39
11539,39
4894,39
4810,39
4751,39
11113,39
4605,39
10873,39
4161,39
4160,39
4145,39
10414,39
10394,39
10313,39
3865,39
16718,39
3790,39
552,39
3743,39
6939,39
6723,39
9909,39
9884,39
3420,39
6612,39
3180,39
9560,39
6301,39
2982,39
12551,39
9337,39
9328,39
2818,39
15641,39
12389,39
5951,39
9139,39
2711,39
9059,39
9032,39
2569,39
15325,39
8903,39
5608,39
15240,39
5586,39
15107,39
2231,39
5431,39
6863,39
6748,39
13142,39
9928,39
5092,39
14666,39
6547,39
1,39
23,39
12831,39
8022,39
1572,39
1502,39
9484,39
1466,39
7870,39
4623,39
1339,39
7673,39
7647,39
1209,39
10832,39
1208,39
1193,39
12378,39
1152,39
9135,39
9098,39
9867,39
1024,39
1020,39
1016,39
1015,39
983,39
11395,39
2505,39
4887,39
13708,39
3937,39
3910,39
5500,39
9373,39
1343,39
7736,39
13285,39
4774,39
9550,39
3899,39
13709,39
56,39
1842,39
4410,39
7428,39
963,39
14993,39
130,39
145,39
922,39
10544,39
123,39
15598,39
6853,39
447,39
8162,39
3893,39
6699,39
9861,39
14975,39
1732,39
9736,39
10440,39
852,39
3890,39
