21576,0
21574,0
21571,0
21568,0
21567,0
21565,0
21556,0
21553,0
21551,0
21550,0
21532,0
21517,0
21512,0
21502,0
21501,0
21473,0
21469,0
21462,0
21454,0
21429,0
21423,0
21419,0
21404,0
21401,0
21387,0
21376,0
21369,0
21360,0
21358,0
21339,0
21321,0
21319,0
21318,0
21303,0
21297,0
21293,0
21292,0
21267,0
21261,0
21257,0
21253,0
21251,0
21210,0
21201,0
21199,0
21181,0
21177,0
21143,0
21138,0
21133,0
21131,0
21130,0
21096,0
21076,0
21060,0
21038,0
21028,0
21023,0
21019,0
21007,0
21000,0
20989,0
20946,0
20936,0
20931,0
20925,0
20919,0
20907,0
20905,0
20902,0
20887,0
20878,0
20840,0
20835,0
20834,0
20829,0
20824,0
20787,0
20778,0
20773,0
20769,0
20757,0
20753,0
20734,0
20721,0
20710,0
20709,0
20699,0
20682,0
20668,0
20653,0
20641,0
20632,0
20596,0
20584,0
20552,0
20514,0
20469,0
20468,0
20467,0
20465,0
20439,0
20420,0
20409,0
20406,0
20398,0
20396,0
20389,0
20379,0
20377,0
20352,0
20267,0
20264,0
20262,0
20256,0
20230,0
20186,0
20142,0
20137,0
20095,0
20090,0
20089,0
20080,0
20058,0
20048,0
20039,0
20035,0
20034,0
20031,0
20025,0
20013,0
20012,0
20005,0
19998,0
19993,0
19984,0
19975,0
19959,0
19935,0
19912,0
19906,0
19895,0
19892,0
19890,0
19874,0
19870,0
19860,0
19844,0
19839,0
19837,0
19833,0
19832,0
19831,0
19830,0
19826,0
19807,0
19802,0
19786,0
19769,0
19763,0
19762,0
19758,0
19744,0
19732,0
19731,0
19711,0
19704,0
19692,0
19679,0
19658,0
19653,0
19649,0
19648,0
19645,0
19635,0
19571,0
19559,0
19557,0
19556,0
19551,0
19546,0
19529,0
19515,0
19509,0
19507,0
19505,0
19499,0
19480,0
19478,0
19471,0
19470,0
19464,0
19453,0
19433,0
19432,0
19424,0
19422,0
19420,0
19419,0
19418,0
19411,0
19383,0
19371,0
19325,0
19312,0
19293,0
19262,0
19256,0
19223,0
19208,0
19191,0
19181,0
19180,0
19167,0
19155,0
19137,0
19122,0
19092,0
19083,0
19082,0
19077,0
19069,0
19065,0
19062,0
19053,0
19050,0
19045,0
19044,0
19017,0
19006,0
18995,0
18994,0
18992,0
18975,0
18963,0
18962,0
18952,0
18951,0
18932,0
18930,0
18922,0
18921,0
18917,0
18910,0
18902,0
18898,0
18875,0
18872,0
18865,0
18861,0
18860,0
18852,0
18849,0
18842,0
18840,0
18795,0
18782,0
18774,0
18773,0
18768,0
18749,0
18746,0
18738,0
18736,0
18730,0
18719,0
18698,0
18689,0
18682,0
18676,0
18674,0
18667,0
18665,0
18648,0
18638,0
18621,0
18616,0
18567,0
18557,0
18549,0
18527,0
18519,0
18509,0
18504,0
18495,0
18493,0
18490,0
18488,0
18487,0
18481,0
18479,0
18472,0
18467,0
18466,0
18465,0
18463,0
18459,0
18458,0
18454,0
18443,0
18437,0
18433,0
18430,0
18423,0
18421,0
18415,0
18403,0
18402,0
18392,0
18389,0
18387,0
18374,0
18372,0
18371,0
18367,0
18366,0
18357,0
18356,0
18342,0
18339,0
18332,0
18321,0
18313,0
18303,0
18302,0
18281,0
18280,0
18277,0
18271,0
18258,0
18257,0
18254,0
18239,0
18236,0
18234,0
18228,0
18225,0
18222,0
18217,0
18191,0
18186,0
18160,0
18135,0
18104,0
18101,0
18099,0
18095,0
18085,0
18080,0
18071,0
18066,0
18050,0
18040,0
18038,0
18037,0
18034,0
18017,0
18014,0
17986,0
17963,0
17960,0
17957,0
17956,0
17952,0
17927,0
17916,0
17915,0
17899,0
17894,0
17892,0
17880,0
17878,0
17877,0
17876,0
17875,0
17872,0
17870,0
17867,0
17864,0
17863,0
17860,0
17857,0
17849,0
17847,0
17839,0
17837,0
17822,0
17813,0
17812,0
17810,0
17782,0
17780,0
17776,0
17770,0
17766,0
17760,0
17759,0
17758,0
17752,0
17749,0
17748,0
17738,0
17731,0
17728,0
17723,0
17719,0
17716,0
17707,0
17706,0
17687,0
17686,0
17666,0
17652,0
17643,0
17619,0
17616,0
17612,0
17596,0
17589,0
17579,0
17574,0
17573,0
17569,0
17568,0
17563,0
17562,0
17551,0
17538,0
17529,0
17499,0
17488,0
17479,0
17473,0
17472,0
17455,0
17452,0
17440,0
17433,0
17431,0
17423,0
17422,0
17421,0
17419,0
17417,0
17416,0
17412,0
17411,0
17410,0
17406,0
17403,0
17400,0
17399,0
17384,0
17365,0
17364,0
17361,0
17359,0
17352,0
17349,0
17343,0
17342,0
17340,0
17338,0
17335,0
17317,0
17316,0
17315,0
17314,0
17302,0
17301,0
17298,0
17285,0
17279,0
17277,0
17275,0
17274,0
17269,0
17248,0
17247,0
17246,0
17245,0
17236,0
17221,0
17212,0
17201,0
17188,0
17187,0
17177,0
17174,0
17173,0
17168,0
17164,0
17152,0
17151,0
17149,0
17148,0
17146,0
17142,0
17140,0
17137,0
17134,0
17128,0
17127,0
17125,0
17123,0
17117,0
17103,0
17097,0
17095,0
17083,0
17077,0
17075,0
17074,0
17067,0
17060,0
17059,0
17053,0
17048,0
17039,0
17038,0
17036,0
17015,0
17011,0
17007,0
17003,0
17001,0
17000,0
16993,0
16991,0
16990,0
16989,0
16987,0
16986,0
16983,0
16981,0
16979,0
16969,0
16967,0
16962,0
16961,0
16957,0
16955,0
16946,0
16940,0
16939,0
16935,0
16929,0
16926,0
16903,0
16897,0
16885,0
16875,0
16871,0
16854,0
16851,0
16796,0
16794,0
16788,0
16777,0
16776,0
16774,0
16772,0
16767,0
16759,0
16750,0
16749,0
16740,0
16734,0
16714,0
16708,0
16707,0
16695,0
16688,0
16687,0
16680,0
16677,0
16676,0
16675,0
16667,0
16663,0
16662,0
16658,0
16656,0
16652,0
16651,0
16636,0
16622,0
16607,0
16589,0
16581,0
16577,0
16538,0
16531,0
16523,0
16512,0
16510,0
16499,0
16495,0
16488,0
16463,0
16459,0
16443,0
16434,0
16429,0
16421,0
16420,0
16419,0
16415,0
16405,0
16404,0
16399,0
16374,0
16369,0
16365,0
16363,0
16359,0
16357,0
16354,0
16332,0
16331,0
16318,0
16311,0
16310,0
16307,0
16300,0
16289,0
16287,0
16282,0
16279,0
16277,0
16274,0
16264,0
16256,0
16241,0
16238,0
16232,0
16216,0
16215,0
16214,0
16212,0
16211,0
16210,0
16203,0
16196,0
16194,0
16179,0
16176,0
16171,0
16164,0
16163,0
16159,0
16152,0
16149,0
16146,0
16145,0
16142,0
16139,0
16136,0
16134,0
16125,0
16123,0
16120,0
16115,0
16110,0
16103,0
16100,0
16098,0
16097,0
16095,0
16093,0
16091,0
16086,0
16077,0
16074,0
16041,0
16023,0
15996,0
15993,0
15988,0
15987,0
15980,0
15973,0
15961,0
15959,0
15950,0
15932,0
15929,0
15918,0
15914,0
15913,0
15912,0
15908,0
15898,0
15885,0
15872,0
15859,0
15858,0
15855,0
15831,0
15810,0
15793,0
15785,0
15778,0
15767,0
15736,0
15732,0
15729,0
15713,0
15672,0
2819,0
15666,0
2813,0
15664,0
15643,0
15636,0
2783,0
15620,0
2767,0
15616,0
2763,0
15597,56
2744,0
15595,0
2742,0
15580,0
15578,0
2725,0
15575,0
2722,0
2720,11
15573,0
15569,0
15565,0
2708,54
15561,0
15551,0
15547,0
15543,0
2687,54
15540,0
2674,21
15527,0
15510,0
15504,0
15503,0
2650,0
15484,0
2630,11
15483,0
15481,0
15478,0
15471,0
15467,0
2611,16
15464,0
15459,54
2606,0
15457,6
2604,0
15447,0
2594,0
15430,63
2577,0
15429,0
2562,7
15415,0
15406,0
2553,0
15363,0
15357,32
2504,0
15352,0
2499,0
2492,50
15345,0
15315,54
2462,0
15308,0
15306,0
15303,0
15296,0
15292,0
15264,0
2411,0
15258,23
2405,0
15255,0
2393,42
15246,0
15237,0
15234,0
15230,0
15226,0
15219,9
2366,0
2357,31
15210,0
15204,0
2347,22
15200,0
15197,15
2344,0
15194,0
2303,20
15156,0
15144,7
2291,0
2269,51
15122,0
2266,44
15119,0
15096,0
15090,49
2237,0
15060,0
15052,0
15037,0
15026,49
2173,0
15012,4
2159,0
15004,0
2151,0
14987,0
14982,0
14981,61
2128,0
14978,0
14971,7
2118,0
14969,0
2116,0
14959,0
2079,11
14932,0
14928,0
14926,0
2073,0
14904,0
14903,0
2033,58
14886,0
14885,0
2029,5
14882,0
14877,0
2024,0
14876,0
14873,0
2020,0
14865,0
2012,0
14839,0
14818,0
1965,0
14783,0
14757,0
14736,0
14672,0
14622,44
1769,0
14604,0
1751,0
1734,42
14587,0
14563,0
14549,15
1696,0
14545,0
1692,0
14544,0
14539,0
1686,0
1684,59
14537,0
14525,0
1651,5
14504,0
14263,0
14199,0
14069,0
1216,0
13958,0
1105,0
13900,0
1047,0
13790,0
937,0
13757,0
904,0
13721,0
868,0
861,5
13714,0
13711,0
13702,0
849,0
13649,0
13559,0
706,0
13507,0
13471,0
13458,0
13288,0
435,0
13279,0
13263,0
410,0
13256,0
13255,0
402,0
13245,0
13242,0
389,0
13224,4
371,0
13201,0
13190,0
13175,0
322,0
13174,0
13170,0
317,0
13163,0
13139,0
13136,0
271,63
13124,0
13119,0
13096,0
13085,59
232,0
13072,0
13070,0
13064,44
211,0
13046,0
13039,0
186,0
13023,0
13021,0
168,0
13003,0
139,23
12992,0
12963,0
110,0
12956,0
12937,0
12933,24
80,0
12905,0
12893,48
40,0
12885,0
12861,0
12842,0
12836,0
12829,0
12827,0
12824,0
12818,0
12815,0
12810,0
12799,0
12791,0
12788,0
12785,0
12778,0
12775,0
12772,0
12763,0
12760,0
12759,0
12755,0
12754,0
12751,0
12748,0
12743,0
12728,0
12725,0
12717,0
12707,0
12702,0
12691,0
12690,0
12689,0
12683,0
12680,0
12677,0
12672,0
12670,0
12668,0
12660,0
12651,0
12647,0
12633,0
12630,0
12627,0
12625,0
12621,0
12611,0
12604,0
12579,0
12574,0
12564,0
12563,0
12557,0
12531,0
12529,0
12521,0
12502,0
12492,0
12490,0
12489,0
12487,0
12485,0
12473,0
12466,0
12465,0
12461,0
12460,0
12457,0
12449,0
12443,0
12442,0
12432,0
12423,0
12409,0
12404,0
12400,0
12399,0
12374,0
12345,0
12344,0
12339,0
12338,0
12318,0
12317,0
12313,0
12304,0
12302,0
12298,0
12286,0
12281,0
12278,0
12276,0
12259,0
12250,0
12249,0
12246,0
12237,0
12225,0
12224,0
12223,0
12222,0
12216,0
12215,0
12197,0
12195,0
12191,0
12156,0
12135,0
12125,0
12117,0
12114,0
12106,0
12094,0
12073,0
12067,0
12054,0
12049,0
12046,0
12044,0
12040,0
12028,0
12027,0
12011,0
12010,0
12005,0
11983,0
11981,0
11970,0
11968,0
11957,0
11945,0
11935,0
11910,0
11909,0
11907,0
11900,0
11888,0
11883,0
11867,0
11866,0
11860,0
11854,0
11848,0
11841,0
11833,0
11826,0
11822,0
11812,0
11808,0
11802,0
11801,0
11795,0
11793,0
11791,0
11789,0
11768,0
11765,0
11746,0
11743,0
11728,0
11723,0
11722,0
11706,0
11663,0
11639,0
11638,0
11627,0
11625,0
11623,0
11619,0
11617,0
11602,0
11587,0
11580,0
11579,0
11578,0
11574,0
11563,0
11559,0
11558,0
11551,0
11550,0
11545,0
11541,0
11529,0
11527,0
11522,0
11519,0
11514,0
11508,0
11490,0
11487,0
11484,0
11477,0
11468,0
11466,0
11460,0
11459,0
11451,0
11447,0
11446,0
11444,0
11440,0
11437,0
11431,0
11430,0
11425,0
11418,0
11413,0
11406,0
11405,0
11403,0
11400,0
11396,0
11390,0
11387,0
11381,0
11379,0
11378,0
11374,0
11372,0
11371,0
11370,0
11369,0
11357,0
11348,0
11344,0
11330,0
11327,0
11301,0
11299,0
11297,0
11292,0
11291,0
11287,0
11285,0
11279,0
11278,0
11276,0
11274,0
11273,0
11272,0
11270,0
11265,0
11261,0
11257,0
11255,0
11253,0
11252,0
11251,0
11249,0
11243,0
11236,0
11234,0
11221,0
11211,0
11210,0
11205,0
11191,0
11185,0
11183,0
11181,0
11179,0
11175,0
11174,0
11173,0
11171,0
11170,0
11149,0
11144,0
11136,0
11126,0
11123,0
11104,0
11103,0
11102,0
11101,0
11095,0
11093,0
11088,0
11076,0
11074,0
11064,0
11063,0
11056,0
11048,0
11041,0
11039,0
11035,0
11015,0
10998,0
10992,0
10989,0
10985,0
10978,0
10971,0
10961,0
10960,0
10959,0
10947,0
10941,0
10922,0
10918,0
10913,0
10905,0
10904,0
10903,0
10901,0
10894,0
10892,0
10887,0
10876,0
10864,0
10849,0
10847,0
10845,0
10843,0
10834,0
10827,0
10817,0
10816,0
10811,0
10794,0
10788,0
10773,0
10757,0
10750,0
10743,0
10742,0
10738,0
10737,0
10729,0
10721,0
10717,0
10715,0
10714,0
10708,0
10704,0
10703,0
10702,0
10699,0
10693,0
10665,0
10642,0
10638,0
10634,0
10632,0
10619,0
10618,0
10612,0
10611,0
10609,0
10608,0
10606,0
10604,0
10584,0
10561,0
10559,0
10555,0
10551,0
10545,0
10537,0
10530,0
10508,0
10498,0
10470,0
10467,0
10458,0
10455,0
10453,0
10445,0
10432,0
10429,0
10423,0
10404,0
10402,0
10388,0
10387,0
10385,0
10377,0
10371,0
10361,0
10359,0
10348,0
10342,0
10335,0
10334,0
10332,0
10328,0
10322,0
10318,0
10310,0
10306,0
10302,0
10299,0
10292,0
10289,0
10282,0
10280,0
10272,0
10265,0
10258,0
10255,0
10245,0
10243,0
10240,0
10237,0
10235,0
10230,0
10197,0
10173,0
10158,0
10146,0
10114,0
10112,0
10110,0
10107,0
10100,0
10098,0
10096,0
10086,0
10080,0
10071,0
10062,0
10057,0
10049,0
10048,0
10042,0
10038,0
10002,0
9988,0
9976,0
9971,0
9965,0
9956,0
9953,0
9943,0
9940,0
9927,0
9925,0
9923,0
9918,0
9915,0
9906,0
9905,0
9902,0
9892,0
9891,0
9878,0
9874,0
9872,0
9869,0
9868,0
9866,0
9858,0
9853,0
9850,0
9847,0
9844,0
9833,0
9829,0
9827,0
9822,0
9814,0
9812,0
9804,0
9797,0
9795,0
9787,0
9779,0
9771,0
9764,0
9755,0
9752,0
9746,0
9744,0
9742,0
9733,0
9728,0
9720,0
9712,0
9707,0
9689,0
9681,0
9671,0
9668,0
9661,0
9657,0
9654,0
9642,0
9641,0
9607,0
9606,0
9603,0
9599,0
9590,0
9588,0
9572,0
9561,0
9559,0
9557,0
9544,0
9535,0
9527,0
9509,0
9505,0
9479,0
9473,0
9454,0
9450,0
9445,0
9433,0
9432,0
9423,0
9413,0
9410,0
9408,0
9393,0
9356,0
9352,0
9330,0
9326,0
9324,0
9315,0
9314,0
9299,0
15717,0
9296,0
9290,0
9285,0
9280,0
15694,0
15688,0
9265,0
9263,0
9258,0
15674,0
9253,0
9252,0
15656,0
2803,0
15653,0
2800,0
9232,0
9207,0
9205,0
2771,4
15624,0
9203,0
9201,0
9197,0
9161,0
15581,0
2728,0
9156,0
9155,0
15568,0
9147,0
15563,0
9142,0
9134,0
9133,0
15548,44
2695,0
9124,0
9115,0
9110,0
15528,0
9107,0
9104,0
9103,0
9100,0
2658,48
15511,0
9090,0
9075,0
9072,0
9065,0
15485,0
9064,0
9053,0
9048,0
15468,0
9045,0
9044,0
15454,0
9033,0
9031,0
9020,0
15424,0
15417,0
8996,0
15413,0
2560,0
8978,0
8977,0
15389,0
8968,0
8962,0
8948,0
2513,24
15366,0
8945,0
15365,0
2512,0
8944,0
8932,0
2496,7
15349,0
2484,48
15337,0
8916,0
15335,31
2482,0
8914,0
15329,0
2476,0
15327,33
2474,0
8906,0
15314,0
2458,58
15311,0
15294,0
8873,0
8866,0
8863,0
15280,0
8859,0
15278,0
8857,0
2421,42
15274,0
8853,0
8845,0
8836,0
8835,0
2391,23
15244,0
8823,0
15223,0
2370,0
8802,0
15220,0
8784,0
8781,0
8780,0
15198,0
8777,0
8757,0
8755,0
15171,0
2308,11
15161,0
2304,7
15157,0
8726,0
15138,0
8717,0
8716,0
8713,0
8710,0
2275,55
15128,0
8707,0
8706,0
8705,0
8704,39
21557,0
21541,27
8688,0
8685,0
21538,0
8684,0
15104,41
2251,0
8683,0
21536,0
8677,0
8676,0
8666,0
21519,0
8663,0
8656,0
8654,0
8641,0
8638,0
21491,0
21489,44
8636,0
2196,34
15049,0
8628,0
8618,0
8613,0
21466,0
15032,0
15031,0
8610,0
15029,0
8608,0
15028,61
2175,0
21460,58
8607,0
8606,0
21455,7
8602,0
2167,58
15020,0
8599,0
21451,5
8598,0
21448,21
8595,0
15013,0
8585,0
21431,49
8578,0
8571,0
14988,0
8567,0
14984,0
21416,19
8563,0
14983,44
2130,0
21415,48
8562,0
14974,0
2121,0
21406,55
8553,0
14967,24
2114,0
8546,0
8544,0
8543,0
14962,19
2109,0
8541,0
21394,0
8540,49
21393,0
8514,0
14933,0
2080,0
8512,0
14930,0
8509,0
21362,0
21359,5
8506,0
14923,0
14918,0
2065,0
21350,49
8497,0
8496,0
21346,44
8493,0
14912,0
14911,0
8490,4
21343,0
8489,34
21342,0
14909,0
2056,0
8481,0
8480,0
21333,0
2047,44
14900,0
8479,0
8478,0
21325,5
8472,0
8453,0
14872,0
8451,0
14859,0
2006,0
8438,0
21291,0
8435,0
8432,0
21285,0
21283,58
8430,0
21281,49
8428,0
8425,55
21278,0
8424,54
21277,0
14828,0
1975,0
21259,48
8406,0
14826,0
8405,0
21254,44
8401,0
8378,0
21227,7
8374,0
8373,0
14785,0
1932,0
8363,0
21214,58
8361,0
8359,0
8351,0
8349,0
21202,0
8347,0
8344,0
21197,0
21195,7
8342,0
21175,49
8322,0
8314,0
8309,0
8308,0
8287,0
21140,0
8276,0
21129,0
8275,48
21128,0
21117,19
8264,0
21112,55
8259,0
21105,49
8252,0
8246,0
8244,53
21097,0
8240,53
21093,0
8234,0
8225,0
21078,0
14642,0
1789,0
21073,59
8220,0
8217,0
8214,0
21067,0
8212,63
21065,0
8209,0
14626,0
1773,0
8205,0
8199,0
8198,53
21051,0
8197,0
21050,0
8193,0
21046,0
8178,0
21031,0
8177,0
21030,0
8176,0
8167,0
21016,49
8163,0
8138,0
8134,0
20984,21
8131,0
14551,0
20983,49
8130,0
14547,4
1694,0
8126,0
14540,0
20972,5
8119,0
8108,0
8106,53
20959,0
1659,3
14512,0
8091,0
8089,0
1653,6
14506,0
20938,41
8085,0
8068,0
8056,5
20909,0
20904,48
8051,0
8050,0
8045,34
20898,0
8028,0
8021,0
8016,23
20869,0
8015,0
20865,53
8012,0
14418,0
7997,0
20833,5
7980,0
7979,0
7977,0
14395,0
7974,0
14393,0
20825,5
7972,0
1536,7
14389,0
7968,0
7963,0
20814,7
7961,0
7955,0
7952,0
7942,6
20795,0
7939,0
20792,0
7937,0
20790,0
7935,0
7930,0
7928,0
7922,7
20775,0
7912,0
7897,0
7896,0
7895,0
14315,0
20747,7
7894,0
20746,55
7893,0
7891,0
20744,0
7879,0
7876,0
20728,49
7875,0
7874,0
14293,0
1440,0
7872,0
20725,0
7869,0
7864,0
7847,0
7845,23
20698,0
7843,0
7840,6
20693,0
7839,0
7831,0
7826,5
20679,0
7823,0
7820,0
20673,0
20671,5
7818,0
20669,58
7816,0
7814,0
20667,0
7813,59
20666,0
7810,0
7809,0
20662,0
20650,21
7797,0
1359,11
14212,0
7791,0
7789,0
7767,0
14178,0
7757,0
7755,0
7749,0
14146,0
1293,0
7710,0
7696,0
7687,0
14099,0
1246,0
20531,19
7678,0
20527,61
7674,0
7671,0
14091,44
1238,0
20523,7
7670,0
7669,0
20497,48
7644,0
7643,0
20496,0
7642,0
7639,0
7636,11
20489,0
20488,7
7635,0
20480,58
7627,0
20476,21
7623,0
7611,0
7606,0
20459,0
20457,59
7604,0
20453,41
7600,0
7596,0
20446,5
7593,0
7592,0
20438,7
7585,0
7584,0
7583,0
7576,0
7570,0
20419,54
7566,0
7557,0
7552,0
20401,49
7548,0
7541,0
7534,0
20386,49
7533,0
7518,23
20371,0
20367,19
7514,0
20365,49
7512,0
20363,55
7510,0
20357,7
7504,0
7496,0
7488,4
20341,0
13904,0
20334,49
7481,0
7477,0
7475,0
20328,0
20319,54
7466,0
7464,0
7452,0
1017,54
13870,0
20300,5
7447,0
20286,5
7433,0
7427,0
13834,0
7408,0
20261,0
7406,0
20259,0
7394,0
20247,0
7391,0
7386,0
7379,16
20232,0
20223,5
7370,0
20220,5
7367,0
7363,16
20216,0
7357,0
20210,0
7355,0
20207,19
7354,0
7352,0
7344,0
20195,49
7342,0
7337,0
13753,0
20176,54
7323,0
7322,0
13735,0
882,0
7314,0
20165,5
7312,0
7297,0
20112,44
7259,0
7253,0
7247,0
7240,0
7225,0
800,0
7221,0
7220,0
7216,0
780,33
13633,0
791,0
7209,0
758,55
13611,0
7177,0
7167,0
745,0
7166,0
20019,0
7148,15
20001,0
725,0
722,0
7143,0
714,0
7126,0
679,0
13532,0
7074,44
19927,0
7071,0
7066,0
7064,0
7058,0
7047,0
7045,0
7032,0
7030,0
7029,0
19882,0
7023,0
7015,0
13435,0
7014,0
19867,0
7013,0
19866,0
19865,21
7012,0
19854,5
7001,0
555,0
6976,0
13393,0
551,0
13404,0
6972,0
6970,0
19823,0
6955,63
19808,0
6929,0
6928,59
19781,0
6922,0
19775,0
6917,0
6913,0
19766,0
6894,0
467,0
13320,0
6888,0
6881,6
19734,0
13290,0
6869,0
13287,0
6866,0
19719,0
13286,0
444,0
13282,0
13281,0
439,0
13292,0
19713,59
6860,0
13280,0
438,0
13291,0
13270,0
6849,59
19702,0
6819,0
6818,0
13238,0
6817,0
377,0
19651,33
6798,0
19644,21
6791,0
19642,48
6789,0
13200,0
352,0
13205,0
6771,0
13191,41
338,0
349,0
6770,0
13186,0
13185,0
343,0
13196,0
6764,0
13184,0
331,0
342,53
13195,0
13168,0
315,0
13159,0
311,0
13151,0
6726,0
304,0
13157,0
6725,0
19572,3
6719,0
6716,0
290,0
6709,4
19562,0
6707,0
19560,0
281,0
6702,0
6697,0
13105,0
13103,0
6682,0
13113,33
260,0
6681,41
19534,0
13095,0
242,0
6674,0
249,0
13089,0
236,0
247,0
6660,0
13078,0
225,0
6657,0
19510,0
6647,0
19500,0
13056,0
203,0
214,0
13067,0
13053,0
6632,0
6630,0
19483,0
13043,0
201,61
13054,0
19475,7
6622,0
19448,59
6595,0
13007,0
157,0
6578,0
6576,0
6562,0
6561,0
12959,0
6537,0
6528,4
19381,0
6527,0
19380,0
6524,55
19377,0
19374,54
6521,0
86,0
6507,0
19360,0
82,5
12935,0
6497,0
64,14
12917,0
75,0
6494,0
6473,0
42,0
6463,0
6460,0
37,33
12890,0
29,0
6450,0
13,48
12866,0
6445,0
12862,0
9,0
6441,0
19294,0
6438,0
19291,0
6437,48
19290,0
12857,0
6436,0
6434,0
12848,0
6427,20
19280,0
12806,0
6385,63
19238,0
12803,0
6382,0
12797,0
6376,0
6375,0
6373,0
6372,0
6368,0
6361,0
12774,0
6353,0
6350,0
6348,0
12767,0
6346,0
19199,0
6341,0
12761,0
6340,0
19193,0
12758,0
6337,0
6335,0
19170,7
6317,0
6315,0
12732,0
12703,0
6282,0
6279,0
6278,0
12698,0
6277,0
12694,0
12692,0
12688,0
6267,0
12685,0
6264,0
6248,54
19101,0
6244,33
19097,0
12661,0
6235,0
12655,0
6234,48
19087,0
12654,0
12648,0
12646,0
6225,0
12644,0
12641,0
6220,0
19073,0
12639,0
6218,0
6217,0
12636,0
6215,0
6214,0
6208,0
12620,0
6189,0
19042,0
12608,0
12605,0
6184,10
19037,0
12602,0
12599,0
6178,0
6177,0
6169,0
19022,0
12559,0
6137,0
18988,59
6135,0
12555,0
6128,0
12546,0
6125,0
12534,0
6113,0
6106,0
12524,0
12517,0
12515,0
6092,59
18945,0
12512,0
6091,0
18944,0
12507,0
6086,0
6085,0
18938,0
12504,0
6083,0
12503,0
6082,0
12488,0
6067,0
18920,0
6063,0
6060,0
6058,0
12472,0
6051,55
18904,0
12469,0
12468,0
12464,0
6035,61
18888,0
6034,0
12454,0
6027,0
6025,0
12441,0
6020,0
18873,0
12435,0
6014,5
18867,0
5998,0
18851,0
5985,0
12398,0
12394,0
12390,0
5958,8
18811,0
5946,0
5937,0
5935,0
12355,0
5934,0
5930,7
18783,0
12340,0
12333,0
5912,44
18765,0
5901,44
18754,0
12321,0
5900,0
5889,0
12309,0
5888,0
5887,0
5886,0
18739,0
18732,21
5879,0
18721,7
5868,0
5858,0
5854,0
12270,0
5849,0
5842,0
12260,0
5839,0
5835,0
18688,0
5830,0
5827,0
5826,0
5818,0
12236,0
5815,0
5810,53
18663,0
12229,0
12221,0
5800,0
12219,0
5798,0
12213,0
5792,0
5789,0
12171,0
5740,0
5739,0
18592,0
12159,0
5727,0
5724,47
18577,0
5719,0
12138,0
5717,0
18570,0
5713,0
18566,0
12133,0
5712,0
18565,0
12132,0
5711,13
18564,0
12131,0
18563,28
5710,0
12127,0
5706,0
12122,0
5701,15
18554,0
5692,0
5690,0
5689,0
5684,0
5675,0
12093,0
5672,0
5667,0
18520,0
12084,0
5660,0
12080,0
5659,0
5655,0
12068,0
5641,0
12050,0
12048,0
5627,0
5617,55
18470,0
5615,0
5611,0
18464,0
5609,0
18462,0
12024,0
5603,6
18456,0
5602,55
18455,0
5598,0
12016,0
5595,55
18448,0
5592,54
18445,0
5585,0
18438,0
11997,0
5576,54
18429,0
11996,0
5575,0
5567,0
18420,0
5566,21
18419,0
5565,21
18418,0
5564,0
5563,0
11982,0
5561,0
5559,0
11979,0
5558,0
5555,0
5554,0
18407,0
5544,54
18397,0
11958,0
11954,0
11953,0
5532,61
18385,0
5530,33
18383,0
5522,6
18375,0
11941,0
5520,0
5517,0
5508,0
5505,0
11923,0
11920,0
5499,0
18352,0
11916,0
5495,7
18348,0
5491,0
5485,0
5483,7
18336,0
18334,59
5481,0
5477,0
5475,55
18328,0
5470,0
18323,0
5465,0
5453,0
11872,0
18300,59
5447,0
5429,0
11847,0
5423,0
18276,0
5421,0
5411,0
11831,0
5410,0
5400,0
18253,0
5398,0
11817,0
18249,42
5396,0
5394,0
5392,0
11811,0
5390,0
18243,0
18242,7
5389,0
5388,0
5382,0
5379,0
5363,0
11771,0
5350,0
5349,0
11767,0
11763,0
5335,0
18188,0
5334,0
18187,0
11753,0
5332,0
11751,0
5330,0
5328,0
5323,0
18176,0
5309,0
5303,0
18152,44
5299,0
5297,7
18150,0
5296,16
18149,0
5293,0
5291,0
5288,0
11708,0
5287,0
11707,0
5281,0
5278,0
5273,0
5272,0
5270,0
5260,0
18109,63
5256,0
5255,0
18108,0
5253,0
11665,0
5244,0
11664,0
18096,49
5243,0
11661,0
5240,0
18093,0
5238,0
11658,0
5237,0
5235,0
5234,0
18079,39
5226,0
5222,0
18075,0
5220,0
5214,0
18065,44
5212,0
5210,0
5207,0
5205,0
5201,0
18048,5
5195,0
5194,0
5192,0
5191,0
5190,0
5188,0
5183,0
18036,0
11598,0
11597,0
5176,0
18029,0
18028,44
5175,0
5172,0
5171,0
5167,0
5160,0
5148,0
18001,0
5141,0
5139,0
11555,0
5128,21
17981,0
5126,50
17979,0
11546,0
5125,0
17978,0
11539,0
5117,0
17967,54
5114,0
11523,0
5102,0
5097,0
17950,0
5095,21
17948,0
11515,0
5091,0
5090,61
17943,0
11507,0
5086,0
11506,0
11505,0
5082,0
5081,0
11498,0
5077,0
17930,0
5072,58
17925,0
5070,0
17923,0
5060,0
5058,0
17911,0
5054,23
17907,0
5053,0
17906,0
11465,0
5044,59
17897,0
11464,0
5043,33
17896,0
11455,0
5034,58
17887,0
11450,0
5021,6
17874,0
11441,0
5020,0
17873,0
5013,33
17866,0
4987,0
4983,0
11402,0
17834,7
4981,0
4965,0
11377,0
11373,0
4952,0
11362,0
4941,0
4933,0
4922,0
17775,0
4910,0
17763,0
11324,0
4903,0
11322,0
17753,61
4900,0
17751,21
4898,0
11315,0
4894,0
11314,0
4893,0
17746,0
4890,0
4867,0
11271,0
17703,19
4850,0
4848,0
17701,0
4835,0
17688,0
4824,0
17677,0
11242,0
4821,4
17674,0
11241,0
11239,0
4818,0
17671,0
11237,0
4816,0
11233,0
4812,0
17660,7
4807,0
4806,0
17659,0
17651,59
4798,0
4796,0
4795,0
4785,0
11202,0
4781,0
4779,0
17632,0
4776,0
4773,0
4768,0
11177,0
4756,0
4751,0
11166,0
11163,0
17595,39
4742,0
4741,0
4733,0
4717,0
4714,0
11134,0
4713,0
11133,0
4712,0
4711,0
4708,0
11113,0
17545,7
4692,0
17543,21
4690,0
4689,0
4687,0
17540,0
4679,0
4666,1
17519,0
11086,0
4665,0
17518,0
4662,0
4657,0
4654,0
17507,0
11065,0
4644,0
4640,0
4638,0
17491,0
4634,0
4625,0
17478,0
11043,0
4622,0
4621,0
4613,0
4606,0
4605,0
11025,0
4604,0
17457,0
4600,0
4595,0
17448,0
4593,0
17446,0
4592,0
4591,0
11007,0
4586,0
4583,34
17436,0
4579,0
17432,0
4576,0
17429,0
4555,0
17408,0
4552,0
17405,0
10962,0
4541,0
4537,0
4536,0
17389,0
4524,0
4513,0
4510,0
4507,0
4493,0
17346,0
10902,0
4481,0
17334,0
4477,59
17330,0
4476,54
17329,0
4470,0
4465,0
17318,0
4458,0
17311,0
4453,0
17306,0
10873,0
4452,0
17305,0
4451,44
17304,0
10860,0
4439,18
17292,0
4438,61
17291,0
4436,0
17289,0
4425,0
4407,0
17260,0
10826,0
17258,12
4405,0
4398,4
17251,0
4397,0
17250,0
10809,0
4388,6
17241,0
4386,0
17239,0
4371,0
17224,0
4370,54
17223,0
4369,0
10787,0
4366,0
10786,0
4365,0
4364,0
10779,0
10774,0
4353,33
17206,0
4349,0
10768,0
4345,0
4343,0
17196,0
10760,0
4339,0
4333,0
17186,0
10744,0
4323,0
4318,44
17171,0
10734,0
4313,21
17166,0
4310,0
17163,0
4301,0
17154,0
4297,0
4286,0
4276,44
17129,0
10688,0
4267,0
10682,0
4259,0
10678,0
10674,0
4249,0
17102,0
4246,0
17099,0
4245,6
17098,0
10662,0
10661,0
4238,0
17091,0
4237,0
4231,0
17084,0
4229,0
17082,0
4228,6
17081,0
4215,0
4205,34
17058,0
10625,0
4204,0
4199,0
17052,0
4193,0
10613,0
4192,0
17035,55
4182,0
17031,5
4178,0
10596,0
4175,0
17028,0
10594,0
4173,0
4170,0
17023,0
10590,0
4167,0
10586,0
4165,0
4161,0
10581,0
4160,0
4159,0
17012,0
4156,0
4153,0
4152,0
17005,0
4146,0
10566,0
16992,24
4139,0
4122,0
16975,0
10541,0
4120,0
16973,0
4117,0
16970,0
4115,63
16968,0
4113,0
16966,0
4105,0
4103,0
4096,0
10515,0
4091,0
10509,0
4088,1
16941,0
10505,0
4084,0
4081,0
4080,0
4075,0
4074,0
4066,0
16918,33
4065,0
16916,21
4063,0
4061,0
4048,0
4041,0
4036,0
16888,58
4035,0
16886,41
4033,0
10449,0
4027,0
7229,0
10447,0
4026,0
10446,0
797,0
7218,0
20071,0
4015,41
16868,0
3999,59
16852,0
10418,0
3997,0
16850,0
7196,0
10414,0
3991,0
7192,44
20045,0
16838,4
3985,0
764,0
7185,11
20038,0
10403,0
16835,4
3982,0
3980,0
16833,0
10394,0
16826,24
3973,0
7161,0
3958,33
16811,0
736,0
7155,34
20008,0
7136,24
19989,0
10354,0
712,0
3930,20
16783,0
7129,20
19982,0
10347,0
3926,0
16779,0
7119,0
3916,0
7115,21
19968,0
3912,0
7111,0
19964,0
3908,0
16761,0
10313,0
3892,0
16745,0
3886,0
16739,0
7087,0
3884,34
16737,0
3879,0
7076,0
3873,0
16726,0
7075,0
10291,0
3870,34
16723,0
7070,0
3867,0
7068,0
16718,24
3865,0
7067,0
10285,0
16717,56
3864,0
3858,4
16711,0
7060,11
19913,0
3857,16
16710,0
3856,0
3853,54
16706,0
7049,0
19902,0
3846,0
7046,0
10264,0
3843,0
10261,0
13462,0
7041,0
3838,0
3830,0
7031,0
3828,24
16681,0
16678,15
3825,0
7024,0
7020,0
10238,0
7011,0
19864,0
3801,55
16654,0
7003,28
19856,0
16653,4
3800,0
3796,0
16649,0
6998,0
10216,0
3795,0
16648,0
10214,0
3793,0
16646,0
10213,0
3792,0
16645,0
6993,0
3790,0
10209,0
3788,22
16641,0
6985,0
3777,13
16630,0
16628,5
3775,0
10192,0
3768,41
16621,0
544,0
6965,0
559,0
16615,49
3762,0
6961,0
3758,0
16611,0
6975,0
19828,0
552,0
3743,0
6939,0
518,0
3720,0
6920,0
19773,0
19788,21
6935,0
16570,24
3717,0
498,0
10122,0
16554,19
3701,0
6884,0
19737,0
478,0
10102,0
3681,0
470,0
3673,0
6872,0
6887,0
10090,0
464,0
10088,0
6852,0
3649,5
16502,0
13271,0
6850,55
19703,0
10068,0
10061,0
3640,0
16493,0
13261,0
408,0
10058,0
3637,21
16490,0
405,16
13258,0
416,0
13269,0
6837,21
19690,0
10052,0
10041,0
16472,22
3619,0
6815,0
13251,0
409,50
13262,0
3612,1
16465,0
13244,0
376,0
6797,34
19650,0
10015,0
3589,0
16442,0
10000,0
16432,41
3579,0
374,0
3577,0
16430,0
366,0
13188,0
13199,31
346,0
13214,58
361,0
16417,44
3564,0
356,0
3559,0
6757,0
9975,0
16407,14
3554,0
9974,0
3553,0
16395,59
3542,0
16394,11
3541,0
6737,0
3534,0
330,0
9954,0
13144,0
302,0
3520,0
13116,0
3492,0
13115,0
273,0
13126,0
6694,0
9912,0
3491,0
3490,0
16343,0
9909,0
3488,0
6683,0
9884,0
3463,0
16316,0
3461,0
16314,0
19512,12
6659,0
6655,0
3452,0
246,0
3449,0
13062,0
220,0
3438,0
6638,34
19491,0
6653,34
19506,0
16288,11
3435,0
3425,0
16278,0
6623,0
9841,0
3420,0
19474,33
6621,0
6619,0
213,0
3415,0
191,0
6612,0
3409,0
16262,0
3399,0
16252,0
3389,0
6581,0
9799,0
3378,0
12996,59
143,0
13011,0
3372,0
16225,0
9792,0
3371,0
153,59
13006,0
3367,0
135,59
12988,0
6556,0
19409,0
3352,0
12981,0
128,0
9763,0
3342,0
16195,0
124,0
3327,0
3309,0
66,61
12919,0
19351,59
6498,0
3295,0
16148,0
53,0
12910,0
68,0
3271,0
3266,0
16119,0
12900,0
47,0
58,0
12875,0
22,0
6454,5
19307,0
48,63
12901,0
3251,0
12888,0
46,0
3249,0
12853,0
11,0
6432,0
19285,0
12846,0
6425,0
3222,0
16075,0
6414,0
19267,0
3211,0
12834,0
6413,0
16063,63
3210,0
9615,0
3194,0
16045,58
3192,0
3189,0
9608,0
3187,0
3184,3
16037,0
3180,0
3157,0
6358,0
3155,0
3154,0
3153,0
16006,0
6352,0
9570,0
3149,0
9560,0
3139,0
15984,33
3131,0
12752,0
6331,0
9549,0
15981,61
3128,0
3115,0
15968,0
9532,0
3111,0
15964,0
3110,0
15963,0
12731,0
6310,55
19163,0
3107,0
15960,0
9526,0
3104,0
3100,0
6301,0
3098,0
15951,0
12716,0
6295,0
3092,0
3086,2
15939,0
12697,0
6276,0
3073,0
12696,0
6275,6
19128,0
3072,0
15925,0
3071,0
15924,0
3069,0
3062,0
3056,0
15909,0
9472,0
3051,0
3047,0
15900,0
3040,0
12663,0
3039,0
15892,0
3038,0
15889,49
3036,0
3034,0
12652,0
15881,7
3028,0
3023,0
15876,0
9437,0
3016,0
9434,0
3013,0
9431,0
3010,0
12632,0
3008,0
15861,0
3007,0
12623,0
6202,0
2999,0
6201,0
15851,21
2998,0
2995,0
9415,0
9414,0
2990,0
6188,0
19041,0
2985,0
15838,0
2983,0
9403,0
2982,0
6180,0
19033,0
9398,0
2977,0
9392,0
2971,0
12594,0
2970,0
15823,0
15821,34
2968,0
2965,0
2959,0
2955,0
15808,0
6157,0
2954,0
15807,0
2950,17
15803,0
2946,0
2933,0
2930,0
9349,0
2928,0
12551,0
9348,0
2927,0
15780,0
12550,0
2926,0
6121,0
9339,0
12540,0
6119,0
9336,0
2915,6
15768,0
9328,0
2907,0
2902,0
6090,0
2887,0
6075,0
9293,0
2872,0
9288,0
2867,0
9279,0
12480,0
6059,0
15698,0
9277,0
2853,0
6054,0
9272,0
15704,61
2851,0
9271,0
2847,0
6042,33
18895,0
12462,0
15680,49
2827,0
9259,0
15691,2
2838,0
15675,0
2833,0
6030,0
6023,0
9239,0
2818,0
6018,0
15668,61
2815,0
9220,0
2799,0
2793,0
2792,0
12415,0
2791,0
9208,0
12407,0
5986,0
9204,0
18828,54
5975,0
5972,0
9190,0
2769,0
2757,61
15610,0
2768,0
15621,0
12389,0
2754,58
15607,0
2765,0
2764,0
15617,0
2752,7
15605,0
9184,0
12386,0
5965,0
2762,0
5964,0
9182,0
9181,0
15613,61
2760,0
5955,0
12375,0
5954,0
18807,0
15593,0
9172,0
5951,0
15590,21
2737,0
2746,0
15584,0
9163,0
15579,0
9158,0
2729,0
15560,0
9139,0
2711,0
9116,0
12315,0
2688,0
5875,0
18728,0
2672,0
2666,0
15501,0
2648,0
15494,0
2652,0
9069,0
18703,7
5850,0
2647,0
5848,0
9059,0
2638,0
2635,0
15453,0
9032,0
15451,0
2609,0
15462,0
12226,0
5805,0
18658,0
2602,58
15455,0
15438,0
2585,0
2596,0
9015,0
5796,0
9014,0
2593,7
15446,0
2591,0
18646,19
5793,0
2579,6
15432,0
12209,0
5788,0
15427,28
2574,0
12208,0
5787,0
2584,0
2578,0
12201,0
5780,0
8998,0
8991,0
2570,0
15411,0
2558,0
2569,0
15409,0
2551,59
15404,0
8982,0
5762,0
2559,0
15400,0
15397,0
2544,0
12178,0
2543,59
15396,0
8975,0
2554,0
5756,0
2550,0
12172,0
5751,0
18604,0
2546,0
15386,0
5746,0
18599,0
12164,0
5743,0
8961,0
5742,0
18595,0
2532,0
5734,0
2531,0
15384,0
8951,0
2530,0
12152,0
2528,0
2520,0
5707,0
8909,0
5686,0
18539,0
8903,0
5678,21
18531,0
2475,0
5677,7
18530,0
8895,0
15310,0
2468,20
15321,0
8880,0
2459,44
15312,0
8861,0
2440,0
2435,0
12053,0
8850,0
2417,53
15270,0
8849,0
15263,0
2410,0
2419,0
15253,0
8830,0
5608,0
5596,0
5594,0
2386,21
15239,0
15227,0
2374,0
8806,0
2385,0
5586,0
2383,0
12003,0
5582,21
18435,0
2379,0
5579,0
18432,0
2376,0
8778,0
8768,0
8765,0
11961,0
18393,53
5540,0
15179,0
2326,0
8747,0
5526,0
2323,0
5523,0
18376,0
2309,54
15162,0
8741,0
2310,0
11932,0
5511,0
15149,0
2307,0
11915,0
8696,0
11895,0
5474,0
2271,0
11894,0
18326,7
5473,0
2259,11
15112,0
8691,0
11893,0
5472,0
15111,0
8690,0
11892,0
15110,0
2257,0
8689,0
2268,59
15121,0
5469,0
8686,0
21539,0
15118,18
2265,0
8681,0
5456,50
18309,0
15095,0
8674,0
18308,33
5455,0
18307,58
5454,0
15093,0
2240,0
8672,0
11873,0
2238,15
15091,0
8670,0
21523,0
8668,0
21521,0
2247,0
2246,0
11864,0
5443,0
18296,0
15082,0
8661,0
11863,0
2239,0
11862,0
11861,0
5440,0
8658,0
11858,0
2231,0
5431,0
2228,0
15067,0
11843,0
15061,0
11837,0
15055,0
2202,0
8632,0
11830,0
5409,0
15048,0
11829,0
5408,0
15045,0
8624,0
21477,0
8623,0
15038,0
8615,0
6982,0
10200,0
3779,0
5385,0
18238,0
15024,0
8603,0
15017,0
10191,0
16623,5
3770,0
5376,0
18229,0
547,0
6968,0
562,0
2168,0
21441,48
8588,0
3760,0
11787,0
5366,0
15005,0
532,0
6953,0
10171,0
6952,0
10155,0
5340,0
21411,59
8558,0
2137,0
2108,0
486,0
6907,0
19760,0
3704,0
14960,21
2107,0
3694,0
8518,43
21371,0
2097,0
5295,0
18148,0
8513,0
8510,34
21363,0
14921,0
5276,0
5268,0
14907,0
2054,0
13276,0
423,0
6855,0
3652,39
16505,0
11679,0
5258,0
18111,0
8475,0
13284,0
6863,0
442,0
10066,0
3645,0
436,0
16492,49
3639,0
5245,0
13265,0
6844,0
19697,0
3626,55
16479,0
6828,0
19681,0
16478,49
3625,0
5231,0
21302,5
8449,0
2028,54
14881,0
8448,0
21301,0
2027,0
6841,0
16476,21
3623,0
8447,33
21300,0
3622,0
16475,0
5228,0
14867,0
2025,0
18068,44
5215,0
14854,0
2001,0
13231,0
378,0
6810,0
19663,0
3607,0
16460,0
2010,0
10018,0
3597,0
16450,0
5203,0
14842,0
2000,0
3592,0
1995,0
1994,0
13204,0
362,0
3580,0
1983,0
5168,0
354,0
9978,0
1960,0
6748,0
3545,21
16398,0
1948,0
6734,0
3531,0
21208,54
8355,0
1934,0
1933,0
323,0
3526,0
11553,0
5132,0
14771,63
1918,0
1929,0
5121,0
14755,5
1902,0
8334,0
21187,0
1913,0
6712,0
3509,0
13142,0
17968,25
5115,0
1912,0
6710,0
9928,0
16360,5
3507,0
5113,0
8331,0
1910,0
6689,0
9907,0
3486,28
16339,0
5092,0
1889,0
6686,4
19539,0
16336,50
3483,0
1886,0
14739,0
259,0
3477,0
1880,0
3469,0
21146,49
8293,0
237,0
13090,0
6658,0
19511,0
3455,0
1858,0
8269,4
21122,0
1848,0
14689,0
1836,0
3442,0
248,0
1845,0
5042,0
1839,0
1832,0
1815,0
11433,0
1809,0
13024,0
6603,0
3400,0
8224,0
21077,0
1801,0
13019,0
166,0
19451,59
6598,0
3395,0
5001,0
1798,0
3384,0
14629,0
1787,0
11393,0
4972,33
17825,0
8190,0
3364,0
4970,0
17823,0
1767,0
152,4
13005,0
6573,55
19426,0
3332,0
16185,0
12980,0
127,0
6559,0
19412,0
17791,41
4938,0
1735,0
134,14
12987,0
1731,0
3320,0
16173,0
3329,0
6547,0
1723,0
9734,0
16166,27
3313,0
14558,0
8137,0
14569,58
1716,0
11335,0
1711,0
6506,6
19359,0
3303,0
6515,0
19368,0
109,0
12962,0
6488,0
19341,0
9706,0
3285,0
8109,0
1688,0
12912,0
59,0
6491,44
19344,0
8103,0
1682,0
6478,16
19331,0
3275,0
6502,0
81,0
4881,0
1678,0
20947,54
8094,0
1673,0
12898,44
45,0
3263,0
8087,0
1666,0
12878,0
36,22
12889,0
9675,0
3254,16
16107,0
14499,0
1657,0
38,19
12891,0
3252,0
12883,0
4841,0
17694,0
6428,0
3225,0
1628,0
9644,0
3223,59
16076,0
4829,0
17682,0
1626,0
12843,0
1,0
6422,0
9640,0
3219,0
1622,0
12841,0
6420,33
19273,0
9638,0
3217,0
1620,0
6419,11
19272,0
9637,0
3216,0
8040,0
20893,0
1619,0
6410,2
19263,0
9628,0
3207,0
12851,0
6430,0
19283,0
11230,0
4809,0
1606,0
12823,0
6402,0
19255,0
16052,63
3199,0
8023,0
9619,0
3198,0
4804,0
1601,0
6407,0
3204,0
11222,0
4801,0
14440,0
9604,0
3183,0
8007,0
14423,0
16029,59
3176,0
8000,0
1579,0
11196,0
1572,0
12790,0
3166,0
4772,0
17625,0
11192,0
4771,0
16016,33
3163,0
11190,0
4769,0
17622,0
20837,49
7984,0
1563,0
4765,21
17618,0
20836,5
7983,0
1562,0
1550,0
20817,61
7964,0
4744,0
17597,0
7962,0
11161,0
4740,0
17593,0
7958,16
20811,0
1537,0
1535,0
1526,0
9538,0
3117,0
15970,0
1520,0
6306,61
19159,0
3103,0
15956,0
1506,0
12701,0
15930,4
3077,0
7901,0
1480,0
7899,0
1478,0
1460,44
14313,0
7888,0
9484,0
3063,0
4664,0
4660,0
17513,0
3053,0
4659,0
1445,48
14298,0
7877,0
7873,0
15899,7
3046,0
7870,0
6246,0
3043,0
15896,0
11070,0
4649,0
17502,0
7867,0
4648,0
7866,11
20719,0
7865,0
1444,0
4641,0
17494,0
4637,0
20708,54
7855,0
1434,0
15879,39
3026,0
4632,0
15878,11
3025,0
14270,0
11051,0
7848,0
1427,0
4623,0
4617,0
17470,0
3009,0
4615,0
1412,0
1409,0
4610,28
17463,0
1407,0
3003,0
11030,0
4609,10
17462,0
1406,0
3001,1
15854,0
7825,0
1391,0
1387,0
15832,19
2979,0
4585,0
1382,0
4584,0
12600,0
2976,0
15829,0
4581,54
17434,0
1367,21
14220,0
7796,0
15817,9
2964,0
6166,0
2963,28
15816,0
9382,0
6163,0
9381,0
2958,0
15811,0
1361,0
1360,0
2936,0
1339,0
9338,0
10944,0
4519,0
17372,0
7737,0
1316,0
1301,33
14154,0
20586,21
7733,0
1312,0
7729,0
1300,0
1292,0
4488,0
17341,0
9302,0
2881,0
15715,49
2862,0
9294,0
1276,0
20546,41
7693,0
1272,0
10893,0
1269,0
6065,0
9283,0
7686,0
1260,0
7673,0
1252,0
4454,0
14093,0
7672,0
20525,0
10867,0
1243,0
4437,0
7650,0
9246,0
17284,1
4431,0
1228,0
4429,0
17282,0
7647,0
1226,0
9234,0
9230,0
1212,0
7632,0
20485,0
1211,0
6010,44
18863,0
1210,0
10833,0
1209,0
10832,0
4411,59
17264,0
7629,0
1208,0
6000,0
15639,0
2797,0
7621,33
20474,0
20471,21
7618,0
1197,0
9210,0
1192,0
9206,0
2785,0
7609,0
4385,55
17238,0
7603,0
1182,0
4380,6
17233,0
14012,0
1159,0
5960,0
10784,0
4363,55
17216,0
5957,0
18810,0
15596,0
9175,0
10781,0
4360,0
7577,0
1156,0
7569,0
1148,0
12368,0
5947,0
9165,0
20421,61
7568,0
4341,54
17194,0
4340,0
7558,0
7555,0
5925,54
18778,0
10749,0
4328,0
1125,0
10748,0
4327,0
17180,0
13966,0
314,0
11544,0
5123,0
15562,0
7544,0
1123,0
1919,0
20392,48
7539,0
15556,0
11526,0
13946,0
1104,0
4306,0
1103,0
5902,0
2699,0
1102,0
1897,0
4303,0
17156,0
20374,55
7521,0
279,0
9903,0
8306,0
1885,0
1088,0
10709,0
1085,0
2681,0
1082,0
256,0
6677,0
16327,64
3474,0
5080,0
17933,0
14719,0
8298,0
12301,0
5880,0
9098,0
2677,0
7501,0
20353,44
7500,0
1079,0
1077,0
1871,0
2671,0
4277,0
7495,5
20348,0
1074,0
1072,0
1071,0
3460,0
1863,0
16312,50
3459,0
1862,0
14715,0
9081,0
2660,0
10687,0
4266,0
20337,5
7484,0
16299,7
3446,0
5052,0
8270,44
21123,0
10676,0
4255,0
1052,0
7468,33
20321,0
11461,0
5040,0
14679,0
8258,0
15479,0
2637,0
1040,0
1036,0
4235,0
13874,0
7453,0
1032,0
10648,0
4227,0
17080,0
1024,0
13041,0
199,0
13052,0
6620,7
19473,0
3417,59
16270,0
2620,0
1023,0
10644,0
4223,0
17076,0
1020,0
13037,0
9834,0
16266,44
3413,0
1816,0
1019,0
10640,0
1016,0
4218,28
17071,0
1015,0
1013,0
15448,0
10633,0
4212,0
7424,0
176,0
3394,59
16247,0
1797,0
6609,21
19462,0
13045,0
20274,7
7421,0
1000,0
10622,0
4201,0
17054,0
194,0
10615,0
991,0
162,0
6583,0
16233,39
3380,0
8204,0
15425,0
2583,0
10610,0
4189,7
17042,0
7407,0
3381,0
16234,0
3390,0
984,0
5783,0
983,0
12203,0
5782,0
2568,44
15421,0
982,0
978,0
11397,0
4976,0
17829,0
974,0
15410,0
4174,0
17027,0
971,0
5769,0
8987,0
2566,0
10593,0
17025,59
4172,0
969,0
5708,0
4111,0
16964,0
908,0
20968,61
8115,0
10521,0
4100,28
16953,0
7318,0
897,0
6493,0
12929,0
87,0
12940,0
3290,3
16143,0
8114,0
1693,0
4099,64
16952,0
896,0
7310,0
889,0
8102,0
1681,0
4887,0
8105,0
884,0
9697,0
1679,0
10506,0
4085,0
2470,0
13715,0
873,0
3264,0
16117,0
8088,0
12091,0
5670,0
18523,0
15309,0
2467,0
870,0
4069,0
16922,0
13708,0
20140,7
7287,0
857,0
8069,0
20922,0
4054,0
10473,0
4052,0
10472,0
4051,0
14476,0
1623,0
8055,0
1634,0
3243,34
16096,0
6461,0
8855,0
2434,0
7234,0
20087,0
16884,6
4031,0
3205,0
11232,0
8029,0
7217,0
10435,0
811,0
5597,0
4000,58
16853,0
5593,0
2390,0
778,0
7199,0
793,0
4791,7
17644,0
1588,0
5583,31
18436,0
768,0
16837,4
3984,0
11201,0
4780,0
17633,0
9582,0
20838,21
7985,0
10391,0
3970,0
767,0
7168,0
20021,0
13615,44
762,0
7975,0
16813,44
3960,0
757,0
16810,49
3957,0
754,0
9563,0
3142,0
15995,0
4748,0
17601,0
7966,0
733,0
7154,0
16804,48
3951,0
5545,33
18398,0
11962,0
5541,0
18394,0
741,0
15175,7
2322,0
16792,11
3939,0
10358,0
3937,0
718,0
20803,7
7950,0
732,0
11946,0
5525,0
18378,0
3928,0
7130,0
19983,0
724,0
20793,55
7940,0
1519,0
707,0
7128,5
19981,0
703,0
6312,0
3109,0
14354,0
1512,0
15154,0
2301,0
2312,0
3918,0
5507,0
18360,0
15146,0
8725,0
3910,0
5506,0
3909,48
16762,0
8722,0
21575,0
7110,0
19963,0
704,0
13530,12
677,0
688,0
7109,0
19962,0
3096,0
15949,0
1499,0
9515,0
3094,0
11121,0
4700,0
20771,7
7918,0
1497,0
5500,0
2297,0
10324,0
19957,55
7104,0
15944,5
3091,0
11118,0
4697,0
686,44
13539,0
697,0
9510,0
3089,0
4695,0
3898,0
7099,0
3085,0
4691,0
17544,0
1488,0
7097,0
19950,0
10315,0
3894,55
16747,0
6283,44
19136,0
15933,15
3080,0
11107,0
4686,0
1483,0
7107,0
3888,0
685,0
7090,0
19943,0
684,0
7088,0
682,0
1477,0
7085,0
146,0
16202,49
3349,0
17808,5
4955,0
5755,0
15394,0
955,0
2952,0
5358,0
2155,0
543,0
6964,0
558,0
12173,0
5752,53
18605,0
15391,0
2538,0
952,0
7771,0
20624,0
1350,0
16600,34
3747,0
553,0
11773,0
18205,59
5352,0
8569,0
2148,19
15001,0
6957,0
19810,0
7765,0
20618,0
1343,0
6943,20
19796,0
7763,0
6951,0
3748,0
14177,0
1335,0
6944,0
9345,0
2923,0
14168,4
1315,0
20600,54
7747,0
505,0
3723,0
14968,49
2115,0
8547,0
2126,0
6546,0
125,59
12978,0
104,0
6525,0
19378,0
16175,28
3322,0
6534,7
19387,0
8943,0
2522,0
925,0
19787,21
6934,0
2912,0
4518,0
7736,0
5318,0
14957,0
14156,0
1303,0
6914,0
19767,0
3711,0
12532,0
6111,0
2908,0
10129,0
16561,55
3708,0
504,0
10128,0
11734,0
14963,55
2110,0
1306,0
6930,0
6101,0
2898,0
4504,58
17357,0
7722,0
11725,0
5304,0
18157,0
8113,0
83,0
4098,0
895,0
12514,0
6093,0
3699,0
4494,44
17347,0
10109,0
3688,0
489,0
1264,0
13285,0
3661,0
2064,0
6873,0
7684,0
1263,0
3660,0
16513,0
1658,0
18514,28
5661,0
15300,0
2447,0
4064,0
16917,0
7679,0
20532,0
14485,0
20917,59
8064,0
13688,0
835,0
2843,0
19699,39
6846,0
16496,34
3643,0
14888,0
8467,0
2046,0
3241,0
16094,0
27,7
12880,0
4038,0
6433,0
19286,0
13266,0
424,0
817,0
5620,0
7226,5
20079,0
4023,0
820,0
10841,0
4420,33
17273,0
1217,0
12424,0
6003,0
1203,0
393,0
3596,0
16449,0
4401,0
17254,0
6807,0
10025,0
3604,44
16457,0
13243,0
390,0
401,0
6384,0
3181,0
17640,59
4787,0
1584,0
3990,0
16843,0
787,0
6802,0
19655,0
381,0
3584,1
16437,0
13232,0
379,0
6811,0
19664,0
15623,0
9202,0
2781,0
10808,0
7605,0
20458,0
1184,0
387,0
15217,0
8796,0
2375,0
7184,54
20037,0
9196,0
2775,0
6778,0
372,0
13225,0
12397,0
9194,0
13197,0
3573,0
13206,59
353,0
369,0
3572,0
11599,0
5178,0
8396,0
6784,0
6371,0
16021,59
3168,0
1571,0
2371,0
10398,0
12395,0
5974,0
9192,0
6774,0
16424,5
3571,0
5573,54
18426,0
1971,0
4372,21
17225,0
1169,0
15207,0
2365,0
9984,0
3563,0
1966,0
9171,0
16400,33
3547,0
9977,0
3556,10
16409,0
8370,0
1949,0
6758,0
5543,55
18396,0
8761,0
7149,0
16392,6
3539,0
13187,0
334,0
345,0
9550,0
3129,0
11156,0
4735,0
5535,0
18388,0
735,0
4338,0
17191,0
10355,0
3934,0
16787,0
3528,0
6740,0
5127,0
17980,0
1924,0
10338,0
3917,23
16770,0
293,0
6714,0
3511,0
8730,0
14751,0
1898,0
1909,0
12332,0
15550,0
13950,0
7529,0
20382,0
6708,34
19561,0
9926,0
3505,0
3514,0
16367,0
3095,0
14340,0
1498,0
4304,34
17157,0
1493,0
7102,0
19955,0
284,0
13141,0
299,0
3472,0
1875,0
1078,0
6687,11
19540,0
13709,0
5870,0
9088,0
10694,0
9677,0
3256,0
20927,58
8074,0
9680,0
3259,39
16112,0
6477,0
4056,0
16909,0
853,0
6471,0
50,0
9674,0
3253,0
1656,0
12886,0
6465,34
19318,0
441,0
6877,0
6665,0
1842,0
5833,0
18686,0
9051,0
16283,48
3430,0
1029,0
12243,0
5822,0
1022,0
3405,2
16258,0
1808,0
15450,0
10831,0
1207,0
13237,0
6816,0
5807,0
18660,0
9025,0
7428,0
3603,0
5209,0
18062,0
8427,0
1996,0
3396,0
995,0
13025,0
6604,0
3587,0
1990,0
14843,0
4993,0
8211,0
1790,0
6794,0
19647,0
3382,0
8206,0
1785,0
14805,0
1963,0
4963,0
17816,0
1760,0
9781,0
3360,0
16213,0
21037,44
8184,0
13008,0
963,0
11385,0
1761,0
960,0
9573,0
3152,0
16005,0
16814,44
3961,0
1158,0
2951,0
15804,0
3751,0
16604,0
18210,59
5357,0
11575,0
5154,0
1951,0
2948,0
15801,0
11775,0
8572,0
9769,0
3348,20
16201,0
8172,0
3351,0
6746,0
5149,0
8367,0
1946,0
2542,0
13787,0
7366,0
945,0
9363,0
2942,0
1345,0
3742,0
3345,0
136,0
19410,33
6557,0
11358,0
5737,0
18590,0
930,0
9760,0
3339,0
6533,44
19386,0
12969,0
10548,0
4127,0
924,0
5722,4
18575,0
8940,0
16978,1
4125,0
922,0
4525,0
6931,23
19784,0
525,0
524,0
17972,61
5119,0
8337,58
21190,0
1916,0
5720,0
15359,0
2517,0
7341,0
6520,58
19373,0
9738,0
3317,0
16170,0
2500,0
4106,0
903,0
13333,0
480,0
6912,0
6927,0
19780,0
3093,0
3902,0
16755,0
5899,0
18752,0
9117,0
2696,0
4302,49
17155,0
8117,0
2896,0
1299,0
14941,0
6908,0
19761,0
502,0
6511,0
19364,0
105,0
15416,0
977,0
16230,19
3377,0
12907,0
6486,0
8098,0
3277,0
16130,0
1280,0
5283,0
14922,0
21354,48
8501,0
2480,0
7304,0
6492,0
11497,0
5076,58
17929,0
7497,0
1076,0
3473,0
6476,21
19329,0
3273,0
16126,0
7296,0
875,0
14517,0
20949,41
8096,0
10895,0
4474,0
3668,61
16521,0
474,0
3466,0
16319,0
272,0
12908,0
3269,34
16122,0
6481,0
19334,0
15598,0
2756,0
5162,0
1959,0
2956,0
14201,0
9777,0
3356,0
147,0
865,0
8086,0
1665,0
2491,0
10518,0
16950,63
4097,0
20168,34
7315,0
894,0
497,0
6453,0
10868,0
13274,0
6853,0
447,0
5250,0
450,0
850,0
8162,0
1741,0
3347,0
16200,0
144,0
12162,0
4144,4
16997,0
20215,49
7362,0
941,0
7762,0
1341,0
6941,0
3738,21
16591,0
1044,0
16294,49
3441,0
10314,0
3893,0
9108,0
3287,0
16140,0
6499,0
7311,0
14582,0
1729,0
1740,0
4143,0
940,0
1340,0
9761,0
3340,0
9861,0
3440,0
9554,0
3133,0
4739,0
6539,0
8160,0
1739,0
10563,0
4142,48
16995,0
939,0
20913,44
8060,0
839,0
4045,0
7263,0
20116,0
842,0
6442,0
19295,0
4845,0
8063,0
2039,0
20557,49
7704,0
10151,0
3730,44
16583,0
8554,0
2133,0
3630,0
14875,0
6836,0
3633,21
16486,0
3228,0
1631,0
834,0
5729,0
15368,0
8947,0
2526,0
10553,0
4132,0
16985,0
10156,0
3735,0
16588,0
5732,0
18585,0
2529,0
4135,0
16988,0
20206,19
7353,0
932,0
6541,0
1917,0
1220,0
8044,0
1068,0
4918,59
17771,0
918,0
9736,0
3315,0
1718,0
1332,0
9374,0
2953,0
1356,0
18,0
9543,0
3122,0
2325,0
10352,0
3931,0
9146,0
10752,0
4331,18
17184,0
11752,0
5331,0
14970,0
3702,14
16555,0
12426,0
6005,61
18858,0
4408,0
20479,7
7626,0
3744,0
16597,0
541,0
7659,0
7698,0
1277,0
10095,0
3674,4
16527,0
6886,0
4233,0
17086,0
1030,0
13060,0
6639,60
19492,0
233,0
4107,0
10,0
19657,21
6804,0
6813,21
19666,0
10825,0
1201,0
6801,0
19654,0
6147,0
9365,0
15797,55
2944,0
1347,0
550,0
3344,11
16197,0
6636,11
19489,0
3433,0
16286,0
2810,0
14055,0
1213,0
11637,0
2013,0
7222,0
16872,59
4019,0
816,0
1616,0
2449,0
4055,0
16908,0
13694,0
2102,0
3302,0
16155,0
3599,0
13247,0
7093,0
19946,0
10311,0
687,0
4290,0
5687,4
18540,0
8905,0
20161,5
7308,0
9305,0
2884,0
10105,0
3684,0
10464,0
4043,0
7261,58
20114,0
840,0
4220,55
17073,0
17523,1
17089,1
16285,1
16251,1
16188,1
16133,1
14310,13
1457,1
699,55
13552,1
12413,1
11794,1
11284,1
10796,1
10755,1
10710,1
10416,1
10356,1
9745,1
9217,1
8629,1
7100,1
19933,58
7080,1
19880,59
7027,1
6981,1
6483,1
12523,1
5909,1
5905,1
5819,1
11832,1
11798,1
5360,1
5269,1
11256,1
11228,1
16386,7
3533,1
15920,39
3067,1
5945,1
8760,1
8728,1
8678,1
6369,1
11193,1
9218,1
3482,1
15523,1
9880,1
2565,1
13739,1
10321,1
5223,1
21503,2
13077,2
13210,2
12858,2
11492,2
7077,4
19930,2
6056,2
9087,2
19379,3
18859,3
17853,3
17710,3
16403,3
851,59
13704,3
12974,3
12538,3
12205,3
11435,3
10219,3
9809,3
8919,3
8711,3
7715,3
7065,3
6199,3
18830,55
5977,3
5919,3
5910,3
5876,3
5873,3
5533,3
4820,44
17673,3
10874,3
2886,6
15739,3
5949,3
12186,3
1847,3
12727,3
3042,3
8186,53
21039,3
21206,44
8353,3
17965,21
5112,3
11657,3
1039,3
17554,4
16839,4
16836,4
16834,4
16393,4
16390,4
15902,4
15897,4
15759,4
2849,22
15702,4
15637,4
15193,4
2340,4
14586,4
14402,4
12580,4
12227,4
12184,4
12119,4
12001,4
11930,4
11908,4
11572,4
11571,4
11098,4
10542,4
10439,4
10092,4
10076,4
10074,4
9936,4
9875,4
9612,4
9547,4
9503,4
9313,4
9306,4
15626,44
2773,4
8928,4
8908,4
8898,4
8808,4
8788,4
8785,4
8736,4
2224,59
15077,4
15006,44
2153,4
8556,4
21408,59
8555,4
8502,4
14316,4
7837,4
7657,4
7474,4
20266,19
7413,4
20132,19
7279,4
7275,4
20119,48
7266,4
7250,4
6730,4
6684,4
6673,4
6509,4
12924,45
71,4
6252,4
6043,4
6033,4
5938,4
12036,4
5604,4
11756,4
11628,4
11476,4
4998,4
4991,4
11154,4
4560,4
4440,4
4399,4
4389,4
4240,4
10484,4
3808,4
3807,4
3787,4
554,4
9901,4
13059,4
19428,59
6575,4
9613,4
9531,4
9477,4
3048,10
15901,4
9354,4
2856,41
15709,4
9255,4
5914,4
12128,4
5662,4
2348,4
5414,4
10186,4
3765,4
2163,4
14934,4
19680,7
6827,4
6825,4
5012,4
1708,4
85,4
1586,4
9587,4
7956,4
6280,4
7861,4
9385,4
20562,44
7709,4
15708,4
7681,4
4446,4
1234,4
4384,4
4285,4
7498,4
1783,4
2494,4
89,4
7278,4
8724,4
7732,4
461,4
7267,4
13223,4
4387,4
9993,4
9992,4
6572,4
1555,4
548,4
9369,4
10163,4
1322,4
108,4
7320,4
1873,4
12897,4
6568,4
1244,4
10565,4
521,4
7622,4
7768,4
21436,5
21414,5
21356,5
21336,5
21330,5
21324,5
21315,5
21265,5
21264,5
21109,5
21095,5
21081,5
21055,5
21044,5
21014,5
20988,5
20937,5
20915,5
20822,5
20784,5
20706,5
20639,5
20628,5
20569,5
20564,5
20545,5
20533,5
20450,5
20448,5
20442,5
20391,5
20368,5
20339,5
20332,5
20269,5
20252,5
20249,5
20233,5
20221,5
20213,5
20187,5
20181,5
20166,5
20151,5
19742,5
19254,5
18769,5
18627,5
18052,5
17034,5
17032,5
16569,5
2787,6
15640,5
15211,5
15141,5
13014,5
12266,5
12211,5
11528,5
11470,5
11283,5
11060,5
10907,5
10225,5
10130,5
9091,5
8997,5
8226,5
7836,5
7821,5
7726,5
7388,33
20241,5
7382,34
20235,5
7244,5
6765,5
5926,5
5402,5
11724,5
11635,5
11475,5
4012,54
16865,5
3968,5
7157,5
3860,5
3782,61
16635,5
6840,5
3416,59
16269,5
196,5
160,5
9576,5
12664,5
12619,5
6198,5
12296,5
8979,5
8972,5
15336,7
2483,5
15079,5
5415,5
15053,5
2205,5
11721,5
2089,5
14752,5
17787,14
4934,5
14,5
4472,5
12346,5
976,5
10532,5
4014,5
6297,5
7083,5
6115,5
1314,5
8005,5
10411,5
1178,5
5911,5
1108,5
5501,33
18354,5
7517,23
20370,5
7491,7
20344,5
1070,5
2619,5
1644,5
8868,5
1087,5
7438,55
20291,5
16518,6
16003,6
1313,11
14166,6
11428,6
9551,6
9335,6
9266,6
8930,6
8491,6
14324,7
1471,6
7851,6
7702,6
20535,48
7682,6
6773,6
6739,6
6324,6
6305,6
6205,6
18399,53
5546,6
5346,6
4253,6
4241,6
4025,6
10242,6
517,6
6777,6
6474,6
9056,6
2396,6
2346,6
3764,6
3750,6
531,6
16587,34
3734,6
3651,6
2049,6
6457,6
1546,6
7850,6
7835,6
1378,6
7782,6
1298,6
2809,6
4412,6
6685,6
20340,49
7487,6
4177,6
866,6
1545,6
3905,6
20766,59
7913,6
6155,6
536,6
1342,6
1326,6
6776,6
11994,6
6705,6
2608,6
4210,6
163,6
1763,6
6154,6
2154,6
7766,6
1496,6
6875,6
1090,6
6514,6
7761,6
5528,6
21479,7
21405,7
21272,7
21271,7
21256,7
21232,7
21221,7
21189,7
21114,7
21053,7
21049,7
21045,7
21012,7
20920,7
20813,7
20812,7
20800,7
20798,7
20779,7
20660,7
20658,7
20648,7
20566,7
20561,7
20502,7
20498,7
20470,7
20440,7
20407,7
20284,7
20278,7
20255,7
20105,7
19978,7
19850,7
19803,7
19745,7
19710,7
19427,7
19171,7
18953,7
18718,7
18699,7
18283,7
17802,7
16818,7
16816,7
16802,7
16705,7
16672,7
16461,7
16388,7
16377,7
16317,7
14516,7
12721,7
12631,7
12306,7
12207,7
12085,7
12061,7
12042,7
11879,7
11736,7
11727,7
11629,7
11564,7
11543,7
11500,7
11443,7
11307,7
11047,7
10499,7
10478,7
10119,7
10037,7
9995,7
9558,7
9441,7
9427,7
9111,7
15495,7
8956,7
2273,44
15126,7
15109,7
8581,7
14998,7
8366,61
21219,7
8254,7
8001,7
7884,7
14285,7
7728,7
7476,7
7472,7
7331,7
7072,7
560,7
6865,7
12904,7
6475,7
6233,7
5969,7
5922,7
12334,7
5492,7
5367,7
5308,7
11503,7
11478,7
4814,7
4794,7
4792,7
17037,54
4184,7
3989,7
698,7
466,7
19683,59
6830,7
3605,16
16458,7
19127,24
6274,7
6254,7
9444,7
6185,7
6173,7
9366,7
15692,48
2839,7
9260,7
15669,7
5994,7
12352,7
5731,7
8925,7
5632,7
8826,7
15190,42
2337,7
2320,7
8731,7
5494,7
5441,24
18294,7
5437,7
3772,11
16625,7
5356,7
14954,61
2101,7
8528,7
2092,7
3557,21
16410,7
1846,7
6669,7
1803,7
8047,58
20900,7
1610,7
4805,7
1524,7
7830,7
1404,7
12505,7
6084,7
2866,58
15719,7
9270,7
4419,7
4307,7
8318,7
4288,7
20358,19
7505,7
8292,7
1063,7
1849,7
13036,14
183,7
4194,7
187,7
13027,7
8986,7
12014,7
783,7
15180,7
2338,7
1492,7
12704,7
1722,7
528,7
9311,7
846,7
12869,7
6799,7
16824,24
3971,7
7914,54
20767,7
11499,7
4273,7
6456,7
1033,7
10023,7
1351,7
21373,19
8520,7
65,7
5650,7
7096,7
1642,7
15782,19
2929,7
1525,7
16874,59
4021,7
3601,22
16454,7
7634,7
5932,8
18924,9
14844,9
422,34
13275,9
8933,9
8416,9
8415,9
5118,10
4129,10
4028,10
6996,10
13236,10
3594,10
2973,10
3609,10
4039,10
18600,11
17113,11
15585,11
11282,11
11105,11
10547,11
9959,11
9284,11
8846,11
8221,11
7707,11
7694,11
6661,11
6577,11
6222,11
11643,11
11087,11
11027,11
4498,11
16684,59
3831,11
10222,11
10208,11
10180,11
16473,22
3620,11
3578,11
9383,11
9371,11
6130,11
9268,11
2700,33
15553,11
12155,11
8797,11
2230,11
2198,11
10181,11
5300,11
406,11
404,11
9904,11
11510,11
1794,11
23,11
1429,39
14282,11
7690,11
10805,11
5351,11
3258,11
16428,44
3575,11
8791,11
1173,11
9040,11
3543,54
16396,11
8454,11
10054,11
3598,11
16177,12
9489,13
9465,13
9453,13
7903,13
6721,13
21134,14
20159,14
19113,14
18906,14
18362,14
18145,14
17993,14
17835,14
16304,14
16150,14
14028,14
13321,14
12687,14
12657,14
12592,14
12571,14
12483,14
12350,14
12336,14
12274,14
12235,14
12147,14
12112,14
12102,14
11989,14
11960,14
11940,14
11934,14
9443,14
8748,14
8734,14
19727,56
6874,14
12509,14
12316,14
12101,14
11913,14
5094,14
11386,14
690,22
13543,14
2945,14
2718,34
15571,14
15247,19
2394,14
15078,18
2225,14
1425,14
9867,14
6616,14
6731,14
1099,14
1676,14
21275,19
8422,14
16679,15
16401,15
15934,15
15707,15
15299,15
11057,15
9580,15
9577,15
9074,15
7746,15
7235,15
7146,15
7132,15
6861,15
6761,15
5663,15
4344,15
3647,15
9578,15
15208,15
9422,15
1065,15
1059,15
9530,15
7776,15
2332,15
8912,15
1239,15
16549,16
10877,16
10085,16
9438,16
15120,16
8545,16
21173,44
8320,16
8227,16
7725,16
7349,16
7245,16
6763,16
6635,16
6287,16
6088,16
18390,30
5537,16
4505,16
4374,16
7063,16
6590,16
2920,16
2664,16
9030,16
2398,16
10115,16
407,16
6532,16
1456,16
1379,16
2802,59
15655,16
7631,16
14761,16
20170,49
7317,16
8733,16
2549,16
113,16
6864,16
7141,16
20802,33
7949,16
6862,16
7358,16
1287,16
2917,17
21372,18
8946,18
15250,31
2397,18
20372,49
7519,18
7385,18
7277,18
19482,59
6629,18
18355,34
5502,18
5085,18
4459,18
3875,18
3774,18
3763,18
4990,18
14550,18
7990,18
16797,49
3944,18
7346,18
8426,18
21385,19
20776,19
20715,19
20680,19
20548,19
20463,19
20443,19
20309,19
20273,19
20189,19
20174,19
19887,19
16735,19
16715,19
16698,19
15886,19
15757,19
15723,19
15559,19
1327,21
14180,19
9860,19
9417,19
9301,19
8637,53
21490,19
8364,19
8048,19
7264,19
20117,19
6047,19
11896,19
5464,19
4357,19
4330,19
7061,19
3755,33
16608,19
3585,19
9985,19
3353,20
16206,19
9519,19
15695,19
15570,19
15489,19
2253,19
11359,19
7841,19
1381,19
15667,19
986,19
3996,19
5556,19
1529,19
8970,19
6790,19
4376,19
1727,19
12150,19
18009,20
17511,20
17449,20
17169,20
16893,20
15989,20
15840,20
1759,54
14612,20
12706,20
8699,20
7135,20
12714,20
5274,20
11059,20
3797,59
16650,20
10183,20
3105,20
2858,20
9012,20
8692,20
2260,20
14573,20
111,20
1308,20
1100,20
7437,20
4811,20
123,20
4544,20
21453,21
21236,21
21234,21
21215,21
21194,21
21022,21
20969,21
20896,21
20672,21
20630,21
20499,21
20455,21
20400,21
20237,21
19723,21
18708,21
18155,21
17795,21
17556,21
16910,21
16858,21
16819,21
16815,21
16376,21
16371,21
16347,21
16324,21
16221,21
15834,21
15790,21
14542,24
1689,21
12715,21
12624,21
11667,21
11621,21
11494,21
10980,21
10974,21
10855,21
10601,21
9961,21
9914,21
9556,21
9502,21
9346,21
9278,21
8860,21
15206,53
2353,21
15205,21
15065,58
2212,21
8458,21
21260,34
8407,21
8394,21
8311,34
21164,21
7994,21
20807,49
7954,21
14300,21
7730,58
20583,21
7676,33
20529,21
7620,48
20473,21
7459,21
20191,44
7338,21
7276,44
20129,21
12915,21
6323,21
6293,21
6181,21
6104,21
5993,21
12240,21
5744,21
5738,48
18591,21
12110,21
5438,21
5407,21
11685,21
11569,21
11549,21
11479,21
4457,21
4292,21
16807,33
3954,21
715,21
3840,21
10254,21
3697,21
9963,21
6641,21
169,21
164,21
9682,21
6213,21
6186,21
6105,21
18751,29
5898,21
2548,21
2490,21
8892,21
15233,48
2380,21
8767,21
557,21
2112,21
10097,21
3676,21
449,21
6848,21
6729,21
167,21
1638,21
4788,21
1585,21
6179,21
1364,21
1320,21
2873,21
1245,21
1229,21
1188,21
1137,21
4239,21
7441,21
4216,21
6597,31
19450,21
998,21
12204,21
6495,21
5682,21
7272,21
1554,21
10381,21
3903,21
3895,21
11112,21
4155,21
7735,21
11733,21
1258,21
1198,21
1176,21
6785,21
2750,21
728,21
2298,21
9029,21
399,21
3672,21
93,21
12153,21
1128,21
1205,21
16471,22
16470,22
16469,22
16468,22
15632,44
2779,22
508,22
6733,22
3757,22
514,22
2772,22
12064,22
2339,22
2213,22
2211,22
5083,22
1714,22
1568,22
1567,22
1420,22
1363,22
1648,22
692,22
702,22
700,22
695,22
693,22
691,22
546,22
529,22
513,22
512,22
509,22
701,22
506,22
1814,22
15283,23
12185,23
10162,23
6741,23
165,23
17809,24
4956,23
9240,23
5721,23
1824,23
4523,23
1170,23
1066,23
1820,23
828,23
776,23
20373,49
7520,23
7286,23
21382,24
20982,24
17798,24
15967,24
12087,24
10988,24
10848,24
10419,24
9981,24
9929,24
7470,24
7332,24
6594,41
19447,24
3759,24
6767,24
6723,24
15769,33
2916,24
15325,24
12083,24
2897,24
12378,24
9102,24
185,24
2505,24
3707,24
4774,24
1153,24
4410,24
4447,24
10442,24
15387,28
2534,25
15545,25
8756,25
5105,33
17958,25
1771,25
4346,54
17199,26
4067,26
21018,27
20270,27
18483,28
17964,28
17922,28
17900,28
16207,28
16141,28
14860,28
11855,28
11220,28
10284,28
9611,28
9229,28
9187,28
9160,28
9127,28
8644,28
8614,28
8611,28
8125,28
7008,28
6349,28
5644,48
18497,28
11859,28
11850,28
5264,28
11227,28
11168,28
4574,28
4149,28
4094,28
4089,28
6999,28
3480,28
3456,28
6356,28
2962,28
12463,28
9189,28
8619,28
5257,28
5219,28
5048,33
17901,28
9741,28
2961,28
2960,28
16370,59
3517,28
3468,28
4092,28
10349,28
8702,28
2279,28
8155,28
4123,28
920,28
899,28
883,28
9177,28
4562,28
15380,28
887,28
18351,31
15979,31
12059,31
11726,31
10233,31
8526,31
8039,31
1461,44
14314,31
7442,31
5071,31
7073,31
6752,31
11504,31
8022,31
1414,31
74,31
9373,31
10822,31
696,31
145,31
852,31
11071,32
5134,32
5002,32
4603,32
5471,32
7124,32
4071,32
1715,32
21337,33
21222,33
21196,33
20657,33
20432,33
19812,33
19466,33
19365,33
18997,33
17848,33
17661,33
17558,33
16911,33
16817,33
16719,33
16665,33
16590,33
16337,33
16244,33
16219,33
16055,33
15482,33
15307,33
12572,33
12255,33
12035,33
12031,33
11750,33
11700,33
11687,33
11683,33
11565,33
11452,33
11424,33
11416,33
11340,33
11306,33
11018,33
10964,33
10870,33
10600,33
10500,33
10427,33
10032,33
10027,33
9970,33
9896,33
9652,33
9475,33
15679,33
2826,33
9113,33
9097,33
8893,33
15153,33
8635,53
21488,33
21412,34
8559,33
8317,33
8297,33
8291,33
7817,59
20670,33
7774,33
7462,33
20302,44
7449,33
534,33
6809,33
6670,33
6458,33
6227,33
6187,33
6102,33
18955,33
12506,33
5906,33
12239,33
5461,33
5316,33
4920,58
17773,33
10599,33
10597,33
10538,33
16727,59
3874,33
10094,33
3631,33
10040,33
13203,33
9605,33
6313,33
9428,33
5968,33
2518,33
2488,33
2429,33
5624,33
15188,54
2335,33
2270,33
2234,33
3713,33
11689,33
6783,33
8339,58
21192,33
9930,33
13131,33
6680,33
13093,33
8219,33
4892,33
14524,33
1446,33
1288,33
1284,33
2825,33
1225,33
2807,33
2613,33
12914,33
6299,33
6288,33
2924,40
15777,33
4517,33
5313,54
18166,33
10925,33
10053,33
15259,33
19667,44
6814,33
5976,33
9994,33
5078,33
151,33
539,33
1271,33
739,33
1633,33
10556,33
6325,58
19178,33
2437,33
21238,34
20794,34
20180,34
17700,34
17506,34
16644,34
15841,34
15762,34
12033,34
11925,34
11349,34
11049,34
10434,34
10067,34
2428,50
15281,34
8799,34
8289,58
21142,34
14697,34
8262,34
8010,34
7902,34
13656,34
6503,34
6073,34
5647,34
5345,34
11674,34
4810,34
17630,44
4777,34
3841,34
10211,34
6592,34
3261,34
9337,34
15641,34
15240,34
15107,34
14949,34
14666,34
6447,34
12831,34
1502,34
1466,34
1433,34
4974,34
2890,34
1575,34
15213,34
743,34
7120,34
3899,34
14993,34
130,34
6699,34
14975,34
1732,34
10440,34
3890,34
17333,35
16257,36
12814,37
12813,37
6995,37
4630,37
11717,38
15602,38
21041,39
19297,39
19258,39
18882,39
18654,39
17973,39
17559,39
16563,39
15591,39
12822,39
12679,39
11268,39
9920,39
9497,39
9332,39
8255,39
6538,39
6124,39
11891,39
4145,39
3821,39
6695,39
15629,39
3276,39
1500,39
3565,39
9893,39
3387,39
12852,39
1649,39
8441,40
20910,41
20685,41
20651,41
20598,41
20517,41
20515,41
18713,41
16602,41
15295,41
13138,41
12658,41
12649,41
12569,41
12391,41
12382,41
12380,41
12362,41
12258,41
12154,41
12149,41
12077,41
11978,41
11884,41
11713,41
11614,41
11568,41
10943,41
10083,41
9818,41
9478,41
9237,41
9101,41
2203,50
15056,41
21435,48
8582,41
8579,41
8457,41
21252,44
8399,41
20885,48
8032,41
20879,54
8026,41
7790,41
20605,44
7752,41
7048,41
388,41
13192,41
140,41
12351,41
11898,41
5342,41
11567,41
4797,41
4755,41
11034,41
10436,41
6787,41
6759,41
9610,41
9525,41
6123,41
8969,41
15324,59
2471,41
8899,41
2478,41
12017,41
15094,41
5089,41
126,41
8027,41
1449,41
11031,41
17328,63
4475,41
9287,41
9034,41
20257,49
7404,41
1608,41
11966,41
2342,41
7092,41
12176,41
538,41
6549,41
1643,41
16799,55
3946,41
7953,41
1650,41
8981,41
11570,41
15772,61
2919,41
11540,41
8995,41
2938,41
11644,41
19674,42
16297,42
15888,42
13031,42
10917,42
10899,42
10431,42
10140,42
9967,42
9242,42
7880,42
13854,42
4827,42
11111,42
10972,42
10891,42
4347,42
3922,42
494,42
13180,42
2409,42
2194,42
11666,42
6523,42
14427,42
7967,42
20801,49
7948,42
12667,42
11395,42
1765,42
20234,44
7381,42
10544,42
10527,42
1677,42
483,42
17672,58
4819,42
9047,43
5286,43
5177,43
8222,43
21480,44
21474,44
21352,44
21266,44
21240,44
21237,44
21218,44
21136,44
21135,44
21032,44
20975,44
20735,44
20711,44
20695,44
20593,44
20558,44
20395,44
20385,44
20376,44
20314,44
20310,44
20228,44
20118,44
19915,44
19369,44
18816,44
18120,44
17712,44
17655,44
17489,44
16825,44
16809,44
16800,44
16655,44
16551,44
16385,44
15819,44
15558,44
12645,44
12520,44
11115,44
10924,44
10851,44
10099,44
9973,44
9405,44
9378,44
9364,44
9316,44
9273,44
9049,44
8865,44
8793,44
8750,44
8740,44
8738,44
15062,44
2149,49
15002,44
15000,44
8577,55
21430,44
8565,44
8409,44
21262,44
8313,48
21166,44
7190,44
7079,44
6779,44
6738,44
6273,44
12596,44
6175,44
6146,44
6048,44
6017,44
18870,44
5950,44
12231,44
5680,44
11976,44
5426,44
5417,44
5314,44
5029,44
4747,44
10897,44
4176,44
4141,44
19986,63
7133,44
3784,44
3695,44
3669,54
16522,44
3667,44
9810,44
9429,44
6129,44
6041,44
5967,44
2751,44
5894,44
9066,44
2590,44
5757,59
18610,44
5749,61
18602,44
15221,44
2182,44
2042,44
3624,44
8236,44
6455,48
19308,44
1569,44
1543,44
1527,44
4729,44
1467,44
1452,44
1317,44
7734,44
1251,44
1177,44
4351,44
1134,44
21193,55
8340,44
1122,44
14417,49
1564,44
11977,44
3948,59
16801,44
4732,44
1344,44
9333,44
3582,44
1135,44
1111,44
2693,44
456,44
9372,44
533,44
10946,44
7398,55
20251,44
13717,44
10564,44
3629,44
21191,49
8338,44
818,44
15326,44
12179,45
49,45
6732,46
96,59
12949,46
10790,46
3721,48
16574,46
6762,46
3118,46
9488,46
7260,46
11260,47
10695,47
5808,47
5643,47
11225,47
21437,48
21413,48
21242,48
21224,48
20918,48
20414,48
20217,48
19142,48
19029,48
19009,48
17988,48
16812,48
16798,48
16584,48
16350,48
16348,48
16346,48
16284,48
16263,48
16030,48
15136,48
12562,48
11109,48
10529,48
10430,48
10393,48
9825,48
9312,48
9267,48
9250,48
9235,48
8794,48
8745,48
8708,48
13890,48
6485,48
6134,48
6094,48
5339,48
11481,48
3786,48
16422,55
3569,48
3422,59
16275,48
6165,48
15594,48
2659,48
8999,48
8976,48
11877,48
5422,48
2048,48
21203,55
8350,48
138,48
6466,48
9625,48
1438,48
10840,48
2789,48
1181,48
1160,48
2580,48
6591,48
968,48
11305,48
3994,48
7139,48
19966,61
7113,48
530,48
5312,48
774,48
1096,48
1853,48
8229,48
1011,48
3680,58
16533,48
2433,48
2005,48
21403,49
21388,49
21386,49
21378,49
21322,49
21298,49
21255,49
21248,49
21211,49
21209,49
21205,49
21179,49
21165,49
21148,49
21113,49
21103,49
21036,49
21017,49
20974,49
20973,49
20954,49
20943,49
20930,49
20894,49
20888,49
20826,49
20791,49
20654,49
20652,49
20640,49
20494,49
20493,49
20490,49
20415,49
20412,49
20393,49
20388,49
20378,49
20364,49
20324,49
20304,49
20299,49
20279,49
20226,49
20138,49
19174,49
16913,49
16803,49
16668,49
16664,49
16642,49
16619,49
16585,49
16546,49
16545,49
16380,49
16315,49
16246,49
16013,49
15833,49
15822,49
15800,49
15753,49
2748,54
15601,49
15515,49
15476,49
15348,49
12783,49
12674,49
15521,49
15356,49
8890,49
15023,49
7970,49
7531,63
20384,49
6586,49
5658,49
5055,49
4521,49
3872,58
16725,49
3817,55
16670,49
3634,54
16487,49
2236,49
2055,49
1764,49
1124,49
8294,49
18252,50
16481,50
2850,55
15703,50
15103,50
12573,50
12288,50
12202,50
11711,50
11705,50
7158,50
11714,50
11100,50
11636,50
9952,50
6120,50
1193,50
1152,50
56,50
7465,50
1747,50
15742,51
18231,52
21391,53
18835,53
18744,53
18700,53
17256,53
16963,53
16932,53
16856,53
16088,53
12830,53
11352,53
10623,53
9982,53
9933,53
9704,53
9076,53
8662,53
8592,53
8151,53
8141,53
7907,53
5973,53
5908,53
5895,53
5057,53
11198,53
10767,53
10375,53
3078,53
12609,53
8667,53
20655,55
7802,53
13908,53
14951,53
1680,53
1675,53
8080,53
21233,54
21176,54
21034,54
20712,54
20380,54
17811,54
17788,54
17685,54
12705,54
12681,54
12659,54
12616,54
12516,54
12364,54
12166,54
11878,54
11566,54
11338,54
11333,54
11320,54
11300,54
11145,54
11028,54
10999,54
10839,54
10253,54
9334,54
8742,54
8521,54
8391,54
21244,54
8388,54
8300,54
14646,54
20736,55
7883,54
7516,54
7455,54
20308,54
7410,54
7302,54
6711,54
6701,54
6522,58
19375,54
6271,54
6138,54
5359,54
18180,61
5327,54
11690,54
11633,54
5084,54
11046,54
10973,54
10919,54
4261,54
10534,54
10524,54
734,54
3806,54
202,54
6242,54
12353,54
5931,54
8965,54
15354,54
2350,54
2316,54
2252,54
5452,54
2221,54
5416,54
10185,54
11649,54
1861,54
6540,54
4914,54
1706,54
11302,54
1602,54
1469,54
1285,54
1200,54
1191,54
14744,54
1084,54
1877,54
1080,54
7444,54
210,54
1010,54
1768,54
5600,54
2333,54
1752,54
1311,54
7193,54
731,54
8296,54
2667,54
7432,54
11630,54
3602,54
6529,54
9894,54
8580,54
12874,54
5741,54
1639,54
859,54
12860,54
10165,54
9231,54
490,54
21295,55
21178,55
20976,55
20770,55
20634,55
20567,55
20507,55
20135,55
19862,55
19639,55
19459,55
19440,55
18832,55
17975,55
17607,55
16890,55
16806,55
16441,55
16022,55
15969,55
15130,55
12613,55
11993,55
11696,55
11684,55
11429,55
11407,55
11106,55
10966,55
10884,55
9937,55
9807,55
9566,55
9425,55
8286,55
14630,55
8030,58
20883,55
7723,55
14103,55
7330,55
7191,55
6500,55
24,55
6309,55
5991,55
12294,55
5669,55
5657,55
5629,55
4378,55
4358,55
4157,55
4029,55
2761,55
15477,55
5758,55
2539,55
5679,55
15189,55
15152,55
2249,55
2188,55
14995,55
10046,55
420,55
2016,55
6672,55
5018,55
1655,55
4775,55
7887,55
1366,55
1117,55
2663,55
8915,55
848,55
781,55
5725,55
5317,55
6504,55
19357,55
98,55
8879,55
5984,55
6298,55
4361,55
5354,55
4954,55
2519,55
5321,55
16795,56
16568,56
11933,56
11090,56
9618,56
9388,56
8992,56
14729,56
11730,56
4551,56
12045,56
3785,61
16638,56
7189,56
5694,56
1920,57
21447,58
21308,58
21286,58
21106,58
21047,58
20804,58
20646,58
20381,58
19815,58
19790,58
19304,58
18606,58
16912,58
16848,58
16808,58
16480,58
16342,58
15733,58
14394,59
1541,58
13032,58
12341,58
12244,58
12182,58
12169,58
11990,58
11758,58
11754,58
11317,58
11128,58
11019,58
10963,58
10923,58
10856,58
9647,58
9562,58
9399,58
9003,58
8935,58
8488,58
8487,58
8335,58
8036,58
8017,58
7838,58
7739,58
7483,58
7439,58
7359,58
7212,58
6859,61
19712,58
6747,58
13118,58
6668,58
6601,58
6496,58
6257,58
6232,58
6078,58
12379,58
12079,58
12078,58
5654,58
11967,58
11904,58
11622,58
11588,58
5015,58
11354,58
4901,58
4745,58
11132,58
10879,58
4258,58
3952,58
10227,58
3771,58
9839,58
212,58
6243,58
6211,58
9389,58
6149,58
2918,58
2834,58
2820,58
2691,58
12271,58
2645,58
2567,58
12163,58
18576,59
5723,58
8814,58
5538,58
2227,58
2026,58
13165,58
13110,58
1872,58
5051,58
5050,58
41,58
11058,58
1428,58
11036,58
1375,58
2806,58
1157,58
1138,58
4337,58
1837,58
1003,58
10598,58
11308,58
2479,58
837,58
11153,58
15145,58
3900,58
680,58
2276,58
6552,58
1355,58
3740,58
8530,58
10459,58
3977,58
1528,58
1101,58
6679,58
1007,58
10008,58
4554,58
6551,58
4930,58
2877,58
10089,58
6880,58
10983,58
12115,58
484,58
4404,58
21357,59
21287,59
21228,59
21071,59
21040,59
20945,59
20797,59
20311,59
20298,59
19799,59
19751,59
19441,59
19435,59
19343,59
19270,59
19241,59
18986,59
18223,59
18182,59
18138,59
17785,59
17784,59
17777,59
17576,59
17182,59
17178,59
17115,59
17004,59
16925,59
16923,59
16873,59
16700,59
16685,59
16444,59
16427,59
16026,59
15997,59
15894,59
15682,59
15600,59
14623,59
13189,59
12676,59
12383,59
12305,59
11449,59
11143,59
11029,59
10950,59
10908,59
10883,59
10224,59
9487,59
9343,59
8327,59
14619,59
8020,59
7824,59
14131,59
7494,59
7490,59
7482,59
7469,59
7319,59
496,59
13212,59
13194,59
13182,59
12699,59
6223,59
12629,59
12610,59
6103,59
6096,59
12356,59
12331,59
5750,59
5516,59
5377,59
11755,59
11748,59
11744,59
4908,59
11078,59
10928,59
10872,59
10462,59
3993,59
3933,59
3920,59
3839,59
3833,59
3418,59
3229,59
9539,59
12722,59
6070,59
2540,59
5671,59
8771,59
5442,59
2219,59
1835,59
1581,59
7993,59
10909,59
1118,59
2714,59
9027,59
4884,59
7305,59
1667,59
15276,59
1577,59
3161,59
748,59
2281,59
12973,59
2552,59
545,59
12146,59
11738,59
1291,59
3632,59
13211,59
7992,59
12719,59
7443,59
4964,59
1354,59
142,61
12995,59
4937,59
12965,59
3298,59
5665,59
844,59
6856,59
3336,59
3239,59
836,59
6788,60
6926,60
21182,61
21132,61
21100,61
21042,61
20932,61
20926,61
20768,61
20606,61
18158,61
17617,61
17547,61
16598,61
16592,61
15985,61
14985,61
13092,61
13026,61
12187,61
12063,61
12022,61
11336,61
10921,61
10885,61
10853,61
10174,61
10108,61
9678,61
9486,61
9238,61
15496,61
8810,61
756,61
6743,61
6311,61
6240,61
6172,61
6107,61
6055,61
5913,61
11980,61
5496,61
5451,61
5444,61
5355,61
4999,61
4803,61
10926,61
4257,61
4169,61
10573,61
7078,61
10196,61
6231,61
12570,61
9274,61
2561,61
5716,61
12098,61
4911,61
1566,61
1384,61
1265,61
5100,61
4219,61
1009,61
1494,61
773,61
1532,61
6642,61
9964,61
2099,61
13114,61
535,61
2836,61
1283,61
6505,61
6696,61
8858,61
8732,62
21562,63
19625,63
19198,63
19081,63
18425,63
18061,63
17442,63
17062,63
12628,63
11137,63
10756,63
10746,63
9700,63
8829,63
100,63
5767,63
5146,63
11197,63
10754,63
13482,63
10262,63
13172,63
198,63
2994,63
2993,63
5765,63
2555,63
5371,63
7591,63
9178,63
1147,63
9135,63
10724,63
1174,63
867,63
880,63
890,63
11160,63
5236,63
929,63
5216,63
9941,64
2206,64
1598,64
10367,64
