21550,0
21210,0
20267,0
20142,0
20058,0
19679,0
19419,0
19092,0
18371,0
18367,0
18313,0
18225,0
17899,0
17880,0
17878,0
17857,0
17472,0
17455,0
17342,0
17137,0
17134,0
17113,0
17077,0
17060,0
17003,0
16749,0
16568,0
16549,0
16241,0
16232,0
16194,0
16149,0
15959,0
15580,0
15573,32
2720,0
2687,51
15540,0
15483,11
2630,0
15481,0
15471,0
15464,52
2611,0
15230,0
14932,24
2079,0
2033,29
14886,0
1751,47
14604,0
14539,33
1686,0
14166,60
1313,0
13163,0
12824,0
12683,0
12633,0
12288,0
12117,0
12054,0
11935,0
11812,0
11282,0
11090,0
11015,0
10894,0
10877,0
10714,0
10638,0
10547,0
10334,0
10258,0
10112,0
10085,0
10002,0
9976,0
9959,0
9755,0
9752,0
9599,0
9505,0
9473,0
9438,0
9284,0
9205,0
2771,60
15624,0
15581,15
2728,0
9104,0
9100,0
2560,14
15413,0
8992,0
15280,0
15278,0
8836,0
15198,0
15161,61
2308,0
8713,0
15120,0
21491,59
8638,0
15029,0
15028,13
2175,0
8545,0
14962,26
2109,0
2065,36
14918,0
21254,38
8401,0
21202,11
8349,0
21173,38
8320,0
14729,0
8227,0
8221,0
21050,20
8197,0
1653,54
14506,0
7979,0
7974,0
7930,0
7864,0
7839,0
7831,0
14212,16
1359,0
1293,13
14146,0
7725,0
7696,0
7642,0
20489,15
7636,0
20480,29
7627,0
20357,53
7504,0
20286,26
7433,0
13834,0
7408,3
20261,0
20247,56
7394,0
20235,26
7382,0
7363,0
20216,0
7349,0
7166,3
20019,0
7158,0
7064,0
555,0
551,24
13404,0
13196,28
343,0
6763,0
6661,0
13067,35
214,0
6635,0
6577,0
19360,21
6507,0
6450,0
12862,46
9,0
12767,0
6287,0
12698,0
12692,0
6222,0
6035,13
18888,0
5935,0
5930,53
18783,0
5854,0
12213,0
5719,0
18520,40
5667,0
18497,46
5644,0
18438,16
5585,0
11958,0
18390,3
5537,0
18323,15
5470,0
5330,0
11730,0
11643,0
5148,59
18001,0
17911,63
5058,0
4821,6
17674,0
11233,0
4773,0
11166,0
17595,24
4742,0
4711,0
11100,0
4679,0
11087,0
11027,0
4593,30
17446,0
4583,42
17436,0
4551,0
4505,0
4498,0
4374,0
4276,38
17129,0
17028,63
4175,0
16970,61
4117,0
4103,0
16888,29
4035,0
20038,11
7185,0
3916,0
7111,3
19964,0
7063,0
19913,23
7060,0
16710,3
3857,0
16684,10
3831,0
10216,0
10214,0
10180,0
6939,0
470,0
6852,0
10068,0
13258,30
405,0
16473,6
3620,0
16458,53
3605,0
3578,0
3541,32
16394,0
9912,0
16314,52
3461,0
13062,0
3435,0
16288,0
6590,0
3372,27
16225,0
3184,55
16037,0
3040,0
9383,0
9371,0
12550,0
2920,0
2907,0
9268,0
12462,0
2793,0
2700,48
15553,0
2664,0
9014,0
2558,48
15411,0
5746,34
18599,0
12164,0
5743,0
2532,0
12155,0
12045,0
2398,0
8797,0
5523,56
18376,0
11932,0
11915,0
15112,5
2259,0
5469,0
11862,0
2230,0
11837,0
2198,0
16625,53
3772,0
10181,0
10115,0
5300,0
8513,0
407,0
406,0
16476,9
3623,0
404,0
11636,0
3526,0
9904,0
11510,0
19511,30
6658,0
5042,0
1794,0
11393,0
6532,0
6488,33
19341,0
19331,55
6478,0
9675,0
16107,7
3254,0
1657,0
19272,62
6419,0
8023,0
3204,0
3166,0
17622,3
4769,0
1563,0
17593,58
4740,0
20811,43
7958,0
4659,0
20719,61
7866,0
1444,0
1429,44
14282,0
3025,5
15878,0
17470,59
4617,0
4610,46
17463,0
4585,0
1379,0
1360,0
6120,0
9302,0
10893,0
7690,0
2802,63
15655,0
7631,0
10833,0
10805,0
4328,0
314,0
14761,0
8306,0
8298,0
1071,0
1862,0
14715,0
13041,0
15448,0
12929,0
20170,36
7317,0
2470,0
16117,34
3264,0
7217,0
7189,0
7975,0
3939,20
16792,0
8733,0
21575,56
8722,0
19963,3
7110,0
1488,0
19943,3
7090,0
146,0
5351,0
2923,0
6864,0
7684,0
3258,0
16496,42
3643,0
381,0
16428,38
3575,0
8791,0
7141,0
20802,48
7949,0
1493,0
19540,20
6687,0
3256,0
6862,0
9040,0
10831,0
3603,0
3382,0
11775,0
3543,17
16396,0
11358,0
7358,0
2500,0
19364,63
6511,0
7296,0
20949,47
8096,0
272,0
147,0
865,0
5694,0
10868,0
12162,0
3738,1
16591,0
4845,0
8454,0
10054,0
3228,0
3735,18
16588,0
3598,0
15797,51
2944,0
16197,56
3344,0
1747,0
19489,30
6636,0
1287,0
21215,1
20794,1
18258,1
17795,1
16819,1
16815,1
16812,1
16347,1
16284,1
16221,1
16022,1
15834,1
14542,3
1689,1
12715,1
12624,1
10980,1
10974,1
10855,1
10601,1
9502,1
9278,1
8860,1
15206,61
2353,1
15205,1
15065,19
2212,1
8394,1
8311,16
21164,1
20807,36
7954,1
7723,1
7676,48
20529,1
7644,24
20497,1
20191,38
7338,1
7001,56
19854,1
6791,40
19644,1
6293,1
6181,1
6073,1
5993,1
12240,1
5744,1
12110,1
18429,5
5576,1
18419,5
5566,1
5438,1
5407,1
11685,1
11569,1
11549,1
17981,55
5128,1
17948,56
5095,1
11479,1
715,1
19968,43
7115,1
3840,1
16490,46
3637,1
19690,34
6837,1
9963,1
6641,1
169,1
164,1
6213,1
6105,1
2548,1
8892,1
15233,9
2380,1
15239,21
2386,1
557,1
2112,1
10097,1
449,1
6848,1
16410,45
3557,1
16398,21
3545,1
167,1
1638,1
4788,1
1585,1
17618,61
4765,1
6179,1
14220,61
1367,1
1364,1
1245,1
1160,1
1137,1
20348,2
7495,1
4216,1
6597,16
19450,1
998,1
7272,1
3994,1
1554,1
10381,1
7735,1
1314,1
11733,1
6504,51
19357,1
1198,1
1176,1
2750,1
5112,33
17965,1
3672,1
7465,1
12153,1
1128,1
9231,1
21177,2
20778,2
19551,2
19505,2
19480,2
18994,2
18902,2
18104,2
17285,2
17221,2
17059,2
16962,2
16279,2
15504,2
15459,17
2606,2
2504,19
15357,2
14839,2
389,16
13242,2
13201,2
317,15
13170,2
12490,2
12465,2
12423,2
12302,2
12011,2
11791,2
11406,2
11291,2
11278,2
10729,2
10388,2
9746,2
2800,24
15653,2
15424,2
21416,26
8563,2
21346,38
8493,2
21046,63
8193,2
8056,47
20909,2
20220,26
7367,2
7143,2
7032,2
7014,56
19867,2
6928,43
19781,2
13078,24
225,2
19510,63
6657,2
6647,60
19500,2
12761,2
12655,2
12270,2
5826,2
5544,48
18397,2
5530,51
18383,2
5491,2
4470,2
4371,33
17224,2
4267,2
4122,10
16975,2
7155,42
20008,2
10354,2
6998,2
3793,61
16646,2
16554,45
3701,2
416,32
13269,2
10015,2
3589,3
16442,2
374,2
3352,2
3295,55
16148,2
19285,35
6432,2
6352,2
15951,18
3098,2
15823,53
2970,2
9208,2
12178,2
5540,3
18393,2
3779,2
3652,44
16505,2
2001,61
14854,2
1934,2
3285,2
12823,2
12790,2
1535,2
7888,2
1212,2
4380,54
17233,2
1082,2
3474,46
16327,2
1072,2
10615,2
3390,2
10593,2
6493,2
754,2
3928,2
3109,2
684,2
5755,2
14957,2
7529,15
20382,2
9680,2
19410,48
6557,2
6520,29
19373,2
6912,2
1299,2
6541,2
10752,2
6005,45
18858,2
21429,3
21419,3
21376,3
21251,3
20773,3
20710,3
20699,3
20439,3
20137,3
19895,3
19892,3
19870,3
19762,3
19744,3
19731,3
19312,3
18963,3
18951,3
18930,3
18872,3
18861,3
18773,3
18682,3
18402,3
18387,3
18280,3
18254,3
18239,3
18138,3
18135,3
17960,3
17612,3
17596,3
17573,3
17488,3
17340,3
17315,3
17174,3
17125,3
16986,3
16875,3
16652,3
16354,3
16238,3
16211,3
15993,3
15918,3
15736,3
2763,40
15616,3
2744,18
15597,3
15569,3
15306,3
15012,22
2159,3
1734,42
14587,3
849,33
13702,3
13288,64
435,3
13224,60
371,3
13023,3
110,20
12963,3
12707,3
12677,3
12621,3
12574,3
12531,3
12487,3
12374,3
12344,3
12046,3
11983,3
11933,3
11743,3
11625,3
11484,3
11440,3
11403,3
11253,3
11105,3
11063,3
11039,3
10998,3
10978,3
10887,3
10816,3
10702,3
10498,3
10387,3
10197,3
10114,3
10110,3
10038,3
9971,3
9915,3
9844,3
9618,3
9590,3
9561,3
9443,3
9423,3
9413,3
9388,3
2658,47
15511,3
9072,3
8948,3
8945,3
8914,3
8863,3
2421,37
15274,3
8716,3
8707,3
21538,15
8685,3
21415,17
8562,3
14930,3
21325,26
8472,3
14872,3
8438,24
21291,3
21285,18
8432,3
21281,39
8428,3
21259,26
8406,3
8405,3
21175,36
8322,3
8244,61
21097,3
8225,61
21078,3
8177,5
21030,3
21016,36
8163,3
14395,3
7935,3
7922,53
20775,3
7872,43
20725,3
7845,54
20698,3
7823,3
20667,23
7814,3
7687,3
7671,3
7592,3
20386,53
7533,3
20367,26
7514,3
7488,6
20341,3
20334,36
7481,3
7357,5
20210,3
7209,3
758,51
13611,3
7013,63
19866,3
6869,3
439,36
13292,3
6849,43
19702,3
236,35
13089,3
6660,3
13043,3
6561,3
19380,33
6527,3
6340,7
19193,3
6218,3
12515,3
12512,3
6067,56
18920,3
18811,12
5958,3
5810,61
18663,3
18592,5
5739,3
18566,15
5713,3
12127,3
5689,3
5641,3
11996,3
18420,59
5567,3
5564,3
5558,3
11916,3
11891,3
5465,3
11763,3
5240,56
18093,3
5183,61
18036,3
5094,3
5091,3
11505,3
17834,9
4981,3
11386,3
11373,3
4893,16
17746,3
4890,3
4779,3
17632,3
4638,32
17491,3
4510,3
4246,35
17099,3
17084,61
4231,3
17012,11
4159,3
10566,3
4075,3
4015,47
16868,3
3908,19
16761,3
7073,3
7067,3
7041,3
3830,3
7011,15
19864,3
10222,3
16630,61
3777,3
544,3
3759,3
3758,14
16611,3
6884,3
19737,3
6850,51
19703,3
10041,3
6797,42
19650,3
16430,34
3577,3
16316,64
3463,3
6612,3
16262,44
3409,3
128,27
12981,3
3327,3
16119,20
3266,3
12888,3
6425,3
3139,3
3118,3
3110,30
15963,3
15939,61
3086,3
9437,3
3008,60
15861,3
2959,3
2950,43
15803,3
2930,3
6121,3
6042,48
18895,3
9259,3
15668,41
2815,3
2791,3
2762,3
15602,3
5932,3
15494,3
2638,3
5805,56
18658,3
2585,35
15438,3
2551,10
15404,3
5756,3
2435,3
5526,3
2268,43
15121,3
15118,6
2265,3
2240,14
15093,3
11873,3
15078,60
2225,3
5409,3
547,3
5366,3
5276,3
6810,12
19663,3
3607,20
16460,3
3592,3
6734,3
9952,3
6710,3
1832,3
1801,3
3395,3
14629,3
12987,55
134,3
1673,3
1628,3
6430,5
19283,3
3183,3
14423,3
8000,3
16016,48
3163,3
11161,3
1480,3
1445,17
14298,3
1456,3
12667,3
4649,4
17502,3
7865,3
1434,3
1427,3
2958,35
15811,3
1316,3
2897,3
10867,3
6010,38
18863,3
7629,3
2785,3
1103,3
279,3
1052,3
199,16
13052,3
4223,16
17076,3
1000,3
5708,3
10521,3
6461,3
11232,3
13615,38
762,3
733,3
5545,48
18398,3
11962,3
18394,24
5541,3
6283,38
19136,3
11107,3
685,3
553,3
15777,48
2924,3
20600,29
7747,3
16175,46
3322,3
12146,3
6111,3
19286,33
6433,3
1203,3
401,3
19664,62
6811,3
1575,3
6784,3
3556,18
16409,3
8761,3
5535,13
18388,3
1996,3
995,3
3587,3
1790,3
17816,10
4963,3
1760,3
8572,3
18590,12
5737,3
5722,60
18575,3
8940,3
524,3
18752,5
5899,3
3269,42
16122,3
5250,3
4144,54
16997,3
9108,3
16140,61
3287,3
1729,27
14582,3
9861,3
6539,3
7260,3
8947,3
4408,3
10095,3
10,3
6813,37
19666,3
19946,20
7093,3
15575,15
2722,4
15547,4
15429,4
2553,15
15406,4
14876,4
12630,4
11802,4
11413,4
11221,4
10715,4
10699,4
10612,4
9744,4
9707,4
2167,48
15020,4
7869,4
20112,38
7259,4
13435,4
6341,4
6335,4
5410,4
4776,4
4105,4
6358,4
2666,4
2544,16
15397,4
3760,4
8475,4
13231,15
378,4
10644,4
971,4
7085,4
10338,4
6708,42
19561,4
5822,4
8905,4
21019,5
19529,5
18865,5
18768,5
18443,5
18372,5
17892,5
17731,5
17728,5
17411,5
17314,5
17149,5
17142,5
17117,5
17097,5
16987,5
16979,5
16179,5
16120,5
15672,43
2819,5
15620,15
2767,5
14926,14
2073,5
13458,5
271,32
13124,5
13096,5
12772,5
12755,5
12442,5
12135,5
11866,5
11808,5
11768,5
11371,5
10750,5
9356,5
8873,5
8857,5
15013,5
14859,15
2006,5
14785,5
1932,5
8167,5
7809,5
20662,5
7791,5
311,5
290,5
6436,5
12654,5
6092,43
18945,5
5998,18
18851,5
18732,9
5879,5
18688,20
5835,5
5237,5
5214,5
4965,5
4816,5
11202,5
4407,62
17260,5
4388,54
17241,5
4041,5
10394,5
13251,5
13199,16
346,5
3492,5
16075,11
3222,5
15881,9
3028,5
2971,5
15807,19
2954,5
15617,15
2764,5
12208,5
8806,5
15179,5
2326,5
8689,5
8670,11
21523,5
5231,5
9907,5
6402,63
19255,5
2964,59
15817,5
9903,5
10709,5
2681,5
10687,5
4000,29
16853,5
1588,5
5583,16
18436,5
11121,5
16513,21
3660,5
13688,5
835,5
19699,12
6846,5
7605,63
20458,5
5573,17
18426,5
14751,60
1898,5
3505,5
5870,5
1761,5
2951,43
15804,5
2542,5
16978,58
4125,5
1916,5
14922,5
3473,5
16200,15
3347,5
20116,56
7263,5
4135,21
16988,5
12426,5
10825,5
4220,38
17073,5
20514,6
20493,6
17554,6
16836,6
16795,6
16471,6
16470,6
16469,6
16468,6
16401,6
16390,6
15902,6
15759,6
15702,60
2849,6
15632,38
2779,6
15200,33
2347,6
2340,60
15193,6
12184,6
11428,6
10611,6
10243,6
9551,6
15250,16
2397,6
8808,6
8502,6
7837,6
7657,6
20132,26
7279,6
20119,17
7266,6
508,6
6733,6
6673,6
86,6
6033,6
5938,6
18355,16
5502,6
11476,6
4998,6
4613,6
4440,6
3982,15
16835,6
13543,40
690,6
3800,14
16653,6
16641,46
3788,6
3763,6
554,6
3757,6
514,6
3647,6
3619,16
16472,6
19428,10
6575,6
53,6
9531,6
6130,6
2856,17
15709,6
9272,6
9271,6
2772,6
2591,6
18595,35
5742,6
12064,6
2440,6
2339,6
2213,6
2211,6
2163,6
19680,45
6827,6
3580,6
5083,6
13019,18
166,6
14569,29
1716,6
1714,6
12889,14
36,6
1568,6
1567,6
1420,6
1382,6
1363,6
7681,6
1234,6
12301,6
7498,6
1065,6
1797,6
12940,15
87,6
89,6
1648,6
5593,6
3984,16
16837,6
17633,32
4780,6
707,6
692,6
8724,6
702,6
700,6
695,6
693,6
691,6
546,6
529,6
513,6
2908,6
7732,6
512,6
509,6
2781,6
1169,6
701,6
4056,15
16909,6
6572,6
1555,6
1345,6
506,6
9117,6
1873,6
1341,6
16527,14
3674,6
16454,9
3601,6
7768,6
1814,6
20878,7
20377,7
18479,7
17187,7
12760,7
12249,7
11848,7
10773,7
10237,7
9814,7
9161,7
8784,7
14911,7
8489,42
21342,7
20983,37
8130,7
8068,7
7879,7
20259,61
7406,7
6632,7
5717,15
18570,7
12122,7
11817,7
5234,7
4903,7
17701,21
4848,7
11242,7
4439,60
17292,7
10809,7
10734,7
4028,7
10291,7
356,7
9139,7
5787,7
5780,7
5440,7
8603,7
6689,7
6573,51
19426,7
12912,25
59,7
6428,7
11196,7
9206,7
1102,7
1897,7
17933,59
5080,7
969,7
7124,7
4518,7
14888,7
13243,58
390,7
1571,7
299,7
8427,7
4525,7
21502,8
18234,8
17839,8
17422,8
17127,8
17053,8
2742,20
15595,8
11888,8
11466,8
11255,8
10892,8
10423,8
10348,8
8546,8
7534,8
6234,17
19087,8
12138,8
5176,61
18029,8
5118,8
17873,21
5020,8
11402,8
4781,8
4318,39
17171,8
17082,20
4229,8
10238,8
2818,8
12386,8
8756,8
2206,8
1995,8
1412,8
4581,17
17434,8
6930,8
8396,8
8730,8
5154,8
4106,8
4331,60
17184,8
7261,29
20114,8
21479,9
21453,9
21271,9
21256,9
21236,9
21194,9
21022,9
20779,9
20672,9
20658,9
20648,9
20561,9
20499,9
20400,9
20105,9
19850,9
19723,9
19427,9
19009,9
18718,9
18699,9
18155,9
17988,9
17556,9
16910,9
16376,9
16371,9
16317,9
15888,9
15790,9
15415,35
2562,9
15136,9
14180,42
1327,9
11727,9
11621,9
11543,9
11494,9
11307,9
10499,9
9961,9
9914,9
9441,9
9346,9
9267,9
9250,9
9235,9
21260,42
8407,9
8366,13
21219,9
8342,15
21195,9
8131,15
20984,9
8001,9
14300,9
7730,29
20583,9
7620,47
20473,9
7012,40
19865,9
12915,9
6323,9
18591,29
5738,9
4898,32
17751,9
4794,9
4690,49
17543,9
4457,9
3786,9
3697,9
2737,12
15590,9
18751,28
5898,9
5632,9
18435,49
5582,9
8767,9
2107,63
14960,9
2092,9
6729,9
19308,41
6455,9
14427,9
1320,9
7618,24
20471,9
1188,9
4288,9
19462,33
6609,9
12204,9
2580,9
6495,9
5682,9
7985,24
20838,9
7139,9
7918,23
20771,9
3903,9
3895,9
11112,9
4155,9
530,9
5312,9
6785,9
728,9
2298,9
9029,9
65,9
19329,52
6476,9
16486,19
3633,9
2005,9
6804,64
19657,9
20945,10
20797,10
20396,10
19507,10
19435,10
18986,10
18975,10
18223,10
17894,10
17837,10
17784,10
17777,10
17766,10
17178,10
16873,10
16459,10
16444,10
16427,10
16146,10
16145,10
16136,10
16026,10
14537,33
1684,10
13704,24
851,10
13189,10
12156,10
10908,10
9771,10
8683,32
21536,10
15077,22
2224,10
8496,10
2056,33
14909,10
7963,10
7604,49
20457,10
7494,10
7469,10
7074,38
19927,10
13393,10
13212,10
13182,10
19560,35
6707,10
281,10
6629,22
19482,10
12949,14
96,10
6223,10
12610,10
6135,49
18988,10
5447,40
18300,10
11755,10
11748,10
4908,10
11078,10
3933,10
3839,10
3833,10
19788,37
6935,10
16275,26
3422,10
3418,10
12988,33
135,10
12722,10
12209,10
18610,38
5757,10
8975,10
2540,10
5472,10
11858,10
362,10
14771,32
1918,10
3477,10
1835,10
6598,15
19451,10
6410,34
19263,10
4623,10
17264,15
4411,10
1118,10
2714,10
2677,10
3394,43
16247,10
1667,10
15276,10
1577,10
15995,49
3142,10
16801,38
3948,10
7913,54
20766,10
2281,10
2552,10
5352,24
18205,10
505,10
12978,43
125,10
11738,10
1291,10
6873,10
8064,35
20917,10
4787,56
17640,10
9202,10
353,35
13206,10
13211,10
3129,10
17191,58
4338,10
10694,10
1354,10
142,13
12995,10
4937,10
2480,10
6453,10
844,10
6856,10
3239,10
17771,35
4918,10
4021,53
16874,10
550,10
4019,16
16872,10
21556,11
21512,11
21423,11
21339,11
21303,11
21138,11
20925,11
20907,11
20389,11
20089,11
20080,11
19993,11
19844,11
18567,11
18423,11
18050,11
17417,11
17039,11
2783,20
15636,11
15234,11
14959,11
14757,11
12842,11
12791,11
12027,11
11793,11
11541,11
11460,11
11446,11
11444,11
11297,11
10903,11
10901,11
9866,11
9797,11
9764,11
9720,11
9689,11
2803,20
15656,11
15454,11
2370,42
15223,11
8424,48
21277,11
20790,28
7937,11
13270,11
13191,53
338,11
304,15
13157,11
6337,11
12524,11
12333,11
12084,11
11455,11
11314,11
11163,11
4712,11
4259,11
16992,20
4139,11
7218,63
20071,11
7136,33
19989,11
16649,59
3796,11
518,11
13244,11
19474,48
6621,11
3153,49
16006,11
15501,55
2648,11
15453,11
2579,54
15432,11
2310,11
8668,46
21521,11
15048,11
8624,56
21477,11
21441,26
8588,11
16450,44
3597,11
8334,14
21187,11
8269,60
21122,11
8040,43
20893,11
15562,11
2620,11
10622,11
4201,20
17054,11
1693,11
889,11
9697,11
7234,55
20087,11
4748,24
17601,11
5525,63
18378,11
9515,11
955,11
19378,15
6525,11
19787,42
6934,11
11734,11
4038,11
4735,11
3348,56
16201,11
4302,37
17155,11
5283,11
1076,11
16286,49
3433,11
21469,12
21318,12
21060,12
21018,12
20835,12
19935,12
19906,12
17993,12
17752,12
17652,12
17589,12
17001,12
16983,12
16512,12
16287,12
15885,12
15591,12
15315,17
2462,12
15308,12
15090,53
2237,12
12350,12
11602,12
11374,12
11257,12
11205,12
11126,12
11095,12
10918,12
10608,12
10146,12
10098,12
9296,12
15468,12
8711,12
8571,12
14933,14
2080,12
8287,28
21140,12
8276,64
21129,12
14642,40
1789,12
21073,43
8220,12
20744,21
7891,12
7065,12
6913,23
19766,12
6874,24
19727,12
13151,12
6091,59
18944,12
5934,12
5919,12
11954,12
5349,12
18152,38
5299,12
4956,54
17809,12
17763,14
4910,12
17671,24
4818,12
4689,12
4654,15
17507,12
17389,63
4536,12
10768,12
10414,12
712,12
3856,12
3795,27
16648,12
3717,59
16570,12
376,12
19512,30
6659,12
6655,12
3378,12
9336,12
9288,12
18604,59
5751,12
15024,12
21208,51
8355,12
152,54
13005,12
9644,12
3053,12
6246,12
7468,48
20321,12
14679,12
8186,61
21039,12
10473,12
767,12
7109,49
19962,12
10128,12
2898,12
4494,38
17347,12
15300,22
2447,12
14485,12
16094,15
3241,12
6003,12
4774,12
2371,12
1153,12
16787,61
3934,12
9677,12
853,12
10548,12
20168,42
7315,12
4447,12
6836,12
1039,12
21372,13
21257,13
21182,13
21181,13
21100,13
21042,13
20932,13
20926,13
18158,13
17617,13
16598,13
16592,13
14985,13
2128,64
14981,13
14873,35
2020,13
14525,13
13026,13
12187,13
12063,13
10921,13
10885,13
10174,13
9678,13
9103,13
7674,56
20527,13
756,13
13054,52
201,13
6311,13
6279,13
6240,13
6172,13
6107,13
6055,13
5913,13
5496,13
5451,13
5355,13
4999,13
4803,13
10926,13
4257,13
10573,13
7078,13
3792,32
16645,13
16635,26
3782,13
10196,13
3128,40
15981,13
6231,13
2760,62
15613,13
2561,13
18602,38
5749,13
12098,13
16638,60
3785,13
2101,45
14954,13
4911,13
1566,13
7964,20
20817,13
19159,24
6306,13
1384,13
1265,13
15667,13
5100,13
4219,13
1009,13
8115,16
20968,13
1494,13
4691,56
17544,13
1532,13
1033,13
6642,13
5119,16
17972,13
2099,13
13114,13
535,13
6505,13
7508,13
6696,13
8858,13
20465,14
17723,14
17579,14
17173,14
16885,14
16481,14
16369,14
2850,51
15703,14
15345,14
2492,14
15226,14
15156,24
2303,14
15026,36
2173,14
14549,60
1696,14
1457,58
14310,14
13721,14
868,14
13174,14
12885,14
12830,14
12822,14
12345,14
12216,14
12202,14
11883,14
11728,14
11663,14
11490,14
11431,14
11272,14
11171,14
10922,14
10404,14
10342,14
10173,14
9981,14
9642,14
9489,14
9453,14
9330,14
9280,14
9242,14
9020,14
8866,14
21333,63
8480,14
8435,14
20865,61
8012,14
14393,14
1461,38
14314,14
7576,14
20232,15
7379,14
7322,14
13286,14
13186,14
6674,14
6538,14
19374,51
6521,14
13,17
12866,14
12646,14
19073,43
6220,14
12559,14
12517,14
5946,14
18565,30
5712,14
5563,14
5505,14
18276,64
5423,14
18243,39
5390,14
5323,61
18176,14
11714,14
17967,51
5114,14
4640,14
4286,14
10625,14
4067,14
4061,14
3973,61
16826,14
3874,48
16727,14
16718,16
3865,14
3858,60
16711,14
3846,14
552,14
3721,26
16574,14
3649,26
16502,14
10000,14
6723,14
3399,34
16252,14
6556,33
19409,14
12900,24
47,14
9488,14
2955,63
15808,14
12551,14
5951,14
2569,14
2559,14
8933,14
2459,38
15312,14
2417,61
15270,14
5596,14
2309,17
15162,14
18307,29
5454,14
18294,53
5441,14
5431,14
18238,21
5385,14
5340,14
19760,34
6907,14
6748,14
6721,14
3486,46
16339,14
6603,14
19412,25
6559,14
1622,14
4804,14
9484,14
4437,14
1210,14
10832,14
1193,14
9102,14
9098,14
1816,14
1016,14
16233,24
3380,14
13708,14
10472,14
16804,17
3951,14
2312,14
5500,14
10841,14
10398,14
13141,14
13709,14
3405,16
16258,14
4410,14
13237,14
11385,14
2948,61
15801,14
15598,14
4143,14
3744,24
16597,14
10105,14
21576,15
21517,15
21501,15
21369,15
20989,15
20902,15
20769,15
20632,15
20469,15
20230,15
20013,15
20012,15
20005,15
19807,15
19786,15
18992,15
18835,15
18504,15
18467,15
18271,15
18257,15
18231,15
18160,15
17916,15
17915,15
17863,15
17759,15
17748,15
17619,15
17511,15
17452,15
17399,15
17338,15
17335,15
17302,15
17298,15
17256,15
17236,15
17148,15
17083,15
16946,15
16929,15
16926,15
16856,15
16772,15
16357,15
16176,15
16088,15
16086,15
2650,49
15503,15
15478,15
15237,15
14987,15
2012,40
14865,15
1105,16
13958,15
706,34
13559,15
13046,15
12815,15
12775,15
12759,15
12754,15
12728,15
12690,15
12660,15
12563,15
12557,15
12473,15
12457,15
12449,15
11854,15
11580,15
11551,15
11545,15
11487,15
11430,15
11287,15
11251,15
11210,15
11076,15
11048,15
10742,15
10665,15
10623,15
10606,15
10545,15
10530,15
10455,15
10371,15
10361,15
10335,15
10265,15
10049,15
9982,15
9933,15
9795,15
9535,15
9352,15
9315,15
9065,15
2513,16
15366,15
8845,15
8835,15
8676,15
8608,15
8478,15
8344,18
21197,15
8275,17
21128,15
21105,37
8252,15
8234,15
8126,15
8108,15
7942,54
20795,15
7643,35
20496,15
7611,15
7596,15
7557,15
20401,37
7548,15
13735,16
882,15
679,24
13532,15
7029,59
19882,15
6922,64
19775,15
13185,15
6716,15
6681,48
19534,15
247,15
6524,51
19377,15
6494,15
12848,15
6382,15
6350,15
12639,15
19022,40
6169,15
12555,15
6125,15
12469,15
12441,15
12398,15
5900,15
5789,15
5561,15
18407,58
5554,15
5546,54
18399,15
5508,15
5429,15
11753,15
5281,15
11658,15
18065,38
5212,15
11555,15
17978,31
5125,15
5117,15
5072,29
17925,15
11450,15
5013,48
17866,15
11322,15
4867,15
11239,15
11237,15
4717,15
4634,15
11025,15
4604,61
17457,15
4576,35
17429,15
4452,22
17305,15
4451,41
17304,15
10767,15
10674,15
4205,42
17058,15
4156,15
4120,20
16973,15
4113,18
16966,15
4026,15
7129,56
19982,15
10313,15
6975,56
19828,15
19773,49
6920,15
3553,15
13144,15
3491,15
3249,15
3187,15
9532,15
6310,51
19163,15
3078,15
3051,15
9415,15
2983,15
2965,15
6119,15
15691,16
2838,15
9190,15
2768,43
15621,15
5964,15
9069,15
2602,29
15455,15
2578,15
15400,15
2543,43
15396,15
2531,32
15384,15
5678,37
18531,15
15310,15
5471,15
8623,15
6982,15
16623,26
3770,15
18229,52
5376,15
354,15
13142,15
1809,15
1731,15
16052,16
3199,15
1520,15
12701,15
7899,15
3063,15
4609,35
17462,15
7825,15
15829,52
2976,15
6163,15
2936,15
17341,35
4488,15
20546,47
7693,15
15715,37
2862,15
7632,15
20485,15
1197,15
10781,15
4341,51
17194,15
4340,15
5123,15
13946,15
1088,15
11461,15
5040,15
2568,38
15421,15
17025,43
4172,15
7310,15
8029,15
2301,24
15154,15
18360,61
5507,15
5506,15
688,15
1499,15
19957,51
7104,15
4697,15
686,38
13539,15
697,15
7088,15
16202,37
3349,15
16600,42
3747,15
20618,27
7765,15
4504,29
17357,15
489,15
13285,15
16917,31
4064,15
7679,33
20532,15
15217,15
9192,15
6758,15
9674,15
9051,15
15450,15
16005,61
3152,15
1951,15
6746,15
5149,15
525,15
2517,15
502,15
16294,36
3441,15
14875,15
1917,15
8044,15
10352,15
3931,15
1201,15
16908,18
4055,15
21503,16
21382,16
20946,16
20887,16
20757,16
20753,16
20682,16
19975,16
18490,16
18356,16
18351,16
18332,16
18252,16
17870,16
17822,16
17716,16
17152,16
16589,16
16577,16
16332,16
16159,16
16152,16
16123,16
16097,16
16023,16
15967,16
15296,16
14672,16
1759,17
14612,16
13790,24
937,16
13136,16
12611,16
12573,16
12521,16
12383,16
12059,16
12044,16
11726,16
11711,16
11705,16
11522,16
11349,16
11344,16
11292,16
11252,16
10988,16
10551,16
10470,16
10453,16
10434,16
10419,16
10328,16
10272,16
10233,16
9956,16
9927,16
9641,16
9410,16
9156,16
15548,38
2695,16
9048,16
15327,48
2474,16
15281,42
2428,16
15056,47
2203,16
21448,39
8595,16
14967,16
2114,16
21394,61
8541,16
8526,16
21112,51
8259,16
8138,16
8039,16
7566,59
20419,16
7470,16
7442,16
7359,16
7332,16
7212,16
13192,16
19475,45
6622,16
12917,21
64,16
19291,61
6438,16
6361,16
6282,16
6217,16
6199,16
6189,59
19042,16
18564,40
5711,16
12048,16
5627,16
5345,16
5335,21
18188,16
5287,16
5272,16
5141,16
17979,64
5126,16
11492,16
5021,54
17874,16
4894,16
11113,16
17206,28
4353,16
4160,16
4088,58
16941,16
7077,60
19930,16
16681,56
3828,16
3790,16
10102,16
13261,61
408,16
13262,40
409,16
13214,29
361,16
6752,16
3490,40
16343,16
9884,16
3425,33
16278,16
3420,16
6581,16
16206,45
3353,16
3261,16
6274,45
19127,16
15876,64
3023,16
9337,16
15769,48
2916,16
2915,22
15768,16
12389,16
2729,16
9032,16
8999,16
15325,16
8903,16
8880,16
8830,16
5586,16
2238,54
15091,16
18296,18
5443,16
14949,16
21363,35
8510,16
6841,16
1960,16
1764,16
16185,40
3332,16
12878,16
1620,16
1572,16
11192,16
15970,33
3117,16
1466,16
7870,16
1428,16
12600,16
9382,16
1339,16
9283,16
12378,16
9175,16
1104,16
3459,58
16312,16
1024,16
10640,16
983,16
2505,16
8055,16
4791,45
17644,16
3937,16
3910,16
2297,16
15944,26
3091,16
14168,22
1315,16
8547,16
8943,16
6914,61
19767,16
12532,16
16449,49
3596,16
13232,56
379,16
6778,16
372,21
13225,16
12397,16
13197,16
3971,45
16824,16
9977,16
743,16
13187,16
334,16
9926,16
4304,42
17157,16
3396,16
963,16
3751,46
16604,16
130,16
145,16
922,16
2953,16
2810,16
852,16
21242,17
21224,17
21034,17
20634,17
20380,17
20135,17
17788,17
16346,17
15601,41
2748,17
15561,24
2708,17
12681,17
12562,17
12364,17
12166,17
11566,17
11416,17
11338,17
11145,17
10999,17
10253,17
9818,17
9301,17
15337,44
2484,17
8521,17
8430,49
21283,17
14646,17
20736,51
7883,17
20308,47
7455,17
7323,59
20176,17
6485,17
5657,17
18445,30
5592,17
5575,17
18328,61
5475,17
5359,17
5339,17
11690,17
10919,17
17329,35
4476,17
17223,63
4370,17
17199,56
4346,17
4261,17
4184,45
17037,17
4029,17
16706,33
3853,17
3806,17
16621,20
3768,17
16522,38
3669,17
16487,36
3634,17
6123,17
5975,24
18828,17
12353,17
5931,17
8965,17
15354,17
15324,43
2471,17
2350,17
15189,17
2316,17
5452,17
5422,17
10185,17
14881,61
2028,17
11649,17
1861,17
6540,17
11302,17
8094,61
20947,17
1602,17
9625,17
1469,17
1285,17
1200,17
2789,17
1191,17
1181,17
18778,33
5925,17
1080,17
2663,17
7444,17
210,17
1010,17
1768,17
11305,17
5600,17
2333,17
731,17
20767,53
7914,17
2667,17
8229,17
1011,17
11630,17
9894,17
8580,17
5741,17
1639,17
5321,17
10165,17
490,17
21130,18
19418,18
19062,18
19017,18
18665,18
18616,18
18339,18
17849,18
17343,18
17036,18
16993,18
16989,18
16981,18
16939,18
16759,18
16651,18
16331,18
16115,18
15996,18
15989,18
15987,18
15950,18
15742,18
2393,42
15246,18
15096,18
13649,18
13070,18
12933,33
80,18
11425,18
10913,18
10864,18
10811,18
9988,18
9943,18
9822,18
15485,18
8802,18
2196,42
15049,18
8490,60
21343,18
20833,26
7980,18
20671,26
7818,18
14178,18
14099,49
1246,18
6881,54
19734,18
6770,18
13159,18
6441,34
19294,18
19280,49
6427,18
12714,18
12703,18
12507,18
6063,18
18187,24
5334,18
5220,18
11507,18
5060,18
4983,18
17478,35
4625,18
11007,18
17408,35
4555,18
4541,18
4333,24
17186,18
17163,23
4310,18
10682,18
4245,54
17098,18
10662,18
10594,18
4152,56
17005,18
16833,40
3980,18
10375,18
7070,18
10183,18
3594,18
3488,18
124,18
58,18
3107,55
15960,18
6301,18
3062,18
15901,60
3048,18
2973,18
2872,18
2554,18
15321,36
2468,18
8686,30
21539,18
2260,18
11863,18
10155,18
3694,18
2000,18
1889,18
6686,60
19539,18
16336,42
3483,18
1880,18
17791,48
4938,18
111,18
12962,22
109,18
81,18
9637,18
14270,18
11030,18
17372,20
4519,18
1226,18
1159,34
14012,18
1125,18
4327,47
17180,18
4303,34
17156,18
1100,18
9834,18
7437,18
20274,53
7421,18
162,18
2467,18
20922,30
8069,18
11946,18
14354,18
7097,20
19950,18
2155,18
1343,18
12424,18
8796,18
13950,18
14340,18
1078,18
7428,18
1990,35
14843,18
1959,18
4544,18
10156,18
7659,18
14055,18
10464,18
21322,19
20931,19
20415,19
20279,19
19648,19
19424,19
19422,19
18648,19
18303,19
16538,19
16405,19
16374,19
16365,19
15729,19
2116,21
14969,19
1216,21
14069,19
12672,19
11301,19
7755,19
7593,49
20446,19
7518,60
20371,19
17906,56
5053,19
11377,19
7229,19
3681,19
464,19
2968,58
15821,19
9339,19
2887,19
6018,19
8741,19
15067,19
2221,19
3381,21
16234,19
2566,19
778,19
5358,19
6802,54
19655,19
6774,19
15207,19
6794,54
19647,19
8337,29
21190,19
6908,34
19761,19
2756,19
2836,19
14970,19
21565,20
21462,20
21454,20
21261,20
21143,20
19432,20
19006,20
18101,20
17666,20
17559,20
17529,20
17164,20
16420,20
16307,20
12827,20
12318,20
12250,20
12106,20
11910,20
11123,20
10989,20
10848,20
10834,20
10445,20
10359,20
9874,20
9804,20
9607,20
9557,20
15545,20
8932,20
8906,20
15104,47
2251,20
8567,20
14984,20
8373,20
14697,20
1773,34
14626,20
8045,42
20898,20
7912,20
7058,20
13320,61
467,20
19719,49
6866,20
13184,52
331,20
6726,20
6578,20
6463,20
6214,20
5910,20
5727,20
5270,20
17950,49
5097,20
4922,42
17775,20
11271,20
4835,35
17688,20
11086,20
4537,20
17035,51
4182,20
7196,20
7192,38
20045,20
3884,42
16737,20
16726,22
3873,20
6872,20
3415,20
3180,20
9560,20
6331,20
12697,20
3034,20
2933,20
9328,20
2847,20
2833,20
6030,20
5788,20
8951,20
2374,61
15227,20
18432,21
5579,20
2307,20
11895,20
15110,56
2257,20
8681,20
8448,48
21301,20
14842,20
9978,20
14755,26
1902,20
9928,20
14666,20
21077,46
8224,20
1787,20
16173,55
3320,20
6547,20
1626,20
6422,20
9638,20
12851,20
15930,60
3077,20
4615,20
10944,20
6065,20
2797,20
256,20
20337,26
7484,20
1020,20
4212,20
4887,20
20793,51
7940,20
703,20
17808,26
4955,20
8569,20
14156,49
1303,20
10129,20
18157,55
5304,20
8113,20
10025,20
16021,43
3168,20
15213,20
16392,60
3539,20
6740,20
9893,20
5833,62
18686,20
7443,20
1808,20
3387,20
20234,38
7381,20
3351,20
16755,32
3902,20
6481,61
19334,20
10518,20
6853,20
1044,20
6442,21
19295,20
10442,20
21275,26
8422,20
21387,21
21293,21
20905,21
20734,21
20379,21
20035,21
19837,21
19262,21
18917,21
18217,21
18071,21
17813,21
17760,21
17574,21
17563,21
17479,21
17403,21
17000,21
16656,21
16495,21
16216,21
16212,21
16163,21
16093,21
15979,21
15810,21
2813,27
15666,21
15194,21
1965,32
14818,21
410,48
13263,21
13077,21
12893,26
40,21
12691,21
12680,21
12670,21
12647,21
12579,21
12502,21
12485,21
12298,21
12195,21
11970,21
11370,21
11357,21
11181,21
11144,21
11101,21
11074,21
9850,21
9654,21
15674,21
15568,21
8944,21
15294,21
8823,21
8732,21
2275,51
15128,21
21466,63
8613,21
14983,38
2130,21
21350,53
8497,21
8425,51
21278,21
20972,39
8119,21
20746,51
7893,21
20728,39
7875,21
20669,29
7816,21
20195,37
7342,21
7253,21
714,21
7066,21
13200,21
6732,21
19483,61
6630,21
6528,60
19381,21
12858,21
12644,21
6085,21
18938,21
6034,21
5889,21
5800,21
5701,60
18554,21
5660,21
5565,39
18418,21
5411,21
5379,21
5303,21
11717,21
18149,33
5296,21
18028,38
5175,21
5134,21
5071,21
5054,60
17907,21
11324,21
17651,43
4798,21
17545,53
4692,21
4364,21
4297,21
4228,54
17081,21
4153,21
4115,32
16968,21
16886,47
4033,21
16850,48
3997,21
3912,21
6985,21
6762,21
6737,21
3013,21
9403,21
6157,21
9277,21
6056,21
2799,21
2792,21
5965,21
9172,21
9163,21
2711,21
2688,21
2570,21
2410,33
15263,21
8778,21
15149,21
8691,21
18308,48
5455,21
8632,21
3622,33
16475,21
5121,21
11504,21
14689,49
1836,21
16166,52
3313,21
12898,38
45,21
8022,21
20836,26
7983,21
7867,21
4630,21
1414,21
1269,21
1260,21
1252,21
10784,21
5947,21
13966,21
4266,21
10676,21
10648,21
1771,21
3205,21
768,21
3094,21
7107,21
9373,21
6943,56
19796,21
10822,21
387,21
2375,21
12395,21
16400,48
3547,21
7102,32
19955,21
696,21
6665,21
5807,56
18660,21
11575,21
13787,21
12969,21
850,21
1741,21
3893,21
6499,21
8441,21
16839,22
16834,22
16518,22
16003,22
15897,22
15637,22
2604,24
15457,22
15299,22
2344,33
15197,22
14402,22
12580,22
12304,22
12119,22
12114,22
10609,22
10542,22
10076,22
10074,22
9875,22
9671,22
9612,22
9588,22
15688,22
9074,22
15335,43
2482,22
8908,22
14551,22
1694,34
14547,22
14316,22
20372,53
7519,22
7277,22
20001,30
7148,22
19562,36
6709,22
6684,22
12036,22
17753,45
4900,22
3808,22
3807,22
9056,22
5662,22
3765,22
14550,22
16797,41
3944,22
1342,22
3584,58
16437,22
10163,22
1244,22
10565,22
5729,22
20398,23
19839,23
19769,23
17333,23
16734,23
16429,23
15713,23
15052,23
904,34
13757,23
11822,23
11056,23
9544,23
9258,23
8780,23
8544,23
12132,23
5659,23
4524,23
10596,23
12853,23
15968,24
3115,23
3111,64
15964,23
2886,54
15739,23
442,23
11553,23
8114,23
8855,23
7149,23
3630,23
16155,61
3302,23
3684,23
21297,24
21292,24
21134,24
21041,24
21000,24
20584,24
20552,24
20467,24
19874,24
19645,24
19464,24
19453,24
19420,24
19371,24
19297,24
19258,24
19181,24
19137,24
18962,24
18922,24
18906,24
18882,24
18859,24
18852,24
18654,24
18638,24
18600,24
18392,24
18191,24
18145,24
18038,24
17973,24
17956,24
17770,24
17719,24
17710,24
17562,24
17538,24
17412,24
17361,24
17349,24
17317,24
17168,24
16796,24
16510,24
16403,24
16203,24
15585,24
15430,32
2577,24
2411,63
15264,24
14877,57
2024,24
14028,24
861,26
13714,24
13711,24
12679,24
12651,24
12538,24
11989,24
11867,24
11722,24
11623,24
11563,24
11559,24
11435,24
11369,24
10985,24
10960,24
10904,24
10817,24
10788,24
10429,24
10310,24
10245,24
10158,24
10096,24
9920,24
9809,24
9326,24
9252,24
9075,24
9053,24
15365,63
2512,24
8919,24
2458,47
15311,24
8755,24
8748,24
21557,57
8704,24
15031,24
8479,24
21227,53
8374,24
8351,24
8255,24
8240,61
21093,24
8205,24
14512,64
1659,24
7896,24
7874,24
7813,43
20666,24
7715,24
14091,38
1238,24
1017,51
13870,24
7344,24
745,24
352,35
13205,24
13168,61
315,24
6719,30
19572,24
6702,24
6385,56
19238,24
12803,24
12661,24
12641,24
6124,24
12504,24
18873,63
6020,24
18830,51
5977,24
5937,24
12321,24
5886,64
18739,24
5876,24
5873,24
12260,24
12171,24
12133,24
5672,24
5615,24
5559,24
5517,24
11923,24
11920,24
5483,45
18336,24
5477,24
11872,24
11847,24
5421,24
5400,64
18253,24
5309,24
5293,24
5291,24
5226,27
18079,24
5222,33
18075,24
11465,24
4952,24
4820,38
17673,24
17659,55
4806,24
4796,24
4665,61
17518,24
4600,24
10962,24
10874,24
10790,24
10787,24
10786,24
4365,24
17102,52
4249,24
4145,24
10515,24
3958,47
16811,24
7046,24
16678,60
3825,24
3821,24
7003,46
19856,24
10208,24
559,24
10088,24
366,24
13188,24
6695,24
3438,24
16063,56
3210,24
9570,24
15924,52
3071,24
3069,24
12663,24
15892,49
3039,24
3038,24
9431,24
3007,24
15780,60
2927,24
12540,24
9239,24
5986,24
2752,53
15605,24
5949,24
2718,42
15571,24
9087,24
15451,24
18646,26
5793,24
12186,24
12172,24
15247,37
2394,24
2323,24
2271,24
8690,24
11892,24
15061,24
15005,24
532,24
18148,61
5295,24
5258,57
18111,24
5228,24
10018,24
21206,41
8353,24
14739,61
1886,24
3364,24
17823,61
4970,24
1735,24
11335,24
4841,52
17694,24
1619,24
1606,24
1601,24
16029,43
3176,24
4772,43
17625,24
1526,24
3103,59
15956,24
4660,56
17513,24
15899,53
3046,24
15896,53
3043,24
3042,24
15879,49
3026,24
11051,24
6166,24
9381,24
1276,24
1243,24
9230,24
4360,24
7558,24
1123,24
2671,24
9867,24
15479,24
13874,24
1032,24
978,24
884,24
3276,24
2434,24
15175,53
2322,24
724,24
7128,26
19981,24
15146,24
1500,24
15949,64
3096,24
9510,24
3089,24
15933,60
3080,24
682,24
558,24
12173,24
5752,61
18605,24
2148,53
15001,24
2912,24
1263,24
424,24
5620,24
787,24
5974,24
2365,24
9984,24
6731,24
6877,24
18210,43
5357,24
3742,24
7341,24
1099,24
2896,24
1280,24
1676,24
497,24
1340,24
10151,24
3730,38
16583,24
5732,49
18585,24
5331,24
7698,24
3599,24
687,24
16274,25
16074,25
2725,59
15578,25
12040,25
12010,25
8962,25
8734,25
6178,25
12016,25
11941,25
66,37
12919,25
2757,39
15610,25
15579,25
15560,25
5113,25
3009,25
27,45
12880,25
16213,58
3360,25
13008,25
10527,25
12908,25
21437,26
21436,26
21414,26
21413,26
21385,26
21356,26
21336,26
21330,26
21324,26
21315,26
21264,26
21109,26
21095,26
21081,26
21055,26
21044,26
21014,26
20988,26
20937,26
20915,26
20822,26
20784,26
20776,26
20715,26
20706,26
20639,26
20628,26
20569,26
20548,26
20533,26
20463,26
20450,26
20448,26
20442,26
20414,26
20391,26
20368,26
20339,26
20332,26
20309,26
20273,26
20269,26
20252,26
20233,26
20221,26
20217,26
20213,26
20189,26
20181,26
20166,26
19742,26
19254,26
19174,26
18769,26
18627,26
18052,26
17032,26
16735,26
16584,26
16569,26
16350,26
16263,26
15886,26
2787,54
15640,26
15515,26
15211,26
15141,26
14882,64
2029,26
14504,34
1651,26
13014,26
12616,26
12266,26
12211,26
12005,26
11528,26
11470,26
11283,26
11060,26
10907,26
10529,26
10430,26
10393,26
10130,26
9860,26
9825,26
9091,26
8997,26
8745,26
8637,61
21490,26
8598,40
21451,26
8582,47
21435,26
8559,48
21412,26
21393,63
8540,26
8506,59
21359,26
21166,38
8313,26
8264,44
21117,26
8262,26
8226,26
8051,64
20904,26
8048,26
7972,40
20825,26
7836,26
20679,34
7826,26
7726,26
7682,54
20535,26
13890,26
7447,32
20300,26
7413,60
20266,26
7370,49
20223,26
7354,33
20207,26
7312,61
20165,26
7264,37
20117,26
7244,26
6789,55
19642,26
6765,26
6586,26
19290,59
6437,26
6134,26
6094,26
6047,26
18867,61
6014,26
5926,26
5402,26
11635,26
5195,57
18048,26
11481,26
11475,26
4755,26
4357,26
4178,28
17031,26
4012,29
16865,26
3968,26
3860,26
3775,34
16628,26
6840,26
3585,26
9985,26
3416,43
16269,26
196,26
160,26
19307,49
6454,26
9576,26
9519,26
12664,26
12619,26
6198,26
15695,26
2839,45
15692,26
15594,26
15570,26
12296,26
2659,26
15489,26
8979,26
8976,26
8972,26
15336,53
2483,26
2253,26
15079,26
15053,26
2205,26
11721,26
2089,26
2055,26
8449,32
21302,26
3507,32
16360,26
11359,26
6466,26
14,26
1381,26
4472,26
12346,26
7539,59
20392,26
7505,45
20358,26
986,26
976,26
968,26
10532,26
74,26
4014,26
3996,26
5556,26
1529,26
19966,45
7113,26
6297,26
7083,26
8970,26
1722,26
6115,26
20079,57
7226,26
8005,26
10411,26
1178,26
774,26
3571,35
16424,26
4376,26
1108,26
5501,48
18354,26
7517,60
20370,26
1096,26
7491,53
20344,26
1070,26
1853,26
3430,61
16283,26
1727,26
8520,53
21373,26
3377,27
16230,26
8501,60
21354,26
1644,26
8868,26
3680,29
16533,26
2133,26
2433,26
12150,26
7353,49
20206,26
2929,45
15782,26
1087,26
7308,59
20161,26
7438,51
20291,26
21401,27
19831,27
19732,27
17860,27
16714,27
16676,27
15060,27
14263,27
12751,27
11088,27
10847,27
9858,27
8853,27
2391,54
15244,27
7847,27
20523,45
7670,27
157,27
6537,27
10744,27
17154,63
4301,27
2647,27
2520,27
2376,27
10171,27
436,27
6844,61
19697,27
1994,27
1920,27
5902,27
4277,27
8204,27
4054,27
732,27
3918,27
15391,36
2538,27
18514,46
5661,27
4023,27
16814,38
3961,27
4107,27
1213,27
20090,28
19890,28
19802,28
19758,28
19069,28
18040,28
17867,28
17643,28
16041,28
13064,39
211,28
12492,28
12339,28
11468,28
9324,28
7939,42
20792,28
20363,51
7510,28
7452,28
7220,28
7030,28
6955,32
19808,28
6277,28
12599,28
12068,28
11362,28
4606,28
4592,28
4345,28
16916,39
4063,28
6961,28
19041,64
6188,28
6059,28
5954,30
18807,28
12053,28
6968,28
6953,28
19681,33
6828,28
3469,28
127,35
12980,28
3329,28
3263,28
3217,28
7318,28
15623,28
7184,39
20037,28
8206,28
1347,28
4043,28
21447,29
21286,29
21106,29
21047,29
20804,29
20712,29
20646,29
20381,29
19815,29
19790,29
19304,29
18719,29
18606,29
16912,29
16848,29
16808,29
16480,29
16342,29
15733,29
14394,43
1541,29
13032,29
12244,29
12182,29
12169,29
11990,29
11878,29
11758,29
11754,29
11683,29
11578,29
11300,29
11128,29
11019,29
10963,29
10923,29
10856,29
9647,29
9562,29
9334,29
9003,29
8935,29
8607,30
21460,29
8488,29
8487,29
8388,29
8361,33
21214,29
8335,29
21142,36
8289,29
8036,29
20883,47
8030,29
8017,29
7739,29
7483,29
7466,34
20319,29
7439,29
7080,58
19933,29
6859,41
19712,29
6747,29
6711,29
13118,29
6668,29
6496,29
12890,33
37,29
6271,29
6257,29
6232,29
6078,29
12379,29
12079,29
12078,29
5654,29
11967,29
11904,29
11622,29
11588,29
17887,36
5034,29
5015,29
17773,48
4920,29
4901,29
4745,29
11132,29
10973,29
10879,29
4258,29
3952,29
16725,36
3872,29
10227,29
10211,29
3771,29
202,29
9839,29
212,29
3192,63
16045,29
9605,29
6243,29
6211,29
9389,29
6149,29
2918,29
2820,29
15607,52
2754,29
2691,29
12271,29
2645,29
2567,29
12163,29
18576,43
5723,29
8814,29
2335,48
15188,29
5538,29
11877,29
2252,29
2234,29
2227,29
5416,29
8447,48
21300,29
2026,29
13165,29
21192,48
8339,29
13110,29
1872,29
5051,29
5050,29
4914,29
4892,29
41,29
20900,53
8047,29
11058,29
11036,29
1375,29
15719,53
2866,29
2806,29
1192,29
1157,29
1138,29
4337,29
1003,29
10598,29
11308,29
2479,29
837,29
11153,29
15145,29
16762,35
3909,29
3900,29
680,29
2276,29
6552,29
1355,29
3740,29
8530,29
1258,29
10459,29
3977,29
7953,29
1528,29
1101,29
6679,29
8074,30
20927,29
1007,29
10008,29
4554,29
6551,29
4930,29
2877,29
17929,35
5076,29
10089,29
10983,29
12115,29
7762,29
16995,63
4142,29
484,29
859,29
19178,48
6325,29
4404,29
4819,42
17672,29
20048,30
20025,30
19556,30
19293,30
19122,30
17952,30
17877,30
17423,30
17365,30
17316,30
17247,30
17246,30
17188,30
17075,30
16955,30
16196,30
16171,30
15122,49
2269,30
13256,30
13175,49
322,30
12461,30
11795,30
11174,30
11149,30
11103,30
10693,30
10618,30
10048,30
9853,30
9712,30
9134,30
15220,30
8710,30
8641,30
8199,30
7710,30
13053,30
6373,30
5210,30
5194,30
5090,41
17943,30
5077,49
17930,30
17677,44
4824,30
4713,30
4662,30
4595,61
17448,30
4436,50
17289,30
10774,30
10661,30
4165,30
10418,30
16395,43
3542,30
3449,30
9841,30
9799,30
9792,30
9763,30
3155,30
2853,30
9220,30
12201,30
8895,30
8674,30
8658,30
1858,30
3442,30
8137,30
1,30
6420,48
19273,30
1478,30
1300,30
1863,30
4218,46
17071,30
897,30
3290,55
16143,30
16884,60
4031,30
10358,30
677,61
13530,30
10315,30
3894,51
16747,30
3888,30
14968,41
2115,30
2064,30
13266,30
4401,33
17254,30
9196,30
9194,30
3572,30
1949,30
3528,30
17980,61
5127,30
3917,54
16770,30
1207,30
977,30
2956,30
9777,30
4132,40
16985,30
918,30
1332,30
18403,31
16419,31
16277,31
15467,31
14736,31
13279,31
9606,31
4397,54
17250,31
4339,31
15698,31
15462,58
2609,31
20525,44
7672,31
7501,31
183,45
13036,31
14177,31
441,31
21562,32
21473,32
21096,32
19653,32
19198,32
19082,32
19044,32
18860,32
18749,32
18509,32
18493,32
18437,32
18061,32
17062,32
16969,32
16897,32
16434,32
16399,32
16134,32
15793,32
15103,32
402,57
13255,32
13119,32
12628,32
12432,32
11957,32
11185,32
11170,32
11137,32
10634,32
10377,32
10322,32
10292,32
9905,32
9829,32
9393,32
9265,32
9124,32
8829,32
8677,32
8654,32
8606,32
2047,38
14900,32
8451,32
21065,61
8212,32
21031,61
8178,32
20384,37
7531,32
7216,32
7047,32
13113,48
260,32
13056,35
203,32
6376,32
6215,32
12488,32
12394,32
5842,32
5830,32
5818,32
5798,32
5767,32
5692,32
5684,32
5617,51
18470,32
11953,32
11771,32
5274,32
5256,32
18109,32
5253,32
5205,32
5172,32
5146,32
5070,61
17923,32
5044,43
17897,32
5043,48
17896,32
4987,32
4621,32
4398,60
17251,32
4366,32
17091,56
4238,32
7133,38
19986,32
3926,55
16779,32
13482,32
19902,43
7049,32
10262,32
10261,32
16417,38
3564,32
13116,32
213,32
6201,32
15838,61
2985,32
2982,32
2977,32
6075,32
12480,32
15680,36
2827,32
9181,32
5848,32
5765,32
15045,32
6952,32
13284,32
16492,41
3639,32
1983,32
3531,32
323,32
1913,32
1910,32
11190,32
1550,32
9294,32
1211,32
4385,48
17238,32
9178,32
1152,32
1919,32
9135,32
1079,32
3417,43
16270,32
15425,32
5769,32
896,32
10324,32
4686,32
6964,32
5318,32
4098,32
5178,32
6371,32
1174,32
9171,32
293,32
3514,59
16367,32
867,32
9573,32
1946,32
924,32
880,32
16319,53
3466,32
8162,32
890,32
11160,32
4739,32
4045,32
5236,32
9736,32
9146,32
5216,32
21133,33
20824,33
20641,33
19711,33
19635,33
18921,33
18898,33
18667,33
18080,33
18037,33
17957,33
17569,33
17015,33
16961,33
16622,33
16563,33
16531,33
16499,33
16210,33
15988,33
15961,33
15932,33
15898,33
15204,33
2151,49
15004,33
14978,33
14563,33
13139,33
13021,62
168,33
12668,33
12225,33
12087,33
12049,33
11909,33
11527,33
11477,33
11348,33
11268,33
11093,33
10899,33
10508,33
10467,33
10086,33
9497,33
9232,33
9090,33
9045,33
8996,33
8916,33
15329,57
2476,33
15138,33
8217,33
7968,33
7897,33
14315,33
6817,33
6682,33
6278,33
12309,33
12236,33
12219,33
11982,33
5350,33
11597,33
11441,33
11134,33
11133,33
4687,58
17540,33
17346,50
4493,33
4237,33
10581,33
797,33
764,33
3879,33
3673,33
6887,33
3640,56
16493,33
10058,33
10052,33
19351,43
6498,33
68,33
3251,33
3154,33
12652,33
9414,33
2926,33
5762,33
2546,33
2530,33
15111,33
2097,33
11679,33
3626,51
16479,33
237,61
13090,33
6515,40
19368,33
6491,38
19344,33
9619,33
20837,36
7984,33
7967,33
4744,56
17597,33
1292,33
12368,33
11526,33
5105,48
17958,33
6620,45
19473,33
6616,33
17829,49
4976,33
8987,33
16813,38
3960,33
6312,33
2126,33
1217,33
3604,38
16457,33
3565,33
8370,33
6714,33
16112,61
3259,33
1029,33
12243,33
8367,33
9363,33
3668,41
16521,33
1665,33
1220,33
2325,33
3702,40
16555,33
12852,33
1649,33
19959,34
19649,34
19470,34
19050,34
17876,34
17872,34
17812,34
17506,34
17212,34
16443,34
15258,60
2405,34
12317,34
11299,34
10555,34
9872,34
9285,34
9047,34
7977,34
7789,34
7639,34
20488,53
7635,34
13904,34
7352,34
496,34
6819,34
12797,34
6082,34
6027,34
12390,34
12050,34
5286,34
5177,34
4933,34
4591,34
4167,34
3991,34
7068,34
16717,60
3864,34
3743,34
9909,34
3271,34
12834,34
3194,34
9549,34
15925,64
3072,34
6202,34
5955,34
2596,34
2550,34
5474,34
2202,49
15055,34
8615,34
21371,59
8518,34
13265,34
8222,34
3198,34
1562,34
1209,34
1182,34
1885,34
2637,34
4235,34
17080,64
4227,34
1634,34
7722,34
3699,34
393,34
3573,34
3095,34
12886,34
960,34
3356,34
2491,34
2526,34
21568,35
21267,35
20936,35
20919,35
20721,35
20709,35
20420,35
20409,35
20406,35
20270,35
20034,35
19998,35
19559,35
19509,35
19499,35
18840,35
18795,35
18746,35
18738,35
18736,35
18698,35
18689,35
18621,35
18466,35
18430,35
18415,35
18186,35
18085,35
18066,35
17963,35
17875,35
17473,35
17433,35
17419,35
17359,35
17177,35
17038,35
16658,35
16110,35
14545,60
1692,35
13507,35
12763,35
12286,35
11387,35
11179,35
10947,35
10107,35
9527,35
9253,35
8610,35
14974,63
2121,35
8453,35
8214,57
21067,35
8134,35
8016,60
20869,35
8015,35
7606,56
20459,35
13290,35
13281,35
349,35
6375,35
6348,35
6244,48
19097,35
6208,35
19037,61
6184,35
6177,35
6025,35
5912,39
18765,35
5901,38
18754,35
5706,35
5595,51
18448,35
5532,41
18385,35
11767,35
5273,35
5255,61
18108,35
5244,35
18096,36
5243,35
5171,35
5167,35
4714,35
4552,61
17405,35
17334,64
4481,35
17306,58
4453,35
4438,41
17291,35
4129,35
4027,35
16838,60
3985,35
6996,35
10192,35
13236,35
9941,35
13126,54
273,35
3452,35
6638,42
19491,35
6653,42
19506,35
191,35
3389,35
16195,56
3342,35
3189,35
6275,54
19128,35
15851,39
2998,35
9293,35
5875,44
18728,35
2383,35
12003,35
8672,35
2239,35
2231,35
5268,35
423,54
13276,35
3455,35
248,35
3303,35
3223,43
16076,35
11222,35
1598,35
4664,35
1387,35
4584,35
5957,57
18810,35
194,35
17027,56
4174,35
16952,56
4099,35
8105,35
873,35
7966,35
11118,35
952,35
2522,35
1306,35
2046,35
2775,35
10367,35
1909,35
1875,35
8172,35
7366,35
945,35
930,35
19780,49
6927,35
4474,35
144,35
4039,35
9374,35
1616,35
2449,35
21553,36
21551,36
21403,36
21388,36
21248,36
21176,36
21103,36
21028,36
20954,36
20918,36
20826,36
20791,36
20412,36
20393,36
20304,36
20226,36
20151,36
19515,36
19053,36
19045,36
18481,36
17440,36
17034,36
16913,36
16698,36
16664,36
16642,36
16619,36
16585,36
16546,36
16545,36
16380,36
16324,36
16315,36
16246,36
15969,36
15833,36
15822,36
15800,36
15753,36
15723,36
15348,36
10282,36
10280,36
9728,36
9417,36
15356,36
15002,38
2149,36
7757,36
7541,36
6972,36
13291,57
438,36
6601,36
12935,52
82,36
5815,36
11241,36
4644,36
10688,36
3817,51
16670,36
3762,40
16615,36
9158,36
11787,36
8293,44
21146,36
8087,36
2979,61
15832,36
1124,36
7544,36
6583,36
1564,38
14417,36
1924,36
7704,62
20557,36
21378,37
21298,37
21255,37
21211,37
21179,37
21165,37
21113,37
21036,37
20896,37
20654,37
20630,37
20494,37
20443,37
20364,37
20324,37
20299,37
20249,37
16803,37
15985,37
15527,61
2674,37
15265,37
12674,37
11667,37
9556,37
2773,54
15626,37
8946,37
8890,37
8793,37
15023,37
8578,59
21431,37
8458,37
7994,37
7821,37
7459,37
6738,37
5396,55
18249,37
5055,37
11111,37
3801,51
16654,37
494,37
6186,37
2236,37
2194,37
21203,48
8350,37
14752,37
20840,52
7987,37
7948,37
20801,37
7487,54
20340,37
7441,37
7404,47
20257,37
1765,37
6790,37
2619,37
7520,60
20373,37
1677,37
8294,37
7362,49
20215,37
93,37
1205,37
818,37
21480,38
21474,38
21352,38
21266,38
21240,38
21237,38
21218,38
21136,38
21135,38
21038,38
21032,38
20975,38
20735,38
20711,38
20695,38
20668,38
20640,38
20593,38
20558,38
20395,38
20385,38
20376,38
20314,38
20310,38
20228,38
20118,38
19915,38
19887,38
18816,38
18120,38
17712,38
17655,38
17489,38
16890,38
16825,38
16809,38
16800,38
16655,38
16551,38
16385,38
15819,38
15558,38
15119,49
2266,38
1769,60
14622,38
13092,38
12645,38
12520,38
11320,38
11115,38
10924,38
10851,38
10099,38
9973,38
9405,38
9378,38
9364,38
9316,38
9273,38
9049,38
8865,38
8859,38
8750,38
8740,38
8738,38
8636,64
21489,38
2153,54
15006,38
8577,51
21430,38
8409,38
21262,38
8399,47
21252,38
8032,47
20885,38
7843,38
7752,47
20605,38
7449,48
20302,38
20129,39
7276,38
7190,38
7079,38
6779,38
6273,38
12596,38
6048,38
6017,38
18870,38
5950,38
12231,38
5680,38
11976,38
11896,38
5464,38
5426,38
5314,38
11633,38
5029,38
4777,42
17630,38
4747,38
10897,38
4176,38
4141,38
3867,38
3784,38
3755,48
16608,38
3667,38
9810,38
9429,38
6165,38
6129,38
5967,38
2751,38
5894,38
9066,38
2590,38
2042,38
3624,38
5215,63
18068,38
8236,38
1569,38
1543,38
1527,38
4729,38
14313,59
1460,38
1467,38
1452,38
1317,38
7733,63
20586,38
7709,60
20562,38
14093,38
1177,38
4351,38
1134,38
21193,46
8340,38
1122,38
7500,61
20353,38
21123,61
8270,38
3413,43
16266,38
11977,38
4732,38
1344,38
9333,38
1264,38
6814,48
19667,38
3582,38
3946,48
16799,38
1135,38
1111,38
2693,38
456,38
8184,57
21037,38
9372,38
533,38
19386,55
6533,38
10946,38
7398,51
20251,38
13717,38
10564,38
8060,57
20913,38
3629,38
21191,53
8338,38
20894,39
20680,39
20545,39
20490,39
20455,39
15126,53
2273,39
15000,39
6146,39
6104,39
5417,39
16422,48
3569,39
15221,39
2182,39
12891,40
38,39
7734,39
6084,39
1251,39
1229,39
399,39
15326,39
21574,40
20159,40
20039,40
19832,40
19256,40
19167,40
19083,40
18995,40
18774,40
18488,40
18362,40
18034,40
18017,40
17986,40
17128,40
17048,40
16871,40
16680,40
16488,40
16304,40
16215,40
16150,40
16091,40
13321,40
13003,40
139,54
12992,40
12905,40
12788,40
12687,40
12657,40
12627,40
12592,40
12571,40
12489,40
12483,40
12336,40
12281,40
12274,40
12259,40
12246,40
12235,40
12197,40
12147,40
12125,40
12112,40
12102,40
12073,40
11960,40
11940,40
11934,40
11907,40
11746,40
11236,40
10849,40
10743,40
10738,40
10721,40
10289,40
9779,40
9733,40
9661,40
9408,40
15694,40
9142,40
8684,40
8618,40
21406,51
8553,40
8543,40
14828,63
1975,40
14418,40
7952,40
7355,40
13105,40
6434,40
12774,40
12732,40
12694,40
12509,40
6086,40
6051,51
18904,40
12468,40
12454,40
12316,40
5888,40
12229,40
12131,40
12101,40
5522,54
18375,40
11913,40
18334,43
5481,40
5453,40
5398,40
5332,40
11177,40
4756,40
4666,58
17519,40
4579,43
17432,40
17311,57
4458,40
4323,40
4199,64
17052,40
7075,40
3559,40
3554,59
16407,40
6694,40
3309,40
15984,48
3131,40
12731,40
3092,40
15900,55
3047,40
12632,40
9279,40
6023,40
2652,40
11861,40
2027,40
13024,40
1711,40
6506,54
19359,40
4881,40
12843,40
3219,40
2963,46
15816,40
9234,40
7603,40
13045,40
15410,40
12091,40
3243,42
16096,40
10391,40
1519,40
4700,40
6957,62
19810,40
12514,40
6093,40
6384,40
3345,40
3277,40
16130,40
5162,40
941,40
3440,40
3133,40
233,40
21132,41
20974,41
20606,41
20498,41
19704,41
19369,41
17547,41
16802,41
11336,41
10853,41
9486,41
15521,41
8810,41
15062,41
8565,41
7235,41
6743,41
6175,41
6138,41
11980,41
5444,41
4521,41
4459,41
4292,41
4169,41
10254,41
3695,41
9682,41
3036,64
15889,41
12570,41
9274,41
2851,64
15704,41
6041,41
2834,41
5716,41
5473,61
18326,41
3676,41
7568,57
20421,41
4239,41
3957,59
16810,41
21238,42
20237,42
20187,42
20180,42
20174,42
20138,42
18875,42
17700,42
16644,42
15841,42
15762,42
15292,42
15219,57
2366,42
15210,49
2357,42
14544,42
13275,50
422,42
12033,42
11925,42
11418,42
11400,42
11381,42
11106,42
11049,42
11035,42
10140,42
10067,42
9967,42
9869,42
9465,42
9097,42
15314,42
8846,42
8799,42
8010,42
7903,42
7902,42
7876,42
7388,48
20241,42
7245,42
13656,42
6894,42
6503,42
6113,42
6106,42
5647,42
11979,42
11708,42
11674,42
11506,42
4810,42
4751,42
10826,42
4347,42
16739,59
3886,42
16723,61
3870,42
3841,42
13180,42
6592,42
12696,42
3056,49
15909,42
15641,42
15593,42
15240,42
2379,42
2337,53
15190,42
15107,42
3734,54
16587,42
2108,42
6863,42
2048,42
3625,59
16478,42
6447,42
4829,58
17682,42
23,42
12831,42
1502,42
11031,42
1391,42
7673,42
7647,42
1208,42
15639,42
1084,42
1015,42
187,42
11395,42
4974,42
15309,42
811,42
2549,42
7763,42
113,42
7736,42
11725,42
83,42
2890,42
817,42
1173,42
7120,42
3899,42
56,42
19318,59
6465,42
3602,42
14993,42
10544,42
13333,56
480,42
6699,42
14975,42
1732,42
18,42
11637,42
10440,42
3890,42
21357,43
21287,43
21228,43
21071,43
21040,43
20311,43
20298,43
19833,43
19799,43
19751,43
19441,43
19411,43
19343,43
19270,43
19241,43
18182,43
17785,43
17576,43
17182,43
17146,43
17115,43
17004,43
16925,43
16923,43
16700,43
16685,43
15997,43
15894,43
15682,43
15600,43
15447,61
2594,43
15387,46
2534,43
14982,43
14623,43
232,64
13085,43
13072,43
12676,43
12443,43
12305,43
12237,43
11968,43
11449,43
11143,43
11041,43
11029,43
10950,43
10883,43
10843,43
10432,43
10224,43
9487,43
9343,43
2496,45
15349,43
8555,60
21408,43
8512,43
21362,46
8509,43
8359,43
8327,43
14619,43
8020,43
7997,43
7824,43
20670,48
7817,43
14131,43
7490,43
7482,43
7319,43
7126,43
7027,58
19880,43
6860,48
19713,43
13210,43
13194,43
6595,61
19448,43
6473,43
12699,43
12629,43
12620,43
6103,43
6096,43
12356,43
12331,43
5750,43
5516,43
5377,43
11744,43
10928,43
17330,50
4477,43
10872,43
4369,43
17196,61
4343,43
10462,43
16852,61
3999,43
3993,43
3920,43
16650,56
3797,43
10213,43
6815,43
6830,53
19683,43
143,54
12996,43
13006,60
153,43
3229,43
9539,43
9526,43
9472,43
2999,43
6070,43
2475,43
5671,43
8771,43
2247,43
5442,43
2219,43
8558,43
21411,43
14921,43
1948,43
6712,43
9640,43
1581,43
7993,43
10909,43
7650,43
9246,43
3517,46
16370,43
8258,43
9027,43
12203,43
4884,43
7305,43
3161,43
3970,43
748,43
3085,43
1477,43
12973,43
545,43
3632,43
7992,43
12719,43
4964,43
12965,43
3298,43
10895,43
14201,43
5665,43
3336,43
836,43
7749,43
21007,44
20982,44
19763,44
19113,44
18842,44
16707,44
15664,44
13900,46
1047,44
12222,44
12191,44
11579,44
11274,44
10941,44
9332,44
7840,54
20693,44
342,61
13195,44
12685,44
12636,44
5740,44
5102,44
478,44
6767,44
15629,44
2672,44
12226,44
1666,44
3252,44
1506,44
20708,51
7855,44
2660,44
2583,44
185,44
18523,61
5670,44
11201,44
1512,44
3707,44
6807,44
3093,44
6801,60
19654,44
2102,44
21234,45
21221,45
21114,45
21053,45
21049,45
21045,45
21012,45
20969,45
20813,45
20798,45
20660,45
20502,45
20470,45
20440,45
20284,45
19978,45
19745,45
19710,45
17616,45
16858,45
14516,45
12721,45
12306,45
12085,45
12061,45
11736,45
11047,45
10108,45
8956,45
15157,60
2304,45
8581,45
14998,45
8364,45
7961,64
20814,45
7884,45
7797,56
20650,45
7728,45
7623,56
20476,45
7585,56
20438,45
7472,45
7331,45
7072,45
560,45
6865,45
6475,45
6233,45
12334,45
18348,50
5495,45
11664,45
11503,45
4330,45
17166,61
4313,45
16807,48
3954,45
466,45
6254,45
9444,45
6173,45
5850,61
18703,45
8925,45
2490,45
8826,45
2320,45
5437,45
5356,45
8528,45
1846,45
1524,45
7841,45
7830,45
1404,45
12505,45
2873,45
4307,45
1849,45
13027,45
15180,45
2338,45
7950,61
20803,45
17225,61
4372,45
6456,45
1351,45
9964,45
7626,61
20479,45
7634,45
21386,46
21360,46
21199,46
20973,46
20596,46
20378,46
20256,46
19674,46
19571,46
18483,46
17964,46
17922,46
17900,46
16662,46
16421,46
16363,46
16311,46
16207,46
16141,46
15980,46
15908,46
14860,46
12829,46
12783,46
11855,46
11333,46
11220,46
10284,46
10235,46
9229,46
9187,46
9160,46
9127,46
9115,46
8777,46
8644,46
8614,46
8611,46
8125,46
7970,46
7008,46
6771,46
6372,46
6349,46
5710,63
18563,46
11859,46
11850,46
5264,46
5188,46
4850,59
17703,46
4827,46
11227,46
11168,46
4657,46
4574,46
4149,46
4094,46
4089,46
6999,46
16432,48
3579,46
3480,46
3456,46
48,56
12901,46
11,46
6356,46
2962,46
12463,46
9189,46
2574,63
15427,46
5594,46
8619,46
2137,46
5257,46
5219,46
5048,48
17901,46
9741,46
1688,46
2961,46
2960,46
7686,46
3468,46
1059,46
16953,58
4100,46
4092,46
4085,46
10349,46
8702,46
2279,46
8155,46
4123,46
920,46
899,46
883,46
9177,46
4562,46
15380,46
541,46
1030,46
887,46
21337,47
21308,47
20910,47
20685,47
20651,47
20598,47
20517,47
20515,47
19142,47
19029,47
18713,47
18708,47
16602,47
16030,47
15295,47
12658,47
12649,47
12391,47
12382,47
12380,47
12362,47
12341,47
12258,47
12154,47
12149,47
12077,47
11978,47
11884,47
11713,47
11700,47
11614,47
11568,47
11452,47
11109,47
10943,47
10083,47
9478,47
9399,47
9237,47
9101,47
8794,47
8708,47
8579,47
21244,51
8391,47
8085,63
20938,47
20879,51
8026,47
7838,47
7790,47
7600,61
20453,47
140,47
19101,61
6248,47
12351,47
11898,47
5342,47
11724,47
11567,47
4797,47
11034,47
16918,48
4065,47
10447,47
10436,47
7061,47
6787,47
6759,47
6414,57
19267,47
9610,47
8969,47
2478,47
12017,47
15094,47
5089,47
126,47
1438,47
1433,47
17328,63
4475,47
9287,47
10840,47
1837,47
9034,47
1013,47
6591,47
16964,61
4111,47
1608,47
11966,47
2342,47
12176,47
6549,47
1658,47
1650,47
13025,47
8981,47
11570,47
15772,53
2919,47
11540,47
8995,47
6880,47
2938,47
11644,47
21222,48
21196,48
19812,48
19466,48
19365,48
18997,48
18832,48
17975,48
17848,48
17661,48
17558,48
16911,48
16817,48
16798,48
16719,48
16665,48
16590,48
16337,48
16244,48
16219,48
16055,48
15482,48
15307,48
13138,48
12572,48
12569,48
12255,48
12035,48
12031,48
11750,48
11687,48
11565,48
11424,48
11340,48
11317,48
11306,48
11018,48
10870,48
10600,48
10500,48
10427,48
10032,48
10027,48
9970,48
9965,48
9937,48
9896,48
9652,48
9475,48
15679,48
2826,48
9113,48
8893,48
15153,48
8635,61
21488,48
8481,48
8457,48
8317,48
8297,48
8291,48
8286,48
14540,48
7774,48
7462,48
13633,59
780,48
7048,48
534,48
388,48
6809,48
6798,52
19651,48
6701,48
6670,48
19447,61
6594,48
6522,48
19375,48
6458,48
6227,48
6187,48
6102,48
18955,48
12506,48
5906,48
12239,48
5461,48
5316,48
11354,48
10599,48
10597,48
10538,48
10094,48
3631,48
10040,48
13203,48
6313,48
9525,48
9428,48
5968,48
2518,48
2488,48
8899,48
2429,48
5624,48
2270,48
3713,48
11689,48
6783,48
9930,48
13131,48
6680,48
13093,48
6672,48
8219,48
17825,55
4972,48
1706,48
14524,48
8027,48
1449,48
1446,48
14154,55
1301,48
1288,48
1284,48
2825,48
1225,48
2807,48
20474,61
7621,48
12914,48
6299,48
6288,48
7092,48
538,48
4517,48
5313,51
18166,48
10925,48
1643,48
10053,48
15259,48
17273,61
4420,48
5984,48
5976,48
9994,48
5078,48
151,48
4361,48
539,48
6931,60
19784,48
6529,48
1271,48
12874,48
739,48
10556,48
12860,48
1328,48
2437,48
19860,49
19383,49
19379,49
19208,49
19180,49
19155,49
18910,49
17835,49
17810,49
17798,49
17687,49
17551,49
16677,49
16675,49
16523,49
16404,49
15778,49
15717,49
15363,49
15255,49
15144,53
2291,49
13039,61
186,49
12937,49
12529,49
11619,49
11378,49
11243,49
11136,49
10971,49
10961,49
10559,49
10458,49
10071,49
10042,49
9918,49
9891,49
9833,49
9454,49
9033,49
8717,49
8514,49
8198,61
21051,49
7895,49
20531,53
7678,49
13753,49
7045,49
6818,49
6725,49
6697,49
6562,49
12959,49
6497,49
6368,49
5675,49
18462,59
5609,49
11997,49
11751,49
11707,49
5082,49
4812,49
4605,49
4586,49
4161,49
3100,49
3067,58
15920,49
9434,49
9392,49
2946,49
2945,49
2769,49
2528,49
8909,49
12083,49
2419,49
5608,49
2246,49
10066,49
5001,49
3384,49
4934,53
17787,49
1678,49
12883,49
9538,49
1425,49
7796,49
9338,49
7737,49
7729,49
1228,49
7453,49
7407,49
1679,49
10435,49
5597,49
7199,49
20021,63
7168,49
741,49
7130,64
19983,49
1335,49
9345,49
820,49
1584,49
6477,49
6604,49
136,49
9738,49
7497,49
932,49
4233,62
17086,49
13060,49
840,49
21201,50
17140,50
16776,50
16750,50
16098,50
16077,50
14885,50
12224,50
11826,50
11173,50
10717,50
9787,50
9207,50
14988,50
14923,50
8176,50
14293,61
1440,50
7552,50
11811,50
9349,50
12415,50
15584,50
8850,50
11893,50
15017,50
3225,50
1537,50
7577,50
15394,50
5543,51
18396,50
3511,50
6486,50
8086,50
9305,50
21295,51
21233,51
21178,51
20976,51
20770,51
20657,51
20567,51
20507,51
20432,51
19862,51
19639,51
19459,51
19440,51
17811,51
17685,51
17607,51
16806,51
16441,51
16348,51
15130,51
13552,58
699,51
12705,51
12659,51
12613,51
12516,51
11993,51
11696,51
11684,51
11529,51
11429,51
11407,51
11028,51
10966,51
10964,51
10884,51
10839,51
10561,51
9807,51
9611,51
9566,51
9425,51
9312,51
8742,51
8300,51
14630,51
7820,61
20673,51
14103,51
7516,51
7410,51
7330,51
7302,51
7191,51
6500,51
24,51
6309,51
5991,51
12294,51
5669,51
5629,51
18455,56
5602,51
5555,51
18180,53
5327,51
5084,51
11046,51
4378,51
4358,51
4157,51
10534,51
10524,51
734,51
6242,51
2761,51
15477,51
5758,51
2539,51
5679,51
15152,51
2249,51
2188,51
14995,51
10046,51
2016,51
5018,51
138,51
1655,51
4775,51
7887,51
7802,61
20655,51
1366,51
17216,59
4363,51
1117,51
14744,51
7521,61
20374,51
1877,51
2613,51
8915,51
13715,51
848,51
781,51
1752,51
5725,51
5317,51
1311,51
3708,64
16561,51
2110,59
14963,51
98,51
8879,51
7193,51
6298,51
8296,51
7432,51
5354,51
4954,51
2519,51
1633,51
19912,52
19692,52
18932,52
17749,52
17095,52
17011,52
16991,52
15912,52
12717,52
12313,52
12276,52
11550,52
11451,52
11405,52
11104,52
10057,52
9929,52
9031,52
8688,61
21541,52
7928,52
7386,52
12608,52
11665,52
5081,52
4733,52
10860,52
17239,59
4386,52
10509,52
10446,52
7087,52
3843,52
13011,52
6276,52
12315,52
9030,52
8998,52
15038,52
8415,52
8331,52
14558,52
11070,52
15596,52
984,52
543,52
6101,52
8467,52
3181,52
11156,52
2696,52
2039,52
834,52
2884,52
21405,53
21272,53
21265,53
21232,53
21209,53
21205,53
21189,53
21148,53
21017,53
20943,53
20930,53
20920,53
20888,53
20812,53
20800,53
20768,53
20652,53
20566,53
20564,53
20468,53
20407,53
20388,53
20278,53
20255,53
19803,53
19171,53
18953,53
18283,53
17802,53
16921,53
16818,53
16816,53
16715,53
16708,53
16705,53
16687,53
16672,53
16668,53
16633,53
16461,53
16448,53
16388,53
16377,53
16297,53
16015,53
16013,53
15757,53
15732,53
15559,53
15476,53
2118,63
14971,53
13031,53
12631,53
12207,53
12042,53
12022,53
11879,53
11629,53
11564,53
11500,53
11443,53
10917,53
10478,53
10431,53
10225,53
10119,53
10037,53
9995,53
9572,53
9558,53
9427,53
9263,53
9238,53
9111,53
15495,53
15109,53
15027,53
8602,61
21455,53
8254,53
14389,62
1536,53
1471,54
14324,53
7894,60
20747,53
7880,53
14285,53
7512,61
20365,53
7476,53
13854,53
722,53
13122,53
12904,53
6317,62
19170,53
6088,53
5969,53
5922,53
5868,62
18721,53
5658,53
5492,53
5389,56
18242,53
5367,53
5308,53
18150,61
5297,53
11478,53
4814,53
4807,62
17660,53
4792,53
10972,53
10891,53
3989,53
7157,53
3922,53
698,53
3533,58
16386,53
6185,53
9366,53
9260,53
15669,53
5994,53
12352,53
15446,57
2593,53
5731,53
18530,59
5677,53
2409,53
8731,53
5494,53
5456,61
18309,53
5415,53
11666,53
6669,53
1803,53
6523,53
1610,53
4805,53
9270,53
4419,53
8318,53
8292,53
1063,53
3446,61
16299,53
4194,53
17042,56
4189,53
8986,53
7287,56
20140,53
12014,53
783,53
1492,53
12704,53
19387,61
6534,53
528,53
9311,53
846,53
12869,53
6799,53
773,53
5911,53
11499,53
4273,53
5209,62
18062,53
10023,53
15359,53
483,53
14517,53
5650,53
7096,53
1642,53
1283,53
1525,53
6147,53
9868,54
9266,54
8930,54
8491,54
7851,54
7702,54
7167,54
6917,54
6773,54
6741,54
6739,54
165,54
12924,61
71,54
6460,54
6324,54
6305,54
6205,54
5663,54
5086,54
5085,54
4560,54
4253,54
4241,54
4025,54
3875,54
7076,54
3774,54
517,54
6777,54
9901,54
6474,54
6295,54
2584,54
5707,54
2396,54
2385,54
2346,54
3764,54
531,54
3651,54
2049,54
1824,54
4990,54
1767,54
1708,54
6457,54
1586,54
7990,54
1546,54
6280,54
7850,54
7835,54
7782,54
1298,54
2809,54
4412,54
1170,54
5960,54
6685,54
1066,54
1783,54
4177,54
2494,54
866,54
1545,54
3905,54
1483,54
536,54
1326,54
7346,54
461,54
776,54
6776,54
11994,54
2332,54
2608,54
4210,54
163,54
1763,54
6154,54
548,54
2154,54
7766,54
1322,54
108,54
1496,54
1090,54
7761,54
1239,54
521,54
5528,54
1277,54
21253,55
19830,55
19826,55
18730,55
18342,55
17853,55
17847,55
17782,55
17738,55
17706,55
16695,55
16663,55
16463,55
15785,55
15037,55
12974,55
12956,55
12702,55
12625,55
12460,55
12205,55
12094,55
12028,55
11981,55
11841,55
11396,55
10992,55
10219,55
9925,55
8977,55
7475,63
20328,55
7464,55
7247,55
7225,55
725,55
6970,59
19823,55
6888,55
6315,55
12688,55
12221,55
12159,55
12093,55
5533,55
5520,55
11598,55
11539,55
11515,55
11464,55
10541,55
7161,55
498,55
3612,58
16465,55
3367,55
9608,55
12716,55
2867,55
9059,55
18539,63
5686,55
11829,55
6855,55
1847,55
3400,55
1798,55
12727,55
7848,55
1074,55
9081,55
13037,55
1497,55
735,55
447,55
1740,55
11657,55
6886,55
21532,56
20095,56
19625,56
19478,56
19081,56
19077,56
18495,56
18487,56
18458,56
18454,56
18433,56
18425,56
18366,56
18009,56
17442,56
17431,56
17400,56
17169,56
16990,56
16967,56
16940,56
16854,56
16767,56
16740,56
16415,56
16310,56
16282,56
16264,56
16164,56
16142,56
16125,56
15352,61
2499,56
14783,56
13471,56
12814,56
12813,56
12706,56
12466,56
11765,56
11379,56
11261,56
10845,56
10827,56
10757,56
10756,56
10746,56
10737,56
10708,56
10703,56
10632,56
10604,56
10385,56
9700,56
9433,56
9133,56
9107,56
8757,56
8726,56
8706,56
8666,61
21519,56
8363,56
8347,56
8314,56
7767,56
7584,56
7583,56
7015,56
6976,56
444,56
13282,56
13238,56
13007,56
100,56
6353,56
12758,56
12435,56
5849,56
5839,56
12080,56
5485,56
11831,56
5388,56
5260,56
5238,56
5235,56
5207,56
11546,56
11197,56
4741,56
11059,56
10873,56
10754,56
4192,56
4084,56
4080,56
4074,56
3930,56
16783,56
10285,56
6995,56
6965,56
13172,56
330,56
246,56
220,56
198,56
6619,56
3371,56
3105,56
3073,56
2994,56
2993,56
2990,56
2858,56
12407,56
2765,56
9012,56
2555,56
11961,56
11894,56
5245,56
14867,56
1933,56
1912,56
8190,56
14573,56
9706,56
4771,56
17494,58
4641,56
4637,56
1308,56
6000,56
7591,56
9165,56
1147,56
7555,56
10724,56
5052,56
4255,56
1036,56
1023,56
5783,56
5782,56
974,56
1681,56
870,56
4811,56
4695,56
3898,56
7099,56
11773,56
895,56
3688,56
3661,56
2843,56
3990,61
16843,56
1498,56
6816,56
4993,56
8211,56
1158,56
9769,56
9760,56
6492,56
3273,61
16126,56
4097,61
16950,56
13274,56
450,56
10314,56
940,56
9761,56
839,56
10553,56
929,56
2529,56
1068,56
4290,56
5687,60
18540,56
18924,57
18557,57
18222,57
18014,57
17707,57
17568,57
17499,57
17301,57
11638,57
11627,57
11459,57
11372,57
11265,57
10959,57
10619,57
10584,57
9953,57
9559,57
9509,57
9450,57
9203,57
8978,57
15171,57
7570,57
791,57
7071,57
13095,61
242,57
249,57
6576,57
42,57
6346,61
19199,57
6128,57
5598,57
5382,57
5192,57
5191,57
5139,57
5002,57
17258,58
4405,57
10760,57
10613,57
4173,57
10586,57
10505,57
10449,57
10403,57
13462,57
3838,57
10122,57
13271,57
6757,57
8961,57
12152,57
15095,57
11843,57
562,57
2010,57
5168,57
8103,57
6407,57
7873,57
1312,57
10748,57
6677,57
5880,57
10506,57
14476,62
1623,57
704,57
3748,57
15550,57
7304,57
7311,57
842,57
9365,57
20262,58
18374,58
17523,58
17248,58
17089,58
16285,58
16251,58
16188,58
16177,58
16133,58
15510,58
12785,58
12413,58
11900,58
11794,58
11284,58
11211,58
10796,58
10755,58
10710,58
10416,58
10356,58
10318,58
9745,58
9299,58
9217,58
8629,58
8246,58
7100,58
6981,58
13280,58
6483,58
12648,58
12523,58
5909,58
5905,58
5819,58
5603,60
18456,58
11832,58
5394,58
11798,58
5360,58
5269,58
11256,58
11228,58
4795,58
4768,58
4096,58
7031,58
7020,58
9974,58
12846,58
5945,58
2635,58
15409,58
8760,58
8728,58
8678,58
11864,58
2228,58
4809,58
6369,58
11193,58
15854,64
3001,58
4431,58
17284,58
9218,58
7609,58
3482,58
15523,58
9880,58
982,58
2565,58
13739,58
10321,58
2952,58
1971,58
9781,58
12907,58
939,58
5223,58
21567,59
21321,59
20834,59
20264,59
18849,59
18527,59
18389,59
18321,59
17864,59
17277,59
17123,59
16667,59
16607,59
16318,59
15484,59
14928,59
14844,59
12725,59
12400,59
11789,59
11234,59
10704,59
10100,59
10062,59
9940,59
9812,59
9201,59
9155,59
15417,59
7427,59
800,59
7221,59
7177,59
6929,59
13287,59
377,59
6764,59
75,59
6267,59
12605,59
6137,59
12534,59
6083,59
12464,59
5985,59
5792,59
5611,61
18464,59
18352,61
5499,59
5363,59
5328,59
5190,59
4465,61
17318,59
4349,59
4215,59
13115,59
22,62
12875,59
3211,59
6413,59
2995,59
15253,59
8747,59
5511,59
10200,59
3704,59
3509,59
1682,59
6502,59
12841,59
3207,59
11230,59
7901,59
17282,61
4429,59
9210,59
7569,59
11544,59
3460,59
1040,59
10633,59
7424,59
4069,61
16922,59
857,59
793,59
9563,59
6546,59
504,59
1184,59
284,59
3317,64
16170,59
11497,59
3122,59
11752,59
7222,59
816,59
16679,60
16393,60
16300,60
15934,60
15708,60
15707,60
15283,60
14586,60
12227,60
12185,60
12067,60
12001,60
11930,60
11908,60
11572,60
11571,60
11098,60
11057,60
10439,60
10402,60
10240,60
10162,60
10092,60
9936,60
9902,60
9878,60
9827,60
9580,60
9577,60
9547,60
9503,60
9335,60
9313,60
9306,60
15496,60
9044,60
8968,60
8928,60
8898,60
8788,60
8785,60
8736,60
15032,60
8556,60
8378,60
8028,60
7955,60
7746,60
7707,60
7694,60
7474,60
7385,60
7297,60
7275,60
7250,60
7146,60
7132,60
6861,60
6761,60
6730,60
6509,60
6252,60
6235,60
6043,60
5604,60
5346,60
11756,60
11628,60
4991,60
11154,60
4399,60
4389,60
4344,60
4240,60
4193,60
10484,60
10242,60
3787,60
10061,60
6683,60
13059,60
9613,60
9578,60
9477,60
9354,60
2928,60
9255,60
9240,60
5914,60
9116,60
5721,60
12128,60
15208,60
2348,60
8768,60
15082,60
5414,60
10186,60
3750,60
14934,60
420,60
6825,60
13204,60
11433,60
5012,60
85,60
4801,60
8007,60
9587,60
7956,60
7861,60
9422,60
1378,60
9385,60
4523,60
4454,60
4446,60
4384,60
4285,60
1820,60
10610,60
7278,60
828,60
9530,60
6155,60
7776,60
10109,60
7267,60
13223,60
4387,60
9993,60
9992,60
6705,60
9369,60
5720,60
7320,60
12897,60
6875,60
6568,60
7286,60
8912,60
6514,60
8426,60
7622,60
21391,61
21358,61
21131,61
21076,61
21023,61
20829,61
20787,61
20186,61
19658,61
19557,61
19546,61
19471,61
19433,61
19223,61
19191,61
18782,61
18744,61
18700,61
18674,61
18519,61
18472,61
18459,61
18421,61
18357,61
18302,61
18236,61
18095,61
17780,61
17686,61
17449,61
17410,61
17406,61
17364,61
17352,61
17279,61
17274,61
17269,61
17245,61
17201,61
17103,61
17074,61
17007,61
16957,61
16935,61
16932,61
16903,61
16794,61
16788,61
16777,61
16774,61
16636,61
16581,61
16257,61
16256,61
16214,61
16139,61
16103,61
15872,61
15840,61
15551,61
15543,61
14904,61
14199,61
12836,61
12799,61
12604,61
12564,61
12409,61
12404,61
12399,61
11860,61
11833,61
11801,61
11723,61
11706,61
11617,61
11447,61
11390,61
11352,61
11330,61
11279,61
11260,61
11249,61
11191,61
11183,61
11175,61
11102,61
11071,61
10905,61
10876,61
10695,61
10642,61
10332,61
10302,61
10255,61
10080,61
9923,61
9906,61
9892,61
9847,61
9742,61
9704,61
9681,61
9657,61
9603,61
9432,61
9147,61
9110,61
9076,61
9064,61
15389,61
8705,61
8699,61
8663,61
8662,61
8628,61
8599,61
8592,61
14912,61
14826,61
8309,61
8151,61
8141,61
8106,61
20959,61
7907,61
7669,61
7477,61
7391,61
7337,61
7314,61
7240,61
7135,61
12806,61
12602,61
12503,61
6058,61
12472,61
5973,61
12355,61
12340,61
5908,61
5895,61
5887,61
5858,61
5808,61
5724,61
18577,61
5690,61
5288,61
11661,61
5201,61
5160,61
11498,61
5057,61
4941,61
11315,61
11198,61
4708,61
4513,61
10902,61
10779,61
4170,61
17023,61
4146,61
4066,61
4048,61
3892,61
16745,61
10264,61
10209,61
6788,61
3534,61
9954,61
3520,61
3157,61
3149,61
3104,61
3010,61
12623,61
12609,61
6180,63
19033,61
9398,61
9348,61
6090,61
9184,61
9182,61
9015,61
5796,61
8982,61
12179,61
15386,61
5643,61
8861,61
8765,61
8692,61
8667,61
5408,61
5371,61
14907,63
2054,61
2025,61
5132,61
1929,61
5115,61
17968,61
259,61
1848,61
1839,61
9734,61
8109,61
3275,61
49,61
9628,61
11225,61
1579,61
4648,61
4632,61
1409,61
3003,61
1406,61
2917,61
1272,61
1156,61
1148,61
10749,61
15556,61
1085,61
1871,61
13908,61
1019,61
176,61
991,61
11397,61
908,61
8102,61
2390,61
757,61
718,61
8725,61
7771,61
20624,61
6926,61
925,61
3711,61
14951,61
10808,61
3563,61
345,61
10355,61
3472,61
6471,61
3253,61
1656,61
1022,61
1963,61
2942,61
123,61
903,61
8117,61
14941,61
8098,61
1680,61
875,61
1675,61
474,61
894,61
6941,61
9554,61
8063,61
1631,61
4071,61
1715,61
1718,61
1356,61
8080,61
9543,61
19492,63
6639,61
13247,61
10311,61
20031,62
19325,62
18952,62
18549,62
18465,62
18228,62
16688,62
16289,62
16095,62
15831,62
15767,62
14903,62
13190,62
12861,62
12223,62
12215,62
11945,62
11639,62
11285,62
9668,62
9479,62
9314,62
9197,62
15563,62
15528,62
8209,62
8089,62
8021,62
7023,62
6445,62
12857,62
12024,62
11523,62
4622,62
4603,62
4507,62
4425,62
10590,62
4081,62
736,62
7119,62
7024,62
6993,62
12910,62
6054,62
9204,62
5734,62
486,62
3645,62
5092,62
14499,62
9604,62
2881,62
1077,62
4051,62
6944,62
369,62
1966,62
50,62
14805,62
15416,62
15368,62
13694,62
21571,63
21319,63
20352,63
19984,63
17416,63
17384,63
17275,63
17151,63
16963,63
16893,63
16851,63
16100,63
15565,63
13245,63
12810,63
12743,63
12689,63
11514,63
11508,63
11276,63
10794,63
10230,63
9445,63
8781,63
8656,63
8585,63
8308,63
8091,63
7810,63
13103,63
29,63
6225,63
12546,63
5827,63
5392,63
4785,63
4204,63
4091,63
4036,63
10347,63
302,63
9615,63
12752,63
2902,63
2746,63
8849,63
8696,63
8661,63
11830,63
2168,63
5203,63
1723,63
3216,63
14440,63
4306,63
2699,63
14719,63
4052,63
9582,63
6951,63
11599,63
1842,63
9025,63
4127,63
1739,63
2013,63
21404,64
20653,64
19065,64
18676,64
18463,64
18281,64
18277,64
18099,64
17927,64
17776,64
17758,64
17421,64
17067,64
16359,64
15973,64
15929,64
15914,64
15913,64
15859,64
15858,64
15855,64
15643,64
15303,64
12818,64
12778,64
12748,64
12338,64
12278,64
11587,64
11574,64
11558,64
11519,64
11437,64
11327,64
11273,64
11270,64
11064,64
10537,64
10306,64
10299,64
9290,64
8050,64
7496,64
6264,64
6060,64
5655,64
5278,64
11065,64
11043,64
10678,64
3720,64
10090,64
9975,64
6623,64
46,64
3016,64
12594,64
15675,64
5972,64
12375,64
8991,64
10191,64
3609,64
8416,64
1845,64
1815,64
7962,64
7877,64
1407,64
1361,64
8088,64
7154,64
1350,64
3723,64
104,64
9550,64
12332,64
9088,64
1785,64
3339,64
105,64
3340,64
8160,64
10563,64
8554,64
3315,64
