21576,0
21574,0
21571,0
21568,0
21567,0
21565,0
21562,0
21556,0
21550,0
21532,0
21517,0
21512,0
21503,0
21502,0
21501,0
21473,0
21469,0
21462,0
21454,0
21423,0
21419,0
21404,0
21401,0
21391,0
21387,0
21382,0
21369,0
21358,0
21339,0
21321,0
21319,0
21303,0
21297,0
21293,0
21292,0
21267,0
21253,0
21210,0
21201,0
21177,0
21143,0
21138,0
21133,0
21131,0
21130,0
21096,0
21076,0
21060,0
21023,0
21019,0
21018,0
21007,0
21000,0
20989,0
20936,0
20925,0
20919,0
20907,0
20905,0
20902,0
20887,0
20878,0
20835,0
20834,0
20829,0
20824,0
20778,0
20773,0
20769,0
20757,0
20753,0
20734,0
20721,0
20710,0
20709,0
20699,0
20682,0
20653,0
20641,0
20632,0
20584,0
20552,0
20469,0
20467,0
20465,0
20439,0
20420,0
20409,0
20406,0
20396,0
20389,0
20379,0
20377,0
20352,0
20270,0
20267,0
20262,0
20230,0
20186,0
20159,0
20142,0
20137,0
20095,0
20090,0
20089,0
20080,0
20058,0
20048,0
20039,0
20035,0
20034,0
20031,0
20025,0
20013,0
20012,0
20005,0
19998,0
19993,0
19984,0
19975,0
19912,0
19890,0
19844,0
19837,0
19832,0
19830,0
19807,0
19802,0
19786,0
19769,0
19763,0
19762,0
19758,0
19732,0
19731,0
19711,0
19692,0
19679,0
19658,0
19653,0
19645,0
19635,0
19559,0
19557,0
19556,0
19551,0
19546,0
19529,0
19509,0
19505,0
19499,0
19480,0
19478,0
19471,0
19470,0
19464,0
19453,0
19433,0
19432,0
19420,0
19419,0
19418,0
19371,0
19325,0
19293,0
19262,0
19256,0
19223,0
19191,0
19181,0
19167,0
19122,0
19092,0
19083,0
19069,0
19065,0
19062,0
19050,0
19017,0
19006,0
18995,0
18994,0
18992,0
18963,0
18962,0
18952,0
18932,0
18930,0
18924,0
18922,0
18917,0
18902,0
18898,0
18872,0
18865,0
18861,0
18860,0
18852,0
18842,0
18840,0
18835,0
18795,0
18782,0
18774,0
18773,0
18768,0
18749,0
18746,0
18744,0
18738,0
18736,0
18700,0
18698,0
18689,0
18682,0
18676,0
18674,0
18667,0
18665,0
18638,0
18621,0
18616,0
18600,0
18567,0
18557,0
18549,0
18527,0
18519,0
18504,0
18495,0
18493,0
18490,0
18488,0
18479,0
18472,0
18467,0
18466,0
18465,0
18463,0
18459,0
18443,0
18433,0
18430,0
18425,0
18423,0
18421,0
18402,0
18392,0
18389,0
18387,0
18372,0
18371,0
18367,0
18362,0
18357,0
18356,0
18351,0
18339,0
18332,0
18321,0
18313,0
18302,0
18281,0
18280,0
18277,0
18271,0
18257,0
18254,0
18239,0
18236,0
18231,0
18228,0
18225,0
18222,0
18217,0
18186,0
18160,0
18135,0
18104,0
18101,0
18099,0
18095,0
18085,0
18080,0
18071,0
18066,0
18061,0
18050,0
18040,0
18038,0
18037,0
18034,0
18017,0
18014,0
18009,0
17986,0
17963,0
17960,0
17952,0
17916,0
17915,0
17899,0
17894,0
17892,0
17880,0
17878,0
17877,0
17876,0
17875,0
17872,0
17870,0
17867,0
17864,0
17863,0
17860,0
17857,0
17849,0
17847,0
17839,0
17822,0
17813,0
17812,0
17782,0
17780,0
17776,0
17770,0
17766,0
17760,0
17759,0
17758,0
17752,0
17748,0
17738,0
17731,0
17728,0
17719,0
17710,0
17707,0
17706,0
17686,0
17666,0
17643,0
17619,0
17589,0
17579,0
17574,0
17573,0
17568,0
17563,0
17562,0
17529,0
17523,0
17511,0
17499,0
17479,0
17473,0
17472,0
17455,0
17452,0
17449,0
17433,0
17431,0
17423,0
17422,0
17421,0
17417,0
17416,0
17412,0
17411,0
17406,0
17403,0
17399,0
17384,0
17365,0
17364,0
17361,0
17359,0
17352,0
17349,0
17343,0
17342,0
17340,0
17338,0
17335,0
17333,0
17316,0
17315,0
17314,0
17302,0
17301,0
17298,0
17285,0
17279,0
17275,0
17274,0
17269,0
17256,0
17247,0
17245,0
17236,0
17221,0
17212,0
17201,0
17188,0
17187,0
17177,0
17174,0
17173,0
17169,0
17168,0
17164,0
17152,0
17151,0
17149,0
17148,0
17142,0
17140,0
17137,0
17134,0
17128,0
17127,0
17125,0
17117,0
17103,0
17097,0
17095,0
17089,0
17083,0
17077,0
17075,0
17074,0
17060,0
17059,0
17053,0
17048,0
17039,0
17038,0
17036,0
17011,0
17007,0
17003,0
17001,0
17000,0
16993,0
16991,0
16989,0
16987,0
16981,0
16979,0
16969,0
16967,0
16963,0
16962,0
16961,0
16957,0
16955,0
16946,0
16935,0
16932,0
16929,0
16926,0
16903,0
16897,0
16893,0
16875,0
16871,0
16856,0
16851,0
16796,0
16794,0
16788,0
16777,0
16776,0
16774,0
16772,0
16750,0
16749,0
16740,0
16734,0
16714,0
16708,0
16695,0
16688,0
16680,0
16676,0
16667,0
16663,0
16658,0
16656,0
16652,0
16651,0
16622,0
16607,0
16589,0
16581,0
16577,0
16538,0
16510,0
16499,0
16495,0
16488,0
16463,0
16459,0
16434,0
16429,0
16419,0
16399,0
16369,0
16359,0
16357,0
16354,0
16332,0
16331,0
16318,0
16310,0
16304,0
16300,0
16289,0
16285,0
16279,0
16274,0
16257,0
16256,0
16251,0
16241,0
16232,0
16216,0
16214,0
16212,0
16210,0
16196,0
16194,0
16188,0
16179,0
16177,0
16171,0
16163,0
16150,0
16149,0
16146,0
16145,0
16139,0
16136,0
16133,0
16123,0
16120,0
16115,0
16110,0
16103,0
16098,0
16097,0
16095,0
16093,0
16091,0
16088,0
16086,0
16077,0
16074,0
16041,0
15996,0
15993,0
15989,0
15988,0
15987,0
15973,0
15967,0
15961,0
15950,0
15932,0
15929,0
15914,0
15913,0
15908,0
15872,0
15859,0
15858,0
15855,0
15831,0
15810,0
15793,0
15785,0
15767,0
15742,0
15736,0
15713,0
2850,6
15703,0
15672,8
2819,0
15666,0
2813,0
15643,0
15636,0
2783,0
15620,0
2767,0
15616,0
2763,0
15597,13
2744,0
15595,0
2742,0
15580,0
15578,0
2725,0
2722,5
15575,0
2720,13
15573,0
15569,0
15565,0
15543,0
2687,6
15540,0
2674,4
15527,0
15510,0
15504,0
2650,8
15503,0
15484,0
2630,13
15483,0
15481,0
15478,0
15471,0
2611,13
15464,0
15459,6
2606,0
15457,13
2604,0
15447,0
2594,0
15430,17
2577,0
2562,4
15415,0
15406,5
2553,0
15363,0
2504,5
15357,0
15352,0
2499,0
15345,0
2492,0
15306,0
15303,0
15264,0
2411,0
15255,0
2393,3
15246,0
15237,0
15234,0
15230,0
15226,0
2366,3
15219,0
15204,0
2347,13
15200,0
15197,13
2344,0
15194,0
15156,0
2303,0
15122,14
2269,0
15103,0
15096,0
15060,0
15052,0
15037,0
15012,13
2159,0
14987,0
14981,4
2128,0
14971,4
2118,0
14969,5
2116,0
14959,0
14928,0
14926,0
2073,0
14904,0
14903,0
2033,7
14886,0
14885,0
2029,12
14882,0
2024,14
14877,0
2020,4
14873,0
14865,0
2012,0
14844,0
14839,0
1965,17
14818,0
14783,0
14757,0
14736,0
1759,7
14612,0
1751,1
14604,0
1734,3
14587,0
14563,0
14549,13
1696,0
14545,13
1692,0
14544,0
14539,0
1686,0
1684,8
14537,0
14310,9
1457,0
14263,0
14199,0
14069,5
1216,0
13958,0
1105,0
13900,5
1047,0
13790,0
937,0
904,15
13757,0
13721,0
868,0
13711,0
13702,0
849,0
13649,0
706,15
13559,0
699,6
13552,0
13507,0
13471,0
13458,0
13321,0
13288,0
435,0
13279,0
422,3
13275,0
13263,0
410,0
13256,0
13255,0
402,0
13245,0
13242,0
389,0
13224,13
371,0
13201,0
13190,0
13175,14
322,0
13170,0
317,0
13163,0
13139,0
271,17
13124,0
13119,0
13096,0
13085,8
232,0
13077,0
13070,0
13064,16
211,0
13046,0
186,15
13039,0
13023,0
13021,0
168,0
13003,0
139,13
12992,0
12963,0
110,0
12956,0
12933,19
80,0
12905,0
12893,1
40,0
12885,0
12861,0
12842,0
12836,0
12830,0
12829,0
12827,0
12818,0
12815,0
12810,0
12799,0
12791,0
12788,0
12785,0
12778,0
12775,0
12772,0
12763,0
12760,0
12759,0
12755,0
12754,0
12751,0
12748,0
12728,0
12707,0
12706,0
12691,0
12690,0
12689,0
12687,0
12683,0
12672,0
12670,0
12668,0
12660,0
12657,0
12651,0
12647,0
12633,0
12627,0
12625,0
12621,0
12611,0
12604,0
12592,0
12579,0
12574,0
12564,0
12563,0
12557,0
12538,0
12502,0
12492,0
12490,0
12489,0
12487,0
12483,0
12473,0
12466,0
12465,0
12461,0
12460,0
12457,0
12449,0
12443,0
12442,0
12432,0
12423,0
12413,0
12409,0
12404,0
12399,0
12374,0
12345,0
12344,0
12338,0
12336,0
12318,0
12317,0
12313,0
12302,0
12286,0
12281,0
12278,0
12276,0
12274,0
12259,0
12250,0
12249,0
12246,0
12235,0
12224,0
12223,0
12222,0
12215,0
12202,0
12197,0
12195,0
12191,0
12156,0
12147,0
12135,0
12125,0
12117,0
12112,0
12106,0
12102,0
12094,0
12073,0
12054,0
12049,0
12046,0
12040,0
12028,0
12027,0
12011,0
12010,0
11989,0
11981,0
11970,0
11960,0
11957,0
11945,0
11940,0
11935,0
11934,0
11909,0
11907,0
11900,0
11888,0
11867,0
11866,0
11854,0
11848,0
11833,0
11826,0
11822,0
11812,0
11808,0
11795,0
11794,0
11793,0
11791,0
11789,0
11768,0
11765,0
11746,0
11728,0
11723,0
11722,0
11706,0
11663,0
11638,0
11627,0
11625,0
11623,0
11617,0
11602,0
11587,0
11580,0
11579,0
11574,0
11563,0
11559,0
11558,0
11551,0
11545,0
11541,0
11527,0
11522,0
11519,0
11514,0
11508,0
11487,0
11466,0
11460,0
11459,0
11451,0
11447,0
11446,0
11444,0
11440,0
11437,0
11435,0
11430,0
11425,0
11406,0
11405,0
11403,0
11390,0
11387,0
11372,0
11371,0
11369,0
11357,0
11352,0
11348,0
11330,0
11327,0
11299,0
11297,0
11291,0
11287,0
11285,0
11284,0
11279,0
11278,0
11273,0
11270,0
11265,0
11260,0
11257,0
11255,0
11252,0
11251,0
11249,0
11243,0
11234,0
11211,0
11210,0
11191,0
11185,0
11183,0
11181,0
11179,0
11175,0
11174,0
11173,0
11149,0
11144,0
11137,0
11123,0
11103,0
11102,0
11101,0
11093,0
11088,0
11076,0
11071,0
11064,0
11063,0
11056,0
11048,0
11039,0
10998,0
10992,0
10989,0
10959,0
10947,0
10941,0
10913,0
10905,0
10904,0
10903,0
10901,0
10899,0
10892,0
10887,0
10876,0
10864,0
10849,0
10847,0
10845,0
10834,0
10827,0
10817,0
10816,0
10811,0
10796,0
10794,0
10788,0
10773,0
10755,0
10750,0
10743,0
10742,0
10738,0
10729,0
10721,0
10717,0
10715,0
10714,0
10710,0
10708,0
10704,0
10703,0
10702,0
10695,0
10693,0
10665,0
10642,0
10634,0
10632,0
10623,0
10619,0
10618,0
10608,0
10606,0
10584,0
10559,0
10555,0
10551,0
10545,0
10537,0
10530,0
10498,0
10470,0
10467,0
10455,0
10445,0
10429,0
10423,0
10416,0
10388,0
10371,0
10361,0
10359,0
10356,0
10348,0
10342,0
10334,0
10332,0
10328,0
10322,0
10318,0
10310,0
10306,0
10302,0
10299,0
10292,0
10289,0
10272,0
10265,0
10258,0
10255,0
10245,0
10237,0
10230,0
10114,0
10110,0
10107,0
10100,0
10098,0
10096,0
10086,0
10080,0
10062,0
10049,0
10048,0
10042,0
10038,0
10002,0
9988,0
9982,0
9976,0
9971,0
9953,0
9943,0
9940,0
9933,0
9927,0
9925,0
9923,0
9915,0
9906,0
9905,0
9892,0
9872,0
9866,0
9858,0
9853,0
9847,0
9844,0
9822,0
9814,0
9809,0
9797,0
9795,0
9787,0
9779,0
9771,0
9764,0
9755,0
9752,0
9746,0
9745,0
9733,0
9728,0
9720,0
9712,0
9707,0
9704,0
9689,0
9681,0
9668,0
9661,0
9657,0
9654,0
9642,0
9641,0
9618,0
9607,0
9603,0
9561,0
9559,0
9557,0
9544,0
9535,0
9527,0
9509,0
9505,0
9479,0
9473,0
9450,0
9445,0
9432,0
9423,0
9413,0
9410,0
9408,0
9393,0
9356,0
9352,0
9330,0
9326,0
9324,0
9315,0
9314,0
9299,0
9290,0
9285,0
15694,0
9265,0
15674,0
9253,0
9252,0
15656,0
2803,0
2800,3
15653,0
9232,0
9217,0
9207,0
9205,0
2771,13
15624,0
9203,0
9201,0
9197,0
9161,0
15581,0
2728,0
9156,0
9155,0
15568,0
9147,0
15563,0
9142,0
9134,0
9133,0
15548,16
2695,0
15545,0
9124,0
9110,0
9107,0
9104,0
9100,0
9090,0
9076,0
9075,0
9065,0
15485,0
9064,0
9053,0
9048,0
15468,0
9047,0
9045,0
15454,0
15424,0
15417,0
15413,0
2560,0
8978,0
8977,0
15389,0
8962,0
8948,0
2513,11
15366,0
15365,17
2512,0
8944,0
8932,0
2496,4
15349,0
2484,1
15337,0
8914,0
15329,0
2476,0
15327,2
2474,0
8906,0
15314,0
2458,7
15311,0
15294,0
8873,0
8863,0
8857,0
2421,16
15274,0
8853,0
8845,0
8836,0
8835,0
2391,13
15244,0
8823,0
2370,3
15223,0
8802,0
15220,0
2353,10
15206,0
8780,0
15198,0
8757,0
8755,0
15171,0
2308,13
15161,0
8732,0
15138,0
8713,0
8710,0
2275,6
15128,0
8707,0
8706,0
8705,0
8704,14
21557,0
8699,0
8688,0
21541,0
21538,15
8685,0
8684,0
15104,1
2251,0
8683,0
21536,0
8677,0
8676,0
8663,0
8662,0
8656,0
8654,0
8641,0
8638,0
21491,0
21490,1
8637,0
21489,16
8636,0
15056,1
2203,0
21488,2
8635,0
8629,0
2196,3
15049,0
8618,0
8613,0
21466,0
15031,0
8610,0
8608,0
15028,4
2175,0
21460,7
8607,0
8606,0
21455,4
8602,0
2167,7
15020,0
8599,0
21451,12
8598,0
21448,4
8595,0
15013,0
8592,0
8585,0
21431,12
8578,0
8571,0
14988,0
14984,0
21416,12
8563,0
14983,16
2130,0
14974,17
2121,0
21406,6
8553,0
8546,0
8544,0
14962,12
2109,0
8541,0
21394,0
8540,12
21393,0
14930,0
21359,12
8506,0
14923,0
2065,12
14918,0
21350,16
8497,0
21346,16
8493,0
14912,0
14911,0
8490,13
21343,0
8489,3
21342,0
14909,0
2056,0
8480,0
21333,0
2047,16
14900,0
8479,0
8478,0
21325,12
8472,0
8453,0
14872,0
14859,0
2006,0
8438,14
21291,0
8432,14
21285,0
8425,6
21278,0
8424,2
21277,0
14828,0
1975,0
21259,1
8406,0
14826,0
8405,0
21254,16
8401,0
21227,4
8374,0
14785,0
1932,0
21214,7
8361,0
8359,0
8351,0
8349,0
21202,0
8344,0
21197,0
21195,4
8342,0
8314,0
8309,0
8308,0
8276,0
21129,0
8275,1
21128,0
21112,6
8259,0
21105,16
8252,0
8246,0
8244,0
21097,0
8240,0
21093,0
8234,0
21078,14
8225,0
14642,0
1789,0
21073,8
8220,0
8217,0
8214,0
21067,0
8212,0
21065,0
8209,0
14626,14
1773,0
8199,0
21051,15
8198,0
21050,15
8197,0
8193,0
21046,0
8178,0
21031,0
8177,0
21030,0
8176,0
8167,0
8151,0
8141,0
8138,0
8134,0
20984,4
8131,0
20983,16
8130,0
8126,0
20972,12
8119,0
8108,0
8106,0
20959,0
14512,0
1659,0
8091,0
8089,0
1653,13
14506,0
20938,7
8085,0
8068,0
8056,1
20909,0
20904,1
8051,0
8050,0
8045,3
20898,0
8021,0
8016,13
20869,0
8015,0
8012,0
20865,0
14418,0
20833,12
7980,0
7979,0
7977,0
14395,0
14393,0
20825,12
7972,0
1536,4
14389,0
7968,0
20814,4
7961,0
7952,0
7942,13
20795,0
7939,0
20792,0
7937,0
20790,0
7935,0
7930,0
7928,0
7912,0
7907,0
7897,0
7896,0
14315,0
20746,6
7893,0
7891,0
20744,0
7879,0
7876,0
20728,12
7875,0
14293,0
1440,0
7847,0
7845,13
20698,0
7839,0
7831,0
7823,0
20673,16
7820,0
20671,12
7818,0
20669,7
7816,0
7814,0
20667,0
7813,8
20666,0
7809,0
20662,0
20650,4
7797,0
1359,13
14212,0
7791,0
7767,0
14178,0
7757,0
1293,4
14146,0
7715,0
7710,0
7687,0
7671,0
20523,4
7670,0
7669,0
20497,1
7644,0
7643,0
20496,0
7642,0
7639,0
7636,13
20489,0
20480,7
7627,0
7611,0
7606,17
20459,0
20457,8
7604,0
20453,1
7600,0
7596,0
20446,12
7593,0
7592,0
7583,0
7576,0
7570,0
20419,7
7566,0
7557,0
7552,0
20401,16
7548,0
7534,0
20386,5
7533,0
20384,16
7531,0
20365,16
7512,0
20363,6
7510,0
20357,4
7504,0
7496,0
20334,12
7481,0
7477,0
7475,0
20328,0
20319,7
7466,0
7452,0
20300,12
7447,0
20286,12
7433,0
7427,0
13834,0
7408,0
20261,0
7406,0
20259,0
20247,17
7394,0
7391,0
7386,0
20235,12
7382,0
7379,14
20232,0
20220,12
7367,0
7363,13
20216,0
7357,0
20210,0
7355,0
7352,0
20195,12
7342,0
7337,0
20176,6
7323,0
7322,0
7314,0
20165,12
7312,0
7253,0
7240,0
7225,0
800,0
7221,0
7220,0
7216,0
780,2
13633,0
791,0
7209,0
758,6
13611,0
7177,0
745,0
7166,0
20019,0
7148,13
20001,0
725,0
7143,0
714,0
7135,0
679,0
13532,0
7100,0
19933,7
7080,0
7071,0
7066,0
7064,0
7058,0
7047,0
7032,0
7030,0
7029,0
19882,0
19880,8
7027,0
7023,0
7014,17
19867,0
7013,0
19866,0
19865,4
7012,0
19854,10
7001,0
6981,0
6976,0
13393,0
551,14
13404,0
19823,8
6970,0
6955,17
19808,0
6929,0
6928,8
19781,0
6922,0
19775,0
6913,0
19766,0
6894,0
467,14
13320,0
6881,13
19734,0
13290,0
6869,0
13287,0
19719,14
6866,0
13286,0
13281,0
439,5
13292,0
13280,0
438,5
13291,0
13270,0
6819,0
6817,0
377,0
19651,2
6798,0
19644,10
6791,0
19642,1
6789,0
13200,0
352,0
13205,0
13191,2
338,0
349,0
6770,0
13186,0
343,0
13196,0
6764,0
331,19
13184,0
342,0
13195,0
13168,0
315,0
13159,0
311,0
6732,0
13151,0
6726,0
304,0
13157,0
6719,0
19572,0
6716,0
290,0
6707,0
19560,0
281,0
13105,0
13103,0
6682,0
13113,2
260,0
6681,2
19534,0
13095,0
242,0
249,0
13089,0
236,0
247,0
6660,0
13078,0
225,0
6647,13
19500,0
13056,0
203,0
214,8
13067,0
13053,0
6632,0
6630,0
19483,0
13043,0
201,4
13054,0
19475,4
6622,0
19448,8
6595,0
157,0
6578,0
6576,0
6561,0
6537,0
96,8
12949,0
6528,13
19381,0
6527,0
19380,0
6524,6
19377,0
6507,0
19360,0
71,13
12924,0
82,12
12935,0
12917,0
64,0
75,0
6494,0
6483,0
42,0
6463,0
29,0
6450,0
13,1
12866,0
6445,0
6441,0
19294,0
6438,0
19291,0
6437,1
19290,0
12857,0
6436,0
6434,0
12848,0
19280,14
6427,0
12806,0
6385,17
19238,0
12803,0
6382,0
12797,0
6375,0
6373,0
6368,0
6361,0
12774,0
6353,0
6350,0
6348,0
6346,0
19199,0
12761,0
6340,0
19193,0
6337,0
6335,0
19170,4
6317,0
12732,0
12714,0
12703,0
6282,0
12698,0
6277,0
12694,0
12692,0
12688,0
6267,0
12685,0
6264,0
6248,1
19101,0
6244,2
19097,0
12661,0
12655,0
6234,1
19087,0
12654,0
12648,0
12646,0
6225,0
12644,0
12641,0
6220,3
19073,0
12639,0
6218,0
12636,0
6215,0
6214,0
6208,0
6189,0
19042,0
12608,0
6184,0
19037,0
12602,0
12599,0
6178,0
6177,0
6169,0
19022,0
12559,0
6137,0
12555,0
6128,0
12546,0
6125,0
12524,0
12523,0
12515,0
6092,8
18945,0
12512,0
6091,0
18944,0
12509,0
12507,0
6086,0
6085,0
18938,0
12504,0
6083,0
12503,0
6082,0
12488,0
6067,0
18920,0
6063,0
6060,0
6058,0
12472,0
6051,6
18904,0
12469,0
12468,0
6035,4
18888,0
6034,0
12454,0
6027,0
6025,0
12441,0
6020,0
18873,0
12435,0
6014,12
18867,0
5998,0
18851,0
12398,0
18830,6
5977,0
12394,0
5973,0
18811,14
5958,0
5937,0
12355,0
5934,0
5930,4
18783,0
12340,0
12333,0
5912,16
18765,0
5909,0
5908,0
5905,0
5901,16
18754,0
12321,0
5900,0
12316,0
5895,0
5889,0
12309,0
5888,0
5887,0
5886,0
18739,0
18732,4
5879,0
5876,0
5873,0
18721,4
5868,0
5858,0
5854,0
12270,0
5849,0
5842,0
12260,0
5835,0
18688,0
5830,0
5827,0
5826,0
5819,0
5818,0
5810,0
18663,0
12229,0
5808,0
5800,0
12219,0
12213,0
5792,0
5789,0
5767,0
12171,0
5740,0
5739,9
18592,0
12159,0
5727,0
5724,0
18577,0
5719,0
12138,0
5717,0
18570,0
5713,0
18566,0
12133,0
5712,10
18565,0
12132,0
5711,9
18564,0
12131,0
12127,0
5706,0
12122,0
5701,13
18554,0
5692,0
5690,0
5684,0
12101,0
12093,0
5672,0
5667,0
18520,0
12084,0
5660,0
5659,0
5655,0
5641,0
12048,0
5617,6
18470,0
5615,0
5611,0
18464,0
5609,14
18462,0
12024,0
5603,13
18456,0
5602,6
18455,0
5598,0
12016,0
5595,6
18448,0
5592,6
18445,0
18438,15
5585,0
11997,0
5576,10
18429,0
11996,0
5567,0
18420,0
5566,10
18419,0
5565,4
18418,0
5564,0
5561,0
5559,0
5558,0
5554,0
18407,0
5546,13
18399,0
11958,0
5537,13
18390,0
5533,0
11953,0
5532,4
18385,0
5530,6
18383,0
5522,13
18375,0
11941,0
5520,0
5517,0
5508,0
11923,0
11920,0
5499,0
18352,0
11916,0
5495,4
18348,0
11913,0
5491,0
5483,4
18336,0
18334,8
5481,0
5477,0
5475,6
18328,0
5470,0
18323,0
5453,0
18300,8
5447,0
5429,0
11847,0
5423,3
18276,0
11832,0
5411,0
11831,0
5400,0
18253,0
5398,0
11817,0
5394,0
11811,0
18243,16
5390,0
5388,0
5382,0
11798,0
5363,0
5360,0
11771,0
11767,0
11763,0
18188,14
5335,0
18187,14
5334,0
11753,0
5332,0
11751,0
5330,0
5328,0
5323,0
18176,0
5309,0
5303,0
18152,16
5299,0
5297,4
18150,0
5296,13
18149,0
11714,0
5291,0
5288,0
5287,0
5286,0
5281,0
5278,0
5274,0
5273,0
5272,0
5270,0
5269,0
18109,17
5256,0
5255,0
18108,0
5253,0
11665,0
5244,0
18096,12
5243,0
11661,0
5240,17
18093,0
11658,0
5237,0
5235,0
5234,0
18079,14
5226,0
5222,0
18075,0
5220,0
5214,0
18065,16
5212,0
5210,0
5205,0
5201,0
18048,12
5195,0
5194,0
5192,0
5191,0
5190,0
5188,0
18036,14
5183,0
5177,0
11597,0
5176,9
18029,0
18028,16
5175,0
5172,0
5171,0
5167,0
5160,0
5148,0
18001,0
5141,0
5139,0
11555,0
5134,0
5128,10
17981,0
5126,3
17979,0
11546,0
17978,14
5125,0
11539,0
5118,0
5117,0
17967,6
5114,0
11523,0
5102,0
5097,14
17950,0
5095,10
17948,0
5090,1
17943,0
11507,0
11506,0
5081,0
11498,0
5072,7
17925,0
11492,0
5070,0
17923,0
5060,0
5058,13
17911,0
5057,0
5054,13
17907,0
5053,0
17906,0
11464,0
11455,0
11450,0
5021,13
17874,0
11441,0
5020,0
17873,0
5013,2
17866,0
5002,0
4987,0
4983,0
11402,0
17834,4
4981,0
4965,0
11377,0
4952,0
11362,0
4933,0
17763,8
4910,0
11324,0
4903,0
11322,0
17751,4
4898,0
11315,0
4894,0
11314,0
4893,8
17746,0
4867,0
11271,0
17703,16
4850,0
4848,0
17701,0
11256,0
4835,0
17688,0
11242,0
4821,13
17674,0
11239,0
4818,0
17671,0
11237,0
4816,0
11233,0
11228,0
17660,4
4807,0
4806,0
17659,0
17651,8
4798,0
4796,0
4795,0
4785,0
11202,0
4781,0
4779,13
17632,0
11198,0
4773,0
4768,0
4756,0
11166,0
11163,0
17595,14
4742,0
4717,0
4714,0
11134,0
4713,0
4712,0
4711,0
4708,0
17545,4
4692,0
17543,4
4690,0
4689,0
17540,14
4687,0
4679,0
4666,0
17519,0
4665,0
17518,0
4662,0
4654,0
17507,0
11065,0
4640,0
11059,0
17491,14
4638,0
4625,0
17478,0
11043,0
4621,0
4606,0
11025,0
4604,0
17457,0
4603,0
4600,0
4595,0
17448,0
4593,0
17446,0
4592,0
11007,0
4583,10
17436,0
4579,8
17432,0
4576,0
17429,0
4555,0
17408,0
4552,0
17405,0
4541,0
4536,0
17389,0
4524,0
4513,0
4507,0
4493,0
17346,0
10902,0
4481,0
17334,0
4477,8
17330,0
4476,6
17329,0
4465,0
17318,0
4458,0
17311,0
10874,0
17306,9
4453,0
10873,0
4452,13
17305,0
4451,16
17304,0
10860,0
4439,13
17292,0
4438,4
17291,0
4436,0
17289,0
4425,0
4407,0
17260,0
4405,9
17258,0
4398,13
17251,0
4397,13
17250,0
10809,0
4388,13
17241,0
4386,0
17239,0
4371,0
17224,0
10790,0
10787,0
4365,0
4364,0
10779,0
10774,0
4353,2
17206,0
4349,0
10767,0
4346,1
17199,0
4345,0
4343,8
17196,0
10760,0
4339,0
4333,0
17186,0
10744,0
4323,0
4318,16
17171,0
10734,0
4313,4
17166,0
4310,0
17163,0
4301,0
17154,0
4297,0
4286,0
4276,16
17129,0
10688,0
4267,0
10682,0
4259,0
10678,0
10674,0
4249,0
17102,0
4246,0
17099,0
4245,13
17098,0
10662,0
10661,0
4238,17
17091,0
4231,0
17084,0
17082,15
4229,0
4228,13
17081,0
4215,0
10625,0
4204,0
4199,0
17052,0
10613,0
4192,0
10596,0
4175,13
17028,0
10594,0
4173,0
4170,0
17023,0
10590,0
4167,0
10586,0
4165,0
10581,0
4160,0
4159,14
17012,0
4156,0
4153,0
4152,17
17005,0
4146,0
10566,0
16992,19
4139,0
4129,0
4122,0
16975,0
10541,0
4120,0
16973,0
4117,0
16970,0
4115,17
16968,0
4113,0
16966,0
4103,0
4096,0
10515,0
10509,0
16941,15
4088,0
10505,0
4084,0
4081,0
4080,0
4075,0
4074,0
4067,0
4066,0
16918,2
4065,0
16916,4
4063,0
4061,0
4048,0
4041,0
16888,7
4035,0
16886,2
4033,0
10449,0
4028,0
4026,0
10446,0
797,0
7218,0
20071,0
4015,1
16868,0
3999,8
16852,0
10418,0
16850,2
3997,0
7196,0
10414,0
3991,0
7192,16
20045,0
16838,13
3985,0
764,0
7185,13
20038,0
10403,0
16835,13
3982,0
3980,0
16833,0
16826,3
3973,0
7161,0
736,0
10375,0
7155,3
20008,0
7136,19
19989,0
10354,0
3930,0
16783,0
7129,0
19982,0
10347,0
7119,0
3916,0
7115,10
19968,0
3912,0
690,13
13543,0
7111,0
19964,0
3908,16
16761,0
10313,0
3892,0
16745,0
3886,0
16739,0
7087,0
3879,0
7077,13
19930,0
7075,0
10291,0
7070,0
7067,0
16717,13
3864,0
7060,13
19913,0
3853,6
16706,0
3846,0
10264,0
3843,0
13462,0
7041,0
3838,0
7031,0
3828,8
16681,0
16678,13
3825,0
7024,0
7020,0
10238,0
19864,15
7011,0
7003,5
19856,0
16653,13
3800,0
3797,8
16650,0
3796,0
16649,0
6998,0
10216,0
10214,0
3793,0
16646,0
6995,0
16645,4
3792,0
6993,0
10209,0
10208,0
6985,0
3777,9
16630,0
16628,12
3775,0
10192,0
3768,2
16621,0
559,0
10183,0
16615,7
3762,0
6961,0
16611,8
3758,0
6975,17
19828,0
3743,0
6939,0
518,0
3720,0
6920,0
19773,0
19788,12
6935,0
16570,19
3717,0
498,0
10122,0
16554,4
3701,0
6884,0
19737,0
478,0
470,0
3673,0
6872,0
6887,0
10090,0
464,0
10088,0
13271,0
6850,6
19703,0
3640,0
16493,0
13261,0
408,0
405,13
13258,0
416,0
13269,0
6837,10
19690,0
10041,0
13236,0
13251,0
409,3
13262,0
3612,0
16465,0
13244,0
6797,3
19650,0
10015,0
3594,0
3589,0
16442,0
6788,0
16432,2
3579,0
374,0
3577,0
16430,0
366,0
13188,0
13199,10
346,0
13214,7
361,0
16417,16
3564,0
6762,0
356,0
3559,0
6757,0
9975,0
3554,0
16407,0
9974,0
3553,0
16395,8
3542,0
16394,13
3541,0
6737,0
3534,0
9954,0
16386,4
3533,0
13144,0
302,0
9941,0
3520,0
13116,0
3492,0
13126,13
273,0
6694,0
9912,0
3491,0
16343,3
3490,0
3463,0
16316,0
3461,0
16314,0
6659,0
19512,0
6655,0
3452,0
246,0
3449,0
220,0
3438,0
6638,3
19491,0
6653,3
19506,0
16288,13
3435,0
3425,0
16278,0
6623,0
9841,0
3420,0
19474,2
6621,0
3415,0
191,0
6612,0
16262,13
3409,0
16252,3
3399,0
3389,0
6581,0
9799,0
3378,0
13011,0
3372,0
16225,0
3371,0
3367,0
135,8
12988,0
6556,0
19409,0
16206,4
3353,0
3352,0
12981,14
128,0
9763,0
3342,0
16195,0
124,0
3327,0
3309,0
66,4
12919,0
19351,8
6498,0
3295,0
16148,0
12910,0
68,0
3271,0
3266,0
16119,0
12900,0
47,0
58,0
12875,0
22,0
3251,0
12888,0
46,0
3249,0
12853,0
6432,9
19285,0
12846,0
6425,0
3222,0
16075,0
19267,2
6414,0
3211,0
12834,0
6413,0
16063,17
3210,0
9615,0
3194,0
16045,7
3192,0
3189,0
3187,0
3184,8
16037,0
3157,0
3155,0
3154,0
3153,0
16006,0
6352,0
3149,0
9560,0
3139,0
15984,2
3131,0
6331,0
9549,0
15981,4
3128,0
3118,0
3115,0
15968,0
9532,0
3111,0
15964,0
3110,0
15963,0
12731,0
6310,6
19163,0
3107,0
15960,0
3104,0
6301,0
3098,0
15951,0
12716,0
3092,0
3086,0
15939,0
3078,0
12697,0
6276,0
3073,0
12696,0
6275,13
19128,0
3072,0
15925,0
6274,4
19127,0
3071,0
15924,0
9488,0
15920,14
3067,0
3062,0
3056,0
15909,0
3051,0
15901,13
3048,0
3047,0
15900,0
3040,0
12663,0
15889,16
3036,0
3034,0
12652,0
15881,4
3028,0
3023,14
15876,0
3016,0
9431,0
3010,0
12632,0
3008,13
15861,0
3007,0
12623,0
6202,0
2999,0
6201,0
15851,10
2998,0
2995,0
9415,0
9414,0
2990,0
12609,0
6188,0
19041,0
2985,0
15838,0
2983,0
2982,0
6180,0
19033,0
9398,0
2973,0
2971,0
12594,0
15823,16
2970,0
15821,10
2968,0
2965,0
2959,0
2955,0
15808,0
15807,5
2954,0
2950,0
15803,0
2930,0
9349,0
9348,0
15780,13
2927,0
2926,0
6121,0
12540,0
6119,0
9336,0
2915,13
15768,0
9328,0
2907,0
2902,0
6090,0
2886,13
15739,0
6075,0
9293,0
2872,0
2867,0
9279,0
2858,0
12480,0
15698,0
9277,0
6056,0
2853,0
6054,0
15704,10
2851,0
2847,0
6042,2
18895,0
12462,0
15680,16
2827,0
9259,0
2838,0
15691,0
6030,0
6023,0
9239,0
2818,0
9220,0
2799,0
2793,0
2792,0
12415,0
2791,0
9208,0
12407,0
5986,0
9204,0
5972,0
9190,0
2757,16
15610,0
2768,0
15621,0
12389,0
2754,7
15607,0
2765,0
2764,0
15617,0
2752,4
15605,0
9184,0
12386,0
5965,0
2762,0
5964,0
9182,0
15613,4
2760,0
5955,0
12375,0
5954,0
18807,0
15593,0
9172,0
15590,4
2737,0
5949,0
2746,0
5945,0
15584,0
9163,0
15579,0
9158,0
5932,0
15560,0
9139,0
5898,4
18751,0
12315,0
2688,0
5875,0
18728,0
2672,0
9087,0
15501,0
2648,0
15494,0
2652,0
9069,0
18703,4
5850,0
2647,0
5848,0
2635,0
15453,0
9032,0
15451,0
2609,0
15462,0
12226,0
18658,11
5805,0
2602,7
15455,0
15438,0
2585,0
2596,0
9015,0
5796,0
9014,0
2593,4
15446,0
9012,0
18646,1
5793,0
2579,13
15432,0
12209,0
5788,0
15427,5
2574,0
12208,0
5787,0
2578,0
12201,0
5780,0
8998,0
8991,0
2570,0
2558,2
15411,0
15409,0
12186,0
5765,0
2551,8
15404,0
8982,0
2559,0
15400,0
12179,0
15397,5
2544,0
12178,0
2543,8
15396,0
8975,0
2554,0
5756,0
2550,0
12172,0
18604,9
5751,0
15386,0
5746,0
18599,0
12164,0
5743,0
8961,0
5742,13
18595,0
2532,0
5734,0
2531,17
15384,0
8951,0
2530,0
12152,0
2520,0
8933,0
5686,0
18539,0
15325,0
8903,0
5678,4
18531,0
2475,0
5677,4
18530,0
8895,0
15310,0
15321,16
2468,0
8880,0
5643,0
8861,0
2435,0
8850,0
15270,3
2417,0
8849,0
15263,0
2410,0
15253,0
2386,10
15239,0
15227,0
2374,0
8806,0
5586,0
2383,0
12003,0
5579,13
18432,0
2376,0
8778,0
8768,0
8765,0
8760,0
11961,0
5540,14
18393,0
15179,0
2326,0
8756,0
8747,0
5526,0
5523,17
18376,0
2310,0
11932,0
5511,0
15149,0
8728,0
2307,0
8696,0
5474,0
8692,0
2271,0
18326,4
5473,0
2259,13
15112,0
11893,0
5472,0
11892,0
5471,0
15110,0
2257,0
8689,0
2268,8
15121,0
5469,0
8686,0
21539,0
8681,0
2260,0
8678,0
18309,16
5456,0
15095,0
8674,0
15093,0
2240,0
8672,0
2238,13
15091,0
8670,0
21523,0
8668,5
21521,0
2247,0
8667,0
2246,0
11864,0
5443,3
18296,0
8661,0
11863,0
2239,0
11862,0
11861,0
8658,0
11858,0
2231,0
2228,0
11843,0
15061,0
11837,0
2202,14
15055,0
8632,0
11830,0
15048,0
2206,0
5408,0
15045,0
8624,17
21477,0
8623,0
15038,0
8615,0
6982,0
10200,0
3779,0
15024,0
8603,0
15017,0
10191,0
16623,12
3770,0
5376,0
18229,0
6968,0
562,0
5371,0
2168,0
21441,1
8588,0
15005,0
6953,0
10171,0
10155,0
5340,0
21411,8
8558,0
486,0
3704,0
14960,4
2107,0
3694,0
8518,0
21371,0
8510,3
21363,0
14921,0
5276,0
5268,0
14907,0
2054,0
423,13
13276,0
3652,14
16505,0
11679,0
18111,14
5258,0
8475,0
13284,0
442,0
3645,0
436,0
16492,16
3639,0
13265,0
6844,0
19697,0
3626,6
16479,0
16478,16
3625,0
21302,12
8449,0
2028,6
14881,0
8448,5
21301,0
2027,0
6841,0
3622,0
16475,0
5228,0
14867,0
3609,0
14854,0
2001,0
378,5
13231,0
6810,14
19663,0
3607,0
16460,0
10018,0
3597,0
16450,0
5203,0
14842,0
2000,0
3592,0
8416,0
1995,0
8415,0
1994,0
362,0
1983,0
5168,0
354,0
9978,0
1960,0
6748,0
3545,10
16398,0
1948,0
3531,0
1934,0
1933,0
21206,16
8353,0
323,0
3526,0
11553,0
5132,0
14771,0
1918,0
1929,0
14755,12
1902,0
8334,0
21187,0
6712,0
13142,0
5115,0
17968,0
16360,12
3507,0
5113,0
8331,0
9907,0
1889,0
6686,13
19539,0
3483,0
16336,0
1886,0
14739,0
259,0
3477,0
11504,0
1880,0
3469,0
13090,15
237,0
6658,0
19511,0
3455,0
1858,0
8269,13
21122,0
1848,0
14689,0
1836,0
3442,0
248,0
1845,0
5042,0
1832,0
1815,0
1809,0
13024,0
6603,0
3400,0
8222,0
166,13
13019,0
19451,8
6598,0
3395,0
1798,0
14629,0
1787,0
11393,0
4972,2
17825,0
3364,0
17823,9
4970,0
6573,6
19426,0
3332,0
16185,0
12980,0
127,0
6559,10
19412,0
17791,2
4938,0
1735,0
134,14
12987,0
14573,0
1731,0
3320,0
16173,0
111,0
3329,0
6547,0
1723,0
9734,0
3313,0
16166,0
14558,0
8137,0
11335,0
1711,0
3303,0
6515,0
19368,0
12962,13
109,0
6488,15
19341,0
9706,0
3285,0
8109,0
12912,0
59,0
8103,0
3275,0
81,0
20947,6
8094,0
1673,0
12898,16
45,0
8087,0
1666,0
12878,0
9675,0
3254,13
16107,0
14499,0
1657,0
38,12
12891,0
49,0
3252,0
4841,0
17694,0
6428,0
3225,0
1628,0
9644,0
3223,8
16076,0
17682,3
4829,0
12843,0
1,0
6422,0
3219,0
1622,0
12841,0
6420,2
19273,0
9638,0
3217,0
1620,0
6419,13
19272,0
3216,0
8040,8
20893,0
1619,0
6410,14
19263,0
9628,0
3207,0
6430,0
19283,0
11230,0
4809,0
1606,0
12823,0
6402,0
19255,0
3199,0
16052,0
8023,0
3198,0
11225,0
4804,0
1601,0
6407,0
3204,0
11222,0
14440,0
1598,0
9604,0
3183,0
8007,0
16029,8
3176,0
1579,0
11196,0
12790,0
6369,0
3166,0
11193,0
4772,8
17625,0
16016,2
3163,0
11190,0
4769,0
17622,0
7987,12
20840,0
20837,1
7984,0
4765,10
17618,0
20836,12
7983,0
1550,0
20817,4
7964,0
7962,0
4740,0
17593,0
1537,0
1535,0
1526,0
9538,0
15970,14
3117,0
1520,0
6306,4
19159,0
15956,14
3103,0
1506,0
12701,0
15930,13
3077,0
7901,0
1480,0
7899,0
1478,0
1460,16
14313,0
7888,0
9484,0
3063,0
4664,0
4660,17
17513,0
4659,0
1445,1
14298,0
7877,0
7873,0
15899,4
3046,0
7870,0
12667,0
6246,0
15896,5
3043,0
11070,0
4649,5
17502,0
7867,0
3042,0
4648,0
7866,13
20719,0
1444,0
4641,17
17494,0
4637,0
20708,6
7855,0
1434,0
15879,14
3026,0
4632,0
15878,13
3025,0
14270,0
11051,0
4630,0
1427,0
4623,0
4617,0
17470,0
3009,0
1412,0
1409,0
4610,5
17463,0
1407,0
3003,0
11030,0
4609,0
17462,0
1406,0
3001,0
15854,0
7825,0
1387,0
15832,12
2979,0
4585,0
4584,0
20655,6
7802,0
12600,0
2976,0
15829,0
4581,6
17434,0
1367,10
14220,0
7796,0
2964,0
15817,0
6166,0
2963,5
15816,0
2958,0
15811,0
1361,0
1360,0
2936,0
10944,0
4519,0
17372,0
1316,0
20586,10
7733,0
1312,0
1308,0
1300,0
1292,0
4488,0
17341,0
9302,0
2881,0
9294,0
20546,1
7693,0
1272,0
10893,0
1269,0
15715,1
2862,0
1260,0
1252,0
4454,0
7672,0
20525,0
10867,0
1243,0
4437,0
4431,0
17284,0
4429,0
17282,0
7647,0
1226,0
9234,0
1212,0
7632,0
20485,0
1211,0
1210,0
4411,8
17264,0
7629,0
6000,0
15639,0
9218,0
7621,2
20474,0
1197,0
1193,0
9210,0
9206,0
2785,0
7609,0
4385,6
17238,0
7603,0
4380,13
17233,0
1159,14
14012,0
10784,0
5957,0
18810,0
9175,0
10781,0
4360,0
7577,0
1156,0
1152,0
7569,0
1148,0
12368,0
5947,0
20421,4
7568,0
4341,6
17194,0
4340,0
7558,0
7555,0
5925,6
18778,0
10749,0
4328,0
1125,0
10748,0
4327,0
17180,0
13966,0
314,0
11544,0
5123,0
1920,0
15562,0
1123,0
1919,0
20392,1
7539,0
15556,0
9135,0
11526,0
5105,2
17958,0
13946,0
1104,0
1103,0
5902,0
2699,0
1897,0
4303,10
17156,0
20374,6
7521,0
1100,0
279,0
9903,0
3482,0
8306,0
1885,0
1088,0
10709,0
1085,0
15523,0
2681,0
1082,0
256,0
6677,0
3474,5
16327,0
5080,0
17933,0
14719,0
8298,0
5880,0
9098,0
2677,0
7501,0
20353,16
7500,0
1079,0
1077,0
1871,0
2671,0
4277,0
7495,10
20348,0
1074,0
1072,0
3460,0
1863,0
13908,0
9880,0
3459,0
16312,0
1862,0
14715,0
9081,0
10687,0
4266,0
16299,4
3446,0
5052,0
8270,16
21123,0
10676,0
4255,0
1052,0
7468,2
20321,0
11461,0
5040,0
14679,0
2637,0
1036,0
4235,0
13874,0
10648,0
4227,10
17080,0
13041,0
199,0
13052,0
6620,4
19473,0
2620,0
1023,0
10644,0
4223,10
17076,0
9834,0
1019,0
10640,0
7437,0
4218,5
17071,0
1013,0
15448,0
10633,0
7424,0
176,0
13045,0
20274,4
7421,0
1000,0
10622,0
4201,14
17054,0
194,0
10615,0
991,0
162,0
16233,14
3380,0
8204,0
15425,0
7407,0
16234,5
3381,0
3390,0
5783,0
2568,16
15421,0
982,0
11397,0
17829,14
4976,0
1771,0
15410,0
4174,9
17027,0
971,0
8987,0
2566,0
10593,0
17025,8
4172,0
969,0
21039,14
8186,0
2565,0
5708,0
4111,0
16964,0
908,0
20968,4
8115,0
10521,0
13739,0
7318,0
897,0
6493,0
87,13
12940,0
3290,8
16143,0
8114,0
1693,0
4099,0
16952,0
896,0
7310,0
889,0
8102,0
8105,0
884,0
9697,0
10506,0
2470,0
873,0
3264,0
16117,0
8088,0
12091,0
5670,0
18523,0
15309,0
2467,0
4069,0
16922,0
20140,4
7287,0
857,0
8069,0
20922,0
4054,0
4052,0
4051,0
14476,0
1623,0
8055,0
1634,0
3243,3
16096,0
6461,0
8855,0
7234,0
20087,0
16884,13
4031,0
11232,0
4811,0
8029,0
4000,7
16853,0
5593,0
2390,0
778,0
793,0
4791,4
17644,0
1588,0
5583,3
18436,0
16837,13
3984,0
4780,13
17633,0
9582,0
20838,4
7985,0
10391,0
3970,0
7168,14
20021,0
13615,16
762,0
7975,0
757,0
16810,16
3957,0
754,0
9563,0
15995,14
3142,0
4748,14
17601,0
7966,0
733,0
7154,0
5545,2
18398,0
5541,0
18394,0
10358,0
718,0
20803,4
7950,0
732,0
11946,0
5525,10
18378,0
3928,0
19983,14
7130,0
20793,6
7940,0
1519,0
7124,0
6312,0
3109,0
14354,0
1512,0
2301,14
15154,0
3918,0
5507,0
18360,0
15146,0
8725,0
5506,0
3909,7
16762,0
8722,14
21575,0
7110,0
19963,0
704,0
677,14
13530,0
688,0
7109,14
19962,0
3096,0
15949,0
1499,0
9515,0
3094,0
11121,0
20771,4
7918,0
2297,0
10324,0
19957,6
7104,0
15944,12
3091,0
11118,0
4697,0
10321,0
686,16
13539,0
697,0
9510,0
3898,0
7099,0
17544,4
4691,0
1488,0
7097,0
19950,0
10315,0
3894,6
16747,0
6283,16
19136,0
15933,13
3080,0
11107,0
3888,0
685,0
7090,0
19943,0
684,0
7088,0
682,0
7085,0
16202,12
3349,0
5755,0
15394,0
955,0
2952,0
5358,0
2155,0
543,0
6964,0
558,0
12173,0
5752,0
18605,0
15391,5
2538,0
952,0
7771,0
20624,0
1350,0
16600,3
3747,0
11773,0
6957,0
19810,0
7765,0
20618,0
1343,0
6943,0
19796,0
7763,0
14177,0
6944,0
15777,2
2924,0
2923,0
20600,7
7747,0
505,0
6926,0
3723,0
14968,16
2115,0
8547,0
6546,0
104,0
6525,0
19378,0
16175,5
3322,0
6534,4
19387,0
8943,0
2522,0
925,0
19787,3
6934,0
2912,0
4518,0
5318,0
14957,0
14156,14
1303,0
6914,0
19767,0
3711,0
12532,0
6111,0
16561,6
3708,0
504,0
10128,0
11734,0
14963,6
2110,0
14951,0
1306,0
6930,0
6101,0
2898,0
4504,7
17357,0
7722,0
8113,0
4098,0
12514,0
6093,0
3699,0
4494,16
17347,0
3688,0
489,0
13285,0
2064,0
6873,0
7684,0
1263,0
3660,0
16513,0
18514,5
5661,0
4064,0
16917,0
7679,0
20532,0
14485,0
20917,8
8064,0
13688,0
835,0
2843,0
19699,14
6846,0
14888,0
8467,0
2046,0
3241,0
16094,0
27,4
12880,0
4038,0
6433,14
19286,0
13266,0
5620,0
7226,12
20079,0
4023,0
10841,0
4420,2
17273,0
1217,0
12424,0
6003,0
1203,0
393,0
4401,19
17254,0
6807,0
10025,0
13243,0
390,0
6384,0
3181,0
16843,17
3990,0
787,0
381,0
16437,13
3584,0
13232,17
379,0
6811,0
19664,0
15623,0
9202,0
10808,0
7605,0
20458,0
1184,0
15217,0
8796,0
2375,0
9196,0
6778,0
372,0
13225,0
12397,0
9194,0
13197,0
3573,0
13206,8
353,0
369,0
3572,0
11599,0
5178,0
8396,0
6784,0
16021,8
3168,0
2371,0
10398,0
12395,0
5974,0
9192,0
16424,12
3571,0
5573,6
18426,0
1971,0
4372,4
17225,0
3563,0
1966,0
16400,2
3547,0
9977,0
16409,11
3556,0
8370,0
1949,0
6758,0
5543,6
18396,0
7149,0
10367,0
16392,13
3539,0
334,14
13187,0
345,0
9550,0
3129,0
4735,0
5535,4
18388,0
4338,0
17191,0
10355,0
3934,14
16787,0
3528,0
6740,0
5127,0
17980,0
3917,13
16770,0
293,0
3511,0
8730,0
14751,13
1898,0
1909,0
12332,0
15550,0
13950,0
7529,0
20382,0
9926,0
3514,0
16367,0
14340,0
4304,3
17157,0
1493,0
7102,0
19955,0
284,0
13141,0
299,0
3472,0
1875,0
1078,0
6687,13
19540,0
5870,0
3256,0
20927,7
8074,0
9680,0
56,0
16909,13
4056,0
853,0
6471,0
50,0
9674,0
3253,0
1656,0
12886,0
6465,3
19318,0
441,0
6877,0
6665,0
1842,0
5833,0
18686,0
9051,0
16283,1
3430,0
1029,0
12243,0
5822,0
1022,0
3405,0
16258,0
1808,0
15450,0
10831,0
1207,0
13237,0
6816,0
5807,0
18660,0
9025,0
7428,0
18062,16
5209,0
8427,0
1996,0
3396,0
13025,0
3587,0
1990,0
14843,0
3387,0
4993,0
1790,0
8206,0
1785,0
14805,0
1963,0
4963,0
17816,0
9781,0
3360,0
16213,0
21037,16
8184,0
13008,0
963,0
11385,0
1761,0
960,0
9573,0
3152,0
16005,0
16814,16
3961,0
2951,0
15804,0
3751,10
16604,0
11575,0
5154,0
1951,0
15801,3
2948,0
11775,0
8572,0
3348,0
16201,0
8172,0
3351,0
6746,0
5149,0
8367,0
1946,0
2542,0
7366,0
945,0
9363,0
2942,0
136,0
19410,2
6557,0
18590,14
5737,0
930,0
9760,0
3339,0
6533,16
19386,0
12969,0
10548,0
4127,0
924,0
5722,13
18575,0
8940,0
4125,0
16978,0
922,0
4525,0
525,0
524,0
17972,4
5119,0
1916,0
2517,0
7341,0
6520,7
19373,0
9738,0
3317,0
16170,0
123,0
4106,0
903,0
13333,17
480,0
6912,0
19780,14
6927,0
16755,17
3902,0
5899,0
18752,0
2696,0
4302,12
17155,0
8117,0
2896,0
1299,0
14941,0
19761,5
6908,0
502,0
19364,11
6511,0
105,0
15416,0
977,0
12907,0
6486,0
8098,0
16130,11
3277,0
1680,0
880,0
1280,0
5283,0
14922,0
2480,0
7304,0
6492,0
11497,0
5076,7
17929,0
1076,0
3473,0
6476,4
19329,0
3273,0
16126,0
7296,0
875,0
20949,1
8096,0
1675,0
4474,0
3668,4
16521,0
474,0
272,0
12908,0
3269,3
16122,0
6481,0
19334,0
5162,0
1959,0
2956,0
9777,0
3356,0
8086,0
1665,0
2491,0
16950,17
4097,0
894,0
497,0
6453,0
10868,0
13274,0
447,0
850,0
8162,0
1741,0
3347,0
16200,0
144,0
12162,0
4144,13
16997,0
941,0
4544,0
6941,0
3738,10
16591,0
1044,0
16294,12
3441,0
3893,0
9108,0
6499,0
7311,0
1729,11
14582,0
1740,0
4143,0
9761,0
3340,0
9861,0
3440,0
9554,0
3133,0
4739,0
8160,0
10563,0
4142,7
16995,0
20913,16
8060,0
7260,0
839,0
4045,0
7263,0
20116,0
842,0
6442,14
19295,0
4845,0
8063,0
2039,0
20557,12
7704,0
3730,16
16583,0
8554,0
3630,0
14875,0
4039,0
3228,0
1631,0
834,0
15368,0
2526,0
4132,0
16985,0
10156,0
3735,0
16588,0
4135,0
16988,0
932,0
6541,0
1917,0
1220,0
5223,0
8441,0
8044,0
1068,0
4071,0
1715,0
918,0
9736,0
3315,0
1718,0
1332,0
9374,0
2953,0
1356,0
8080,0
18,0
9543,0
3122,0
2325,0
10352,0
3931,0
9146,0
10752,0
4331,13
17184,0
5331,0
16555,14
3702,0
12426,0
6005,4
18858,0
4408,0
20479,4
7626,0
7659,0
10095,0
6886,0
17086,14
4233,0
1030,0
13060,0
6639,0
19492,0
233,0
4107,0
10,0
19657,4
6804,0
6813,4
19666,0
10825,0
1201,0
6801,13
19654,0
9365,0
15797,6
2944,0
550,0
3344,8
16197,0
6636,13
19489,0
3433,0
16286,0
2810,0
14055,0
2013,0
7222,0
16872,8
4019,0
816,0
1616,0
2449,0
4055,0
16908,0
13694,0
852,0
2102,0
16155,14
3302,0
3599,0
13247,0
7093,14
19946,0
10311,0
687,0
4290,0
20161,12
7308,0
9305,0
2884,0
3684,0
10464,0
4043,0
840,0
4220,13
17073,0
21413,1
21386,1
21242,1
21224,1
20918,1
20910,1
20685,1
20651,1
20598,1
20517,1
20515,1
20414,1
20226,1
20217,1
19142,1
19029,1
19009,1
18708,1
16812,1
16798,1
16642,1
16602,1
16584,1
16346,1
16263,1
16030,1
15295,1
12658,1
12649,1
12562,1
12391,1
12382,1
12380,1
12258,1
12154,1
12149,1
11978,1
11713,1
11614,1
11568,1
11109,1
10943,1
10529,1
10430,1
10393,1
9825,1
9478,1
9312,1
9250,1
15511,3
2658,1
8794,1
8745,1
8708,1
8582,1
21435,1
8562,14
21415,1
21252,16
8399,1
21166,16
8313,1
20885,16
8032,1
20879,6
8026,1
7790,1
20605,16
7752,1
7682,13
20535,1
20473,4
7620,1
13890,1
7359,1
7266,13
20119,1
13192,1
140,1
6134,1
6094,1
12351,1
5738,1
18591,1
5657,1
5563,1
18397,9
5544,1
11898,1
5339,1
11724,1
11567,1
11481,1
4797,1
11034,1
10436,1
7061,1
10211,1
3786,1
16574,3
3721,1
6787,1
16422,6
3569,1
6759,1
9610,1
9519,1
12570,1
6123,1
15709,13
2856,1
2839,4
15692,1
15594,1
2659,1
8999,1
8979,1
8976,1
8969,1
15354,1
15324,8
2471,1
12017,1
2253,1
15094,1
5422,1
21203,2
8350,1
5089,1
126,1
6466,1
19308,16
6455,1
9287,1
10840,1
2789,1
1181,1
1124,1
1080,1
9034,1
20257,12
7404,1
6591,1
968,1
74,1
11305,1
1608,1
5600,1
3951,3
16804,1
11966,1
2342,1
2333,1
19966,4
7113,1
12176,1
6549,1
5312,1
1658,1
774,1
1096,1
1853,1
8229,1
1011,1
8981,1
11570,1
15772,16
2919,1
8995,1
2938,1
3680,7
16533,1
2433,1
11644,1
12860,1
21337,2
21222,2
20432,2
19812,2
19466,2
19365,2
18997,2
18832,2
18713,2
17975,2
17848,2
17661,2
17558,2
16911,2
16817,2
16719,2
16665,2
16590,2
16337,2
16244,2
16219,2
16055,2
15482,2
15307,2
13138,2
12572,2
12569,2
12362,2
12255,2
12035,2
12031,2
11884,2
11750,2
11687,2
11565,2
11452,2
11424,2
11340,2
11333,2
11317,2
11306,2
11300,2
11018,2
10964,2
10870,2
10600,2
10500,2
10427,2
10083,2
10032,2
10027,2
9970,2
9937,2
9896,2
9652,2
9475,2
15679,2
2826,2
9237,2
9113,2
9101,2
9097,2
8893,2
8742,2
15153,2
21412,3
8559,2
8457,2
21244,6
8391,2
8317,2
8297,2
8291,2
8286,2
14540,2
7817,8
20670,2
7774,2
20529,10
7676,2
7462,2
20308,7
7455,2
20302,16
7449,2
20241,12
7388,2
7048,2
534,2
388,2
6809,2
6711,2
6701,2
6670,2
19447,19
6594,2
6522,7
19375,2
12890,15
37,2
6458,2
6227,2
6187,2
6102,2
18955,2
12506,2
5906,2
12239,2
5461,2
5342,2
5316,2
11690,2
17896,9
5043,2
4920,7
17773,2
10599,2
10597,2
10538,2
3954,4
16807,2
16727,8
3874,2
16608,16
3755,2
10094,2
3631,2
10040,2
13203,2
9605,2
6313,2
9525,2
9428,2
2916,8
15769,2
2815,14
15668,2
5968,2
2761,2
15553,13
2700,2
2518,2
2488,2
8899,2
2478,2
2429,2
5624,2
15188,7
2335,2
2270,2
5455,11
18308,2
2234,2
3713,2
11689,2
21300,7
8447,2
6783,2
8339,7
21192,2
9930,2
13131,2
6680,2
13093,2
17901,5
5048,2
6540,2
1706,2
4892,2
14524,2
8027,2
4775,2
1449,2
1446,2
1438,2
11031,2
14154,8
1301,2
1288,2
1284,2
2825,2
1225,2
2807,2
2613,2
12914,2
6299,2
6288,2
7092,2
538,2
5313,6
18166,2
10925,2
1643,2
10053,2
15259,2
19667,16
6814,2
5984,2
20037,11
7184,2
5976,2
9994,2
16799,16
3946,2
7949,13
20802,2
18354,12
5501,2
20767,4
7914,2
5078,2
151,2
539,2
11540,2
6529,2
1271,2
12874,2
739,2
10556,2
6325,7
19178,2
1328,2
2437,2
21378,3
21238,3
21034,3
20180,3
19674,3
18875,3
17700,3
17506,3
16885,3
16644,3
15888,3
15841,3
15762,3
15296,3
15292,3
15210,14
2357,3
15026,12
2173,3
14672,3
1327,4
14180,3
13136,3
12033,3
11925,3
11883,3
11418,3
11400,3
11381,3
11370,3
11272,3
11049,3
10434,3
10419,3
10197,3
10173,3
10140,3
10067,3
9981,3
9967,3
9869,3
9280,3
9242,3
2428,10
15281,3
2397,13
15250,3
8799,3
8716,3
2114,15
14967,3
8526,3
2080,14
14933,3
8407,4
21260,3
21164,10
8311,3
8289,7
21142,3
14697,3
8010,3
7902,3
1461,16
14314,3
882,15
13735,3
7247,3
13656,3
6674,3
19374,6
6521,3
6503,3
6113,3
12517,3
5946,3
5647,3
5627,3
11979,3
5502,13
18355,3
11708,3
11674,3
17775,19
4922,3
4827,3
4810,3
17630,16
4777,3
4751,3
10826,3
4347,3
17058,9
4205,3
16737,19
3884,3
7073,3
16723,11
3870,3
16718,19
3865,3
3841,3
494,3
3649,12
16502,3
10000,3
13180,3
6752,3
6723,3
9884,3
6592,3
3261,3
12619,3
12551,3
15641,3
5951,3
15571,14
2718,3
2729,3
2711,3
2459,16
15312,3
2337,4
15190,3
2309,6
15162,3
15107,3
15118,13
2265,3
18307,7
5454,3
5431,3
18238,11
5385,3
3734,13
16587,3
2108,3
19760,8
6907,3
6863,3
2048,3
36,13
12889,3
6447,3
12831,3
20801,12
7948,3
1502,3
1466,3
1414,3
1391,3
1339,3
7673,3
10832,3
1208,3
8340,16
21193,3
1084,3
1024,3
1016,3
19450,10
6597,3
983,3
11395,3
4974,3
1765,3
13708,3
10472,3
3937,3
5500,3
7107,3
7736,3
11725,3
2890,3
3643,13
16496,3
3971,4
16824,3
7120,3
19561,5
6708,3
3899,3
696,3
13709,3
4410,3
3602,3
995,3
20234,16
7381,3
14993,3
130,3
145,3
10544,3
15598,3
7315,14
20168,3
14975,3
1732,3
3674,13
16527,3
11637,3
10440,3
3890,3
21479,4
21453,4
21405,4
21272,4
21271,4
21265,4
21257,4
21256,4
21236,4
21234,4
21232,4
21221,4
21194,4
21189,4
21182,4
21181,4
21132,4
21114,4
21100,4
21053,4
21049,4
21045,4
21042,4
21022,4
21012,4
20969,4
20932,4
20926,4
20920,4
20896,4
20813,4
20812,4
20800,4
20798,4
20779,4
20768,4
20672,4
20660,4
20658,4
20648,4
20630,4
20606,4
20566,4
20564,4
20561,4
20502,4
20499,4
20498,4
20470,4
20455,4
20440,4
20407,4
20400,4
20284,4
20278,4
20255,4
20105,4
19978,4
19850,4
19803,4
19745,4
19723,4
19710,4
19427,4
19171,4
18953,4
18718,4
18699,4
18283,4
18158,4
18155,4
17988,4
17802,4
17617,4
17616,4
17556,4
17547,4
16910,4
16818,4
16816,4
16802,4
16715,4
16705,4
16672,4
16598,4
16592,4
16461,4
16388,4
16377,4
16376,4
16371,4
16324,4
16317,4
15985,4
15790,4
15265,4
2291,14
15144,4
15136,4
14985,4
14525,4
14516,4
13026,4
12721,4
12631,4
12306,4
12207,4
12187,4
12085,4
12063,4
12061,4
12042,4
11879,4
11736,4
11727,4
11667,4
11629,4
11621,4
11564,4
11543,4
11500,4
11494,4
11443,4
11336,4
11307,4
11047,4
10921,4
10885,4
10853,4
10499,4
10478,4
10225,4
10174,4
10119,4
10108,4
10037,4
9995,4
9961,4
9914,4
9678,4
9572,4
9558,4
9556,4
9441,4
9427,4
9346,4
9267,4
9263,4
9235,4
9111,4
9103,4
15495,4
8956,4
8810,4
15157,13
2304,4
2273,16
15126,4
15109,4
8581,4
14998,4
8458,4
8366,4
21219,4
8364,4
8254,4
8001,4
20775,14
7922,4
1471,13
14324,4
7894,13
20747,4
7884,4
14300,4
14285,4
7730,7
20583,4
7728,4
7674,17
20527,4
7635,14
20488,4
7623,17
20476,4
7585,17
20438,4
7476,4
7472,4
7459,4
7331,4
7276,16
20129,4
756,4
7072,4
560,4
6865,4
19712,7
6859,4
6743,4
12915,4
12904,4
6475,4
6323,4
6311,4
6279,4
6240,4
6233,4
6107,4
6104,4
6055,4
5969,4
5922,4
12334,4
5913,4
11980,4
5496,4
5492,4
5451,4
5444,4
5389,17
18242,4
5367,4
5355,4
5327,6
18180,4
5308,4
11664,4
11503,4
11478,4
4999,4
4900,13
17753,4
4814,4
4803,4
4794,4
4792,4
10926,4
4457,4
4330,4
4257,4
17037,6
4184,4
4169,4
10573,4
3989,4
7157,4
698,4
7078,4
10254,4
16635,12
3782,4
10196,4
3697,4
466,4
19683,8
6830,4
3605,13
16458,4
6254,4
6231,4
9444,4
6186,4
6185,4
6173,4
9366,4
9274,4
9260,4
15669,4
5994,4
12352,4
2561,4
18602,16
5749,4
5731,4
5716,4
8925,4
2490,4
2483,12
15336,4
12098,4
5632,4
8826,4
2380,10
15233,4
18435,15
5582,4
8767,4
2320,4
8731,4
5494,4
5441,19
18294,4
5437,4
5415,4
16638,13
3785,4
3772,13
16625,4
5356,4
14954,4
2101,4
8528,4
2092,4
6827,13
19680,4
3623,13
16476,4
3557,10
16410,4
6729,4
1846,4
6669,4
1803,4
11359,4
17787,14
4934,4
4911,4
8047,7
20900,4
1610,4
4805,4
1566,4
1524,4
7841,4
7830,4
1404,4
1384,4
1320,4
12505,4
6084,4
2873,4
2866,7
15719,4
1265,4
9270,4
1229,4
15667,4
4419,4
7618,14
20471,4
1188,4
4307,4
5100,4
8318,4
4288,4
20358,12
7505,4
8292,4
1063,4
1849,4
7441,4
4219,4
1009,4
19462,14
6609,4
13036,14
183,4
4194,4
17042,17
4189,4
187,4
12204,4
2580,4
13027,4
8986,4
6495,4
5682,4
12014,4
783,4
15180,4
2338,4
2322,14
15175,4
7139,4
3903,4
1494,4
1492,4
3895,4
11112,4
12704,4
15001,14
2148,4
530,4
1722,4
528,4
9311,4
846,4
12869,4
6799,4
6785,4
773,4
728,4
1532,4
5911,4
2298,4
11499,4
4273,4
20344,12
7491,4
6456,4
1033,4
6642,4
9029,4
10023,4
1351,4
9964,4
12995,8
142,4
21373,12
8520,4
2099,4
65,4
8501,13
21354,4
13114,4
5650,4
535,4
7096,4
1642,4
16486,5
3633,4
15782,12
2929,4
1525,4
1205,4
2005,4
16874,8
4021,4
3601,13
16454,4
7634,4
6505,4
6696,4
8858,4
21553,5
21551,5
21322,5
21199,5
21028,5
20931,5
20596,5
20415,5
20256,5
19571,5
19515,5
19424,5
19422,5
19053,5
19045,5
18483,5
18481,5
18303,5
17964,5
17922,5
17900,5
17440,5
16421,5
16405,5
16374,5
16365,5
16363,5
16311,5
16207,5
16141,5
15980,5
15729,5
15547,5
15429,5
2534,8
15387,5
14876,5
14860,5
12783,5
12630,5
11855,5
11802,5
11413,5
11221,5
11220,5
10699,5
10612,5
10611,5
10609,5
10284,5
10282,5
10280,5
9965,5
9744,5
9606,5
9417,5
9229,5
9187,5
9160,5
9127,5
15528,5
8859,5
8777,5
8644,5
8614,5
8611,5
8509,15
21362,5
8125,5
7970,5
7869,5
7755,5
7541,5
20112,16
7259,5
13435,5
7008,5
6972,5
19713,8
6860,5
6771,5
6709,13
19562,5
9,13
12862,5
6372,5
6349,5
6341,5
5815,5
5710,8
18563,5
5644,13
18497,5
11859,5
11850,5
5410,5
5264,5
5086,5
5034,7
17887,5
11241,5
11227,5
4776,5
11168,5
4657,5
4644,5
4574,5
4149,5
4105,5
4094,5
4089,5
3801,6
16654,5
6999,5
3637,10
16490,5
3480,5
3456,5
11,5
6358,5
6356,5
2962,5
12463,5
6018,5
9189,5
2666,5
8741,5
15067,5
8619,5
3760,5
11787,5
2137,5
5257,5
5219,5
16339,14
3486,5
8224,14
21077,5
9741,5
1688,5
2961,5
2960,5
7686,5
16370,8
3517,5
7544,5
3468,5
1059,5
6583,5
10610,5
16953,15
4100,5
4092,5
4085,5
10349,5
8702,5
2279,5
1264,5
6774,5
15207,5
1924,5
10338,5
8155,5
6931,13
19784,5
8337,7
21190,5
4123,5
920,5
899,5
883,5
9177,5
2756,5
4562,5
15380,5
14970,5
541,5
8905,5
887,5
21295,6
21233,6
21196,6
21178,6
21176,6
20976,6
20770,6
20657,6
20634,6
20567,6
20507,6
20380,6
19862,6
19639,6
19459,6
19440,6
17811,6
17788,6
17685,6
17607,6
16806,6
16441,6
16348,6
15969,6
15601,16
2748,6
15561,14
2708,6
15130,6
12705,6
12681,6
12659,6
12613,6
12516,6
12364,6
12166,6
11993,6
11696,6
11684,6
11566,6
11529,6
11429,6
11416,6
11407,6
11338,6
11145,6
11106,6
11028,6
10999,6
10966,6
10884,6
10839,6
10561,6
9818,6
9807,6
9611,6
9566,6
9425,6
9301,6
21430,16
8577,6
8521,6
8481,6
8300,6
14646,6
14630,6
7883,6
20736,6
14103,6
7516,6
13870,14
1017,6
7410,6
7330,6
7302,6
7191,6
6500,6
6485,6
24,6
6309,6
5991,6
12294,6
5669,6
5629,6
5555,6
5359,6
5084,6
11046,6
10919,6
4378,6
4358,6
4261,6
4182,11
17035,6
4157,6
10534,6
10524,6
4029,6
734,6
16670,16
3817,6
16522,16
3669,6
16487,12
3634,6
9339,6
5975,14
18828,6
12353,6
5931,6
15477,6
5758,6
8965,6
2539,6
5679,6
2350,6
15189,6
2316,6
15152,6
5452,6
2249,6
2188,6
10185,6
14995,6
10046,6
11649,6
2016,6
8355,14
21208,6
6672,6
1861,6
5018,6
138,6
11302,6
1655,6
1602,6
9625,6
1469,6
7887,6
1366,6
1285,6
1200,6
1191,6
17216,9
4363,6
1117,6
14744,6
1877,6
2663,6
210,6
1010,6
1768,6
8915,6
13715,6
848,6
781,6
1752,6
5725,6
4517,6
5317,6
1311,6
19357,16
6504,6
98,6
8879,6
7193,6
731,6
6298,6
8296,6
7432,6
11630,6
4361,6
5354,6
4954,6
16396,13
3543,6
2519,6
20251,16
7398,6
9894,6
8580,6
5741,6
1639,6
1633,6
5321,6
490,6
20291,12
7438,6
21447,7
21388,7
21308,7
21286,7
21106,7
21047,7
20804,7
20712,7
20646,7
20381,7
20135,7
19815,7
19790,7
19304,7
18719,7
18606,7
16912,7
16848,7
16808,7
16480,7
16342,7
15733,7
2462,14
15315,7
14394,8
1541,7
13032,7
12341,7
12244,7
12182,7
12169,7
12077,7
11990,7
11878,7
11758,7
11754,7
11700,7
11683,7
11578,7
11128,7
11019,7
10963,7
10923,7
10856,7
10253,7
9647,7
9562,7
9399,7
9334,7
9003,7
8935,7
2212,10
15065,7
8579,7
8488,7
8487,7
8430,14
21283,7
8388,7
8335,7
8322,14
21175,7
8036,7
8030,7
20883,7
8017,7
7838,7
7739,7
7483,7
7439,7
7212,7
6747,7
13118,7
6668,7
6601,7
6496,7
6271,7
6257,7
6232,7
6138,7
6078,7
12379,7
12079,7
12078,7
5654,7
11967,7
11904,7
11622,7
11588,7
5015,7
11354,7
4901,7
4745,7
11132,7
10973,7
10879,7
17223,17
4370,7
4258,7
7229,7
16865,12
4012,7
16811,14
3958,7
3952,7
16725,12
3872,7
10227,7
3806,7
3771,7
202,7
9839,7
212,7
6243,7
6242,7
6211,7
9389,7
6149,7
2918,7
2834,7
2820,7
2691,7
12271,7
2645,7
2567,7
12163,7
18576,8
5723,7
8814,7
5538,7
11877,7
2252,7
2227,7
5416,7
2026,7
13165,7
13110,7
5092,7
1872,7
5051,7
5050,7
8219,7
1716,13
14569,7
4914,7
41,7
1456,7
11058,7
1433,7
1428,7
11036,7
1375,7
17328,17
4475,7
2806,7
1192,7
1157,7
1138,7
4337,7
1837,7
7444,7
1003,7
10598,7
11308,7
2479,7
837,7
11153,7
15145,7
3900,7
680,7
2276,7
6552,7
1355,7
3740,7
8530,7
1258,7
10459,7
3977,7
7953,7
1528,7
1101,7
2667,7
6679,7
1650,7
1007,7
10008,7
4554,7
6551,7
4930,7
2877,7
10089,7
6880,7
10983,7
12115,7
7762,7
484,7
859,7
10165,7
4404,7
4819,16
17672,7
20114,14
7261,7
21357,8
21287,8
21228,8
21071,8
21040,8
20945,8
20797,8
20311,8
20298,8
19833,8
19831,8
19799,8
19751,8
19507,8
19441,8
19435,8
19411,8
19343,8
19270,8
19241,8
18986,8
18921,8
18730,8
18234,8
18223,8
18182,8
18138,8
17837,8
17785,8
17784,8
17777,8
17612,8
17576,8
17182,8
17178,8
17146,8
17115,8
17004,8
16925,8
16923,8
16873,8
16700,8
16685,8
16444,8
16443,8
16427,8
16307,8
16026,8
15997,8
15894,8
15682,8
15600,8
14982,8
14623,8
13704,19
851,8
13189,8
13072,8
12974,8
12680,8
12676,8
12383,8
12305,8
12237,8
12205,8
11968,8
11449,8
11431,8
11396,8
11143,8
11041,8
11029,8
10950,8
10908,8
10883,8
10843,8
10432,8
10224,8
10219,8
9804,8
9487,8
9343,8
2482,13
15335,8
15077,13
2224,8
8555,13
21408,8
8543,8
8512,8
8327,8
21117,12
8264,8
14619,8
14547,13
1694,8
8020,8
7997,8
7963,8
20725,14
7872,8
7824,8
14131,8
7494,8
7490,8
7482,8
7469,8
7332,8
7319,8
7126,8
7074,16
19927,8
496,8
6888,8
19702,19
6849,8
13212,8
13210,8
13194,8
13182,8
6629,13
19482,8
6473,8
6315,8
12699,8
6223,8
12629,8
12620,8
12610,8
6135,14
18988,8
6103,8
6096,8
12356,8
12331,8
12221,8
5750,8
5516,8
5377,8
11755,8
11748,8
11744,8
11598,8
11515,8
17897,17
5044,8
4908,8
11078,8
10928,8
10872,8
4369,8
10462,8
3993,8
3933,8
3920,8
7049,17
19902,8
3839,8
3833,8
3831,13
16684,8
10213,8
544,8
16472,13
3619,8
6815,8
16275,12
3422,8
3418,8
16269,12
3416,8
143,13
12996,8
6575,13
19428,8
13006,13
153,8
3229,8
9608,8
9539,8
9526,8
12722,8
9472,8
6070,8
15675,8
18610,16
5757,8
2540,8
5671,8
8771,8
5442,8
2219,8
6689,8
1847,8
1835,8
6506,13
19359,8
6478,13
19331,8
9640,8
1581,8
7993,8
1572,8
7958,13
20811,8
12727,8
10909,8
6065,8
7650,8
9246,8
15655,13
2802,8
2797,8
12378,8
1118,8
2714,8
8258,8
16270,17
3417,8
13037,8
16266,16
3413,8
1816,8
9027,8
3394,8
16247,8
12203,8
2505,8
4884,8
7305,8
1667,8
15276,8
3205,8
1577,8
3161,8
748,8
16801,16
3948,8
11962,8
1497,8
7913,13
20766,8
3085,8
2281,8
1477,8
12973,8
2552,8
5352,11
18205,8
545,8
125,8
12978,8
12146,8
11738,8
1291,8
3632,8
4787,17
17640,8
13211,8
7992,8
17965,10
5112,8
12719,8
7443,8
4964,8
1354,8
5357,14
18210,8
4937,8
12965,8
2500,8
3298,8
10895,8
14201,8
5665,8
844,8
6856,8
3336,8
3239,8
10151,8
11657,8
836,8
17771,9
4918,8
7749,8
1213,8
20787,9
20398,9
20264,9
18849,9
18403,9
17419,9
17410,9
17277,9
17248,9
17246,9
17123,9
16939,9
16759,9
16176,9
16125,9
15551,9
12725,9
12573,9
12400,9
12216,9
11639,9
11236,9
11205,9
10757,9
9489,9
9453,9
8866,9
8435,9
13904,9
19510,15
6657,9
5985,9
12050,9
5077,14
17930,9
4941,9
17677,14
4824,9
11177,9
11100,9
4470,9
6996,9
13115,9
3488,9
9792,9
3105,9
2833,9
2221,9
5295,14
18148,9
9952,9
1682,9
6502,9
6163,9
8569,9
3748,9
6714,9
9769,9
940,9
11752,9
7698,9
1347,9
21215,10
20794,10
20237,10
19742,10
18258,10
18252,10
17795,10
16986,10
16819,10
16815,10
16347,10
16284,10
16264,10
16221,10
16023,10
16022,10
15979,10
15834,10
14542,19
1689,10
1651,12
14504,10
12715,10
12702,10
12624,10
12521,10
12059,10
11726,10
11349,10
11301,10
11035,10
10980,10
10974,10
10855,10
10601,10
10233,10
9956,10
9590,10
9502,10
9486,10
9465,10
9278,10
8860,10
15205,10
8394,10
8262,10
8039,10
20807,12
7954,10
7903,10
7442,10
20191,16
7338,10
6293,10
6217,10
6181,10
6172,10
6073,10
5993,10
12240,10
5744,10
12110,10
5575,10
5438,10
5407,10
5345,10
11717,10
11685,10
11569,10
11549,10
5071,10
11479,10
4755,10
4292,10
4178,13
17031,10
10447,10
715,10
3840,10
9963,10
6641,10
169,10
164,10
6213,10
9337,10
6105,10
2548,10
8892,10
15240,10
557,10
2112,10
14949,10
10097,10
3676,10
449,10
6848,10
6721,10
14666,10
167,10
1638,10
23,10
8022,10
4788,10
1585,10
6179,10
1364,10
1251,10
1245,10
1160,10
1137,10
4239,10
1015,10
4216,10
998,10
7272,10
3994,10
1554,10
10381,10
9373,10
4155,10
7735,10
1314,10
11733,10
10822,10
1198,10
1176,10
15213,10
4376,10
2750,10
743,10
3672,10
7465,10
6699,10
12153,10
8422,14
21275,10
10105,10
19839,11
18951,11
18415,11
17927,11
17723,11
17067,11
16636,11
16481,11
16277,11
16238,11
16215,11
16211,11
15840,11
12677,11
12339,11
12298,11
12044,11
11711,11
11705,11
11490,11
11468,11
11253,11
11105,11
9959,11
9874,11
9296,11
9031,11
8945,11
8916,11
8781,11
21519,17
8666,11
8628,11
7874,11
7789,11
7488,13
20341,11
12858,11
12068,11
11982,11
5465,11
5094,11
11505,11
4622,11
4510,11
4027,11
3069,11
9403,11
12550,11
15602,11
9181,11
5762,11
12053,11
11873,11
6855,11
2025,11
2010,11
3263,11
9637,11
8000,11
11161,11
2917,11
15596,11
4887,11
10473,11
768,11
2312,11
16449,14
3596,11
401,11
2775,11
9088,11
3259,14
16112,11
1739,11
3744,14
16597,11
21437,12
21436,12
21414,12
21403,12
21385,12
21356,12
21336,12
21330,12
21324,12
21315,12
21298,12
21264,12
21248,12
21211,12
21179,12
21165,12
21113,12
21109,12
21103,12
21095,12
21081,12
21055,12
21044,12
21036,12
21014,12
20988,12
20954,12
20937,12
20915,12
20826,12
20822,12
20784,12
20776,12
20715,12
20706,12
20680,12
20639,12
20628,12
20569,12
20548,12
20545,12
20533,12
20490,12
20463,12
20450,12
20448,12
20443,12
20442,12
20412,12
20393,12
20391,12
20368,12
20339,12
20332,12
20324,12
20309,12
20304,12
20299,12
20273,12
20269,12
20252,12
20249,12
20233,12
20221,12
20213,12
20189,12
20187,12
20181,12
20174,12
20166,12
20151,12
20138,12
19254,12
19174,12
18769,12
18627,12
18052,12
17034,12
17032,12
16913,12
16735,12
16698,12
16664,12
16619,12
16585,12
16569,12
16546,12
16545,12
16350,12
16315,12
16246,12
15886,12
15833,12
15800,12
15753,12
15723,12
2787,13
15640,12
15515,12
15211,12
15141,12
13714,14
861,12
13014,12
12616,12
12266,12
12211,12
12005,12
11528,12
11470,12
11283,12
11060,12
10907,12
10130,12
9860,12
9115,12
9091,12
8997,12
8890,12
15023,12
15002,16
2149,12
8428,14
21281,12
8226,12
8163,17
21016,12
8048,12
7994,12
7836,12
20679,15
7826,12
7821,12
7726,12
7678,14
20531,12
7514,14
20367,12
7413,13
20266,12
7370,15
20223,12
7354,14
20207,12
7279,13
20132,12
7264,12
20117,12
7244,12
6765,12
6586,12
6047,12
5926,12
5402,12
11635,12
5055,12
11475,12
4357,12
3968,12
3860,12
6840,12
3585,12
9985,12
196,12
160,12
9682,12
19307,14
6454,12
9576,12
12664,12
6198,12
15695,12
15570,12
12296,12
15489,12
8972,12
2394,14
15247,12
15079,12
2236,12
15053,12
2205,12
11721,12
2089,12
2055,12
14752,12
8293,14
21146,12
1764,12
14,12
1381,12
4472,12
12346,12
7487,13
20340,12
7484,15
20337,12
986,12
976,12
10532,12
7317,13
20170,12
4014,12
3996,12
1564,16
14417,12
5556,12
1529,12
19981,14
7128,12
6297,12
7083,12
4955,14
17808,12
8970,12
6115,12
8005,12
10411,12
1178,12
6790,12
1108,12
7517,13
20370,12
1070,12
2619,12
3377,19
16230,12
8294,12
1644,12
8868,12
93,12
2133,12
12150,12
7353,14
20206,12
1087,12
21372,13
20514,13
20493,13
17554,13
17113,13
16890,13
16858,13
16839,13
16836,13
16834,13
16795,13
16679,13
16568,13
16549,13
16518,13
16471,13
16470,13
16469,13
16468,13
16401,13
16393,13
16390,13
16003,13
15959,13
15934,13
15902,13
15897,13
15759,13
15707,13
15702,13
2849,13
15637,13
15632,16
2779,13
15585,13
15299,13
15283,13
2405,14
15258,13
15193,13
2340,13
14932,14
2079,13
14622,16
1769,13
14586,13
14402,13
14166,13
1313,13
12824,13
12580,13
12304,13
12288,13
12227,13
12185,13
12184,13
12119,13
12114,13
12067,13
12001,13
11933,13
11930,13
11908,13
11572,13
11571,13
11428,13
11282,13
11098,13
11090,13
11057,13
11015,13
10894,13
10877,13
10547,13
10542,13
10439,13
10402,13
10387,13
10243,13
10240,13
10162,13
10112,13
10092,13
10085,13
10076,13
10074,13
10057,13
9936,13
9902,13
9878,13
9875,13
9868,13
9827,13
9671,13
9612,13
9599,13
9588,13
9580,13
9577,13
9551,13
9547,13
9503,13
9438,13
9388,13
9335,13
9313,13
9306,13
9284,13
15688,13
9266,13
15626,16
2773,13
15496,13
9074,13
9044,13
8992,13
8968,13
8930,13
8928,13
8908,13
8898,13
15280,13
15278,13
8846,13
8808,13
8788,13
8785,13
8784,13
8736,13
15120,13
15032,13
15029,13
15006,16
2153,13
8556,13
8545,13
8502,13
8491,13
8378,13
21173,16
8320,13
14729,13
8227,13
8221,13
14551,13
8028,13
7974,13
7955,13
14316,13
7864,13
7851,13
20693,14
7840,13
7837,13
7746,13
7725,13
7707,13
7702,13
7696,13
7694,13
7657,13
20372,16
7519,13
20371,16
7518,13
7474,13
7385,13
7349,13
7297,13
7277,13
7275,13
7250,13
7245,13
7235,13
7167,13
7158,13
7146,13
722,13
7132,13
555,13
508,13
6917,13
6874,14
19727,13
6861,13
6773,13
6763,13
6761,13
6741,13
6739,13
6733,13
6730,13
6684,13
6673,13
6661,13
6635,13
165,13
6577,13
6509,13
86,13
6460,13
6324,13
6305,13
6287,13
6252,13
6235,13
6222,13
6205,13
6106,13
6088,13
6043,13
6033,13
5938,13
5935,13
5689,13
5663,13
12036,13
5604,13
5346,13
11756,13
11730,13
11643,13
11628,13
5085,13
11476,13
4998,13
4991,13
17809,14
4956,13
11154,13
11087,13
4613,13
11027,13
4560,13
4551,13
4505,13
4498,13
4459,13
4440,13
4399,13
4389,13
4374,13
4344,13
4253,13
4241,13
4240,13
4193,13
10484,13
4025,13
3875,13
7076,13
3873,14
16726,13
7063,13
16711,14
3858,13
16710,14
3857,13
10242,13
3808,13
3807,13
10222,13
16641,16
3788,13
3787,13
3774,13
3763,13
10180,13
554,13
3757,13
517,13
514,13
6852,13
10068,13
3647,13
10061,13
3620,13
16473,13
3578,13
6777,13
9909,13
6683,13
9901,13
13062,13
13059,13
6590,13
53,13
6474,13
9613,13
9578,13
9531,13
6295,13
9477,13
9437,13
9383,13
9371,13
9354,13
2928,13
6130,13
2920,13
9272,13
9271,13
9268,13
9255,13
9240,13
2772,13
5914,13
9116,13
2664,13
9056,13
9030,13
2591,13
2584,13
12155,13
5721,13
12128,13
5707,13
5662,13
12064,13
2440,13
12045,13
2398,13
2396,13
2385,13
2379,13
8797,13
15208,13
2348,13
2346,13
2339,13
15082,13
5440,13
2225,14
15078,13
2230,13
2213,13
5414,13
2211,13
2198,13
10186,13
3765,13
3764,13
10181,13
2163,13
3750,13
531,13
10115,13
5300,13
14934,13
8513,13
3651,13
2049,13
407,13
406,13
420,13
404,13
6825,13
11636,13
13204,13
3580,13
9904,13
11510,13
5083,13
1824,13
11433,13
5012,13
1794,13
4990,13
1767,13
13005,14
152,13
6532,13
1714,13
14550,13
1708,13
85,13
6457,13
4801,13
1586,13
9587,13
7990,13
1568,13
1567,13
1563,13
1546,13
7956,13
6280,13
1429,14
14282,13
7861,13
7850,13
7848,13
1420,13
7835,13
9422,13
1382,13
1379,13
1378,13
9385,13
1363,13
7782,13
6120,13
4523,13
1298,13
20562,16
7709,13
15708,13
7690,13
7681,13
4446,13
1234,13
2809,13
7631,13
10833,13
4412,13
1182,13
10805,13
4384,13
1170,13
5960,13
14761,13
6685,13
4285,13
12301,13
7498,13
1071,13
1066,13
1065,13
1820,13
1797,13
1783,13
4177,13
2494,13
12929,13
89,13
866,13
7278,13
1648,13
828,13
7217,13
811,13
7189,13
1545,13
16797,16
3944,13
3939,14
16792,13
707,13
9530,13
8733,13
692,13
8724,13
3905,13
702,13
700,13
695,13
693,13
691,13
1483,13
146,13
6155,13
7776,13
2549,13
5351,13
536,13
546,13
1342,13
14168,13
1315,13
1326,13
529,13
113,13
7346,13
513,13
2908,13
7732,13
512,13
509,13
83,13
10109,13
6864,13
3258,13
2447,14
15300,13
461,13
7267,13
817,13
13223,13
19655,16
6802,13
2781,13
4387,13
16428,16
3575,13
776,13
6776,13
9993,13
1571,13
9992,13
11994,13
8791,13
1173,13
1169,13
11156,13
2332,13
7141,13
701,13
6705,13
6862,13
9040,13
2608,13
4210,13
3603,13
19647,16
6794,13
3382,13
163,13
1763,13
6572,13
1555,13
6154,13
548,13
2154,13
9369,13
7766,13
1345,13
10163,13
11358,13
7358,13
1727,13
1322,13
5720,13
108,13
506,13
1496,13
9117,13
20373,16
7520,13
7320,13
1873,13
12897,13
6875,13
147,13
6568,13
7286,13
865,13
5694,13
8912,13
1244,13
10565,13
1341,13
1090,13
6514,13
7761,13
6539,13
1239,13
8454,13
10054,13
5729,13
521,13
5528,13
8426,13
1277,13
7622,13
3598,13
7768,13
1747,13
18540,17
5687,13
1287,13
1814,13
21429,14
21376,14
21318,14
21261,14
21251,14
21134,14
21041,14
19935,14
19906,14
19892,14
19874,14
19860,14
19826,14
19649,14
19383,14
19379,14
19297,14
19258,14
19208,14
19180,14
19155,14
19137,14
19113,14
18910,14
18906,14
18882,14
18859,14
18654,14
18342,14
18191,14
18145,14
17993,14
17973,14
17957,14
17956,14
17853,14
17835,14
17810,14
17749,14
17716,14
17687,14
17652,14
17596,14
17569,14
17559,14
17551,14
17538,14
17488,14
17317,14
17015,14
16983,14
16707,14
16677,14
16675,14
16563,14
16531,14
16523,14
16512,14
16420,14
16404,14
16403,14
16287,14
16203,14
15918,14
15912,14
15898,14
15885,14
15778,14
15717,14
15591,14
15467,14
15308,14
2266,16
15119,14
15090,16
2237,14
15004,15
2151,14
14978,14
14028,14
13174,14
12717,14
12679,14
12571,14
12531,14
12529,14
12485,14
12350,14
12225,14
11860,14
11841,14
11619,14
11550,14
11477,14
11378,14
11374,14
11274,14
11268,14
11136,14
11126,14
11104,14
11095,14
10985,14
10978,14
10971,14
10961,14
10960,14
10918,14
10458,14
10404,14
10335,14
10158,14
10146,14
10071,14
9920,14
9918,14
9891,14
9850,14
9833,14
9497,14
9454,14
9443,14
9332,14
9258,14
9072,14
9033,14
9020,14
8996,14
8919,14
8748,14
8734,14
8711,14
8514,14
8496,14
8373,14
8287,14
21140,14
8255,14
8205,14
7895,14
7810,14
1246,17
14099,14
14091,16
1238,14
7464,14
7344,14
7065,14
7045,14
6818,14
6725,14
6702,14
6697,14
6562,14
12959,14
6538,14
6497,14
6199,14
12605,14
6124,14
5919,14
5910,14
12236,14
5675,14
11954,14
5505,14
11891,14
11872,14
5421,14
18249,16
5396,14
5379,14
5293,14
11707,14
5091,14
5082,14
11386,14
11373,14
4890,14
4820,16
17673,14
4812,14
4733,14
11133,14
11086,14
4605,14
4586,14
10962,14
4537,14
10786,14
4237,14
4161,14
4145,14
712,14
16779,17
3926,14
3856,14
7046,14
3830,14
3821,14
3795,18
16648,14
3790,14
10102,14
10058,14
376,14
6695,14
3180,14
3039,14
15892,14
3038,14
9434,14
3013,14
9392,14
6157,14
2946,14
2945,14
2933,14
9288,14
6059,14
15629,14
2769,14
2638,14
2528,14
8909,14
12083,14
2419,14
5608,14
11915,14
11895,14
8691,14
8690,14
5409,14
11829,14
547,14
5366,14
532,14
10066,14
6828,14
19681,14
6734,14
5121,14
3509,14
6710,14
9928,14
1801,14
5001,14
3384,14
6491,16
19344,14
1678,14
1626,14
12851,14
9619,14
14423,14
7967,14
4744,17
17597,14
3053,14
1425,14
4615,14
9381,14
9338,14
7737,14
7729,14
1276,14
1228,14
9230,14
6010,16
18863,14
1209,14
9867,14
15479,14
7453,14
1032,14
1020,14
6616,14
4212,14
2583,14
978,14
3276,14
1679,14
2434,14
10435,14
5597,14
767,14
741,14
724,14
3910,14
1500,14
3089,14
9345,14
2126,14
5304,19
18157,14
1584,14
387,14
1575,14
2365,14
3565,14
9984,14
735,14
6731,14
9893,14
9677,14
6477,14
6604,14
1760,14
13787,14
3742,14
3345,14
10527,14
3093,14
1099,14
7497,14
1676,14
10518,14
6853,14
20215,16
7362,14
16140,17
3287,14
1340,14
6836,14
8947,14
18585,18
5732,14
12852,14
1039,14
1649,14
20946,15
19959,15
19895,15
19870,15
19744,15
19312,15
16159,15
12937,15
11983,15
11743,15
11484,15
10638,15
10508,15
10453,15
9742,15
8717,15
8567,15
13753,15
12767,15
6278,15
11113,15
4591,15
7068,15
10052,15
9059,15
5596,15
15111,15
2097,15
12883,15
11192,15
1562,15
2660,15
984,15
7199,15
11201,15
16813,16
3960,15
553,15
1335,15
424,15
820,15
3604,16
16457,15
3095,15
21480,16
21474,16
21360,16
21352,16
21266,16
21255,16
21240,16
21237,16
21218,16
21209,16
21205,16
21148,16
21136,16
21135,16
21038,16
21032,16
21017,16
20975,16
20974,16
20973,16
20943,16
20930,16
20894,16
20888,16
20791,16
20735,16
20711,16
20695,16
20668,16
20654,16
20652,16
20640,16
20593,16
20558,16
20494,16
20468,16
20395,16
20388,16
20385,16
20378,16
20376,16
20364,16
20314,16
20310,16
20279,16
20228,16
20118,16
19915,16
19887,16
19704,16
19648,16
19369,16
18816,16
18648,16
18120,16
17712,16
17655,16
17489,16
16921,16
16825,16
16809,16
16803,16
16800,16
16687,16
16668,16
16662,16
16655,16
16633,16
16551,16
16448,16
16385,16
16380,16
16297,16
16015,16
16013,16
15822,16
15819,16
15757,16
15732,16
15559,16
15558,16
15476,16
15348,16
13092,16
13031,16
12674,16
12645,16
12520,16
12022,16
11320,16
11115,16
10924,16
10917,16
10851,16
10431,16
10235,16
10099,16
9973,16
9405,16
9378,16
9364,16
9316,16
9273,16
9238,16
15521,16
9049,16
8946,16
15356,16
8865,16
8793,16
8750,16
8740,16
8738,16
15062,16
15027,16
15000,16
8565,16
8409,16
21262,16
7880,16
7843,16
7723,16
13854,16
7190,16
7079,16
6779,16
6738,16
13122,16
6273,16
12596,16
6175,16
6146,16
6048,16
6017,16
18870,16
5950,16
12231,16
5680,16
5658,16
11976,16
11896,16
5464,16
5426,16
5417,16
5314,16
11633,16
5029,16
4747,16
11111,16
10972,16
4521,16
10897,16
10891,16
4176,16
4141,16
19986,17
7133,16
3922,16
3867,16
3784,16
3695,16
3681,16
3667,16
9810,16
48,17
12901,16
9429,16
6165,16
6129,16
2887,16
6041,16
5967,16
2751,16
5894,16
9066,16
2590,16
2409,16
5594,16
15221,16
2194,16
2182,16
11666,16
2042,16
3624,16
5215,17
18068,16
8236,16
6523,16
14427,16
1569,16
1543,16
1527,16
4729,16
1467,16
1452,16
1317,16
7734,16
14093,16
1177,16
4351,16
1134,16
1122,16
11977,16
4732,16
1344,16
9333,16
3582,16
1135,16
1111,16
2693,16
456,16
399,16
9372,16
533,16
10946,16
15359,16
1677,16
483,16
13717,16
14517,16
3466,17
16319,16
10564,16
2836,16
1283,16
3629,16
8338,16
21191,16
1128,16
818,16
6147,16
9231,16
15326,16
19625,17
19198,17
19082,17
19081,17
19077,17
19044,17
18509,17
18487,17
18458,17
18454,17
18437,17
18374,17
18366,17
17442,17
17400,17
17062,17
16990,17
16940,17
16854,17
16767,17
16415,17
16282,17
16164,17
16142,17
16134,17
16100,17
12814,17
12813,17
12743,17
12628,17
11379,17
11276,17
11261,17
11171,17
11170,17
10756,17
10746,17
10737,17
10604,17
10385,17
10377,17
9829,17
9812,17
9700,17
9433,17
8829,17
8726,17
8451,17
8363,17
8347,17
7584,17
7015,17
444,17
13282,17
13238,17
13007,17
100,17
6376,17
12758,17
12534,17
12464,17
5839,17
5798,17
12080,17
5485,17
5392,17
5260,17
5238,17
5207,17
5146,17
11197,17
4741,17
4634,17
4366,17
10754,17
4091,17
4036,17
10394,17
10285,17
13482,17
10262,17
10261,17
6965,17
13172,17
330,17
198,17
6619,17
213,17
12752,17
2994,17
2993,17
2977,17
2555,17
11894,17
6952,17
5245,17
5231,17
1913,17
1912,17
1910,17
8190,17
4881,17
4771,17
7591,17
9178,17
9165,17
1147,17
4306,17
1102,17
10724,17
1040,17
5782,17
974,17
5769,17
1681,17
870,17
4700,17
4695,17
4686,17
6951,17
895,17
3661,17
6371,17
1174,17
9171,17
8761,17
3505,17
1498,17
867,17
10694,17
8211,17
1158,17
5250,17
450,17
10314,17
890,17
11160,17
5236,17
10553,17
929,17
2529,17
5216,17
18975,18
11910,18
11074,18
9570,18
2546,18
8830,18
1839,18
20982,19
17798,19
16152,19
15664,19
12822,19
12087,19
11801,19
11344,19
11292,19
10988,19
10922,19
10848,19
9929,19
7470,19
13185,19
12390,19
5350,19
5349,19
11465,19
10768,19
3759,19
552,19
6767,19
3100,19
2569,19
2323,19
7865,19
9382,19
2897,19
9283,19
9102,19
185,19
703,19
10129,19
3707,19
4774,19
1153,19
4447,19
939,19
10442,19
